CGGTTS     GENERIC DATA FORMAT VERSION = 2E
REV DATE = 2025-11-01
RCVR = PolaRx5TR (5.6.0)     sbf2cggtts-1.5.0
CH = 80
IMS = PolaRx5TR
LAB = LRTE
X = 3967035.920 m
Y = -4390028.540 m
Z = -2375644.640 m
FRAME = ITRF
COMMENTS = LS=18; ElMask=10deg; 'Generated from the SBF in 2026-04-03 at 23:46:00'
INT DLY = 24.9 ns (GPS P1),  15.7 ns (GPS P2)     CAL_ID = 1201-2025
CAB DLY = 103.1 ns
REF DLY = 47.2 ns
REF = UTC(LRTE)
CKSUM = fb

SAT CL  MJD  STTIME TRKL ELV AZTH   REFSV      SRSV     REFSYS    SRSYS  DSG IOE MDTR SMDT MDIO SMDI MSIO SMSI ISG FR HC FRC CK
             hhmmss  s  .1dg .1dg    .1ns     .1ps/s     .1ns    .1ps/s .1ns     .1ns.1ps/s.1ns.1ps/s.1ns.1ps/s.1ns
G06 FF 61133 000200  780 315 1317     6119325    -30          -3    -19   31  86  140   21  106    0  106    0  25  0  0 L3P BD
G11 FF 61133 000200  780 617  825     3861329   -121           4      8   13  95   84   -1  123  -34  123  -34  12  0  0 L3P D0
G12 FF 61133 000200  780 452 1963     6079875     11          -4     11   15  48  104   -6  119  -35  119  -35  14  0  0 L3P 00
G24 FF 61133 000200  780 742 3004      538117   -181           6     -9   21  74   76    1  135    6  135    6  17  0  0 L3P 99
G29 FF 61133 000200  780 226 2899     3474683    -37          17     34   21  37  190  -34  801 -432  801 -432  20  0  0 L3P 56
G06 FF 61133 001800  780 262 1367     6119315     -9          -3      1   24  86  166   34  102   -8  102   -8  19  0  0 L3P CC
G11 FF 61133 001800  780 613  999     3861206   -125           5      4   17  95   84    1  103  -20  103  -20  14  0  0 L3P C5
G12 FF 61133 001800  780 486 1876     6079876     12          -3     12   19  48   98   -5  101  -20  101  -20  16  0  0 L3P F6
G24 FF 61133 001800  780 692 3224      537948   -142           2     30   14  74   79    3  136  -28  136  -28  12  0  0 L3P EF
G25 FF 61133 001800  780 224 2242    -4328498     36          21      9   33  61  191  -36  181  -45  181  -45  28  0  0 L3P 21
G29 FF 61133 001800  780 266 2829     3474619    -90          20    -19   25  37  164  -22  491 -212  491 -212  21  0  0 L3P 67
G06 FF 61133 003400  780 204 1403     6119298   -131         -10   -121   45  86  210   59  114  100  114  100  35  0  0 L3P 3D
G11 FF 61133 003400  780 583 1150     3861077   -139          -1    -11   17  95   86    4   93   -8   93   -8  14  0  0 L3P D5
G12 FF 61133 003400  780 520 1781     6079877     -6          -1     -6   17  48   93   -5   94   -1   94   -1  14  0  0 L3P AE
G24 FF 61133 003400  780 624 3348      537778   -178          -2     -5   19  74   83    6  142    7  142    7  18  0  0 L3P C8
G25 FF 61133 003400  780 270 2195    -4328483     20          11     -7   35  61  161  -27  156  -27  156  -27  31  0  0 L3P 21
G29 FF 61133 003400  780 302 2752     3474557    -13          25     58   26  37  146  -15  319 -166  319 -166  23  0  0 L3P 61
G05 FF 61133 005000  780 190  369     2312178     63          24     57   35   6  224  -53  274 -147  274 -147  27  0  0 L3P 28
G11 FF 61133 005000  780 535 1261     3860953   -136          -1     -8   24  95   92    7   83   -1   83   -1  20  0  0 L3P B3
G12 FF 61133 005000  780 554 1675     6079882      6           4      6   13  48   89   -4   88   -8   88   -8  12  0  0 L3P 9F
G21 FF 61133 005000  780 186  649    -4127903    -32           4    -12   37  15  228  -38  183  -22  183  -22  32  0  0 L3P 19
G24 FF 61133 005000  780 549 3422      537609   -153          -5     20   27  74   90    9  153   -4  153   -4  27  0  0 L3P D2
G25 FF 61133 005000  780 319 2150    -4328451    -29          17    -56   27  61  139  -21  128   35  128   35  22  0  0 L3P 27
G29 FF 61133 005000  780 333 2670     3474475    -91          12    -21   21  37  134  -11  242  -38  242  -38  18  0  0 L3P 30
G05 FF 61133 010600  780 236  430     2312190     62          30     56   31   6  183  -35  195 -111  195 -111  28  0  0 L3P 08
G11 FF 61133 010600  780 475 1337     3860826   -143          -5    -15   22  95  100   10   80    4   80    4  20  0  0 L3P BF
G12 FF 61133 010600  780 585 1553     6079882     -1           3     -1   15  48   86   -3   82   -8   82   -8  13  0  0 L3P A2
G21 FF 61133 010600  780 217  720    -4127913    -55          13    -36   37  15  198  -25  149   -2  149   -2  30  0  0 L3P 08
G24 FF 61133 010600  780 473 3472      537439   -189          -9    -16   35  74  100   13  169   30  169   30  34  0  0 L3P 17
G25 FF 61133 010600  780 372 2106    -4328417    -58          24    -86   21  61  121  -16  107   60  107   60  18  0  0 L3P 1E
G29 FF 61133 010600  780 360 2583     3474431    -78          35     -7   14  37  125   -8  174  -42  174  -42  13  0  0 L3P 1C
G05 FF 61133 012200  780 283  495     2312199    -31          34    -37   30   6  155  -24  148   -5  148   -5  24  0  0 L3P ED
G11 FF 61133 012200  780 411 1384     3860695   -129         -13     -1   33  95  112   15   81    3   81    3  31  0  0 L3P C3
G12 FF 61133 012200  780 611 1411     6079880     12           1     12   15  48   84   -2   82   -7   82   -7  14  0  0 L3P 91
G21 FF 61133 012200  780 243  796    -4127908    -44          36    -25   36  15  178  -16  100    1  100    1  34  0  0 L3P E2
G24 FF 61133 012200  780 399 3510      537273   -154          -9     19   16  74  115   18  196   20  196   20  13  0  0 L3P 04
G25 FF 61133 012200  780 429 2065    -4328378     57          37     30   20  61  108  -12   82  -35   82  -35  18  0  0 L3P 09
G29 FF 61133 012200  780 384 2492     3474342    -93          13    -23   17  37  118   -6  159   -8  159   -8  14  0  0 L3P 15
G05 FF 61133 013800  780 328  568     2312202      2          31     -4   20   6  135  -17  122  -27  122  -27  16  0  0 L3P C6
G11 FF 61133 013800  780 345 1412     3860571   -156         -13    -27   16  95  130   23   79   21   79   21  13  0  0 L3P 07
G12 FF 61133 013800  780 626 1250     6079879    -13           1    -13   17  48   83   -1   80   13   80   13  14  0  0 L3P BF
G21 FF 61133 013800  780 263  876    -4127962    -21           0     -2   25  15  165   -9  118  -17  118  -17  22  0  0 L3P FA
G24 FF 61133 013800  780 326 3544      537122   -169           5      4   25  74  136   27  225   52  225   52  20  0  0 L3P DD
G25 FF 61133 013800  780 491 2025    -4328360     78          28     50   21  61   97  -10   78  -54   78  -54  18  0  0 L3P 09
G29 FF 61133 013800  780 403 2397     3474278    -63          17      7   23  37  113   -4  133  -39  133  -39  20  0  0 L3P 11
G05 FF 61133 015400  780 369  650     2312202     28          25     22   23   6  122  -11  105  -40  105  -40  19  0  0 L3P D3
G11 FF 61133 015400  780 279 1425     3860466   -145           5    -16   23  95  157   35   69   29   69   29  17  0  0 L3P 0E
G12 FF 61133 015400  780 626 1077     6079888      8           9      8   19  48   83    1   72   -1   72   -1  15  0  0 L3P 86
G18 FF 61133 015400  780 256 3192     3862706    -69          41     25   22  59  170  -40  417 -271  417 -271  19  0  0 L3P 61
G21 FF 61133 015400  780 274  959    -4127989     -1          -8     18   19  15  159   -3  111  -25  111  -25  17  0  0 L3P 06
G24 FF 61133 015400  780 257 3575      536971   -100          21     73   22  74  169   42  280   24  280   24  19  0  0 L3P 0A
G25 FF 61133 015400  780 556 1985    -4328347     31          15      4   13  61   89   -7   80  -12   80  -12  11  0  0 L3P D3
G29 FF 61133 015400  780 420 2301     3474208    -66          15      5   16  37  110   -3  118  -15  118  -15  14  0  0 L3P F2
G05 FF 61133 021000  780 403  742     2312211      1          33     -5   19   7  114   -7   84  -14   84  -14  17  0  0 L3P 8F
G11 FF 61133 021000  780 215 1426     3860322   -229         -18   -101   23  96  200   58   88  108   88  108  17  0  0 L3P 3D
G12 FF 61133 021000  780 609  909     6079890     -6          11     -6   25  50   84    2   72   -7   72   -7  19  0  0 L3P 93
G18 FF 61133 021000  780 318 3143     3862593   -123          14    -29   14  60  139  -25  255 -108  255 -108  12  0  0 L3P 69
G21 FF 61133 021000  780 275 1043    -4127996      3          -1     23   31  16  159    2   83  -32   83  -32  26  0  0 L3P C2
G24 FF 61133 021000  780 192    7      536812   -102          26     71   26  75  222   70  384   78  384   78  17  0  0 L3P D9
G25 FF 61133 021000  780 626 1942    -4328326      1          11    -27   18  66   83   -6   77   11   77   11  15  0  0 L3P C2
G29 FF 61133 021000  780 434 2204     3474141    -72          14     -1   16  38  107   -3   97  -27   97  -27  16  0  0 L3P EE
G05 FF 61133 022600  780 426  845     2312209      6          26      1   23   7  109   -3   77  -21   77  -21  19  0  0 L3P 99
G12 FF 61133 022600  780 576  762     6079876     10          -3     10   17  50   87    4   82  -14   82  -14  15  0  0 L3P B8
G18 FF 61133 022600  780 379 3082     3862489    -73           1     22   22  60  120  -16  184  -70  184  -70  18  0  0 L3P 22
G21 FF 61133 022600  780 265 1124    -4128016     27          -2     46   43  16  164    9   81  -54   81  -54  41  0  0 L3P DB
G25 FF 61133 022600  780 699 1892    -4328304     39           7     12   12  66   78   -4   74  -12   74  -12  10  0  0 L3P DD
G28 FF 61133 022600  780 210 2379     5642646    -76          26     12   30 116  204  -25  196   -2  196   -2  24  0  0 L3P 1A
G29 FF 61133 022600  780 447 2105     3474075    -38          16     33   23  38  104   -2   82  -37   82  -37  21  0  0 L3P F7
G05 FF 61133 024200  780 435  953     2312209    -33          20    -38   37   7  107    0   73   28   73   28  31  0  0 L3P AE
G12 FF 61133 024200  780 531  642     6079894    -45          15    -45   29  50   92    6   72   37   72   37  23  0  0 L3P C8
G18 FF 61133 024200  780 435 3006     3862407   -119           9    -24   40  60  107  -11  140  -22  140  -22  25  0  0 L3P 1B
G21 FF 61133 024200  780 244 1199    -4128021    -58          11    -39   33  16  177   18   74   32   74   32  26  0  0 L3P F9
G25 FF 61133 024200  780 775 1812    -4328276     48           8     21   15  66   75   -2   66  -31   66  -31  13  0  0 L3P DC
G28 FF 61133 024200  780 231 2450     5642569   -124          33    -37   35 116  186  -13  192   35  192   35  31  0  0 L3P 44
G29 FF 61133 024200  780 458 2006     3474001    -83          11    -12   16  38  102   -2   81   -1   81   -1  14  0  0 L3P BF
G05 FF 61133 025800  780 428 1060     2312207     14          12      8   18   7  108    3   74   -6   74   -6  18  0  0 L3P 8A
G12 FF 61133 025800  780 476  547     6079887    -15           9    -15   14  50  100   10   81   17   81   17  11  0  0 L3P CE
G18 FF 61133 025800  780 486 2912     3862307    -98           0     -3   18  60   98   -7  120  -19  120  -19  15  0  0 L3P 00
G21 FF 61133 025800  780 214 1266    -4128034     34          17     53   30  16  201   32   73  -35   73  -35  24  0  0 L3P E7
G25 FF 61133 025800  780 848 1556    -4328269     51         -10     24   34  66   74   -1   76  -36   76  -36  33  0  0 L3P 0B
G28 FF 61133 025800  780 243 2528     5642486    -97          34    -10   39 116  178   -5  201   15  201   15  34  0  0 L3P 26
G29 FF 61133 025800  780 468 1905     3473938    -65          16      7   23  38  101   -2   71  -16   71  -16  20  0  0 L3P F0
G05 FF 61133 031400  780 406 1158     2312219      8          19      3   26   7  113    7   67    8   67    8  23  0  0 L3P 68
G12 FF 61133 031400  780 416  472     6079888     -1           9     -1   14  50  111   14   90   11   90   11  12  0  0 L3P 90
G18 FF 61133 031400  780 528 2799     3862218   -102           2     -8   21  60   92   -5  103   -8  103   -8  18  0  0 L3P E0
G23 FF 61133 031400  780 208 3521    -6316333   -105          51    -59   32  37  207  -67  294 -161  294 -161  29  0  0 L3P 80
G25 FF 61133 031400  780 847  498    -4328247     48         -15     21    9  66   74    1   76  -15   76  -15   7  0  0 L3P CB
G28 FF 61133 031400  780 244 2608     5642405   -114          37    -26   27 116  177    3  216   52  216   52  24  0  0 L3P 20
G29 FF 61133 031400  780 478 1802     3473869   -102          17    -30   15  38   99   -2   66   23   66   23  14  0  0 L3P F9
G05 FF 61133 033000  780 371 1241     2312233     25          27     19   25   7  122   12   61   -9   61   -9  22  0  0 L3P 9B
G12 FF 61133 033000  780 352  415     6079889      7          10      7   20  50  128   21  100    9  100    9  17  0  0 L3P 8B
G18 FF 61133 033000  780 559 2666     3862128    -75           2     19   17  60   89   -3   93  -21   93  -21  16  0  0 L3P E6
G23 FF 61133 033000  780 279 3531    -6316407    -58          20    -12   26  37  157  -39  197  -62  197  -62  22  0  0 L3P 54
G25 FF 61133 033000  780 770  254    -4328217     42         -11     15   13  66   76    3   77    1   77    1  11  0  0 L3P 88
G28 FF 61133 033000  780 236 2689     5642217   -155         -67    -67   32 116  182   10  354  118  354  118  30  0  0 L3P 72
G29 FF 61133 033000  780 487 1697     3473794    -62          10     10   16  38   98   -1   71   -2   71   -2  14  0  0 L3P CA
G05 FF 61133 034600  780 325 1308     2312230     13          20      7   27   7  136   19   66   -6   66   -6  23  0  0 L3P 98
G12 FF 61133 034600  780 286  371     6079889     36          10     36   29  50  154   34  119  -20  119  -20  26  0  0 L3P 09
G18 FF 61133 034600  780 577 2519     3862034    -81          -1     13   17  60   87   -1   85  -18   85  -18  12  0  0 L3P EF
G23 FF 61133 034600  780 354 3537    -6316455    -34          16     11   27  37  127  -25  144  -39  144  -39  20  0  0 L3P 3E
G25 FF 61133 034600  780 687  186    -4328183     49          -3     22   20  66   79    5   76  -10   76  -10  15  0  0 L3P D1
G28 FF 61133 034600  780 219 2767     5642274   -256          75   -168   60 116  195   18  271  259  271  259  58  0  0 L3P 9F
G29 FF 61133 034600  780 494 1588     3473737    -83          21    -12   17  38   97   -1   56    8   56    8  16  0  0 L3P D9
G05 FF 61133 040200  780 273 1359     2312244     11          31      5   20   8  160   30   66    9   66    9  16  0  0 L3P 7A
G12 FF 61133 040200  780 219  337     6079912    -39          34    -39   38  51  196   58  122   87  122   87  32  0  0 L3P 17
G18 FF 61133 040200  780 581 2365     3861944    -89           0      5   14  61   87    0   83   -6   83   -6  11  0  0 L3P 9B
G23 FF 61133 040200  780 432 3540    -6316514    -39          -1      6   20  38  107  -17  129  -21  129  -21  17  0  0 L3P 0D
G25 FF 61133 040200  780 603  154    -4328165    -17         -11    -44   28  67   85    7   90   38   90   38  28  0  0 L3P DF
G26 FF 61133 040200  780 227 2237     3488669     44          37     -5   41  57  190  -46  125    8  125    8  35  0  0 L3P F0
G28 FF 61133 040200  780 196 2843     5642135   -128          17    -41   32 117  217   28  427  164  427  164  28  0  0 L3P 68
G29 FF 61133 040200  780 499 1476     3473684    -41          34     31   17  82   96    0   43  -28   43  -28  14  0  0 L3P EA
G05 FF 61133 041800  780 217 1395     2312254     14          36      8   35   8  198   51   71   10   71   10  32  0  0 L3P A5
G15 FF 61133 041800  780 203  766    -3997685    -65          24    -32   38  20  211  -24  101   28  101   28  32  0  0 L3P 17
G18 FF 61133 041800  780 572 2217     3861851    -89          -2      5   14  61   87    1   80  -10   80  -10  12  0  0 L3P BC
G23 FF 61133 041800  780 514 3539    -6316552    -51           5     -5   27  38   94  -11  106  -12  106  -12  23  0  0 L3P 05
G25 FF 61133 041800  780 520  136    -4328134     56          -5     28   23  67   93   11   92  -12   92  -12  20  0  0 L3P C9
G26 FF 61133 041800  780 283 2272     3488704     69          25     20   30  57  155  -28  130  -18  130  -18  26  0  0 L3P 25
G29 FF 61133 041800  780 500 1362     3473585    -53           3     19   16  82   96    0   75  -22   75  -22  14  0  0 L3P CC
G10 FF 61133 043400  780 216 3371     5901056      9           2     15   52  36  199  -63  332 -153  332 -153  49  0  0 L3P 1F
G15 FF 61133 043400  780 224  841    -3997732    -87           9    -54   31  20  192  -15  110   34  110   34  27  0  0 L3P 05
G18 FF 61133 043400  780 554 2081     3861756    -88          -7      7   21  61   89    2   87   -5   87   -5  17  0  0 L3P BF
G23 FF 61133 043400  780 599 3534    -6316599    -34           2     12   27  38   85   -8   97  -21   97  -21  25  0  0 L3P FF
G25 FF 61133 043400  780 439  126    -4328107     45          -5     17   38  67  106   16  114   13  114   13  34  0  0 L3P E4
G26 FF 61133 043400  780 334 2321     3488743     14          17    -35   18  57  133  -18  134   28  134   28  17  0  0 L3P 19
G29 FF 61133 043400  780 496 1246     3473527    -80           2    -10   16  11   97    1   60   19   60   19  14  0  0 L3P B8
G10 FF 61133 045000  780 287 3352     5901034    -63         -15    -57   27  36  153  -36  232  -27  232  -27  22  0  0 L3P 3E
G15 FF 61133 045000  780 239  919    -3997750     88          22    121   31  20  181   -8   93 -106   93 -106  28  0  0 L3P 2B
G18 FF 61133 045000  780 530 1958     3861672    -79          -1     16   21  61   92    3   80  -21   80  -21  17  0  0 L3P D3
G23 FF 61133 045000  780 686 3525    -6316658   -106         -14    -60   15  38   79   -5  104   50  104   50  14  0  0 L3P 25
G25 FF 61133 045000  780 361  122    -4328079     36          -3      9   18  67  125   24  138   23  138   23  15  0  0 L3P DA
G26 FF 61133 045000  780 380 2386     3488786     57          14      8   28  57  119  -11  130  -18  130  -18  23  0  0 L3P 1C
G29 FF 61133 045000  780 485 1130     3473450    -68          -6      3   25  11   98    2   71    2   71    2  23  0  0 L3P 79
G10 FF 61133 050600  780 359 3323     5901039      7          -5     13   51  36  125  -23  170  -57  170  -57  46  0  0 L3P 04
G15 FF 61133 050600  780 246  997    -3997770    -32          34      1   23  20  176   -2   84   -3   84   -3  19  0  0 L3P CC
G18 FF 61133 050600  780 503 1847     3861580    -94          -1      1   24  61   95    4   78    2   78    2  21  0  0 L3P 8B
G23 FF 61133 050600  780 774 3509    -6316708    -84         -20    -39   29  38   75   -3  101   31  101   31  29  0  0 L3P 18
G25 FF 61133 050600  780 286  124    -4328036     82          14     55   25  67  153   37  155  -14  155  -14  21  0  0 L3P 0C
G26 FF 61133 050600  780 416 2469     3488821     40           1     -9   29  57  111   -7  136    6  136    6  25  0  0 L3P C4
G29 FF 61133 050600  780 468 1018     3473389    -72           0     -2   19  11  101    4   73   21   73   21  18  0  0 L3P B0
G10 FF 61133 052200  780 433 3283     5901024     12         -14     18   19  36  107  -15  146  -38  146  -38  18  0  0 L3P 23
G15 FF 61133 052200  780 243 1075    -3997784    -73          52    -40   23  20  178    5   62   38   62   38  20  0  0 L3P F3
G16 FF 61133 052200  780 235 2254    -2378820    -51           7     21   40  57  184  -39  159  -25  159  -25  38  0  0 L3P 35
G18 FF 61133 052200  780 474 1746     3861502   -116          11    -22   21  61  100    5   69   16   69   16  16  0  0 L3P E6
G23 FF 61133 052200  780 862 3463    -6316718    -42          13      4   19  38   74   -1   63   -8   63   -8  18  0  0 L3P C8
G25 FF 61133 052200  780 214  130    -4327999     31          25      3   31  67  201   64  173   13  173   13  26  0  0 L3P D4
G26 FF 61133 052200  780 440 2567     3488870     46           4     -3   22  57  106   -3  130   -3  130   -3  20  0  0 L3P C1
G29 FF 61133 052200  780 444  911     3473323    -94           2    -23   22  11  105    5   75   19   75   19  21  0  0 L3P B1
G10 FF 61133 053800  780 506 3225     5901032     -3           0      2   15  36   95  -10  116  -23  116  -23  13  0  0 L3P C0
G15 FF 61133 053800  780 231 1149    -3997832      4          36     37   23  20  186   13   74  -40   74  -40  22  0  0 L3P ED
G16 FF 61133 053800  780 283 2303    -2378904    -50          -8     22   28  57  154  -24  163  -32  163  -32  26  0  0 L3P 37
G18 FF 61133 053800  780 446 1652     3861414    -99          13     -5   21  61  105    5   67    6   67    6  18  0  0 L3P B8
G23 FF 61133 053800  780 851 1731    -6316769    -49           6     -3   13  38   74    1   68   -4   68   -4  12  0  0 L3P BD
G26 FF 61133 053800  780 449 2675     3488919     52           6      3   22  57  104    0  128   -9  128   -9  21  0  0 L3P D0
G29 FF 61133 053800  780 412  813     3473274    -96          20    -26   19  11  112    8   63   23   63   23  17  0  0 L3P CA
G10 FF 61133 055400  780 576 3142     5901025    -22          -2    -17   14  36   87   -7   95   -4   95   -4  13  0  0 L3P C8
G15 FF 61133 055400  780 210 1217    -3997856    -82          44    -49   28  20  204   24   64   36   64   36  23  0  0 L3P 09
G16 FF 61133 055400  780 325 2366    -2378968    -57          -4     14   27  57  136  -15  145  -31  145  -31  24  0  0 L3P 44
G18 FF 61133 055400  780 418 1563     3861326    -78          15     16   15  61  110    6   61  -24   61  -24  14  0  0 L3P E6
G23 FF 61133 055400  780 765 1688    -6316826    -41          -8      5   15  38   76    3   75  -18   75  -18  14  0  0 L3P EE
G26 FF 61133 055400  780 442 2786     3488958     40          -2     -9   24  57  105    3  122  -12  122  -12  20  0  0 L3P F3
G29 FF 61133 055400  780 374  725     3473195    -65           9      6   31  11  121   12   70   -9   70   -9  26  0  0 L3P AA
G10 FF 61133 061000  780 640 3019     5901022    -16          -3    -10   11  38   82   -4   74   -8   74   -8  10  0  0 L3P AC
G15 FF 61133 061000  780 180 1277    -3997897    -53          34    -20   36  21  235   42   68   14   68   14  28  0  0 L3P 0E
G16 FF 61133 061000  780 359 2444    -2379035    -80           0     -9   22  58  125   -9  125   -8  125   -8  18  0  0 L3P F3
G18 FF 61133 061000  780 392 1478     3861231    -95          12     -1   16  62  116    7   60   -9   60   -9  15  0  0 L3P C1
G23 FF 61133 061000  780 683 1661    -6316874    -26         -13     20   16  39   79    5   67  -24   67  -24  15  0  0 L3P 00
G26 FF 61133 061000  780 421 2891     3489013     72           4     23   20  58  109    6  104  -32  104  -32  19  0  0 L3P DE
G29 FF 61133 061000  780 330  647     3473136   -113          18    -42   31  12  135   17   60   33   60   33  27  0  0 L3P DA
G10 FF 61133 062600  780 689 2836     5901011      1          -8      7   14  38   79   -2   66  -12   66  -12  11  0  0 L3P AF
G16 FF 61133 062600  780 380 2533    -2379090    -45          13     26   22  58  119   -4   95  -38   95  -38  20  0  0 L3P 14
G18 FF 61133 062600  780 367 1395     3861147    -80          18     14   20  62  123    7   46  -15   46  -15  16  0  0 L3P F1
G23 FF 61133 062600  780 604 1634    -6316903    -43           2      3   19  39   85    7   49   -4   49   -4  15  0  0 L3P A8
G26 FF 61133 062600  780 389 2987     3489046     83         -10     34   33  58  117   10  102  -32  102  -32  27  0  0 L3P 25
G27 FF 61133 062600  780 233 2176      914828    103          55    -44   41  90  185  -46  107  -14  107  -14  36  0  0 L3P 31
G29 FF 61133 062600  780 281  580     3473068    -27          18     43   34  12  156   27   62  -35   62  -35  29  0  0 L3P F9
G32 FF 61133 062600  780 215   35      169426   -187           5      5   25  28  199  -57  116  -52  116  -52  19  0  0 L3P F4
G10 FF 61133 064200  780 713 2587     5901013      1          -1      6   11  38   78    0   55   -5   55   -5  10  0  0 L3P 6A
G16 FF 61133 064200  780 388 2631    -2379158    -65          14      7   22  58  117    0   82  -11   82  -11  19  0  0 L3P EB
G18 FF 61133 064200  780 343 1313     3861057   -119          19    -25   19  62  130    8   43   25   43   25  15  0  0 L3P EA
G23 FF 61133 064200  780 528 1605    -6316942    -17           6     29   20  39   92    9   41  -21   41  -21  18  0  0 L3P D2
G26 FF 61133 064200  780 349 3072     3489097     51          -6      2   25  58  128   14   95   -2   95   -2  20  0  0 L3P C2
G27 FF 61133 064200  780 295 2167      914950    132          36    -16   30  90  149  -30   78  -21   78  -21  25  0  0 L3P 12
G29 FF 61133 064200  780 229  522     3473017    -28          34     42   47  12  188   43   52  -34   52  -34  39  0  0 L3P F1
G32 FF 61133 064200  780 280   65      169242   -230           5    -37   26  28  156  -35   79   12   79   12  21  0  0 L3P C7
G10 FF 61133 065800  780 705 2322     5901025    -11          16     -6   11  38   78    1   40    1   40    1  10  0  0 L3P 6F
G16 FF 61133 065800  780 383 2731    -2379226    -73          15     -1   22  58  119    3   79    1   79    1  19  0  0 L3P C6
G18 FF 61133 065800  780 319 1233     3860976   -102          29     -8   24  62  139   10   41   -6   41   -6  19  0  0 L3P EE
G23 FF 61133 065800  780 458 1573    -6316981    -45          11      1   23  39  103   12   40   -2   40   -2  19  0  0 L3P C8
G26 FF 61133 065800  780 305 3147     3489146     46          -4     -3   18  58  145   20   98    8   98    8  14  0  0 L3P C8
G27 FF 61133 065800  780 359 2167      915087    133          30    -14   23  90  125  -20   65   -6   65   -6  20  0  0 L3P E9
G32 FF 61133 065800  780 349   95      169057   -168           5     24   17  28  128  -24   65  -33   65  -33  14  0  0 L3P E9
G10 FF 61133 071400  780 669 2109     5901026      3          22      9   12  38   80    3   37  -16   37  -16  11  0  0 L3P 9B
G16 FF 61133 071400  780 364 2829    -2379295    -86          14    -15   22  58  124    7   82   14   82   14  17  0  0 L3P FE
G18 FF 61133 071400  780 295 1154     3860901    -64          44     30   28  62  149   11   30  -13   30  -13  23  0  0 L3P EB
G23 FF 61133 071400  780 391 1538    -6317021    -66          15    -21   21  39  116   17   40   16   40   16  18  0  0 L3P EC
G26 FF 61133 071400  780 259 3214     3489211     31          14    -18   25  58  168   29   95   28   95   28  19  0  0 L3P 00
G27 FF 61133 071400  780 425 2179      915232    188          33     40   26  90  109  -14   53  -41   53  -41  23  0  0 L3P F9
G32 FF 61133 071400  780 421  128      168886   -200          19     -8   35  28  110  -16   51   -2   51   -2  32  0  0 L3P BC
G10 FF 61133 073000  780 620 1955     5901012     -1          14      5   17  38   83    4   43   -7   43   -7  15  0  0 L3P 7E
G16 FF 61133 073000  780 336 2919    -2379361    -38          17     33   19  58  133   12   81  -24   81  -24  16  0  0 L3P 13
G18 FF 61133 073000  780 271 1077     3860803   -105          37    -11   46  62  161   14   42   12   42   12  42  0  0 L3P EA
G23 FF 61133 073000  780 330 1500    -6317057    -69          22    -23   26  39  135   22   32   12   32   12  23  0  0 L3P DC
G26 FF 61133 073000  780 213 3275     3489242     32          -1    -17   41  58  201   41  119   12  119   12  36  0  0 L3P EF
G27 FF 61133 073000  780 493 2208      915378    151          38      3   22  90   97  -10   42  -14   42  -14  19  0  0 L3P D9
G32 FF 61133 073000  780 496  169      168707   -184          24      8   14  28   97  -11   40  -11   40  -11  11  0  0 L3P CC
G08 FF 61133 074600  780 238 2211    -4680129     46          18    -18   29  72  181  -45   64    2   64    2  27  0  0 L3P E4
G10 FF 61133 074600  780 566 1840     5901013    -10          21     -4   13  38   88    6   32   -3   32   -3  12  0  0 L3P 96
G16 FF 61133 074600  780 300 3001    -2379431    -65          17      7   23  58  147   18   83   -6   83   -6  18  0  0 L3P DB
G18 FF 61133 074600  780 245 1001     3860701    -72          25     22   42  62  176   18   55  -12   55  -12  36  0  0 L3P F2
G23 FF 61133 074600  780 273 1460    -6317116    -67           7    -21   19  39  160   31   46   14   46   14  16  0  0 L3P E9
G27 FF 61133 074600  780 559 2262      915519    146          37     -2   18  90   89   -7   38   -7   38   -7  17  0  0 L3P D7
G32 FF 61133 074600  780 572  225      168523   -228          24    -35   12  28   88   -8   35   22   35   22  10  0  0 L3P C4
G08 FF 61133 080200  780 298 2236    -4680077     78           6     14   30  73  148  -28   53  -12   53  -12  27  0  0 L3P 02
G10 FF 61133 080200  780 511 1749     5900999    -26           8    -21   19  60   94    8   37   20   37   20  16  0  0 L3P C0
G16 FF 61133 080200  780 259 3076    -2379486   -100          26    -28   30  60  168   26   71    8   71    8  24  0  0 L3P F7
G18 FF 61133 080200  780 218  928     3860629    -20          40     75   31  63  197   25   45  -38   45  -38  27  0  0 L3P 01
G23 FF 61133 080200  780 220 1416    -6317143    -55          22     -9   35  40  195   43   30   28   30   28  27  0  0 L3P DA
G27 FF 61133 080200  780 619 2355      915656    127          35    -21   16  91   83   -4   35    6   35    6  14  0  0 L3P B1
G32 FF 61133 080200  780 646  312      168333   -192          19      0   15  29   81   -5   34    6   34    6  13  0  0 L3P 79
G08 FF 61133 081800  780 356 2277    -4680018     32           4    -31   31  73  126  -18   47   22   47   22  27  0  0 L3P EE
G10 FF 61133 081800  780 457 1670     5900993    -18           8    -13   18  60  103    9   39    3   39    3  16  0  0 L3P B2
G16 FF 61133 081800  780 217 3145    -2379566   -104          16    -32   27   1  198   38   74   30   74   30  18  0  0 L3P 08
G18 FF 61133 081800  780 188  857     3860538   -118          39    -24   34  63  226   37   64   23   64   23  33  0  0 L3P 0D
G27 FF 61133 081800  780 666 2506      915789    124          26    -23   13  91   80   -2   38   14   38   14  11  0  0 L3P D7
G32 FF 61133 081800  780 710  466      168146   -213          16    -21   11  29   78   -3   36   15   36   15  10  0  0 L3P BC
G08 FF 61133 083400  780 410 2335    -4679959     41           2    -23   23  73  112  -12   45   23   45   23  21  0  0 L3P E1
G10 FF 61133 083400  780 407 1598     5900986    -29           6    -24   24  60  113   12   44   30   44   30  21  0  0 L3P D4
G27 FF 61133 083400  780 687 2718      915933    139          27     -8   15  91   79    0   37   17   37   17  13  0  0 L3P CF
G32 FF 61133 083400  780 749  734      167964   -173          18     19   24  29   76   -1   36   -3   36   -3  15  0  0 L3P C5
G02 FF 61133 085000  780 225 2190     -710754    -26           4     53   33  40  192  -45   48  -58   48  -58  33  0  0 L3P F7
G08 FF 61133 085000  780 456 2415    -4679897     58           3     -6   16  73  103   -7   42    1   42    1  13  0  0 L3P AC
G10 FF 61133 085000  780 360 1530     5900976      4           1     10   21  60  125   14   54    9   54    9  18  0  0 L3P 7C
G27 FF 61133 085000  780 674 2942      916077    181          30     33   20  91   80    2   40  -22   40  -22  17  0  0 L3P C0
G32 FF 61133 085000  780 740 1055      167751   -306         -10   -114   40  29   77    1   57   74   57   74  26  0  0 L3P ED
G02 FF 61133 090600  780 281 2152     -710846    -84         -13     -6   30  40  156  -31   65   -2   65   -2  28  0  0 L3P DB
G08 FF 61133 090600  780 490 2517    -4679840     56          -2     -7   22  73   97   -4   51   15   51   15  17  0  0 L3P D2
G10 FF 61133 090600  780 317 1463     5900979     13          10     19   20  60  140   17   70   19   70   19  18  0  0 L3P CE
G27 FF 61133 090600  780 631 3118      916219    129          30    -19   11  91   83    4   51   33   51   33   9  0  0 L3P AC
G28 FF 61133 090600  780 223  372     5640556   -112          22    -24   35 120  192  -39  110   40  110   40  29  0  0 L3P 19
G32 FF 61133 090600  780 690 1272      167571   -183          -6      9   16  29   79    3   64   14   64   14  13  0  0 L3P B5
G02 FF 61133 092200  780 343 2117     -710909   -132          -1    -54   23  40  130  -22   68   71   68   71  19  0  0 L3P F5
G08 FF 61133 092200  780 508 2637    -4679777     79           1     16   12  73   95   -1   63    9   63    9  11  0  0 L3P B6
G10 FF 61133 092200  780 277 1398     5900957     25          -6     31   24  60  158   21  125   22  125   22  20  0  0 L3P EA
G27 FF 61133 092200  780 570 3239      916368    140          37     -8   11  91   88    7   66   37   66   37  10  0  0 L3P C7
G28 FF 61133 092200  780 270  434     5640463    -61          14     27   27 120  161  -27  134   10  134   10  24  0  0 L3P FA
G32 FF 61133 092200  780 622 1384      167396   -162           4     31   17  29   83    6   72   -1   72   -1  14  0  0 L3P A0
G02 FF 61133 093800  780 409 2087     -710989    -26          -5     53   21  40  112  -16   91  -38   91  -38  17  0  0 L3P 0C
G08 FF 61133 093800  780 508 2765    -4679723     51          -6    -13   17  73   95    1   92   27   92   27  15  0  0 L3P E8
G10 FF 61133 093800  780 240 1333     5900976    -39          18    -33   20  60  179   25  155   81  155   81  16  0  0 L3P 1C
G27 FF 61133 093800  780 502 3323      916514    156          41      8   31  91   96   10   89   18   89   18  27  0  0 L3P CC
G28 FF 61133 093800  780 317  502     5640397    -77          32     11   33 120  140  -19  144   -6  144   -6  23  0  0 L3P 05
G31 FF 61133 093800  780 219  221     1577256    -43           7    -19   28  71  196  -46  166   12  166   12  24  0  0 L3P 0A
G32 FF 61133 093800  780 548 1438      167222   -189          14      4   17  29   90    9   89   20   89   20  15  0  0 L3P C6
G02 FF 61133 095400  780 479 2061     -711068    -91          -9    -12   16  40   99  -12  103   11  103   11  14  0  0 L3P EF
G08 FF 61133 095400  780 488 2889    -4679649     48           7    -16   21  73   98    4  103   30  103   30  17  0  0 L3P 01
G10 FF 61133 095400  780 207 1267     5900957    -57           4    -52   25  60  207   32  217  105  217  105  18  0  0 L3P 23
G27 FF 61133 095400  780 432 3384      916650    166          35     18   38  91  107   15  120   15  120   15  35  0  0 L3P FB
G28 FF 61133 095400  780 361  578     5640299    -86          18      1   29 120  125  -13  165   17  165   17  27  0  0 L3P 19
G31 FF 61133 095400  780 273  272     1577240    -16          14      8   27  71  160  -31  168   -1  168   -1  22  0  0 L3P DE
G32 FF 61133 095400  780 474 1462      167042   -168          18     24   23  29  100   12  108    5  108    5  22  0  0 L3P D5
G01 FF 61133 101000  780 248 2168    -3053962     80          18      4   40   4  175  -40  152   15  152   15  35  0  0 L3P D9
G02 FF 61133 101000  780 555 2041     -711131    -79          -2     -1   18  41   89   -9  106   26  106   26  16  0  0 L3P C8
G08 FF 61133 101000  780 454 2999    -4679579     67          13      3   48  74  103    7  123   27  123   27  31  0  0 L3P F7
G27 FF 61133 101000  780 362 3433      916805    175          51     27   45  92  124   21  145   17  145   17  44  0  0 L3P F5
G28 FF 61133 101000  780 400  666     5640217   -128          19    -41   23 121  114   -9  173   46  173   46  20  0  0 L3P 0F
G31 FF 61133 101000  780 329  327     1577225    -32          18     -8   32  89  135  -21  173   18  173   18  25  0  0 L3P FA
G32 FF 61133 101000  780 401 1468      166855   -171          16     21   22  34  114   17  145   24  145   24  20  0  0 L3P E8
G01 FF 61133 102600  780 309 2146    -3053915     59          -8    -17   24   4  143  -27  183   23  183   23  19  0  0 L3P 05
G02 FF 61133 102600  780 634 2031     -711210    -71          -6      7   10  41   82   -6  124    8  124    8   9  0  0 L3P 7F
G03 FF 61133 102600  780 184 2465    -5171738    122          11    -15   34  11  230  -33  200   31  200   31  29  0  0 L3P 08
G08 FF 61133 102600  780 410 3093    -4679532     46          -2    -18   24  74  112   11  161   49  161   49  18  0  0 L3P 0E
G27 FF 61133 102600  780 294 3475      916950    179          53     31   25  92  149   32  186   13  186   13  21  0  0 L3P 0C
G28 FF 61133 102600  780 430  764     5640139    -83          25      5   20 121  108   -5  184   11  184   11  15  0  0 L3P DF
G31 FF 61133 102600  780 386  390     1577187    -16           2      7   21  89  118  -15  191    3  191    3  17  0  0 L3P BF
G32 FF 61133 102600  780 331 1461      166672   -143          17     50   28  34  134   25  190    5  190    5  22  0  0 L3P D0
G01 FF 61133 104200  780 374 2129    -3053819     57          15    -19   23   4  121  -19  180   27  180   27  21  0  0 L3P 01
G02 FF 61133 104200  780 717 2037     -711286    -98          -7    -20   10  41   78   -4  135   23  135   23   9  0  0 L3P D5
G03 FF 61133 104200  780 211 2396    -5171605    104          11    -33   31  11  202  -26  217   44  217   44  24  0  0 L3P 0A
G04 FF 61133 104200  780 211 3089     -517294    -31          25    -16   40  38  203  -52  218    6  218    6  28  0  0 L3P EB
G08 FF 61133 104200  780 360 3172    -4679465     24           4    -40   17  74  125   16  192   67  192   67  13  0  0 L3P 0D
G27 FF 61133 104200  780 230 3515      917073    237           5     90   29  18  188   49  253  -17  253  -17  21  0  0 L3P 0A
G28 FF 61133 104200  780 447  872     5640054   -102          24    -14   18 121  104   -2  199   33  199   33  15  0  0 L3P 19
G31 FF 61133 104200  780 441  464     1577156    -15          -5      9   18  89  106  -10  204   -3  204   -3  15  0  0 L3P D0
G32 FF 61133 104200  780 265 1446      166489   -155          18     37   28  34  164   38  253   35  253   35  22  0  0 L3P 13
G01 FF 61133 105800  780 443 2122    -3053734     63          27    -13   17   4  105  -14  183   24  183   24  15  0  0 L3P F7
G02 FF 61133 105800  780 801 2098     -711366    -90         -11    -12   13  41   75   -2  155   27  155   27  10  0  0 L3P F2
G03 FF 61133 105800  780 240 2328    -5171464    150          21     13   37  11  180  -21  232    9  232    9  33  0  0 L3P E6
G04 FF 61133 105800  780 264 3032     -517320    -37          14    -21   27  38  165  -31  236   25  236   25  23  0  0 L3P 0A
G08 FF 61133 105800  780 307 3240    -4679397     87          11     23   18  74  144   23  232   30  232   30  16  0  0 L3P 05
G28 FF 61133 105800  780 449  984     5639961   -104          15    -17   26 121  104    1  229   42  229   42  23  0  0 L3P 1E
G31 FF 61133 105800  780 490  555     1577136    -14          -2     10   18  89   97   -7  212    5  212    5  17  0  0 L3P B7
G32 FF 61133 105800  780 203 1424      166295   -218           9    -25   41  34  210   61  346  149  346  149  31  0  0 L3P 24
G01 FF 61133 111400  780 515 2127    -3053670     72          17     -4   15   4   94  -10  205   18  205   18  14  0  0 L3P CF
G02 FF 61133 111400  780 870 2688     -711453    -74         -23      4   11  41   74    0  186   21  186   21   9  0  0 L3P BE
G03 FF 61133 111400  780 270 2260    -5171334    177          18     40   37  11  161  -18  261  -10  261  -10  34  0  0 L3P 1C
G04 FF 61133 111400  780 314 2965     -517326    -19          24     -3   22  38  141  -20  244   19  244   19  18  0  0 L3P FF
G08 FF 61133 111400  780 255 3301    -4679335     41          12    -23   35  74  170   33  294   82  294   82  34  0  0 L3P 17
G28 FF 61133 111400  780 434 1091     5639874   -117          11    -30   19 121  107    5  262   55  262   55  16  0  0 L3P 22
G31 FF 61133 111400  780 530  666     1577116     -4           0     20   23  89   92   -4  224    9  224    9  19  0  0 L3P 91
G01 FF 61133 113000  780 588 2150    -3053600     78          15      1   16   4   86   -7  217   16  217   16  14  0  0 L3P BA
G02 FF 61133 113000  780 812 3502     -711510   -114          -5    -36   36  41   74    2  194   60  194   60  35  0  0 L3P DD
G03 FF 61133 113000  780 303 2192    -5171187    126          34    -12   27  11  145  -15  272   38  272   38  25  0  0 L3P 21
G04 FF 61133 113000  780 360 2888     -517357     20          20     36   27  39  125  -13  263  -17  263  -17  20  0  0 L3P 11
G08 FF 61133 113000  780 204 3357    -4679273     21          13    -43   32  74  210   50  365  117  365  117  29  0  0 L3P 33
G28 FF 61133 113000  780 405 1185     5639796    -90          18     -2   16 121  113    9  296   51  296   51  14  0  0 L3P 0D
G31 FF 61133 113000  780 556  797     1577097    -22           4      1   15  89   89   -2  240   21  240   21  13  0  0 L3P B6
G01 FF 61133 114600  780 662 2208    -3053520     71          22     -5   13   4   80   -5  221   17  221   17  11  0  0 L3P B1
G02 FF 61133 114600  780 725 3590     -711587    -76          -7      3   18  41   77    4  227   39  227   39  17  0  0 L3P DD
G03 FF 61133 114600  780 338 2124    -5171067    171          22     34   21  11  132  -13  304   -4  304   -4  17  0  0 L3P F5
G04 FF 61133 114600  780 400 2801     -517379      8          13     24   20  39  114   -9  283    9  283    9  17  0  0 L3P BB
G28 FF 61133 114600  780 364 1262     5639721    -98          27    -11   22 121  124   14  339   67  339   67  18  0  0 L3P 39
G31 FF 61133 114600  780 561  939     1577057    -32         -13     -8   18  89   89    1  274   28  274   28  15  0  0 L3P F8
G01 FF 61133 120200  780 729 2337    -3053454     77          14      1   15   5   77   -3  235   16  235   16  13  0  0 L3P BE
G02 FF 61133 120200  780 638   14     -711657    -99          -3    -20   13  43   82    6  255   47  255   47  11  0  0 L3P BD
G03 FF 61133 120200  780 376 2055    -5170941     88          18    -50   29  30  120  -11  312   31  312   31  26  0  0 L3P 02
G04 FF 61133 120200  780 433 2703     -517388    -12          23      4   21  40  107   -6  288    9  288    9  17  0  0 L3P C4
G28 FF 61133 120200  780 314 1322     5639631    -53          24     34   23 122  141   22  403   32  403   32  19  0  0 L3P F7
G31 FF 61133 120200  780 546 1074     1577037    -16         -15      8   16  90   90    3  290   15  290   15  15  0  0 L3P D4
G01 FF 61133 121800  780 774 2614    -3053382     67          12     -9   10   5   75   -1  248   22  248   22   9  0  0 L3P C3
G02 FF 61133 121800  780 553   26     -711744    -65         -14     14   15  43   90    9  297   26  297   26  13  0  0 L3P CD
G03 FF 61133 121800  780 417 1984    -5170810    129          18     -8   20  30  110  -10  308    1  308    1  17  0  0 L3P E2
G04 FF 61133 121800  780 459 2597     -517402     27          24     43   19  40  102   -4  292  -40  292  -40  15  0  0 L3P 02
G09 FF 61133 121800  780 188 2807    -7625717      8          15    -19   46  67  226  -42  450   -6  450   -6  43  0  0 L3P 1E
G28 FF 61133 121800  780 259 1366     5639543    -56          19     32   18 122  168   36  469   41  469   41  15  0  0 L3P 3B
G31 FF 61133 121800  780 512 1187     1577017    -13         -11     11   26  90   94    6  309   17  309   17  23  0  0 L3P E7
G01 FF 61133 123400  780 768 3000    -3053319     79           2      3   13   5   76    1  262    4  262    4  11  0  0 L3P 71
G02 FF 61133 123400  780 470   35     -711825    -57         -20     22   15  43  101   14  344   36  344   36  12  0  0 L3P CE
G03 FF 61133 123400  780 461 1908    -5170676    128          19    -10   16  30  102   -8  305    4  305    4  13  0  0 L3P E7
G04 FF 61133 123400  780 477 2484     -517417    -26          25    -10   17  40   99   -2  292   13  292   13  15  0  0 L3P F6
G09 FF 61133 123400  780 221 2737    -7625730   -272         -24   -300   42  67  194  -27  468  283  468  283  38  0  0 L3P A0
G26 FF 61133 123400  780 195  816     3490120     82          -7     33   38  13  218  -21  644  -41  644  -41  34  0  0 L3P 07
G28 FF 61133 123400  780 200 1396     5639477   -102          38    -15   34 122  214   62  538  107  538  107  24  0  0 L3P 60
G31 FF 61133 123400  780 465 1274     1576993      3         -13     27   34  90  101    9  340   13  340   13  33  0  0 L3P D6
G01 FF 61133 125000  780 715 3250    -3053241     98           7     22   23   5   78    3  268  -16  268  -16  18  0  0 L3P D7
G02 FF 61133 125000  780 391   43     -711892    -97         -12    -19   15  43  117   20  389   71  389   71  10  0  0 L3P FB
G03 FF 61133 125000  780 508 1827    -5170534    151          30     13   14  30   95   -7  285  -24  285  -24  13  0  0 L3P 0F
G04 FF 61133 125000  780 489 2367     -517438    -13          19      3   16  40   98   -1  295   -8  295   -8  15  0  0 L3P E3
G09 FF 61133 125000  780 252 2663    -7625656    209          23    182   46  67  172  -19  408 -208  408 -208  44  0  0 L3P 8D
G26 FF 61133 125000  780 212  889     3490211     30          37    -19   27  13  202  -13  589   -7  589   -7  20  0  0 L3P FD
G31 FF 61133 125000  780 410 1335     1576980    -13          -3     11   25  90  112   13  362   18  362   18  21  0  0 L3P E6
G01 FF 61133 130600  780 643 3373    -3053176     45          -1    -32   26   5   82    5  286   47  286   47  24  0  0 L3P DE
G02 FF 61133 130600  780 315   53     -711974    -75         -18      3   25  43  140   30  457   80  457   80  18  0  0 L3P D7
G03 FF 61133 130600  780 555 1733    -5170422    133           9     -5   15  30   89   -5  295   -6  295   -6  13  0  0 L3P E3
G04 FF 61133 130600  780 493 2250     -517452     -4          21     11   17  40   97    0  291   -8  291   -8  16  0  0 L3P B6
G09 FF 61133 130600  780 280 2586    -7625634     35          19      8   23  67  156  -14  391  -30  391  -30  21  0  0 L3P 26
G16 FF 61133 130600  780 195  639    -2380813    -90           4    -19   33  14  219  -36  648  -46  648  -46  26  0  0 L3P 3F
G26 FF 61133 130600  780 222  964     3490231     65          10     16   29  13  194   -5  593  -11  593  -11  23  0  0 L3P F7
G31 FF 61133 130600  780 351 1376     1576941    -61         -19    -37   17  90  128   20  411   90  411   90  14  0  0 L3P 1B
G01 FF 61133 132200  780 566 3441    -3053106    142          -4     66   42   5   88    8  318  -28  318  -28  41  0  0 L3P F6
G02 FF 61133 132200  780 244   66     -712027    -84           4     -6   17  43  177   48  537  135  537  135  12  0  0 L3P EC
G03 FF 61133 132200  780 602 1620    -5170288    127          12    -10   14  30   85   -4  288    6  288    6  11  0  0 L3P DA
G04 FF 61133 132200  780 493 2134     -517460     14          28     30   22  40   97    0  292  -11  292  -11  20  0  0 L3P CD
G09 FF 61133 132200  780 306 2506    -7625606     25          22     -2   24  67  144  -11  380   -5  380   -5  19  0  0 L3P FC
G16 FF 61133 132200  780 226  709    -2380870    -66          15      6   30  14  190  -24  599  -44  599  -44  24  0  0 L3P 29
G26 FF 61133 132200  780 223 1040     3490321     61          53     12   36  13  192    2  548  -14  548  -14  33  0  0 L3P EA
G31 FF 61133 132200  780 289 1401     1576931    -47          -6    -23   27  90  152   31  460   92  460   92  23  0  0 L3P 0E
G01 FF 61133 133800  780 489 3485    -3053024     67           4    -10   33   5   98   12  345   60  345   60  31  0  0 L3P DC
G03 FF 61133 133800  780 645 1477    -5170153    148          14     10   14  30   81   -3  281   -8  281   -8  12  0  0 L3P ED
G04 FF 61133 133800  780 488 2022     -517485      4          18     20   15  40   98    1  302  -12  302  -12  13  0  0 L3P C0
G07 FF 61133 133800  780 239 3208     1686977     51          44      6   20 100  181  -46  502  -64  502  -64  16  0  0 L3P 27
G09 FF 61133 133800  780 330 2424    -7625572     59          29     31   20  67  135   -9  364  -30  364  -30  17  0  0 L3P 25
G16 FF 61133 133800  780 253  784    -2380919   -145          35    -74   35  14  171  -16  547   47  547   47  32  0  0 L3P 4B
G26 FF 61133 133800  780 216 1113     3490338     63          23     14   29  13  199   11  581    7  581    7  22  0  0 L3P D8
G31 FF 61133 133800  780 228 1414     1576916    -68           2    -44   31  90  189   50  519  119  519  119  23  0  0 L3P 3A
G01 FF 61133 135400  780 413 3518    -3052953     73           3     -3   15   5  111   17  400   58  400   58  12  0  0 L3P C6
G03 FF 61133 135400  780 676 1293    -5170022    145          13      7   16  30   80   -1  290    1  290    1  14  0  0 L3P B1
G04 FF 61133 135400  780 481 1913     -517499     20          19     36   16  40   99    1  314  -17  314  -17  14  0  0 L3P ED
G07 FF 61133 135400  780 302 3165     1687021     24          45    -21   17 100  146  -28  455  -21  455  -21  14  0  0 L3P 2B
G09 FF 61133 135400  780 352 2341    -7625552      6          22    -22   19  67  127   -7  366   14  366   14  18  0  0 L3P 07
G16 FF 61133 135400  780 274  863    -2381018    -55           4     16   30  14  159   -9  547  -41  547  -41  25  0  0 L3P 0F
G26 FF 61133 135400  780 199 1182     3490384     76          22     27   24  13  214   22  605   10  605   10  20  0  0 L3P EB
G01 FF 61133 141000  780 340 3546    -3052866    114          20     37   23   6  131   25  456   49  456   49  18  0  0 L3P 04
G03 FF 61133 141000  780 687 1070    -5169885    135          21     -2   17  37   79    0  296   19  296   19  14  0  0 L3P 04
G04 FF 61133 141000  780 472 1807     -517513    -13          22      3   18  41  100    2  334   11  334   11  15  0  0 L3P B0
G06 FF 61133 141000  780 206 2305     6118805     39          25     50   29  80  207  -37  474  -37  474  -37  26  0  0 L3P 29
G07 FF 61133 141000  780 363 3112     1687051     49          17      4   24   1  124  -19  415  -44  415  -44  18  0  0 L3P F0
G09 FF 61133 141000  780 374 2257    -7625511     11          38    -16   20  68  121   -6  360   19  360   19  17  0  0 L3P 0A
G16 FF 61133 141000  780 286  945    -2381050    -21          38     51   26  15  153   -4  508  -36  508  -36  21  0  0 L3P 10
G01 FF 61133 142600  780 270 3572    -3052793     97          20     21   20   6  161   38  550   89  550   89  17  0  0 L3P FF
G03 FF 61133 142600  780 672  847    -5169756    129          18     -8   14  37   80    2  317   30  317   30  13  0  0 L3P E8
G04 FF 61133 142600  780 462 1704     -517523    -15          28      1   18  41  102    2  352   22  352   22  17  0  0 L3P C1
G06 FF 61133 142600  780 240 2371     6118803    -33          34    -22   31  80  180  -21  467   11  467   11  28  0  0 L3P 10
G07 FF 61133 142600  780 422 3044     1687081     16           4    -30   26   1  109  -13  398   -3  398   -3  18  0  0 L3P E5
G09 FF 61133 142600  780 396 2171    -7625480     50          43     23   31  68  115   -6  359  -22  359  -22  29  0  0 L3P 2B
G16 FF 61133 142600  780 289 1027    -2381108   -185          49   -113   14  15  151    1  506  114  506  114  12  0  0 L3P 46
G01 FF 61133 144200  780 205 3599    -3052708     71          32     -5   35   6  209   63  662  147  662  147  26  0  0 L3P 1F
G03 FF 61133 144200  780 633  664    -5169623    151          20     14   16  37   82    4  336   16  336   16  15  0  0 L3P DF
G04 FF 61133 144200  780 452 1604     -517531     17          35     33   21  41  103    2  364   -5  364   -5  20  0  0 L3P BB
G06 FF 61133 144200  780 263 2447     6118791    -25          33    -14   23  80  165  -11  464   14  464   14  19  0  0 L3P 21
G07 FF 61133 144200  780 477 2959     1687137     68          16     23   14   1   99   -9  368  -35  368  -35   9  0  0 L3P 0A
G09 FF 61133 144200  780 418 2084    -7625468     51          29     24   25  68  110   -5  373  -26  373  -26  22  0  0 L3P 29
G16 FF 61133 144200  780 282 1107    -2381196   -101          30    -29   49  15  155    7  540   43  540   43  45  0  0 L3P 19
G03 FF 61133 145800  780 578  529    -5169489    139          21      1   15  37   87    6  363   31  363   31  14  0  0 L3P EA
G04 FF 61133 145800  780 441 1505     -517545    -30          36    -15   20  41  105    2  386   32  386   32  18  0  0 L3P F1
G06 FF 61133 145800  780 276 2529     6118779    -11          32      0   25  80  158   -4  475   12  475   12  21  0  0 L3P FA
G07 FF 61133 145800  780 526 2853     1687183     70          18     24   13   1   93   -6  355  -20  355  -20  11  0  0 L3P ED
G09 FF 61133 145800  780 441 1994    -7625447     73          24     45   19  68  105   -5  379  -33  379  -33  16  0  0 L3P 46
G16 FF 61133 145800  780 264 1183    -2381260    -52          34     19   30  15  165   14  570   29  570   29  23  0  0 L3P 16
G30 FF 61133 145800  780 206 3016    -1747826   -132          40      0   27  69  208  -50  625  -83  625  -83  22  0  0 L3P 3F
G03 FF 61133 151400  780 514  434    -5169360    129          18     -9   18  37   94    9  402   54  402   54  16  0  0 L3P E6
G04 FF 61133 151400  780 429 1407     -517576    -35          20    -19   15  41  108    3  423   37  423   37  13  0  0 L3P F4
G06 FF 61133 151400  780 277 2615     6118767    -46          30    -35   23  80  158    3  497   54  497   54  20  0  0 L3P 1B
G07 FF 61133 151400  780 564 2724     1687245     27          37    -18   14   1   88   -3  338   11  338   11  12  0  0 L3P E2
G09 FF 61133 151400  780 464 1900    -7625430     -4          15    -32   19  68  101   -4  381   25  381   25  17  0  0 L3P 05
G16 FF 61133 151400  780 236 1250    -2381330   -124          33    -52   29  15  183   24  618  100  618  100  22  0  0 L3P 3A
G30 FF 61133 151400  780 255 2956    -1747957   -143          35    -12   19  69  170  -30  561  -55  561  -55  15  0  0 L3P 6E
G03 FF 61133 153000  780 444  366    -5169232    110          14    -28   16  37  105   14  459   91  459   91  14  0  0 L3P 16
G04 FF 61133 153000  780 416 1310     -517583    -29          28    -13   26  41  111    3  435   42  435   42  20  0  0 L3P E2
G06 FF 61133 153000  780 267 2700     6118725     17          -1     28   31  80  163    9  563   35  563   35  28  0  0 L3P E9
G07 FF 61133 153000  780 590 2573     1687279     33          27    -12   15   1   86   -2  341   22  341   22  11  0  0 L3P D3
G09 FF 61133 153000  780 488 1802    -7625405    -34          14    -62   17  68   98   -4  383   53  383   53  14  0  0 L3P 21
G16 FF 61133 153000  780 200 1307    -2381400    -77          32     -5   37  15  214   42  678   89  678   89  27  0  0 L3P 1F
G30 FF 61133 153000  780 300 2888    -1748085   -103          33     29   20  69  147  -20  517  -61  517  -61  17  0  0 L3P 4E
G03 FF 61133 154600  780 373  316    -5169090    116          24    -21   21  37  121   21  523  102  523  102  18  0  0 L3P 19
G04 FF 61133 154600  780 401 1214     -517622    -34           5    -18   15  41  114    4  487   61  487   61  12  0  0 L3P DF
G06 FF 61133 154600  780 247 2783     6118756    -23          41    -12   40  80  175   16  586   90  586   90  33  0  0 L3P 2D
G07 FF 61133 154600  780 600 2409     1687309     31          14    -15   17   1   85    0  360   27  360   27  16  0  0 L3P CA
G09 FF 61133 154600  780 511 1697    -7625384     46           8     19   12  68   94   -3  400  -10  400  -10  11  0  0 L3P F6
G30 FF 61133 154600  780 342 2812    -1748218   -101          27     31   21  69  131  -14  496  -52  496  -52  18  0  0 L3P 50
G03 FF 61133 160200  780 301  281    -5168967    196          18     58   27  38  146   33  633   82  633   82  22  0  0 L3P 1C
G04 FF 61133 160200  780 383 1121     -517630     -1          18     15   24  42  118    5  518   30  518   30  19  0  0 L3P C6
G06 FF 61133 160200  780 221 2861     6118739     -9          32      2   33  83  194   25  689  126  689  126  28  0  0 L3P 24
G07 FF 61133 160200  780 595 2244     1687351     34           8    -12   14  15   85    1  382   38  382   38  12  0  0 L3P D8
G09 FF 61133 160200  780 532 1584    -7625357     68          15     41   13  70   92   -2  413  -23  413  -23  12  0  0 L3P 02
G30 FF 61133 160200  780 379 2727    -1748356   -112          21     20   20  75  120  -10  498  -17  498  -17  17  0  0 L3P 50
G03 FF 61133 161800  780 230  256    -5168820    227          33     90   23  38  188   56  762   97  762   97  19  0  0 L3P 2D
G04 FF 61133 161800  780 361 1029     -517648    -30          15    -14   23  42  124    7  570   66  570   66  22  0  0 L3P FA
G06 FF 61133 161800  780 189 2935     6118732    -54          36    -43   33  83  225   39  827  182  827  182  26  0  0 L3P 5F
G07 FF 61133 161800  780 578 2092     1687400     61          14     16   10  15   87    2  403   15  403   15   9  0  0 L3P BF
G09 FF 61133 161800  780 549 1461    -7625333     13          13    -15   15  70   90   -2  434   23  434   23  13  0  0 L3P F4
G14 FF 61133 161800  780 250 3392    -7419055    -83          -1    -69   29  25  174  -47  764  -53  764  -53  24  0  0 L3P 62
G30 FF 61133 161800  780 410 2635    -1748486   -183          18    -52   11  75  112   -7  502   54  502   54  10  0  0 L3P 27
G04 FF 61133 163400  780 336  942     -517666    -42          13    -26   22  42  133   10  619   79  619   79  19  0  0 L3P 10
G07 FF 61133 163400  780 552 1956     1687440     39          11     -6   15  15   90    3  441   41  441   41  13  0  0 L3P CC
G09 FF 61133 163400  780 559 1329    -7625308    -10          11    -37   16  70   89   -1  452   61  452   61  15  0  0 L3P 12
G14 FF 61133 163400  780 321 3381    -7419070     -1          -1     14   36  25  138  -29  684  -82  684  -82  32  0  0 L3P 2C
G30 FF 61133 163400  780 436 2535    -1748597   -121          33     11   21  75  106   -5  497   -4  497   -4  18  0  0 L3P 26
G04 FF 61133 165000  780 307  859     -517657      0          38     16   30  42  144   14  653   61  653   61  24  0  0 L3P D4
G07 FF 61133 165000  780 520 1837     1687486     34          12    -12   17  15   93    4  471   38  471   38  14  0  0 L3P EF
G09 FF 61133 165000  780 561 1190    -7625279     20          14     -8   15  70   89    0  466   33  466   33  13  0  0 L3P E8
G14 FF 61133 165000  780 395 3362    -7419066    -15          17     -1   21  25  115  -19  614  -48  614  -48  18  0  0 L3P 3F
G21 FF 61133 165000  780 235 2235    -4128950    -35          37    -17   41  24  184  -42  698  -40  698  -40  38  0  0 L3P 58
G22 FF 61133 165000  780 227 3357      243108    -18          13     40   41  61  190  -55  898 -139  898 -139  37  0  0 L3P 59
G30 FF 61133 165000  780 457 2431    -1748727   -130          30      2   12  75  103   -3  509   13  509   13  11  0  0 L3P F8
G04 FF 61133 170600  780 273  781     -517697     26          13     42   37  42  160   20  740   38  740   38  30  0  0 L3P E7
G07 FF 61133 170600  780 487 1730     1687527     65          10     19   14  15   98    5  504   23  504   23  12  0  0 L3P DC
G08 FF 61133 170600  780 178 1021    -4677977     87          21     24   52   7  238   -4  856  -39  856  -39  41  0  0 L3P 36
G09 FF 61133 170600  780 553 1050    -7625236     38          30     11   18  70   89    2  475   19  475   19  18  0  0 L3P F5
G14 FF 61133 170600  780 471 3332    -7419075    -66          23    -51   37  25  100  -13  566   10  566   10  36  0  0 L3P 28
G21 FF 61133 170600  780 288 2280    -4128980    -31          25    -13   27  24  152  -25  661  -20  661  -20  23  0  0 L3P 3C
G22 FF 61133 170600  780 294 3340      243074    -20          35     38   24  61  149  -33  782 -140  782 -140  21  0  0 L3P 37
G30 FF 61133 170600  780 472 2322    -1748850   -125          33      7   24  75  100   -2  512    0  512    0  20  0  0 L3P CA
G04 FF 61133 172200  780 235  710     -517723     15           2     31   42  42  183   30  826   60  826   60  33  0  0 L3P C0
G07 FF 61133 172200  780 453 1633     1687575     29          14    -17   15  15  103    6  525   46  525   46  13  0  0 L3P FD
G08 FF 61133 172200  780 177 1093    -4677899     59          39     -4   36   7  239    7  828    8  828    8  32  0  0 L3P F7
G09 FF 61133 172200  780 532  917    -7625225     29          16      1   15  70   92    3  509   20  509   20  14  0  0 L3P BC
G14 FF 61133 172200  780 548 3287    -7419093    -16          18     -2   20  25   90   -9  535  -33  535  -33  17  0  0 L3P 1F
G21 FF 61133 172200  780 336 2339    -4128998    -47          23    -29   25  24  133  -16  641   15  641   15  22  0  0 L3P 34
G22 FF 61133 172200  780 364 3313      243008    -58          24      0   33  61  124  -21  704  -72  704  -72  34  0  0 L3P F4
G30 FF 61133 172200  780 482 2212    -1748983   -128          27      4   16  75   98   -1  520   14  520   14  15  0  0 L3P FD
G04 FF 61133 173800  780 193  644     -517723    -70          17    -54   49  42  220   49  910  178  910  178  42  0  0 L3P 37
G07 FF 61133 173800  780 420 1543     1687620     57          15     12   17  15  110    7  563   20  563   20  15  0  0 L3P DC
G09 FF 61133 173800  780 501  797    -7625202     38          12     11   18  70   96    5  543   21  543   21  15  0  0 L3P D5
G14 FF 61133 173800  780 624 3218    -7419106    -30          19    -15   17  25   83   -6  508   -3  508   -3  14  0  0 L3P 03
G21 FF 61133 173800  780 375 2415    -4129014     21          25     39   26  24  121  -10  633  -41  633  -41  22  0  0 L3P 18
G22 FF 61133 173800  780 434 3274      242943   -109          15    -51   17  61  107  -14  646  -14  646  -14  14  0  0 L3P 3B
G30 FF 61133 173800  780 489 2100    -1749111   -125          25      7   21  75   97   -1  533    2  533    2  19  0  0 L3P D6
G05 FF 61133 175400  780 188 2295     2312503     44          29     38   30  45  226  -44  906  -54  906  -54  26  0  0 L3P 33
G07 FF 61133 175400  780 388 1457     1687667     76          19     30   15  15  117    8  600   14  600   14  14  0  0 L3P F6
G09 FF 61133 175400  780 460  692    -7625170     13          18    -15   18  70  102    8  574   61  574   61  15  0  0 L3P FC
G14 FF 61133 175400  780 695 3104    -7419126      9          14     24   11  25   79   -4  498  -35  498  -35   9  0  0 L3P 07
G21 FF 61133 175400  780 403 2505    -4129032      9          24     27   18  24  114   -5  641    6  641    6  15  0  0 L3P BF
G22 FF 61133 175400  780 503 3221      242886    -53          14      5   16  61   96  -10  607  -44  607  -44  15  0  0 L3P F6
G30 FF 61133 175400  780 492 1989    -1749238   -168          25    -36   18  75   97    0  540   38  540   38  15  0  0 L3P 38
G05 FF 61133 181000  780 221 2357     2312507    -30          31    -36   20  47  194  -25  892   28  892   28  15  0  0 L3P 21
G07 FF 61133 181000  780 358 1375     1687708      4          14    -41   18  19  126    9  622   52  622   52  15  0  0 L3P ED
G09 FF 61133 181000  780 411  605    -7625144     70          19     42   29  71  112   12  625   27  625   27  25  0  0 L3P F1
G14 FF 61133 181000  780 754 2897    -7419135    -10          15      5   16  26   76   -2  490    0  490    0  12  0  0 L3P C4
G17 FF 61133 181000  780 227  131     1040587     60          62    -33   30 103  190  -46  996  -99  996  -99  26  0  0 L3P 49
G21 FF 61133 181000  780 416 2605    -4129051    -41          23    -22   28  25  111   -1  665   41  665   41  26  0  0 L3P 05
G22 FF 61133 181000  780 571 3146      242832    -82          17    -24   16  62   88   -7  566   -8  566   -8  16  0  0 L3P F5
G30 FF 61133 181000  780 493 1879    -1749370   -147          20    -15   12  78   97    0  546    8  546    8  11  0  0 L3P 01
G05 FF 61133 182600  780 246 2428     2312510    -24          28    -30   28  47  176  -13  898   39  898   39  23  0  0 L3P 3F
G07 FF 61133 182600  780 328 1295     1687753     69          15     23   15  19  135   11  639   -1  639   -1  12  0  0 L3P 02
G09 FF 61133 182600  780 357  532    -7625135     32           2      5   30  71  126   18  703   75  703   75  24  0  0 L3P D7
G14 FF 61133 182600  780 781 2539    -7419141    -15          23      0    9  26   75    0  482   -3  482   -3   8  0  0 L3P B9
G17 FF 61133 182600  780 286  172     1040655    121          40     28   43 103  153  -31  874 -145  874 -145  37  0  0 L3P 5C
G21 FF 61133 182600  780 415 2710    -4129073    -34          18    -16   27  25  111    2  698   50  698   50  23  0  0 L3P 11
G22 FF 61133 182600  780 633 3036      242782    -40          23     18   14  62   82   -4  537  -37  537  -37  12  0  0 L3P FB
G30 FF 61133 182600  780 492 1769    -1749498   -112          19     20   13  78   97    0  542  -17  542  -17  11  0  0 L3P 32
G05 FF 61133 184200  780 260 2507     2312518    -12          31    -18   32  47  167   -5  904   26  904   26  27  0  0 L3P 0C
G07 FF 61133 184200  780 300 1217     1687784     44           3     -2   18  19  147   13  672   21  672   21  14  0  0 L3P E2
G09 FF 61133 184200  780 300  472    -7625105     63           6     36   43  71  147   27  786   84  786   84  34  0  0 L3P 03
G13 FF 61133 184200  780 218 2164    -6810209     28          11     13   31  66  197  -52  892 -122  892 -122  26  0  0 L3P 58
G14 FF 61133 184200  780 760 2172    -7419171    -23           7     -9   12  26   76    1  487    0  487    0  11  0  0 L3P B7
G17 FF 61133 184200  780 348  215     1040730    114          26     20   32 103  129  -21  781 -125  781 -125  27  0  0 L3P 44
G21 FF 61133 184200  780 399 2813    -4129092    -16          17      3   18  25  114    5  737   41  737   41  17  0  0 L3P FA
G22 FF 61133 184200  780 684 2875      242722    -69          18    -11   12  62   79   -2  518  -12  518  -12  11  0  0 L3P 09
G30 FF 61133 184200  780 489 1660    -1749636   -136           7     -5   17  78   97    1  551    6  551    6  15  0  0 L3P E4
G05 FF 61133 185800  780 263 2589     2312506     -3          14     -9   27  47  165    1  940   38  940   38  21  0  0 L3P EF
G07 FF 61133 185800  780 272 1141     1687842     47          17      1   29  19  160   15  683   22  683   22  27  0  0 L3P FB
G09 FF 61133 185800  780 239  424    -7625073     67          11     39   35  71  181   45  900  108  900  108  27  0  0 L3P 2C
G13 FF 61133 185800  780 278 2146    -6810194     -2          12    -17   21  66  157  -34  783  -98  783  -98  19  0  0 L3P 62
G14 FF 61133 185800  780 708 1949    -7419187    -31           6    -16   17  26   78    3  483    3  483    3  15  0  0 L3P E9
G17 FF 61133 185800  780 412  265     1040824     98          31      5   21 103  112  -15  686  -95  686  -95  15  0  0 L3P 20
G19 FF 61133 185800  780 228   20    -6959247    -35          38    -22   27  76  189  -53 1114 -235 1114 -235  20  0  0 L3P 80
G20 FF 61133 185800  780 234 2175     -889928   -174          45     29   41  91  185  -49  872 -158  872 -158  34  0  0 L3P 9B
G21 FF 61133 185800  780 372 2908    -4129114    -14          12      4   20  25  122    9  797   66  797   66  17  0  0 L3P 08
G22 FF 61133 185800  780 715 2647      242665    -57          17      1   12  62   78   -1  503  -21  503  -21  10  0  0 L3P DD
G30 FF 61133 185800  780 484 1552    -1749754   -178          16    -46   20  78   98    1  538   38  538   38  16  0  0 L3P 42
G05 FF 61133 191400  780 256 2672     2312559     52          61     46   25  47  170    8  934    5  934    5  21  0  0 L3P D3
G07 FF 61133 191400  780 244 1067     1687890     84          21     39   48  19  177   19  698  -24  698  -24  40  0  0 L3P 46
G13 FF 61133 191400  780 342 2135    -6810197     -3          -6    -18   20  66  131  -23  699  -81  699  -81  16  0  0 L3P 44
G14 FF 61133 191400  780 646 1817    -7419205     -5           2     10   18  26   81    4  480  -15  480  -15  17  0  0 L3P E6
G17 FF 61133 191400  780 476  326     1040911    111          28     17   17 103   99  -11  611  -93  611  -93  14  0  0 L3P 1B
G19 FF 61133 191400  780 295   50    -6959271    -21          26     -9   27  76  149  -33  916 -195  916 -195  22  0  0 L3P 62
G20 FF 61133 191400  780 298 2179     -890145   -234          24    -30   27  91  147  -30  765  -91  765  -91  23  0  0 L3P 60
G21 FF 61133 191400  780 336 2993    -4129123    -15          21      3   19  25  133   14  867   81  867   81  15  0  0 L3P 0F
G22 FF 61133 191400  780 717 2384      242622    -37          30     21   17  62   77    1  473  -36  473  -36  15  0  0 L3P EE
G30 FF 61133 191400  780 477 1445    -1749868   -159          28    -27   26  78   99    1  507   13  507   13  24  0  0 L3P 35
G05 FF 61133 193000  780 239 2753     2312584   -135          80   -141   42  47  180   15  979  217  979  217  43  0  0 L3P 77
G07 FF 61133 193000  780 216  995     1687951     49          38      4   27  19  198   26  693    7  693    7  27  0  0 L3P EC
G13 FF 61133 193000  780 410 2135    -6810154     11          23     -4   15  66  112  -16  586  -88  586  -88  14  0  0 L3P 2D
G14 FF 61133 193000  780 583 1726    -7419210     12          11     27   21  26   86    6  468  -24  468  -24  18  0  0 L3P 06
G17 FF 61133 193000  780 539  405     1041006    124          34     30   15 103   91   -7  536  -97  536  -97  14  0  0 L3P 0E
G19 FF 61133 193000  780 367   80    -6959287     -1          22     12   20  76  123  -22  747 -164  747 -164  16  0  0 L3P 3F
G20 FF 61133 193000  780 365 2195     -890334   -219          30    -16   28  91  124  -20  657  -92  657  -92  25  0  0 L3P 5A
G21 FF 61133 193000  780 294 3070    -4129127    -10          34      8   37  25  149   21  942   88  942   88  26  0  0 L3P 14
G22 FF 61133 193000  780 690 2153      242561    -85          24    -27   11  62   79    2  460    1  460    1  10  0  0 L3P A7
G30 FF 61133 193000  780 467 1338    -1750004    -82          19     50   19  78  101    2  496  -71  496  -71  19  0  0 L3P 2A
G05 FF 61133 194600  780 215 2830     2312538    -26          29    -31   28  47  199   24 1101  112 1101  112  24  0  0 L3P 48
G07 FF 61133 194600  780 187  925     1687999     19          43    -27   42  19  227   36  688    6  688    6  37  0  0 L3P 18
G13 FF 61133 194600  780 479 2147    -6810148      4          15    -11   20  66   99  -11  515  -61  515  -61  18  0  0 L3P 21
G14 FF 61133 194600  780 522 1654    -7419224    -27          11    -12   15  26   93    8  461    1  461    1  12  0  0 L3P D0
G15 FF 61133 194600  780 194 2219    -3999515    -30          44      3   47  46  220  -61  864 -201  864 -201  41  0  0 L3P 5C
G17 FF 61133 194600  780 595  515     1041090     62          28    -31   17 103   85   -5  474  -37  474  -37  14  0  0 L3P 17
G19 FF 61133 194600  780 442  114    -6959300    -17          21     -4   29  76  105  -15  612 -124  612 -124  27  0  0 L3P 47
G20 FF 61133 194600  780 431 2227     -890540   -200          19      4   19  91  108  -14  576  -94  576  -94  16  0  0 L3P 3C
G21 FF 61133 194600  780 250 3138    -4129150      7          29     25   27  25  173   30 1052  102 1052  102  21  0  0 L3P 1F
G22 FF 61133 194600  780 647 1982      242509    -68          28    -10   16  62   81    3  430  -19  430  -19  13  0  0 L3P 00
G30 FF 61133 194600  780 454 1234    -1750160   -103         -11     29   16  78  103    3  503  -63  503  -63  13  0  0 L3P 26
G05 FF 61133 200200  780 186 2904     2312560     53          49     48   35  48  228   37 1194   93 1194   93  28  0  0 L3P 34
G13 FF 61133 200200  780 550 2180    -6810138     -5          10    -20   11  67   90   -8  450  -49  450  -49  11  0  0 L3P FB
G14 FF 61133 200200  780 464 1590    -7419236    -20          14     -5   26  27  101   10  443  -22  443  -22  25  0  0 L3P 0B
G15 FF 61133 200200  780 248 2250    -3999580    -55          17    -22   30  47  175  -36  739 -114  739 -114  27  0  0 L3P 7E
G17 FF 61133 200200  780 636  667     1041184     67          33    -27   15 107   82   -2  419  -30  419  -30  14  0  0 L3P 01
G19 FF 61133 200200  780 519  157    -6959308     -4          24      9   18  80   93  -10  509  -78  509  -78  16  0  0 L3P 14
G20 FF 61133 200200  780 494 2281     -890732   -206          24     -2   19  92   97   -9  500  -60  500  -60  17  0  0 L3P 0A
G21 FF 61133 200200  780 206 3201    -4129175      9          21     27   28  26  208   43 1202  124 1202  124  23  0  0 L3P 13
G22 FF 61133 200200  780 596 1856      242444    -31          25     27   16  90   85    5  414  -49  414  -49  16  0  0 L3P F3
G30 FF 61133 200200  780 437 1132    -1750262   -156          15    -24   25  90  106    4  446   -4  446   -4  22  0  0 L3P FE
G13 FF 61133 201800  780 619 2245    -6810119     29          15     14   16  67   83   -5  399  -49  399  -49  15  0  0 L3P 2D
G14 FF 61133 201800  780 410 1531    -7419259    -28           5    -14   19  27  112   12  429   -3  429   -3  17  0  0 L3P FE
G15 FF 61133 201800  780 298 2294    -3999614      7          14     40   27  47  148  -22  621 -138  621 -138  23  0  0 L3P 55
G17 FF 61133 201800  780 653  857     1041273     93          33      0   16 107   81    0  374  -40  374  -40  15  0  0 L3P D4
G19 FF 61133 201800  780 597  217    -6959322    -15          21     -2   14  80   85   -7  442  -60  442  -60  11  0  0 L3P 03
G20 FF 61133 201800  780 551 2365     -890927   -201          25      3   19  92   90   -6  449  -42  449  -42  17  0  0 L3P 12
G22 FF 61133 201800  780 543 1757      242398    -66          35     -8   16  90   91    6  384  -14  384  -14  14  0  0 L3P F7
G30 FF 61133 201800  780 415 1033    -1750399    -74           4     58   26  90  111    5  435  -60  435  -60  24  0  0 L3P 03
G13 FF 61133 203400  780 681 2368    -6810104     19          11      5   20   4   79   -3  371  -24  371  -24  17  0  0 L3P DA
G14 FF 61133 203400  780 359 1474    -7419281    -67          -3    -52   25  27  125   15  418   29  418   29  21  0  0 L3P 2A
G15 FF 61133 203400  780 343 2352    -3999647    -40          13     -7   29  47  130  -14  539  -52  539  -52  27  0  0 L3P 48
G17 FF 61133 203400  780 640 1048     1041351     78          21    -15   10 107   82    2  352  -13  352  -13   8  0  0 L3P DE
G19 FF 61133 203400  780 671  317    -6959338    -28          18    -15   18  80   80   -4  385  -35  385  -35  16  0  0 L3P 31
G20 FF 61133 203400  780 595 2487     -891122   -231          25    -28   17  92   85   -3  416    3  416    3  15  0  0 L3P E9
G22 FF 61133 203400  780 490 1673      242332    -79          11    -21   21   6   97    8  373   -7  373   -7  18  0  0 L3P C5
G30 FF 61133 203400  780 388  940    -1750521   -135           9     -4   23  90  117    8  417  -11  417  -11  20  0  0 L3P F4
G13 FF 61133 205000  780 722 2582    -6810083     18          17      3   18   4   77   -1  357   -7  357   -7  15  0  0 L3P C6
G14 FF 61133 205000  780 312 1417    -7419280     29          13     43   32  27  142   19  398  -43  398  -43  27  0  0 L3P 28
G15 FF 61133 205000  780 380 2425    -3999672    -39          19     -6   20  47  119   -9  496  -17  496  -17  18  0  0 L3P 4B
G17 FF 61133 205000  780 601 1200     1041450    106          31     13   12 107   85    4  328  -24  328  -24  11  0  0 L3P E4
G19 FF 61133 205000  780 733  500    -6959349      7          18     19   27  80   77   -2  346  -56  346  -56  19  0  0 L3P 08
G20 FF 61133 205000  780 618 2647     -891306   -309          37   -105   25  92   83   -1  400   59  400   59  16  0  0 L3P 1E
G22 FF 61133 205000  780 440 1598      242287    -78          22    -20   25   6  106   10  354    6  354    6  25  0  0 L3P C1
G30 FF 61133 205000  780 357  854    -1750635   -173          21    -41   28  90  126   11  412   48  412   48  26  0  0 L3P 1A
G06 FF 61133 210600  780 202  398     6118528      4          23     15   47  88  212  -47  762 -177  762 -177  40  0  0 L3P 36
G13 FF 61133 210600  780 725 2865    -6810063     26          24     11   14   4   77    1  354    4  354    4  11  0  0 L3P 9E
G14 FF 61133 210600  780 268 1360    -7419303    -22           3     -8   21  27  162   24  395   -6  395   -6  16  0  0 L3P F2
G15 FF 61133 210600  780 407 2512    -3999705    -15          18     18   22  47  113   -5  483  -17  483  -17  19  0  0 L3P 37
G17 FF 61133 210600  780 545 1303     1041528     86          19     -7   25 107   90    7  324  -10  324  -10  22  0  0 L3P E7
G19 FF 61133 210600  780 761  816    -6959369    -54          11    -42   21  80   76    0  321    3  321    3  16  0  0 L3P C7
G20 FF 61133 210600  780 616 2821     -891507   -225          30    -21   18  92   84    1  410   33  410   33  15  0  0 L3P E5
G22 FF 61133 210600  780 392 1528      242233    -55          23      3   22   6  116   12  343   -5  343   -5  19  0  0 L3P B0
G30 FF 61133 210600  780 321  774    -1750774   -130           9      2   24  90  138   15  436   13  436   13  21  0  0 L3P E1
G06 FF 61133 212200  780 248  459     6118517    -15          23     -3   40  88  175  -32  636 -115  636 -115  29  0  0 L3P 45
G13 FF 61133 212200  780 687 3101    -6810051     -3          21    -17   14   4   79    3  371   38  371   38  12  0  0 L3P C9
G14 FF 61133 212200  780 228 1303    -7419299     19          22     34   33  27  189   31  360  -54  360  -54  24  0  0 L3P 22
G15 FF 61133 212200  780 420 2610    -3999729      7          25     40   31  47  110   -1  486  -16  486  -16  28  0  0 L3P 0F
G17 FF 61133 212200  780 480 1367     1041624     98          26      5   31 107   99   11  309   -8  309   -8  30  0  0 L3P E0
G19 FF 61133 212200  780 737 1135    -6959400     47          -9     59   13  80   77    2  314  -56  314  -56  11  0  0 L3P 06
G20 FF 61133 212200  780 588 2980     -891704   -194          29     10   10  92   86    4  431   20  431   20   9  0  0 L3P DC
G22 FF 61133 212200  780 347 1461      242163    -80           9    -22   18   6  129   15  343   -5  343   -5  17  0  0 L3P C6
G24 FF 61133 212200  780 226 2196      524839    -97          27     75   34  43  191  -45  532 -168  532 -168  29  0  0 L3P 5F
G30 FF 61133 212200  780 281  701    -1750886    -60          24     71   32  90  156   22  463   -5  463   -5  26  0  0 L3P F1
G06 FF 61133 213800  780 294  526     6118490    -26           7    -14   37  88  149  -22  543  -91  543  -91  29  0  0 L3P 34
G12 FF 61133 213800  780 205 2624     6079905    -77           8    -77   37  21  209  -29  850 -103  850 -103  32  0  0 L3P 58
G13 FF 61133 213800  780 626 3248    -6810043    -26          15    -41   15   4   83    5  400   67  400   67  12  0  0 L3P DF
G14 FF 61133 213800  780 191 1244    -7419346    -36         -11    -21   26  27  223   41  360  -20  360  -20  19  0  0 L3P 33
G15 FF 61133 213800  780 420 2713    -3999761    -57          25    -24   29  47  110    2  503   33  503   33  26  0  0 L3P 10
G17 FF 61133 213800  780 411 1405     1041711    118          24     25   21 107  112   16  294  -44  294  -44  19  0  0 L3P 23
G19 FF 61133 213800  780 679 1318    -6959397     -4           7      9   14  80   79    4  284  -33  284  -33  13  0  0 L3P FF
G20 FF 61133 213800  780 542 3105     -891902   -226          26    -22   15  92   91    6  466   55  466   55  14  0  0 L3P 07
G22 FF 61133 213800  780 305 1395      242118    -66          20     -8   24   6  144   18  307  -25  307  -25  18  0  0 L3P F0
G24 FF 61133 213800  780 282 2174      524665   -200          19    -28   31  43  155  -30  439  -65  439  -65  27  0  0 L3P 48
G30 FF 61133 213800  780 237  637    -1751011   -117          25     15   31  90  182   34  529   78  529   78  26  0  0 L3P 21
G06 FF 61133 215400  780 338  601     6118492     16          20     28   29  88  132  -15  443 -101  443 -101  24  0  0 L3P 26
G11 FF 61133 215400  780 209  152     3851301   -189          51    -61   33 106  205  -54 1172 -130 1172 -130  22  0  0 L3P 74
G12 FF 61133 215400  780 233 2553     6079922     20          25     20   29  21  185  -21  677 -173  677 -173  23  0  0 L3P 4C
G13 FF 61133 215400  780 554 3338    -6810025     25          19     10   21   4   89    8  443   63  443   63  17  0  0 L3P D3
G15 FF 61133 215400  780 405 2815    -3999799      7          19     40   23  47  113    5  546   33  546   33  19  0  0 L3P 01
G17 FF 61133 215400  780 342 1424     1041794     73          17    -20   24 107  131   24  274   -7  274   -7  22  0  0 L3P 01
G19 FF 61133 215400  780 608 1407    -6959398     17          17     30   21  80   84    6  256  -30  256  -30  18  0  0 L3P 10
G20 FF 61133 215400  780 485 3199     -892104   -186          20     18   23  92   98    9  533   80  533   80  18  0  0 L3P 09
G22 FF 61133 215400  780 266 1329      242056    -65          14     -7   20   6  164   22  285  -15  285  -15  14  0  0 L3P F0
G24 FF 61133 215400  780 342 2158      524493   -159          13     14   17  43  130  -21  364  -82  364  -82  13  0  0 L3P 29
G30 FF 61133 215400  780 190  579    -1751132   -118          31     14   46  90  224   56  655  189  655  189  40  0  0 L3P 4C
G06 FF 61133 221000  780 377  685     6118469     11          10     23   33  89  120  -10  384  -94  384  -94  28  0  0 L3P 1D
G11 FF 61133 221000  780 266  197     3851172   -150          42    -21   35 107  163  -35  937 -240  937 -240  28  0  0 L3P 6E
G12 FF 61133 221000  780 259 2480     6079929    -31          32    -31   35  26  167  -16  541  -92  541  -92  31  0  0 L3P 40
G13 FF 61133 221000  780 479 3399    -6810024    -29           5    -44   25   8   99   12  548  168  548  168  25  0  0 L3P 33
G15 FF 61133 221000  780 379 2910    -3999836    -77          14    -44   19  92  119    9  630  138  630  138  15  0  0 L3P 53
G17 FF 61133 221000  780 275 1429     1041902     78          36    -16   24 108  159   37  237  -20  237  -20  19  0  0 L3P 2F
G19 FF 61133 221000  780 535 1448    -6959420    -16           6     -3   16  81   91    9  242  -13  242  -13  14  0  0 L3P F0
G20 FF 61133 221000  780 423 3272     -892301   -188          15     16   27  93  109   14  654  139  654  139  25  0  0 L3P 3F
G22 FF 61133 221000  780 229 1263      241992    -12           7     46   25   7  188   28  268  -60  268  -60  18  0  0 L3P F5
G24 FF 61133 221000  780 406 2150      524327   -189          17    -16   24  44  113  -16  308  -22  308  -22  21  0  0 L3P 20
G06 FF 61133 222600  780 407  780     6118454    -21           5    -10   25  89  113   -6  328  -51  328  -51  20  0  0 L3P FD
G11 FF 61133 222600  780 327  245     3851026   -139          20    -11   24 107  136  -24  727 -211  727 -211  19  0  0 L3P 5F
G12 FF 61133 222600  780 285 2407     6079928    -30          31    -30   25  26  153  -13  437  -90  437  -90  22  0  0 L3P 3C
G13 FF 61133 222600  780 404 3445    -6810018     31          -3     16   42   8  113   18  708  176  708  176  40  0  0 L3P 11
G15 FF 61133 222600  780 344 2996    -3999861    -11          20     22   29  92  130   13  753  131  753  131  25  0  0 L3P 42
G17 FF 61133 222600  780 209 1424     1041992     99          36      6   29 108  205   62  208  -48  208  -48  26  0  0 L3P 25
G19 FF 61133 222600  780 462 1464    -6959420     -8          19      5   18  81  102   13  214  -23  214  -23  16  0  0 L3P 06
G20 FF 61133 222600  780 361 3331     -892499   -233          12    -29   48  93  125   19  830  230  830  230  46  0  0 L3P 4B
G22 FF 61133 222600  780 195 1198      241973    -67          44     -9   32   7  219   37  211  -23  211  -23  25  0  0 L3P F8
G24 FF 61133 222600  780 472 2153      524158   -182          14     -9   16  44  100  -11  271  -19  271  -19  13  0  0 L3P 1A
G06 FF 61133 224200  780 425  885     6118442    -31           5    -20   24  89  109   -2  271  -35  271  -35  20  0  0 L3P FE
G11 FF 61133 224200  780 390  299     3850907   -169          24    -41   17 107  117  -16  529 -152  529 -152  14  0  0 L3P 7C
G12 FF 61133 224200  780 312 2332     6079924     -8          27     -8   24  26  142  -11  341  -75  341  -75  19  0  0 L3P 14
G13 FF 61133 224200  780 332 3482    -6809983     30          18     15   18   8  134   26  900  223  900  223  15  0  0 L3P 17
G15 FF 61133 224200  780 304 3074    -3999871    -49          43    -16   38  23  145   19  895  177  895  177  27  0  0 L3P 7B
G19 FF 61133 224200  780 392 1465    -6959432      5          18     17   21   6  116   18  191  -48  191  -48  20  0  0 L3P 0E
G20 FF 61133 224200  780 299 3381     -892698   -176           9     27   47  93  147   28 1023  140 1023  140  42  0  0 L3P 5B
G24 FF 61133 224200  780 541 2171      523999   -174          20     -1   17  44   91   -8  238  -25  238  -25  16  0  0 L3P 0A
G06 FF 61133 225800  780 429  993     6118436    -42          10    -30   21  89  108    1  214  -16  214  -16  18  0  0 L3P 08
G11 FF 61133 225800  780 453  365     3850779   -128          19      0   21 107  103  -11  390 -125  390 -125  18  0  0 L3P 4E
G12 FF 61133 225800  780 339 2258     6079914    -42          17    -42   30  26  132  -10  268  -36  268  -36  28  0  0 L3P 4A
G13 FF 61133 225800  780 263 3517    -6809973     68          13     53   33   8  166   40 1105  126 1105  126  30  0  0 L3P 42
G15 FF 61133 225800  780 260 3144    -3999907    -58          38    -25   33  23  167   27 1031  122 1031  122  28  0  0 L3P 6E
G19 FF 61133 225800  780 326 1455    -6959429     28          33     41   34   6  136   25  148  -80  148  -80  27  0  0 L3P 2D
G20 FF 61133 225800  780 240 3427     -892886   -201          16      2   31  93  180   42 1131   73 1131   73  20  0  0 L3P 18
G24 FF 61133 225800  780 610 2215      523835   -194          23    -21   14  44   84   -6  214   -5  214   -5  12  0  0 L3P E2
G06 FF 61133 231400  780 417 1097     6118420    -25           4    -13   23  89  110    4  181  -23  181  -23  21  0  0 L3P F2
G11 FF 61133 231400  780 512  448     3850657   -129          21     -1   18 107   94   -8  292  -83  292  -83  15  0  0 L3P 22
G12 FF 61133 231400  780 367 2182     6079905     18           8     18   19  26  123   -9  217  -66  217  -66  18  0  0 L3P 14
G13 FF 61133 231400  780 198 3551    -6809942    -11          31    -26   38   8  216   67 1192  109 1192  109  29  0  0 L3P 6A
G15 FF 61133 231400  780 216 3208    -3999954    -42          22     -9   28  23  198   39 1101   44 1101   44  23  0  0 L3P 37
G19 FF 61133 231400  780 263 1438    -6959444     53          30     66   24   6  165   36  124  -85  124  -85  20  0  0 L3P 20
G20 FF 61133 231400  780 184 3471     -893072    -87          25    117   31  93  230   64 1189    3 1189    3  21  0  0 L3P 1B
G24 FF 61133 231400  780 677 2303      523663   -188          17    -16   13  44   80   -4  200   -1  200   -1  12  0  0 L3P D6
G06 FF 61133 233000  780 390 1191     6118412    -24           7    -12   30  89  117    9  151   -4  151   -4  27  0  0 L3P D5
G11 FF 61133 233000  780 565  557     3850531   -115          18     13   18 107   88   -5  226  -72  226  -72  16  0  0 L3P 1E
G12 FF 61133 233000  780 396 2104     6079900      4           3      4   28  26  115   -8  185  -36  185  -36  25  0  0 L3P DA
G19 FF 61133 233000  780 204 1414    -6959473    -80          13    -67   35   6  209   57  120   40  120   40  28  0  0 L3P 09
G24 FF 61133 233000  780 731 2476      523497   -180          16     -7   16  44   77   -2  192   -2  192   -2  14  0  0 L3P E1
