CGGTTS     GENERIC DATA FORMAT VERSION = 2E
REV DATE = 2025-11-01
RCVR = PolaRx5TR (5.6.0)     sbf2cggtts-1.5.0
CH = 80
IMS = PolaRx5TR
LAB = LRTE
X = 3967035.920 m
Y = -4390028.540 m
Z = -2375644.640 m
FRAME = ITRF
COMMENTS = LS=18; ElMask=10deg; 'Generated from the SBF in 2026-03-28 at 23:54:00'
INT DLY = 24.9 ns (GPS P1),  15.7 ns (GPS P2)     CAL_ID = 1201-2025
CAB DLY = 103.1 ns
REF DLY = 47.2 ns
REF = UTC(LRTE)
CKSUM = 00

SAT CL  MJD  STTIME TRKL ELV AZTH   REFSV      SRSV     REFSYS    SRSYS  DSG IOE MDTR SMDT MDIO SMDI MSIO SMSI ISG FR HC FRC CK
             hhmmss  s  .1dg .1dg    .1ns     .1ps/s     .1ns    .1ps/s .1ns     .1ns.1ps/s.1ns.1ps/s.1ns.1ps/s.1ns
G06 FF 61127 002600  780 317 1315     6123838    -21          30    -15   29  93  140   20   79   16   79   16  24  0  0 L3P EC
G11 FF 61127 002600  780 618  814     3927612   -131          23     -2   16  17   83   -1   99  -10   99  -10  14  0  0 L3P D9
G12 FF 61127 002600  780 452 1963     6079734     42          23     42   16  30  103   -6  102  -37  102  -37  15  0  0 L3P FB
G24 FF 61127 002600  780 743 2991      627145   -153          35     19   20  94   76    1  128   -3  128   -3  16  0  0 L3P DE
G29 FF 61127 002600  780 226 2901     3511255    -57          29     14   18  35  190  -34  972 -355  972 -355  17  0  0 L3P 69
G06 FF 61127 004200  780 264 1365     6123837      1          36      8   28  93  165   33   75  -17   75  -17  21  0  0 L3P D6
G11 FF 61127 004200  780 615  989     3927490   -124          24      5   17  17   84    1   91  -14   91  -14  15  0  0 L3P CC
G12 FF 61127 004200  780 486 1875     6079738    -25          27    -25   16  30   98   -5   96   13   96   13  13  0  0 L3P F2
G24 FF 61127 004200  780 695 3216      626969   -165          23      7   15  94   79    3  143   -3  143   -3  14  0  0 L3P D4
G25 FF 61127 004200  780 224 2243    -4342446     -7          51    -35   39  82  192  -36  156   -3  156   -3  33  0  0 L3P 0F
G29 FF 61127 004200  780 266 2830     3511181    -44          22     26   24  35  163  -22  611 -357  611 -357  23  0  0 L3P 49
G06 FF 61127 005800  780 207 1402     6123818   -137          23   -130   37  93  207   58   92  112   92  112  28  0  0 L3P 34
G11 FF 61127 005800  780 586 1142     3927362   -118          19     10   15  17   86    4   88  -11   88  -11  13  0  0 L3P F0
G12 FF 61127 005800  780 520 1781     6079749     -4          38     -4   15  30   93   -5   84    0   84    0  14  0  0 L3P 95
G24 FF 61127 005800  780 627 3343      626800   -176          20     -4   17  94   83    6  155   10  155   10  17  0  0 L3P DB
G25 FF 61127 005800  780 269 2196    -4342436     17          35    -11   35  82  162  -27  146  -10  146  -10  31  0  0 L3P 36
G29 FF 61127 005800  780 302 2754     3511110    -48          19     22   26  35  146  -15  382 -187  382 -187  25  0  0 L3P 5D
G11 FF 61127 011400  780 539 1256     3927231   -154          12    -25   14  17   91    7   87   14   87   14  13  0  0 L3P DC
G12 FF 61127 011400  780 554 1674     6079736     -9          25     -9   15  30   89   -4   91    3   91    3  14  0  0 L3P 9E
G21 FF 61127 011400  780 185  649    -4116972     -5          44     18   37 177  229  -39  153  -62  153  -62  31  0  0 L3P 39
G24 FF 61127 011400  780 553 3418      626627   -209          11    -38   28  94   89    9  177   56  177   56  28  0  0 L3P 19
G25 FF 61127 011400  780 318 2151    -4342416    -54          28    -81   26  82  139  -21  130   49  130   49  22  0  0 L3P 24
G29 FF 61127 011400  780 334 2671     3511025    -94           2    -24   26  35  133  -11  280  -57  280  -57  22  0  0 L3P 1D
G05 FF 61127 013000  780 235  429     2309467    -32          28    -37   46  60  184  -35  217  -57  217  -57  37  0  0 L3P 38
G11 FF 61127 013000  780 480 1334     3927108   -139          12    -11   24  17   99   10   80    4   80    4  22  0  0 L3P B6
G12 FF 61127 013000  780 585 1552     6079733     15          22     15   16  30   86   -3   89  -15   89  -15  15  0  0 L3P E1
G21 FF 61127 013000  780 215  721    -4117006    -61          32    -38   31 177  199  -26  134   25  134   25  23  0  0 L3P 1A
G24 FF 61127 013000  780 477 3469      626464   -195          13    -23   32  94   99   12  203   55  203   55  31  0  0 L3P 0B
G25 FF 61127 013000  780 371 2107    -4342384    -25          34    -52   17  82  122  -16  113   40  113   40  15  0  0 L3P 0D
G29 FF 61127 013000  780 361 2584     3510966    -65          10      5   24  35  125   -8  212  -59  212  -59  20  0  0 L3P 07
G05 FF 61127 014600  780 282  494     2309489     16          44     10   29  60  155  -24  151  -47  151  -47  24  0  0 L3P 15
G11 FF 61127 014600  780 416 1383     3926973   -113           1     16   37  17  111   15   85  -18   85  -18  35  0  0 L3P 03
G12 FF 61127 014600  780 610 1411     6079740     14          29     14   15  30   84   -2   86   -6   86   -6  14  0  0 L3P AF
G21 FF 61127 014600  780 242  797    -4117008    -29          52     -6   39 177  179  -17   93  -12   93  -12  37  0  0 L3P 26
G24 FF 61127 014600  780 402 3508      626293   -137           7     35   13  94  114   18  250   13  250   13   9  0  0 L3P DB
G25 FF 61127 014600  780 428 2066    -4342349     28          43      1   14  82  108  -12   96  -20   96  -20  13  0  0 L3P F4
G29 FF 61127 014600  780 384 2493     3510886    -92          -2    -21   18  35  118   -6  184  -10  184  -10  17  0  0 L3P 2B
G05 FF 61127 020200  780 327  567     2309497     -7          50    -13   17  61  136  -17  123  -10  123  -10  13  0  0 L3P FF
G11 FF 61127 020200  780 349 1411     3926856   -140           8    -11   17  18  128   22   84   21   84   21  15  0  0 L3P E3
G12 FF 61127 020200  780 625 1250     6079740     -3          25     -3   15  80   83   -1   86    9   86    9  13  0  0 L3P 8F
G21 FF 61127 020200  780 261  877    -4117064    -23          21     -1   28 178  166  -10  117    1  117    1  25  0  0 L3P DF
G24 FF 61127 020200  780 329 3542      626154   -176          31     -4   20  99  135   27  291   68  291   68  17  0  0 L3P 12
G25 FF 61127 020200  780 490 2025    -4342329     67          38     40   15  83   97  -10   91  -47   91  -47  14  0  0 L3P FF
G29 FF 61127 020200  780 404 2399     3510824    -25           4     45   19  36  113   -4  149  -69  149  -69  18  0  0 L3P 1E
G05 FF 61127 021800  780 368  649     2309498     11          46      6   24  61  123  -11  108  -20  108  -20  20  0  0 L3P EF
G11 FF 61127 021800  780 283 1425     3926751   -137          27     -8   28  18  155   34   73   15   73   15  22  0  0 L3P F8
G12 FF 61127 021800  780 625 1078     6079754    -13          39    -13   19  80   83    1   74   12   74   12  16  0  0 L3P D2
G18 FF 61127 021800  780 253 3193     3911472    -80          44     14   30 222  172  -41  573 -361  573 -361  23  0  0 L3P 63
G21 FF 61127 021800  780 272  960    -4117066     21          42     44   35 178  160   -4   88  -53   88  -53  29  0  0 L3P 06
G24 FF 61127 021800  780 260 3573      625993   -136          34     36   26  99  167   41  382   97  382   97  22  0  0 L3P 31
G25 FF 61127 021800  780 555 1985    -4342313     22          27     -5   16  83   89   -7   87   -6   87   -6  13  0  0 L3P D9
G29 FF 61127 021800  780 420 2302     3510758    -39           5     32   23  36  110   -3  121  -43  121  -43  20  0  0 L3P E7
G05 FF 61127 023400  780 402  741     2309509      0          51     -5   29  61  114   -7   88   -6   88   -6  24  0  0 L3P 9E
G11 FF 61127 023400  780 219 1426     3926613   -191          12    -62   32  18  196   55   88   71   88   71  22  0  0 L3P 10
G12 FF 61127 023400  780 608  911     6079754     -2          38     -2   18  80   84    2   74    0   74    0  13  0  0 L3P 6F
G18 FF 61127 023400  780 315 3145     3911366   -108          29    -14   15 222  140  -26  330 -173  330 -173  11  0  0 L3P 6E
G21 FF 61127 023400  780 273 1043    -4117098    -43          31    -20   35 178  159    2   92   10   92   10  32  0  0 L3P EA
G24 FF 61127 023400  780 195    5      625829   -154          35     18   30  99  219   69  553  203  553  203  24  0  0 L3P 07
G25 FF 61127 023400  780 625 1942    -4342290      7          24    -20   18  83   83   -6   81    8   81    8  16  0  0 L3P AB
G29 FF 61127 023400  780 435 2205     3510697    -77          12     -6   17  36  107   -3   98  -11   98  -11  15  0  0 L3P FA
G05 FF 61127 025000  780 425  843     2309508     19          45     13   21  61  109   -4   82  -33   82  -33  17  0  0 L3P D1
G12 FF 61127 025000  780 575  764     6079747     -6          31     -6   18  80   87    4   79   -9   79   -9  16  0  0 L3P B7
G18 FF 61127 025000  780 376 3085     3911266    -92          19      2   26 222  120  -17  212  -98  212  -98  20  0  0 L3P 30
G21 FF 61127 025000  780 263 1124    -4117117    -77          34    -55   40 178  165    9   80   31   80   31  39  0  0 L3P F8
G25 FF 61127 025000  780 698 1892    -4342268     42          20     15   11  83   78   -4   76  -23   76  -23  10  0  0 L3P EF
G28 FF 61127 025000  780 207 2374     5687090    -85          27     -1   40  37  207  -27  166    6  166    6  36  0  0 L3P FC
G29 FF 61127 025000  780 447 2106     3510631    -43          13     27   22  36  104   -2   87  -44   87  -44  20  0  0 L3P EB
G05 FF 61127 030600  780 434  951     2309504    -13          35    -18   27  61  107    0   74   18   74   18  26  0  0 L3P C8
G12 FF 61127 030600  780 530  644     6079732     -6          17     -6   25  80   92    6   87    5   87    5  19  0  0 L3P 86
G18 FF 61127 030600  780 432 3009     3911179   -101          23     -7   42 222  107  -11  149  -38  149  -38  26  0  0 L3P 47
G21 FF 61127 030600  780 243 1199    -4117156    -47          17    -24   29 178  178   18   91   15   91   15  24  0  0 L3P 1E
G25 FF 61127 030600  780 773 1812    -4342244     52          18     25   11  83   75   -2   66  -29   66  -29  10  0  0 L3P EB
G28 FF 61127 030600  780 229 2445     5687005    -94          23     -9   28  37  188  -14  171    8  171    8  28  0  0 L3P 08
G29 FF 61127 030600  780 458 2006     3510555    -68           5      2   17  36  102   -2   82   -9   82   -9  15  0  0 L3P B2
G05 FF 61127 032200  780 427 1058     2309503      1          29     -5   20  61  108    3   76   10   76   10  18  0  0 L3P 97
G12 FF 61127 032200  780 476  548     6079744     17          28     17   18  80  100   10   82  -11   82  -11  15  0  0 L3P D8
G18 FF 61127 032200  780 483 2916     3911079   -106          13    -12   16 222   98   -7  125   -6  125   -6  13  0  0 L3P 15
G21 FF 61127 032200  780 212 1266    -4117167     -6          28     16   28 178  202   32   81  -27   81  -27  24  0  0 L3P 03
G25 FF 61127 032200  780 847 1562    -4342229     79           6     52   35  83   74   -1   75  -50   75  -50  34  0  0 L3P E4
G28 FF 61127 032200  780 241 2522     5686914    -52          13     32   20  37  179   -5  190  -11  190  -11  16  0  0 L3P 11
G29 FF 61127 032200  780 468 1905     3510485    -74           3     -4   16  36  101   -2   75   -5   75   -5  14  0  0 L3P BD
G05 FF 61127 033800  780 406 1156     2309515     -3          36     -9   26  61  113    7   73   22   73   22  24  0  0 L3P B1
G12 FF 61127 033800  780 415  474     6079748    -27          32    -27   26  80  111   14   90   25   90   25  20  0  0 L3P E0
G18 FF 61127 033800  780 526 2804     3911001   -112          26    -17   21 222   93   -5  103   -4  103   -4  18  0  0 L3P FB
G23 FF 61127 033800  780 206 3521    -6292879    -59          59    -14   29 201  208  -68  357 -256  357 -256  27  0  0 L3P A9
G25 FF 61127 033800  780 848  514    -4342197     43          12     16   14  83   74    1   73  -11   73  -11  12  0  0 L3P C2
G28 FF 61127 033800  780 243 2602     5686843   -118          22    -34   26  37  177    2  202   51  202   51  25  0  0 L3P 12
G29 FF 61127 033800  780 478 1803     3510420    -70           6      1   17  36   99   -1   74    2   74    2  15  0  0 L3P 85
G05 FF 61127 035400  780 371 1240     2309528     18          44     12   25  61  122   12   71   -7   71   -7  22  0  0 L3P B8
G12 FF 61127 035400  780 351  416     6079744     24          28     24   22  80  128   21  104   -4  104   -4  18  0  0 L3P CF
G18 FF 61127 035400  780 557 2672     3910910    -67          25     27   19 222   89   -3   90  -28   90  -28  18  0  0 L3P 14
G23 FF 61127 035400  780 277 3531    -6292931    -96          50    -51   24 201  158  -40  202  -58  202  -58  23  0  0 L3P 59
G25 FF 61127 035400  780 771  258    -4342172     37          11     10   14  83   75    3   77    2   77    2  12  0  0 L3P 86
G28 FF 61127 035400  780 236 2683     5686648   -147         -92    -63   34  37  183    9  341  103  341  103  32  0  0 L3P 5B
G29 FF 61127 035400  780 487 1697     3510352    -61           5      9   23  36   98   -1   77    1   77    1  20  0  0 L3P 95
G05 FF 61127 041000  780 326 1307     2309530      9          44      4   27  62  136   19   64    5   64    5  22  0  0 L3P 84
G12 FF 61127 041000  780 285  372     6079755     17          34     17   26  96  154   34  115    7  115    7  22  0  0 L3P CB
G18 FF 61127 041000  780 576 2525     3910806   -100          13     -6   13 223   87   -1   90   -5   90   -5  10  0  0 L3P CF
G23 FF 61127 041000  780 352 3538    -6292996    -26          28     20   19 202  127  -25  152  -45  152  -45  15  0  0 L3P 50
G25 FF 61127 041000  780 688  189    -4342131     59          31     31   19  86   79    5   69  -14   69  -14  14  0  0 L3P DF
G28 FF 61127 041000  780 219 2761     5686697   -131          42    -47   82  38  195   17  253  108  253  108  81  0  0 L3P 67
G29 FF 61127 041000  780 493 1589     3510296    -71          12      0   23  53   97   -1   63    5   63    5  21  0  0 L3P 95
G05 FF 61127 042600  780 274 1358     2309552     26          60     21   21  62  159   30   63    3   63    3  19  0  0 L3P AB
G12 FF 61127 042600  780 219  338     6079766    -32          46    -32   30  96  196   58  126   56  126   56  24  0  0 L3P 1F
G18 FF 61127 042600  780 580 2372     3910720    -64          17     30   14 223   87    0   83  -21   83  -21  12  0  0 L3P DE
G23 FF 61127 042600  780 431 3541    -6293026    -57          41    -11   16 202  108  -17  109  -14  109  -14  14  0  0 L3P 44
G25 FF 61127 042600  780 605  156    -4342116     26          21     -2   32  86   85    7   85   14   85   14  31  0  0 L3P A7
G26 FF 61127 042600  780 227 2236     3463069     65          54     15   37  74  190  -46  109  -17  109  -17  33  0  0 L3P 31
G28 FF 61127 042600  780 197 2837     5686599   -121          25    -37   36  38  217   28  335   99  335   99  32  0  0 L3P 63
G29 FF 61127 042600  780 498 1477     3510248    -33          31     38   20  53   96    0   41  -51   41  -51  16  0  0 L3P DA
G05 FF 61127 044200  780 218 1395     2309562    -59          64    -65   40  62  197   51   70   56   70   56  34  0  0 L3P 04
G15 FF 61127 044200  780 202  764    -3980400   -111          58    -78   30  72  212  -25   77   76   77   76  28  0  0 L3P 1A
G18 FF 61127 044200  780 572 2224     3910629    -70          17     25   16 223   87    1   82  -25   82  -25  14  0  0 L3P ED
G23 FF 61127 044200  780 513 3540    -6293072    -70          39    -25   24 202   94  -11   95    0   95    0  20  0  0 L3P D8
G25 FF 61127 044200  780 522  137    -4342078     33          32      6   21  86   93   11   88    2   88    2  18  0  0 L3P 8D
G26 FF 61127 044200  780 282 2271     3463106     82          43     32   29  74  155  -28  111  -31  111  -31  27  0  0 L3P 12
G29 FF 61127 044200  780 499 1363     3510155    -55          27     15   13  47   96    0   59  -11   59  -11  13  0  0 L3P E0
G10 FF 61127 045800  780 214 3371     5903081     20          34     22   59  93  201  -64  277 -134  277 -134  57  0  0 L3P 4A
G15 FF 61127 045800  780 223  839    -3980459    -71          30    -38   29  72  192  -16   94   26   94   26  24  0  0 L3P 1B
G18 FF 61127 045800  780 555 2087     3910533   -116          11    -21   17 223   89    2   80    4   80    4  14  0  0 L3P CA
G23 FF 61127 045800  780 598 3535    -6293120    -56          34    -10   28 202   85   -8   84  -16   84  -16  27  0  0 L3P 28
G25 FF 61127 045800  780 441  127    -4342057     44          26     17   38  86  106   16   96  -16   96  -16  35  0  0 L3P 00
G26 FF 61127 045800  780 334 2320     3463137      2          26    -48   21  74  133  -18  115   25  115   25  20  0  0 L3P F3
G29 FF 61127 045800  780 495 1247     3510083   -118          22    -48   14  47   97    1   57   42   57   42  12  0  0 L3P EE
G10 FF 61127 051400  780 284 3352     5903064      7          20      9   31  93  154  -37  196  -66  196  -66  25  0  0 L3P 0F
G15 FF 61127 051400  780 238  917    -3980481     39          40     72   31  72  181   -8   78  -70   78  -70  29  0  0 L3P 04
G18 FF 61127 051400  780 531 1963     3910440    -84           9     11   17 223   92    3   76  -14   76  -14  15  0  0 L3P DB
G23 FF 61127 051400  780 684 3527    -6293184    -76          14    -31   18 202   79   -5   91   26   91   26  16  0  0 L3P 0C
G25 FF 61127 051400  780 363  123    -4342036     54          22     26   19  86  124   23  112   -3  112   -3  17  0  0 L3P D1
G26 FF 61127 051400  780 380 2385     3463178     68          19     18   21  74  119  -12  112  -25  112  -25  19  0  0 L3P 25
G29 FF 61127 051400  780 485 1132     3510000    -65           7      5   25  47   98    2   68    0   68    0  22  0  0 L3P 71
G10 FF 61127 053000  780 357 3324     5903071     -4          28     -1   44  93  126  -23  144  -36  144  -36  40  0  0 L3P 09
G15 FF 61127 053000  780 245  995    -3980502    -40          50     -7   22  72  176   -2   76   12   76   12  20  0  0 L3P D0
G18 FF 61127 053000  780 504 1852     3910351    -86          11      8   21 223   95    4   74   -6   74   -6  19  0  0 L3P B9
G23 FF 61127 053000  780 772 3512    -6293233    -61           9    -15   29 202   75   -3   88   23   88   23  27  0  0 L3P F1
G25 FF 61127 053000  780 287  124    -4342003     50          28     23   24  86  153   37  116   -3  116   -3  20  0  0 L3P D3
G26 FF 61127 053000  780 416 2467     3463224     52          17      2   20  74  111   -7  112   -2  112   -2  16  0  0 L3P BA
G29 FF 61127 053000  780 468 1019     3509938    -59          12     12   19  47  101    4   69    2   69    2  17  0  0 L3P BD
G10 FF 61127 054600  780 430 3284     5903061     12          21     14   20  93  108  -15  118  -31  118  -31  19  0  0 L3P 07
G15 FF 61127 054600  780 243 1073    -3980529    -74          55    -41   26  72  178    5   66   38   66   38  20  0  0 L3P 06
G16 FF 61127 054600  780 233 2252    -2341784    -47          34     24   46  81  185  -39  137  -40  137  -40  41  0  0 L3P 41
G18 FF 61127 054600  780 476 1751     3910268   -112          18    -17   15 223  100    5   67    9   67    9  13  0  0 L3P E8
G23 FF 61127 054600  780 860 3474    -6293245    -45          41      1   21 202   74   -1   52  -10   52  -10  20  0  0 L3P DA
G25 FF 61127 054600  780 216  130    -4341962     52          44     25   32  86  199   63  120   -8  120   -8  23  0  0 L3P E9
G26 FF 61127 054600  780 441 2565     3463276     61          21     11   22  74  106   -3  105  -16  105  -16  18  0  0 L3P 02
G29 FF 61127 054600  780 443  913     3509884    -70          25      0   22  47  105    5   59   -3   59   -3  20  0  0 L3P AC
G10 FF 61127 060200  780 503 3227     5903057     -4          21     -1   17  98   96  -10   93  -16   93  -16  15  0  0 L3P DC
G15 FF 61127 060200  780 231 1147    -3980578      3          42     36   28  73  186   13   71  -36   71  -36  23  0  0 L3P F2
G16 FF 61127 060200  780 281 2301    -2341860    -51          27     21   30  84  155  -24  125  -28  125  -28  26  0  0 L3P 29
G18 FF 61127 060200  780 447 1656     3910183   -103          24     -9   20 224  104    5   59    6   59    6  18  0  0 L3P CF
G23 FF 61127 060200  780 852 1725    -6293296    -54          31     -9   13 203   74    1   53    0   53    0  12  0  0 L3P A7
G26 FF 61127 060200  780 450 2673     3463322     34          20    -16   23  76  104    0   96    2   96    2  21  0  0 L3P 9D
G29 FF 61127 060200  780 412  815     3509814    -91          24    -21   23  48  112    8   54    8   54    8  20  0  0 L3P A6
G10 FF 61127 061800  780 573 3145     5903056    -12          23     -9   12  98   87   -7   73   -9   73   -9  11  0  0 L3P CE
G15 FF 61127 061800  780 210 1215    -3980600    -62          52    -29   33  73  204   24   59   17   59   17  26  0  0 L3P FE
G16 FF 61127 061800  780 324 2364    -2341926    -75          30     -3   24  84  137  -15  101  -26  101  -26  20  0  0 L3P 24
G18 FF 61127 061800  780 420 1567     3910095    -97          27     -3   17 224  110    6   49  -15   49  -15  16  0  0 L3P 03
G23 FF 61127 061800  780 767 1687    -6293357    -46          14      0   17 203   76    3   61  -17   61  -17  16  0  0 L3P F8
G26 FF 61127 061800  780 443 2784     3463361     10          12    -40   19  76  105    3   88   10   88   10  16  0  0 L3P D1
G29 FF 61127 061800  780 373  727     3509732    -70           9      1   25  48  121   12   61    4   61    4  20  0  0 L3P 86
G10 FF 61127 063400  780 637 3025     5903058     -7          27     -4   11  98   82   -4   57   -7   57   -7  11  0  0 L3P B6
G15 FF 61127 063400  780 181 1275    -3980636    -40          48     -7   28  73  235   41   61    0   61    0  20  0  0 L3P C2
G16 FF 61127 063400  780 357 2441    -2341992   -101          33    -29   20  84  126   -9   85   23   85   23  18  0  0 L3P 12
G18 FF 61127 063400  780 393 1482     3909991    -89          13      5   17 224  116    7   57    0   57    0  15  0  0 L3P C2
G23 FF 61127 063400  780 684 1660    -6293401    -41          14      4   14 203   79    5   54  -10   54  -10  12  0  0 L3P D4
G26 FF 61127 063400  780 423 2890     3463412     64          14     14   25  76  109    6   76  -17   76  -17  20  0  0 L3P E8
G29 FF 61127 063400  780 329  649     3509687    -83          32    -12   34  48  135   17   46   17   46   17  28  0  0 L3P 00
G10 FF 61127 065000  780 687 2845     5903052     -1          22      2   13  98   79   -2   57  -11   57  -11  11  0  0 L3P BE
G16 FF 61127 065000  780 379 2530    -2342059    -20          34     52   27  84  119   -4   77  -43   77  -43  24  0  0 L3P 0F
G18 FF 61127 065000  780 368 1399     3909912    -84          25     10   21 224  122    7   47  -13   47  -13  16  0  0 L3P 05
G23 FF 61127 065000  780 605 1634    -6293435    -44          23      2   13 203   84    7   45   -7   45   -7  11  0  0 L3P BC
G26 FF 61127 065000  780 391 2986     3463462     47          17     -3   21  76  117    9   73    1   73    1  17  0  0 L3P AA
G27 FF 61127 065000  780 231 2177      840487    103          38    -37   40  53  187  -47   76   23   76   23  35  0  0 L3P 02
G29 FF 61127 065000  780 281  581     3509603    -84          16    -13   30  48  156   26   64   14   64   14  24  0  0 L3P E3
G32 FF 61127 065000  780 214   35      268223   -246           4    -56   25  88  200  -57   84   27   84   27  19  0  0 L3P D3
G10 FF 61127 070600  780 713 2598     5903046      1          19      4    9  98   78    0   55   -8   55   -8   8  0  0 L3P 7C
G16 FF 61127 070600  780 388 2627    -2342116    -60          46     12   23  84  117    0   66   -6   66   -6  19  0  0 L3P DC
G18 FF 61127 070600  780 344 1317     3909826   -113          30    -19   15 224  130    8   42   22   42   22  12  0  0 L3P F1
G23 FF 61127 070600  780 530 1605    -6293483    -23          19     23   21 203   92    9   42  -22   42  -22  19  0  0 L3P ED
G26 FF 61127 070600  780 351 3071     3463510     43          16     -7   31  76  128   14   73    7   73    7  22  0  0 L3P AA
G27 FF 61127 070600  780 292 2167      840615    146          32      6   30  53  150  -30   66  -29   66  -29  26  0  0 L3P F4
G29 FF 61127 070600  780 229  523     3509552    -85          32    -14   35  48  188   43   54   23   54   23  31  0  0 L3P EB
G32 FF 61127 070600  780 279   65      268061   -198          24     -8   26  88  157  -36   52    0   52    0  21  0  0 L3P AE
G10 FF 61127 072200  780 706 2332     5903046     11          21     14   11  98   78    1   48  -15   48  -15  10  0  0 L3P BC
G16 FF 61127 072200  780 383 2727    -2342184    -77          47     -5   20  84  118    3   67    1   67    1  18  0  0 L3P C1
G18 FF 61127 072200  780 320 1237     3909737   -110          32    -16   27 224  138    9   43    6   43    6  21  0  0 L3P D9
G23 FF 61127 072200  780 459 1573    -6293529    -16          17     29   20 203  102   12   43  -19   43  -19  19  0  0 L3P 1F
G26 FF 61127 072200  780 306 3146     3463553     56          11      6   18  76  144   20   75   -5   75   -5  13  0  0 L3P BD
G27 FF 61127 072200  780 356 2167      840748     89          30    -51   23  53  126  -21   59   39   59   39  19  0  0 L3P FE
G32 FF 61127 072200  780 348   96      267864   -132          10     58   24  88  129  -24   54  -46   54  -46  19  0  0 L3P 01
G10 FF 61127 073800  780 671 2116     5903046     -6          24     -3   14  98   80    3   45   -6   45   -6  12  0  0 L3P 9D
G16 FF 61127 073800  780 365 2825    -2342260    -70          40      1   24  84  123    7   71   -9   71   -9  21  0  0 L3P C1
G18 FF 61127 073800  780 297 1158     3909663   -107          48    -13   28 224  148   11   32   12   32   12  24  0  0 L3P 1B
G23 FF 61127 073800  780 393 1538    -6293571    -62          18    -16   24 203  116   16   42   15   42   15  20  0  0 L3P 0D
G26 FF 61127 073800  780 260 3213     3463612     34          23    -16   18  76  167   29   66   12   66   12  15  0  0 L3P E9
G27 FF 61127 073800  780 423 2178      840880    180          28     40   23  53  109  -15   54  -40   54  -40  20  0  0 L3P FB
G32 FF 61127 073800  780 420  129      267688   -202          15    -12   33  88  110  -16   47    9   47    9  31  0  0 L3P CF
G10 FF 61127 075400  780 622 1960     5903043     -9          23     -7   12  98   83    4   49   14   49   14  11  0  0 L3P AD
G16 FF 61127 075400  780 337 2916    -2342327    -80          41     -8   20  84  132   12   71   13   71   13  17  0  0 L3P E2
G18 FF 61127 075400  780 272 1080     3909571   -122          47    -27   51 224  160   14   39   32   39   32  46  0  0 L3P 1A
G23 FF 61127 075400  780 331 1501    -6293608    -39          25      6   26 203  134   22   38    3   38    3  22  0  0 L3P C3
G26 FF 61127 075400  780 214 3275     3463670     85          32     35   47  76  200   41   59  -19   59  -19  41  0  0 L3P 07
G27 FF 61127 075400  780 490 2206      841018    165          31     25   24  53   97  -10   49  -21   49  -21  20  0  0 L3P E7
G32 FF 61127 075400  780 495  170      267504   -176          14     14   19  88   97  -11   49   -8   49   -8  16  0  0 L3P E2
G08 FF 61127 081000  780 237 2210    -4712684     54          32     -8   27  99  183  -45   69    2   69    2  24  0  0 L3P D9
G10 FF 61127 081000  780 568 1845     5903049    -23          33    -20   14 102   88    6   40   19   40   19  13  0  0 L3P D4
G16 FF 61127 081000  780 301 2998    -2342392    -67          46      5   26  86  146   17   68  -10   68  -10  21  0  0 L3P 05
G18 FF 61127 081000  780 247 1004     3909465    -72          32     22   27 225  175   18   58  -10   58  -10  26  0  0 L3P 0F
G23 FF 61127 081000  780 274 1460    -6293666    -81           9    -36   26 204  159   30   57   39   57   39  20  0  0 L3P 12
G27 FF 61127 081000  780 556 2259      841160    128          36    -12   18 103   89   -7   42    8   42    8  15  0  0 L3P C2
G32 FF 61127 081000  780 570  226      267331   -226          33    -36   16   7   88   -8   45   26   45   26  13  0  0 L3P B8
G08 FF 61127 082600  780 296 2235    -4712625     66          31      3   27  99  148  -28   63  -16   63  -16  24  0  0 L3P 11
G10 FF 61127 082600  780 513 1752     5903043     -8          29     -6   21 102   94    7   43    0   43    0  18  0  0 L3P 87
G16 FF 61127 082600  780 261 3074    -2342453    -78          54     -6   43  86  167   26   61    2   61    2  32  0  0 L3P CE
G18 FF 61127 082600  780 219  931     3909379    -98          42     -4   41 226  196   25   62   34   62   34  36  0  0 L3P FE
G23 FF 61127 082600  780 221 1417    -6293694    -74          25    -29   37 204  194   43   48   47   48   47  29  0  0 L3P 32
G27 FF 61127 082600  780 617 2351      841289    127          30    -13   15 103   84   -5   45    9   45    9  12  0  0 L3P C1
G32 FF 61127 082600  780 644  313      267143   -196          27     -7   10   7   82   -5   44    5   44    5   9  0  0 L3P 74
G08 FF 61127 084200  780 355 2275    -4712576     29          20    -34   34  99  127  -18   64   23   64   23  28  0  0 L3P 14
G10 FF 61127 084200  780 460 1673     5903031     22          19     25   18 102  102    9   52  -18   52  -18  18  0  0 L3P E1
G16 FF 61127 084200  780 218 3142    -2342540    -52          36     20   25  86  197   37   71  -19   71  -19  18  0  0 L3P 13
G18 FF 61127 084200  780 190  860     3909276   -115          29    -21   44 226  224   36  107   53  107   53  35  0  0 L3P 2F
G27 FF 61127 084200  780 664 2499      841415    124          22    -16   16 103   80   -2   50   16   50   16  14  0  0 L3P D6
G32 FF 61127 084200  780 708  465      266955   -219          21    -30   11   7   78   -3   49   29   49   29  10  0  0 L3P C9
G08 FF 61127 085800  780 409 2333    -4712522     59          15     -3   23  99  112  -12   63    4   63    4  21  0  0 L3P C7
G10 FF 61127 085800  780 409 1601     5903033     -6          23     -4   22 102  112   11   64   30   64   30  19  0  0 L3P BE
G27 FF 61127 085800  780 687 2709      841551    131          24     -9   14 103   79    0   54   21   54   21  13  0  0 L3P C5
G32 FF 61127 085800  780 747  730      266764   -250          13    -60   17   7   76   -1   59   47   59   47  12  0  0 L3P D1
G02 FF 61127 091400  780 220 2192     -670298    -71          24      7   31 174  195  -47   77   -5   77   -5  28  0  0 L3P F4
G08 FF 61127 091400  780 455 2412    -4712460     53          16     -9   18  99  103   -8   71   17   71   17  14  0  0 L3P E2
G10 FF 61127 091400  780 362 1532     5903030    -17          23    -15   23 102  124   14   89   48   89   48  21  0  0 L3P F9
G27 FF 61127 091400  780 675 2934      841688    144          27      4   15 103   80    2   66    9   66    9  12  0  0 L3P A7
G32 FF 61127 091400  780 739 1051      266593   -100          24     90   17   7   77    1   65  -39   65  -39  13  0  0 L3P D5
G02 FF 61127 093000  780 277 2154     -670398    -70          -2      8   33 174  158  -32  110   -6  110   -6  29  0  0 L3P FC
G08 FF 61127 093000  780 490 2513    -4712405     67          11      4   18  99   97   -4   86    8   86    8  15  0  0 L3P B3
G10 FF 61127 093000  780 319 1466     5903037     36          32     38   22 102  139   17  112   -5  112   -5  18  0  0 L3P F2
G27 FF 61127 093000  780 633 3113      841823    133          27     -6   15 103   82    4   81   25   81   25  13  0  0 L3P B4
G28 FF 61127 093000  780 221  367     5685021   -111          11    -25   37  41  194  -40  178   34  178   34  27  0  0 L3P 23
G32 FF 61127 093000  780 690 1269      266420   -221          33    -32   12   7   79    3   72   33   72   33  11  0  0 L3P AF
G02 FF 61127 094600  780 338 2120     -670468   -127           4    -48   21 174  132  -23  114   47  114   47  16  0  0 L3P 2A
G08 FF 61127 094600  780 508 2633    -4712347     59          10     -3   20  99   95   -1  105   18  105   18  18  0  0 L3P F7
G10 FF 61127 094600  780 279 1401     5903020     25          18     27   24 102  157   20  165   20  165   20  18  0  0 L3P F7
G27 FF 61127 094600  780 573 3235      841967    130          38     -9   13 103   87    7   97   35   97   35  11  0  0 L3P E2
G28 FF 61127 094600  780 268  428     5684958    -75          31     10   37  41  162  -27  173   -3  173   -3  33  0  0 L3P 12
G32 FF 61127 094600  780 622 1381      266233   -190          29     -1   13   7   83    6   89    9   89    9  12  0  0 L3P 9A
G02 FF 61127 100200  780 404 2089     -670556    -32         -10     46   21 175  113  -16  127  -28  127  -28  19  0  0 L3P 3B
G08 FF 61127 100200  780 508 2762    -4712301     42          -7    -20   16 100   95    1  128   25  128   25  14  0  0 L3P E3
G10 FF 61127 100200  780 242 1335     5903023     -1          25      1   18 103  178   25  196   42  196   42  13  0  0 L3P DA
G27 FF 61127 100200  780 505 3320      842088    114          25    -26   24 104   95   10  127   39  127   39  22  0  0 L3P FA
G28 FF 61127 100200  780 315  496     5684871    -44          21     41   34  42  140  -19  182  -45  182  -45  26  0  0 L3P 22
G31 FF 61127 100200  780 216  216     1589275    -11          49     11   28  78  199  -47  201  -18  201  -18  23  0  0 L3P 19
G32 FF 61127 100200  780 548 1436      266041   -188          21      2   21   8   90    9  109   15  109   15  19  0  0 L3P B6
G02 FF 61127 101800  780 474 2063     -670623    -48          -2     30   16 175  100  -12  126  -19  126  -19  13  0  0 L3P 21
G08 FF 61127 101800  780 490 2886    -4712229     32           5    -30   20 100   97    4  133   41  133   41  18  0  0 L3P E3
G10 FF 61127 101800  780 208 1270     5903006    -50          10    -48   28 103  205   31  251   95  251   95  21  0  0 L3P 0C
G27 FF 61127 101800  780 434 3382      842224    167          26     27   33 104  107   14  149   14  149   14  33  0  0 L3P 09
G28 FF 61127 101800  780 360  572     5684776    -74           8     11   27  42  125  -13  191  -10  191  -10  24  0  0 L3P 0A
G31 FF 61127 101800  780 270  267     1589244    -24          41     -1   28  78  161  -32  198    4  198    4  23  0  0 L3P E3
G32 FF 61127 101800  780 474 1461      265861   -161          23     29   24   8  100   12  126   -1  126   -1  24  0  0 L3P D3
G01 FF 61127 103400  780 244 2170    -3092536     48          43    -25   36 165  177  -41  178    8  178    8  31  0  0 L3P 19
G02 FF 61127 103400  780 549 2044     -670692    -96           4    -18   14 175   90   -9  126   22  126   22  12  0  0 L3P F7
G08 FF 61127 103400  780 456 2996    -4712160     55          15     -7   45 100  103    7  149   35  149   35  29  0  0 L3P 0D
G10 FF 61127 103400  780 177 1204     5903022     21          28     23   28 103  239   39  289   32  289   32  21  0  0 L3P 03
G27 FF 61127 103400  780 364 3431      842370    177          39     37   42 104  124   21  173    4  173    4  40  0  0 L3P DF
G28 FF 61127 103400  780 399  658     5684705    -73          19     12   18  42  114   -9  190   -2  190   -2  15  0  0 L3P F6
G31 FF 61127 103400  780 326  322     1589221    -19          39      4   23  78  136  -22  199   -3  199   -3  18  0  0 L3P F1
G32 FF 61127 103400  780 402 1467      265674   -195          19     -5   23   8  114   17  160   42  160   42  21  0  0 L3P E5
G01 FF 61127 105000  780 305 2147    -3092501     64           8    -10   21 165  144  -28  199    0  199    0  17  0  0 L3P ED
G02 FF 61127 105000  780 629 2033     -670778    -85          -7     -7   15 175   83   -6  141    7  141    7  12  0  0 L3P D3
G03 FF 61127 105000  780 182 2468    -5242172    173          -3     37   41 104  233  -34  230  -24  230  -24  35  0  0 L3P 31
G08 FF 61127 105000  780 412 3090    -4712110     59           5     -3   24 100  112   11  180   23  180   23  20  0  0 L3P CE
G27 FF 61127 105000  780 297 3473      842507    198          42     58   19 104  148   31  210   -4  210   -4  14  0  0 L3P 00
G28 FF 61127 105000  780 430  756     5684625    -76          21      9   19  42  108   -5  191   -9  191   -9  16  0  0 L3P E9
G31 FF 61127 105000  780 383  385     1589198    -32          38    -10   14  78  118  -15  196   -2  196   -2  11  0  0 L3P 0F
G32 FF 61127 105000  780 332 1461      265491   -136          18     54   16   8  134   25  197  -11  197  -11  14  0  0 L3P 08
G01 FF 61127 110600  780 370 2130    -3092420     65          18     -9   24 165  122  -20  188   -3  188   -3  20  0  0 L3P 00
G02 FF 61127 110600  780 711 2039     -670850    -79          -3     -1   15 175   78   -4  143    6  143    6  13  0  0 L3P C8
G03 FF 61127 110600  780 209 2400    -5242031     75           6    -61   28 104  204  -26  232   59  232   59  22  0  0 L3P 0A
G04 FF 61127 110600  780 210 3090     -508652      7          40     24   46 200  204  -52  245  -38  245  -38  33  0  0 L3P 07
G08 FF 61127 110600  780 362 3170    -4712048     35           6    -27   21 100  124   16  206   56  206   56  16  0  0 L3P 02
G27 FF 61127 110600  780 232 3513      842641    172          41     32   28 104  186   48  262   39  262   39  20  0  0 L3P 0B
G28 FF 61127 110600  780 448  864     5684549    -71          27     14   22  42  104   -2  189   -3  189   -3  20  0  0 L3P F6
G31 FF 61127 110600  780 438  458     1589166    -33          28    -11   16  78  106  -11  201   10  201   10  14  0  0 L3P F7
G32 FF 61127 110600  780 266 1446      265300   -167           9     23   22   8  164   38  252   35  252   35  18  0  0 L3P E2
G01 FF 61127 112200  780 439 2122    -3092350     55          17    -19   19 165  106  -14  181    8  181    8  16  0  0 L3P 06
G02 FF 61127 112200  780 795 2096     -670925    -93          -2    -14   15 175   75   -2  150   20  150   20  12  0  0 L3P F5
G03 FF 61127 112200  780 238 2332    -5241905    174           1     38   30 104  181  -22  239  -24  239  -24  26  0  0 L3P 2E
G04 FF 61127 112200  780 264 3034     -508673    -49          35    -32   19 200  165  -31  237   12  237   12  15  0  0 L3P 1D
G08 FF 61127 112200  780 309 3239    -4711972    113          23     51   25 100  143   23  228  -14  228  -14  21  0  0 L3P 2D
G28 FF 61127 112200  780 451  976     5684460    -95          19     -9   23  42  104    1  205   12  205   12  21  0  0 L3P D6
G31 FF 61127 112200  780 489  547     1589144     -8          28     15   16  78   98   -7  199  -15  199  -15  14  0  0 L3P 12
G32 FF 61127 112200  780 204 1424      265101   -294          -8   -105   36   8  210   61  329  164  329  164  25  0  0 L3P 25
G01 FF 61127 113800  780 511 2126    -3092283     87          13     13   20 165   95  -10  184   -4  184   -4  16  0  0 L3P FE
G02 FF 61127 113800  780 867 2595     -671009    -80         -12     -2   15 175   74    0  172   22  172   22  12  0  0 L3P F0
G03 FF 61127 113800  780 268 2264    -5241781    136          -5      0   23 104  162  -18  255    9  255    9  19  0  0 L3P 02
G04 FF 61127 113800  780 314 2967     -508686    -15          38      2   20 200  141  -20  232    6  232    6  15  0  0 L3P DA
G08 FF 61127 113800  780 256 3299    -4711916     73          19     10   43 100  169   33  276   44  276   44  38  0  0 L3P 31
G28 FF 61127 113800  780 437 1084     5684368   -146           9    -61   23  42  106    4  226   75  226   75  21  0  0 L3P 16
G31 FF 61127 113800  780 530  657     1589128     -5          34     18   20  78   92   -4  195   -8  195   -8  15  0  0 L3P DC
G01 FF 61127 115400  780 584 2149    -3092210     77          15      3   19 165   86   -7  187    3  187    3  16  0  0 L3P D9
G02 FF 61127 115400  780 817 3481     -671068   -150           5    -71   28 175   74    2  172   80  172   80  28  0  0 L3P 07
G03 FF 61127 115400  780 300 2196    -5241633    131          12     -5   33 104  146  -15  248    6  248    6  27  0  0 L3P FE
G04 FF 61127 115400  780 359 2890     -508718    -10          17      7   25 201  125  -13  241  -15  241  -15  19  0  0 L3P 1D
G08 FF 61127 115400  780 205 3355    -4711859     76          16     13   42 100  208   49  337   61  337   61  34  0  0 L3P 21
G28 FF 61127 115400  780 409 1179     5684292    -59          15     26   18  42  112    8  240    0  240    0  16  0  0 L3P D1
G31 FF 61127 115400  780 556  787     1589113    -55          40    -32   16  78   89   -2  196   35  196   35  14  0  0 L3P 0B
G01 FF 61127 121000  780 658 2204    -3092136     71          20     -2   14 166   81   -5  188    8  188    8  12  0  0 L3P D2
G02 FF 61127 121000  780 731 3582     -671147    -48          -1     31   22 177   77    4  196    2  196    2  21  0  0 L3P C3
G03 FF 61127 121000  780 336 2128    -5241521    142         -12      6   25 105  133  -13  265   -2  265   -2  21  0  0 L3P 00
G04 FF 61127 121000  780 400 2803     -508739      3          16     20   17 202  114   -9  248   -7  248   -7  13  0  0 L3P D4
G28 FF 61127 121000  780 368 1258     5684231    -28          32     57   27  43  123   13  262    0  262    0  20  0  0 L3P D6
G31 FF 61127 121000  780 563  930     1589086    -13          34      9   15  81   88    0  216   10  216   10  13  0  0 L3P B1
G01 FF 61127 122600  780 725 2329    -3092073     59          11    -15   13 166   77   -3  200   21  200   21  12  0  0 L3P F0
G02 FF 61127 122600  780 643   10     -671213    -79          10      0   16 177   82    6  213   23  213   23  14  0  0 L3P 9D
G03 FF 61127 122600  780 374 2059    -5241382    100          -4    -37   25 105  121  -11  261   25  261   25  24  0  0 L3P 23
G04 FF 61127 122600  780 433 2706     -508753     -4          18     13   23 202  107   -6  249   -1  249   -1  20  0  0 L3P E1
G28 FF 61127 122600  780 319 1319     5684138    -69          22     16   25  43  139   21  309   32  309   32  21  0  0 L3P 0F
G31 FF 61127 122600  780 549 1066     1589068    -29          38     -6   17  81   90    3  231   27  231   27  16  0  0 L3P ED
G01 FF 61127 124200  780 772 2597    -3092007     56           6    -18   12 166   75   -1  213   27  213   27  10  0  0 L3P F5
G02 FF 61127 124200  780 558   23     -671287    -78          11      0   16 177   89    9  242   23  242   23  14  0  0 L3P BD
G03 FF 61127 124200  780 415 1988    -5241245    141           2      5   22 105  111  -10  253   -9  253   -9  19  0  0 L3P F8
G04 FF 61127 124200  780 459 2599     -508763     13          25     30   20 202  102   -4  247  -25  247  -25  16  0  0 L3P 15
G09 FF 61127 124200  780 188 2808    -7639002    -37          13    -62   50  87  226  -42  382   35  382   35  49  0  0 L3P 47
G28 FF 61127 124200  780 263 1364     5684051    -77          16      9   28  43  165   34  361   42  361   42  22  0  0 L3P FE
G31 FF 61127 124200  780 516 1182     1589043     -8          35     14   27  81   94    5  249    7  249    7  24  0  0 L3P BD
G01 FF 61127 125800  780 769 2982    -3091935     89           8     15   11 166   76    1  224   -3  224   -3   9  0  0 L3P DE
G02 FF 61127 125800  780 475   32     -671368    -99           5    -21   16 177  100   13  283   50  283   50  11  0  0 L3P EA
G03 FF 61127 125800  780 459 1913    -5241113    142           2      5   17 105  102   -8  253   -3  253   -3  13  0  0 L3P DF
G04 FF 61127 125800  780 478 2486     -508778    -23          26     -5   16 202   99   -2  248    6  248    6  13  0  0 L3P F1
G09 FF 61127 125800  780 222 2738    -7639015   -324         -24   -349   41  87  193  -27  408  326  408  326  38  0  0 L3P A7
G26 FF 61127 125800  780 194  815     3464566     45          10     -5   38   6  219  -22  506    3  506    3  34  0  0 L3P C5
G28 FF 61127 125800  780 205 1395     5683960   -141           7    -56   43  43  209   59  428  123  428  123  30  0  0 L3P 4E
G31 FF 61127 125800  780 470 1270     1589017    -27          31     -4   20  81  101    9  274   31  274   31  16  0  0 L3P E4
G01 FF 61127 131400  780 718 3240    -3091854    110          17     36   18 166   77    3  230  -19  230  -19  15  0  0 L3P 18
G02 FF 61127 131400  780 395   41     -671438    -70          10      9   15 177  115   20  320   49  320   49  10  0  0 L3P CE
G03 FF 61127 131400  780 505 1832    -5240979    153           6     17   16 105   95   -7  242  -22  242  -22  14  0  0 L3P 14
G04 FF 61127 131400  780 489 2369     -508791    -24          29     -7   22 202   98   -1  248    5  248    5  19  0  0 L3P EC
G09 FF 61127 131400  780 253 2664    -7638930    188          36    163   49  87  171  -19  344 -173  344 -173  45  0  0 L3P A0
G26 FF 61127 131400  780 211  888     3464643     68          39     18   29   6  203  -13  469  -28  469  -28  26  0  0 L3P 23
G31 FF 61127 131400  780 415 1333     1589004      6          40     29   19  81  111   13  292    2  292    2  17  0  0 L3P B3
G01 FF 61127 133000  780 647 3367    -3091779     77          21      3   28 166   81    5  245   21  245   21  25  0  0 L3P EB
G02 FF 61127 133000  780 320   51     -671517    -54           7     25   20 177  139   29  388   63  388   63  16  0  0 L3P EA
G03 FF 61127 133000  780 553 1739    -5240856    130          -2     -6   14 105   89   -5  245   -3  245   -3  14  0  0 L3P F7
G04 FF 61127 133000  780 494 2252     -508799     24          38     41   21 202   97    0  246  -30  246  -30  19  0  0 L3P FB
G09 FF 61127 133000  780 281 2587    -7638910     -4          33    -29   28  87  155  -14  343    9  343    9  26  0  0 L3P 15
G16 FF 61127 133000  780 193  636    -2343770     -8          46     63   41  88  220  -36  523  -87  523  -87  34  0  0 L3P 2D
G26 FF 61127 133000  780 221  963     3464672    119          20     69   32   6  194   -5  477  -69  477  -69  27  0  0 L3P 24
G31 FF 61127 133000  780 355 1375     1588977    -65          34    -42   15  81  126   19  330   76  330   76  13  0  0 L3P 25
G01 FF 61127 134600  780 570 3437    -3091720     89          10     15   41 166   88    8  280   19  280   19  40  0  0 L3P FF
G02 FF 61127 134600  780 248   64     -671575    -54          24     25   23 177  175   47  459   98  459   98  17  0  0 L3P 23
G03 FF 61127 134600  780 600 1628    -5240731    120          -8    -16   15 105   85   -4  246   13  246   13  12  0  0 L3P 06
G04 FF 61127 134600  780 493 2136     -508818    -49          35    -32   18 202   97    0  253   40  253   40  15  0  0 L3P FE
G09 FF 61127 134600  780 307 2507    -7638896     19          23     -6   19  87  144  -11  344    2  344    2  16  0  0 L3P 01
G16 FF 61127 134600  780 225  707    -2343860    -41          25     31   39  88  191  -24  511  -46  511  -46  32  0  0 L3P 2D
G26 FF 61127 134600  780 222 1039     3464731    100          32     50   33   6  193    2  469  -29  469  -29  28  0  0 L3P 0D
G31 FF 61127 134600  780 294 1401     1588962    -39          41    -17   16  81  150   30  368   76  368   76  13  0  0 L3P 2C
G01 FF 61127 140200  780 492 3482    -3091637     71          28     -3   40 167   97   12  306   54  306   54  38  0  0 L3P 0A
G03 FF 61127 140200  780 643 1487    -5240593    147          -6     10   10 107   82   -3  243   -7  243   -7   8  0  0 L3P EB
G04 FF 61127 140200  780 488 2024     -508838     -9          30      8   14 203   98    1  261    4  261    4  12  0  0 L3P A0
G07 FF 61127 140200  780 236 3209     1663083     12          23    -35   18   4  183  -47  457  -42  457  -42  15  0  0 L3P 1E
G09 FF 61127 140200  780 331 2425    -7638862     29          36      4   27  88  134   -9  332  -19  332  -19  22  0  0 L3P 1C
G16 FF 61127 140200  780 252  781    -2343904   -133          50    -62   36  89  172  -16  465   44  465   44  34  0  0 L3P 3A
G26 FF 61127 140200  780 215 1112     3464789     17          39    -33   25   7  199   11  479   40  479   40  19  0  0 L3P 0B
G31 FF 61127 140200  780 232 1413     1588963     -3          69     20   26  83  186   48  411   70  411   70  21  0  0 L3P F1
G01 FF 61127 141800  780 416 3515    -3091569     93          25     19   15 167  111   17  356   33  356   33  11  0  0 L3P 1E
G03 FF 61127 141800  780 676 1304    -5240469    137         -13      1   13 107   80   -1  257   10  257   10  11  0  0 L3P F8
G04 FF 61127 141800  780 481 1914     -508852     22          32     39   14 203   99    1  274  -25  274  -25  13  0  0 L3P 01
G07 FF 61127 141800  780 298 3167     1663115     29          11    -18   20   4  148  -29  414  -26  414  -26  16  0  0 L3P 23
G09 FF 61127 141800  780 353 2342    -7638847     27          27      2   19  88  127   -7  330   -3  330   -3  16  0  0 L3P F6
G16 FF 61127 141800  780 273  860    -2344018    -35           5     37   28  89  160  -10  487  -45  487  -45  22  0  0 L3P 2E
G26 FF 61127 141800  780 199 1181     3464828     67          30     17   24   7  214   22  506   12  506   12  20  0  0 L3P E7
G01 FF 61127 143400  780 343 3543    -3091478     72          45     -2   24 167  130   25  405   60  405   60  18  0  0 L3P 0C
G03 FF 61127 143400  780 688 1082    -5240332    136          -7     -1   13 107   79    0  268   18  268   18  12  0  0 L3P FF
G04 FF 61127 143400  780 472 1809     -508875     -2          26     15   19 203  100    2  298    3  298    3  16  0  0 L3P D1
G06 FF 61127 143400  780 205 2303     6123500     18          45     25   34  78  209  -38  434  -28  434  -28  30  0  0 L3P 1D
G07 FF 61127 143400  780 360 3114     1663168     51          18      5   29   4  125  -19  376  -33  376  -33  21  0  0 L3P 01
G09 FF 61127 143400  780 375 2257    -7638811     22          39     -3   23  88  121   -6  324   13  324   13  20  0  0 L3P FD
G16 FF 61127 143400  780 286  941    -2344043    -64          49      8   27  89  153   -4  442   -5  442   -5  24  0  0 L3P F2
G01 FF 61127 145000  780 274 3570    -3091405    110          46     36   21 167  160   37  478   54  478   54  17  0  0 L3P 33
G03 FF 61127 145000  780 674  857    -5240204    113         -10    -23   13 107   80    2  290   42  290   42  13  0  0 L3P F3
G04 FF 61127 145000  780 463 1706     -508885     -2          32     15   21 203  102    2  312   12  312   12  18  0  0 L3P CC
G06 FF 61127 145000  780 239 2369     6123490     13          41     20   32  78  181  -21  436   -3  436   -3  29  0  0 L3P FB
G07 FF 61127 145000  780 419 3047     1663209     29          15    -17   25   4  110  -13  360    5  360    5  16  0  0 L3P D1
G09 FF 61127 145000  780 397 2172    -7638787     55          39     30   31  88  115   -5  332  -18  332  -18  29  0  0 L3P 3C
G16 FF 61127 145000  780 289 1024    -2344109   -174          52   -102   22  89  151    1  448  106  448  106  17  0  0 L3P 54
G01 FF 61127 150600  780 208 3597    -3091345     18          35    -56   23 167  206   61  583  160  583  160  17  0  0 L3P 58
G03 FF 61127 150600  780 636  670    -5240065    134          -2     -2   16 107   82    4  307   28  307   28  14  0  0 L3P E0
G04 FF 61127 150600  780 452 1605     -508893     44          41     61   24 203  103    2  330  -23  330  -23  22  0  0 L3P F0
G06 FF 61127 150600  780 263 2444     6123491     32          49     38   21  78  166  -11  440  -21  440  -21  17  0  0 L3P 1A
G07 FF 61127 150600  780 474 2963     1663264     67          25     21   15   4  100   -9  349  -23  349  -23  11  0  0 L3P 02
G09 FF 61127 150600  780 419 2084    -7638766     63          36     38   22  88  110   -5  346  -28  346  -28  19  0  0 L3P 42
G16 FF 61127 150600  780 282 1104    -2344193    -53          37     18   46  89  155    6  481    8  481    8  41  0  0 L3P F1
G03 FF 61127 152200  780 582  534    -5239942    151          -9     15   13 107   87    6  339   23  339   23  13  0  0 L3P F9
G04 FF 61127 152200  780 441 1506     -508914    -37          36    -20   21 203  105    2  357   39  357   39  18  0  0 L3P 0B
G06 FF 61127 152200  780 275 2526     6123479     -9          43     -2   22  78  158   -4  463   28  463   28  19  0  0 L3P 05
G07 FF 61127 152200  780 523 2858     1663311     64          27     17   14   4   93   -6  343   -9  343   -9  13  0  0 L3P D0
G09 FF 61127 152200  780 441 1994    -7638747     51          31     26   18  88  105   -4  357  -12  357  -12  15  0  0 L3P 32
G16 FF 61127 152200  780 265 1180    -2344258    -78          40     -6   21  89  164   14  513   45  513   45  18  0  0 L3P 17
G30 FF 61127 152200  780 206 3017    -1679744   -162          33    -30   26   2  208  -50  565  -44  565  -44  20  0  0 L3P 43
G03 FF 61127 153800  780 518  437    -5239811    146         -10      9   15 107   94    9  381   40  381   40  12  0  0 L3P F5
G04 FF 61127 153800  780 429 1408     -508954     -7          12     10   17 203  108    3  411   24  411   24  13  0  0 L3P DC
G06 FF 61127 153800  780 277 2612     6123474    -12          46     -5   27  78  158    2  490   52  490   52  22  0  0 L3P FF
G07 FF 61127 153800  780 562 2730     1663379     37          51    -10   14   4   88   -4  332   12  332   12  12  0  0 L3P D7
G09 FF 61127 153800  780 464 1900    -7638726     14          27    -11   15  88  101   -4  369   28  369   28  14  0  0 L3P 2B
G16 FF 61127 153800  780 237 1247    -2344319   -159          48    -87   24  89  182   24  551  131  551  131  20  0  0 L3P 69
G30 FF 61127 153800  780 255 2958    -1679862   -110          42     22   27   2  170  -30  518  -39  518  -39  24  0  0 L3P 4E
G03 FF 61127 155400  780 448  368    -5239677    131          -6     -5   16 107  104   13  427   56  427   56  12  0  0 L3P 1E
G04 FF 61127 155400  780 416 1312     -508945    -40          38    -23   22 203  111    3  420   59  420   59  17  0  0 L3P 00
G06 FF 61127 155400  780 267 2697     6123433    -37          10    -31   27  78  163    9  565   65  565   65  24  0  0 L3P 24
G07 FF 61127 155400  780 588 2581     1663410     29          37    -17   16   4   86   -2  348   19  348   19  13  0  0 L3P FA
G09 FF 61127 155400  780 488 1802    -7638701      3          28    -22   20  88   98   -4  383   26  383   26  16  0  0 L3P 0B
G16 FF 61127 155400  780 201 1305    -2344389   -107          47    -36   27  89  212   41  621  100  621  100  20  0  0 L3P 42
G30 FF 61127 155400  780 301 2890    -1679983    -98          48     34   26   2  146  -20  495  -52  495  -52  22  0  0 L3P 48
G03 FF 61127 161000  780 377  317    -5239550    141         -11      5   20 113  120   20  486   58  486   58  16  0  0 L3P 0E
G04 FF 61127 161000  780 401 1216     -508991    -65           7    -48   17 204  114    4  469   70  469   70  13  0  0 L3P 02
G06 FF 61127 161000  780 248 2780     6123468     48          55     55   38  85  174   16  565    9  565    9  34  0  0 L3P 01
G07 FF 61127 161000  780 599 2418     1663447     32          26    -15   20  32   85    0  364   28  364   28  18  0  0 L3P F1
G09 FF 61127 161000  780 510 1697    -7638679     46          30     21   17  89   95   -3  394  -19  394  -19  14  0  0 L3P 35
G30 FF 61127 161000  780 342 2813    -1680119    -83          36     49   18   5  130  -14  480  -69  480  -69  15  0  0 L3P 33
G03 FF 61127 162600  780 305  281    -5239431    119         -23    -17   26 113  145   32  570   88  570   88  22  0  0 L3P 39
G04 FF 61127 162600  780 383 1123     -508987    -24          27     -7   25 204  118    5  477   30  477   30  20  0  0 L3P 04
G06 FF 61127 162600  780 222 2858     6123453      9          46     16   23  85  194   25  636   61  636   61  16  0  0 L3P 00
G07 FF 61127 162600  780 595 2253     1663498     27          32    -20   15  32   85    1  372   33  372   33  13  0  0 L3P EA
G09 FF 61127 162600  780 531 1584    -7638653     82          32     57   15  89   92   -2  394  -56  394  -56  13  0  0 L3P 38
G30 FF 61127 162600  780 379 2729    -1680263   -144          19    -12   23   5  119  -10  484   -1  484   -1  20  0  0 L3P 23
G03 FF 61127 164200  780 234  256    -5239284    183          -7     47   28 113  185   54  656   70  656   70  21  0  0 L3P 2A
G04 FF 61127 164200  780 361 1031     -509000    -22          30     -5   21 204  124    7  500   34  500   34  19  0  0 L3P CC
G06 FF 61127 164200  780 190 2932     6123461     32          60     38   44  85  224   38  700   56  700   56  35  0  0 L3P 00
G07 FF 61127 164200  780 578 2100     1663544     54          33      7   15  32   87    2  378   -2  378   -2  12  0  0 L3P C1
G09 FF 61127 164200  780 548 1461    -7638626     42          35     17   16  89   90   -2  390  -25  390  -25  13  0  0 L3P 22
G14 FF 61127 164200  780 247 3392    -7411268    -60          18    -45   17 187  176  -48  644  -39  644  -39  13  0  0 L3P 7F
G30 FF 61127 164200  780 411 2636    -1680362   -168          46    -36   20   5  112   -7  458   26  458   26  19  0  0 L3P 27
G04 FF 61127 165800  780 336  944     -509024    -20          22     -3   24 204  133   10  536   24  536   24  20  0  0 L3P E9
G07 FF 61127 165800  780 553 1964     1663578     10          22    -37   17  32   89    3  391   30  391   30  15  0  0 L3P F5
G09 FF 61127 165800  780 558 1329    -7638613    -26          24    -51   17  89   89   -1  394   37  394   37  15  0  0 L3P 3F
G14 FF 61127 165800  780 318 3381    -7411268     48          32     63   47 187  139  -30  561 -123  561 -123  39  0  0 L3P 7C
G30 FF 61127 165800  780 437 2537    -1680491   -119          44     12   17   5  106   -5  449  -37  449  -37  14  0  0 L3P 40
G04 FF 61127 171400  780 307  861     -509023    -36          40    -19   26 204  144   14  542   48  542   48  22  0  0 L3P 0B
G07 FF 61127 171400  780 522 1843     1663618     36          18    -11   13  32   93    4  392    6  392    6  12  0  0 L3P C3
G09 FF 61127 171400  780 560 1190    -7638585    -14          28    -39   20  89   89    0  388   31  388   31  17  0  0 L3P 24
G14 FF 61127 171400  780 392 3362    -7411287    -33          27    -18   20 187  116  -19  500  -50  500  -50  18  0  0 L3P 55
G21 FF 61127 171400  780 236 2235    -4118296    -40          38    -18   40 186  183  -42  605  -44  605  -44  37  0  0 L3P 63
G22 FF 61127 171400  780 223 3357      272932   -124          10    -67   35  11  193  -56  705  -53  705  -53  30  0  0 L3P 38
G30 FF 61127 171400  780 457 2432    -1680626   -142          35    -10   16   5  103   -3  437   -9  437   -9  14  0  0 L3P 0E
G04 FF 61127 173000  780 273  783     -509064     59          15     76   30 204  160   20  588  -27  588  -27  25  0  0 L3P 24
G07 FF 61127 173000  780 489 1736     1663659     58          14     11   11  32   98    5  401    2  401    2   8  0  0 L3P A5
G08 FF 61127 173000  780 177 1019    -4710596     92          22     29   48   9  239   -5  685  -51  685  -51  36  0  0 L3P 30
G09 FF 61127 173000  780 552 1051    -7638545     37          44     12   17  89   90    2  375   -3  375   -3  15  0  0 L3P E9
G14 FF 61127 173000  780 468 3333    -7411291    -65          37    -50   39 187  101  -13  439   13  439   13  36  0  0 L3P 4A
G21 FF 61127 173000  780 289 2280    -4118313    -15          43      7   20 186  152  -25  552  -39  552  -39  18  0  0 L3P 42
G22 FF 61127 173000  780 291 3340      272906    -28          39     28   31  11  151  -34  594 -123  594 -123  24  0  0 L3P 3F
G30 FF 61127 173000  780 473 2323    -1680756   -117          33     15   24   5  100   -2  420  -24  420  -24  20  0  0 L3P 07
G04 FF 61127 174600  780 235  711     -509087    -42           8    -25   33 204  183   30  628   57  628   57  26  0  0 L3P 0F
G07 FF 61127 174600  780 455 1638     1663712     34          23    -12   19  32  103    6  401   18  401   18  17  0  0 L3P EE
G08 FF 61127 174600  780 177 1091    -4710518     35          40    -28   36   9  239    6  641   10  641   10  30  0  0 L3P F1
G09 FF 61127 174600  780 531  918    -7638536     16          29     -9   18  89   92    3  391   13  391   13  16  0  0 L3P F4
G14 FF 61127 174600  780 545 3289    -7411320    -15          22     -1   21 187   90   -9  415  -38  415  -38  18  0  0 L3P 30
G21 FF 61127 174600  780 337 2339    -4118331    -53          46    -31   27 186  132  -16  513  -11  513  -11  22  0  0 L3P 4D
G22 FF 61127 174600  780 360 3313      272837    -26          24     31   44  11  125  -22  537  -86  537  -86  39  0  0 L3P 2A
G30 FF 61127 174600  780 483 2212    -1680891   -125          24      7   20   5   98   -1  414  -16  414  -16  19  0  0 L3P 07
G04 FF 61127 180200  780 194  646     -509081    -89          29    -72   48 205  220   48  658  126  658  126  45  0  0 L3P 56
G07 FF 61127 180200  780 422 1548     1663750     61          16     15   25  53  109    7  417   -4  417   -4  22  0  0 L3P DC
G09 FF 61127 180200  780 500  798    -7638513      0          31    -25   18  90   96    5  401   37  401   37  15  0  0 L3P D3
G14 FF 61127 180200  780 620 3222    -7411338    -21          23     -6   18 188   83   -6  386  -17  386  -17  15  0  0 L3P 2D
G21 FF 61127 180200  780 376 2415    -4118361     40          38     63   16 187  120  -10  488  -61  488  -61  14  0  0 L3P 46
G22 FF 61127 180200  780 430 3276      272769   -107          11    -50   14  16  108  -15  487   -7  487   -7  13  0  0 L3P 1E
G30 FF 61127 180200  780 489 2101    -1681016    -86          22     46   22   6   97   -1  405  -39  405  -39  20  0  0 L3P 04
G05 FF 61127 181800  780 188 2294     2309809     37          54     31   30  80  227  -45  685  -70  685  -70  28  0  0 L3P 45
G07 FF 61127 181800  780 390 1462     1663791     45          12     -1   17  53  117    8  428    5  428    5  15  0  0 L3P CC
G09 FF 61127 181800  780 459  694    -7638486     31          34      6   16  90  102    8  418   25  418   25  14  0  0 L3P F2
G14 FF 61127 181800  780 692 3110    -7411353    -13          23      2   20 188   79   -4  370  -20  370  -20  18  0  0 L3P 0B
G21 FF 61127 181800  780 404 2505    -4118383    -21          38      1   22 187  113   -5  481   -7  481   -7  19  0  0 L3P 07
G22 FF 61127 181800  780 499 3223      272714    -37          10     20   12  16   96  -10  445  -54  445  -54  10  0  0 L3P 07
G30 FF 61127 181800  780 493 1989    -1681136   -169          28    -37   18   6   97    0  397   18  397   18  14  0  0 L3P 33
G05 FF 61127 183400  780 221 2356     2309810     27          50     21   31  80  194  -25  658  -46  658  -46  24  0  0 L3P 2C
G07 FF 61127 183400  780 360 1379     1663843     21          20    -26   21  53  125    9  430   23  430   23  18  0  0 L3P EC
G09 FF 61127 183400  780 411  606    -7638462     50          34     25   24  90  112   12  449   11  449   11  21  0  0 L3P F0
G14 FF 61127 183400  780 752 2907    -7411363    -23          27     -8   14 188   76   -2  354   -4  354   -4  11  0  0 L3P 0B
G17 FF 61127 183400  780 224  128      991923    124          81     29   41 177  192  -48  666 -113  666 -113  35  0  0 L3P 62
G21 FF 61127 183400  780 418 2606    -4118399    -27          43     -4   26 187  110   -1  479    9  479    9  22  0  0 L3P 14
G22 FF 61127 183400  780 567 3149      272668    -73          19    -16   14  16   88   -7  411  -10  411  -10  12  0  0 L3P 08
G30 FF 61127 183400  780 493 1879    -1681263   -154          28    -22   14   6   97    0  384    1  384    1  13  0  0 L3P E7
G05 FF 61127 185000  780 246 2427     2309808    -68          42    -73   28  80  176  -14  644   37  644   37  22  0  0 L3P 3C
G07 FF 61127 185000  780 330 1299     1663883     62          14     16   13  53  134   11  436    1  436    1  10  0  0 L3P CC
G09 FF 61127 185000  780 357  533    -7638440     40          32     15   32  90  126   18  483   34  483   34  24  0  0 L3P 01
G14 FF 61127 185000  780 781 2555    -7411377      0          28     14   12 188   75    0  340  -23  340  -23  11  0  0 L3P F4
G17 FF 61127 185000  780 282  168      992002    107          68     12   33 177  155  -31  586 -107  586 -107  27  0  0 L3P 5C
G21 FF 61127 185000  780 416 2711    -4118430    -35          35    -12   24 187  111    2  494   21  494   21  22  0  0 L3P 0F
G22 FF 61127 185000  780 629 3042      272624    -46          29     11   13  16   83   -4  379  -31  379  -31  12  0  0 L3P FB
G30 FF 61127 185000  780 492 1770    -1681393   -105          25     27   18   6   97    0  367  -34  367  -34  15  0  0 L3P 1D
G05 FF 61127 190600  780 260 2505     2309822      5          51      0   25  80  167   -5  637    8  637    8  23  0  0 L3P B4
G07 FF 61127 190600  780 302 1221     1663927     48          13      1   22  53  146   13  452    1  452    1  18  0  0 L3P B3
G09 FF 61127 190600  780 299  474    -7638417     61          31     36   34  90  147   27  533   24  533   24  28  0  0 L3P 14
G13 FF 61127 190600  780 215 2165    -6817858    -12          52    -27   31  42  199  -53  601  -67  601  -67  25  0  0 L3P 5C
G14 FF 61127 190600  780 761 2185    -7411400    -34          19    -19   14 188   76    1  340    4  340    4  12  0  0 L3P E5
G17 FF 61127 190600  780 344  212      992092     75          66    -21   36 177  130  -22  520  -58  520  -58  32  0  0 L3P 25
G21 FF 61127 190600  780 401 2814    -4118450    -24          36     -1   23 187  114    5  516   28  516   28  18  0  0 L3P 0C
G22 FF 61127 190600  780 681 2883      272563    -52          23      5   16  16   79   -3  366  -19  366  -19  14  0  0 L3P 00
G30 FF 61127 190600  780 489 1661    -1681538   -151           6    -19   17   6   97    1  371    5  371    5  15  0  0 L3P DB
G05 FF 61127 192200  780 264 2587     2309817    -17          41    -23   23  80  165    1  662   45  662   45  19  0  0 L3P 13
G07 FF 61127 192200  780 274 1145     1663990     55          32      9   30  53  159   15  445    4  445    4  27  0  0 L3P D4
G09 FF 61127 192200  780 239  425    -7638380     61          44     36   37  90  181   45  591   49  591   49  31  0  0 L3P 1C
G13 FF 61127 192200  780 276 2146    -6817848     -7          48    -21   34  42  158  -34  519  -57  519  -57  28  0  0 L3P 60
G14 FF 61127 192200  780 710 1956    -7411415    -12          17      3   15 188   78    3  332  -10  332  -10  13  0  0 L3P FA
G17 FF 61127 192200  780 408  261      992168     80          50    -16   16 177  112  -15  471  -48  471  -48  12  0  0 L3P 2B
G19 FF 61127 192200  780 226   20    -6952761    -43          50    -31   27  93  190  -53  718 -101  718 -101  22  0  0 L3P 47
G20 FF 61127 192200  780 234 2175     -783070   -201          49      9   35  13  185  -49  597  -99  597  -99  30  0  0 L3P 55
G21 FF 61127 192200  780 373 2909    -4118478    -15          30      8   22 187  121    9  554   42  554   42  18  0  0 L3P 12
G22 FF 61127 192200  780 713 2660      272509    -62          24     -5   15  16   78   -1  349   -7  349   -7  12  0  0 L3P D8
G30 FF 61127 192200  780 484 1553    -1681655   -178          15    -46   21   6   98    1  354   43  354   43  19  0  0 L3P 13
G05 FF 61127 193800  780 256 2671     2309872     57          90     52   28  80  169    8  642  -14  642  -14  22  0  0 L3P 1E
G07 FF 61127 193800  780 247 1071     1664024     57          21     11   39  53  175   19  467    3  467    3  34  0  0 L3P E6
G13 FF 61127 193800  780 340 2136    -6817847     16          34      1   18  42  131  -23  467  -60  467  -60  17  0  0 L3P 29
G14 FF 61127 193800  780 649 1822    -7411426      1          21     16   18 188   81    4  324  -18  324  -18  16  0  0 L3P 09
G17 FF 61127 193800  780 473  321      992252    106          43     11   21 177  100  -11  421  -56  421  -56  16  0  0 L3P 17
G19 FF 61127 193800  780 294   50    -6952791    -33          33    -21   31  93  150  -33  611 -100  611 -100  26  0  0 L3P 3F
G20 FF 61127 193800  780 298 2179     -783293   -229          27    -19   32  13  147  -30  530  -51  530  -51  25  0  0 L3P 58
G21 FF 61127 193800  780 337 2995    -4118495     10          35     33   27 187  132   14  609   52  609   52  20  0  0 L3P 2E
G22 FF 61127 193800  780 717 2397      272448    -25          17     32   17  16   77    1  338  -36  338  -36  14  0  0 L3P 06
G30 FF 61127 193800  780 477 1445    -1681774   -207          23    -75   17   6   99    1  341   69  341   69  17  0  0 L3P 24
G05 FF 61127 195400  780 240 2752     2309874   -140          86   -146   39  80  180   15  708  226  708  226  37  0  0 L3P 78
G07 FF 61127 195400  780 218  998     1664083     59          36     12   28  53  196   25  466  -23  466  -23  23  0  0 L3P 29
G13 FF 61127 195400  780 407 2134    -6817832     19          35      4   18  42  113  -16  411  -64  411  -64  16  0  0 L3P 1D
G14 FF 61127 195400  780 586 1730    -7411440     11          21     26   17 188   86    6  322  -19  322  -19  15  0  0 L3P 16
G17 FF 61127 195400  780 536  399      992347    121          46     25   14 177   91   -7  378  -67  378  -67  12  0  0 L3P 34
G19 FF 61127 195400  780 365   80    -6952790    -18          46     -6   19  93  123  -22  505  -80  505  -80  16  0  0 L3P 2D
G20 FF 61127 195400  780 365 2195     -783485   -179          37     31   24  13  124  -20  460  -79  460  -79  22  0  0 L3P 54
G21 FF 61127 195400  780 295 3071    -4118510    -40          42    -18   27 187  149   20  687  113  687  113  19  0  0 L3P 68
G22 FF 61127 195400  780 692 2164      272393    -87          17    -30   15  16   79    2  325   11  325   11  14  0  0 L3P E1
G30 FF 61127 195400  780 467 1339    -1681884   -137          39     -5   22   6  101    2  326   -2  326   -2  21  0  0 L3P F5
G05 FF 61127 201000  780 216 2830     2309834    -33          45    -39   46  89  198   24  848  151  848  151  41  0  0 L3P 50
G07 FF 61127 201000  780 189  928     1664121    112          24     66   34  56  225   35  476  -52  476  -52  28  0  0 L3P 23
G13 FF 61127 201000  780 477 2147    -6817823      5          30    -10   17  50   99  -12  367  -39  367  -39  16  0  0 L3P 27
G14 FF 61127 201000  780 525 1656    -7411461    -37          15    -22   20 189   93    8  316    5  316    5  17  0  0 L3P E9
G17 FF 61127 201000  780 593  507      992429     70          40    -26   17 178   86   -5  344  -22  344  -22  17  0  0 L3P 05
G19 FF 61127 201000  780 440  114    -6952822    -39          24    -27   27  94  106  -15  444  -55  444  -55  27  0  0 L3P 40
G20 FF 61127 201000  780 431 2226     -783690   -206          36      3   22  14  108  -14  413  -57  413  -57  20  0  0 L3P 12
G21 FF 61127 201000  780 251 3139    -4118532     -3          41     20   25 188  172   29  799  110  799  110  22  0  0 L3P 33
G22 FF 61127 201000  780 649 1990      272339    -52          18      5   13  17   81    3  307  -23  307  -23  11  0  0 L3P CD
G30 FF 61127 201000  780 453 1235    -1682068   -120         -22     12   14  36  103    3  357  -39  357  -39  12  0  0 L3P 27
G05 FF 61127 202600  780 187 2903     2309848     29          53     23   31  89  227   37  981  147  981  147  24  0  0 L3P 45
G13 FF 61127 202600  780 548 2178    -6817812      2          26    -13   16  50   90   -8  334  -26  334  -26  15  0  0 L3P 0A
G14 FF 61127 202600  780 467 1593    -7411470     10          20     25   33 189  101   10  302  -26  302  -26  31  0  0 L3P 16
G15 FF 61127 202600  780 246 2249    -3982338    -90          12    -57   34  87  176  -36  516  -24  516  -24  30  0  0 L3P 5D
G17 FF 61127 202600  780 635  656      992523     85          42    -10   11 178   82   -2  310  -20  310  -20  10  0  0 L3P E4
G19 FF 61127 202600  780 517  157    -6952835    -22          24    -10   14  94   94  -10  383  -48  383  -48  13  0  0 L3P 37
G20 FF 61127 202600  780 494 2280     -783892   -223          34    -14   16  14   97   -9  374  -23  374  -23  13  0  0 L3P 30
G21 FF 61127 202600  780 207 3202    -4118572    -44          23    -21   32 188  207   43  968  182  968  182  27  0  0 L3P 65
G22 FF 61127 202600  780 598 1862      272272    -38           5     19   15  17   85    5  300  -30  300  -30  13  0  0 L3P CE
G30 FF 61127 202600  780 436 1133    -1682166   -134           7     -2   13  36  106    4  316   -1  316   -1  13  0  0 L3P D6
G13 FF 61127 204200  780 617 2242    -6817793     15          13      0   18  57   84   -5  305  -24  305  -24  17  0  0 L3P F7
G14 FF 61127 204200  780 412 1533    -7411494    -17          10     -3   18 189  112   12  299   -7  299   -7  15  0  0 L3P 1B
G15 FF 61127 204200  780 297 2293    -3982362     -6          19     27   25  87  148  -23  459  -72  459  -72  22  0  0 L3P 4F
G17 FF 61127 204200  780 654  845      992607     61          34    -35   21 178   81    0  284  -10  284  -10  18  0  0 L3P F3
G19 FF 61127 204200  780 595  217    -6952856    -29          15    -16   16  94   85   -7  333  -39  333  -39  13  0  0 L3P 36
G20 FF 61127 204200  780 551 2364     -784097   -207          31      3   19  14   90   -6  348  -28  348  -28  16  0  0 L3P 11
G22 FF 61127 204200  780 545 1762      272222    -58           9     -1   17  17   90    6  280  -16  280  -16  14  0  0 L3P CE
G30 FF 61127 204200  780 414 1035    -1682288    -57          12     75   19  36  111    5  310  -70  310  -70  16  0  0 L3P 09
G13 FF 61127 205800  780 679 2362    -6817781      8          10     -7   14  57   79   -3  287  -13  287  -13  12  0  0 L3P 10
G14 FF 61127 205800  780 361 1476    -7411511    -35           8    -20   19 189  125   15  289    0  289    0  16  0  0 L3P 06
G15 FF 61127 205800  780 342 2350    -3982408    -33           5      0   26  87  131  -15  424  -30  424  -30  24  0  0 L3P 0A
G17 FF 61127 205800  780 643 1038      992693     97          29      1   11 178   82    2  261  -30  261  -30  10  0  0 L3P E5
G19 FF 61127 205800  780 669  316    -6952874    -40           9    -28   20  94   80   -4  291  -20  291  -20  17  0  0 L3P 17
G20 FF 61127 205800  780 595 2485     -784303   -234          26    -25   13  14   85   -3  330   -1  330   -1  10  0  0 L3P F0
G22 FF 61127 205800  780 493 1678      272163    -74           5    -17   21  17   97    8  268   -2  268   -2  20  0  0 L3P D5
G30 FF 61127 205800  780 388  942    -1682421    -79           5     53   18  36  117    8  307  -56  307  -56  15  0  0 L3P 12
G13 FF 61127 211400  780 721 2572    -6817766     23          11      8   15  57   77   -1  278  -18  278  -18  13  0  0 L3P 0D
G14 FF 61127 211400  780 314 1419    -7411520     27          13     42   25 189  141   19  268  -51  268  -51  20  0  0 L3P 2B
G15 FF 61127 211400  780 380 2423    -3982422    -30          22      3   21  87  119   -9  388  -21  388  -21  19  0  0 L3P 1B
G17 FF 61127 211400  780 604 1193      992783     85          27    -10   14 178   85    4  241  -10  241  -10  14  0  0 L3P F9
G19 FF 61127 211400  780 731  498    -6952888     22           6     34   26  94   77   -2  257  -56  257  -56  19  0  0 L3P 18
G20 FF 61127 211400  780 619 2645     -784506   -265          23    -56   32  14   83   -1  324   28  324   28  21  0  0 L3P 0B
G22 FF 61127 211400  780 442 1602      272118    -83          14    -26   29  17  105   10  242    0  242    0  26  0  0 L3P BA
G30 FF 61127 211400  780 357  855    -1682548   -147           5    -15   27  36  126   11  309   17  309   17  24  0  0 L3P 19
G06 FF 61127 213000  780 200  396     6123266     -4          -8      3   42  90  214  -48  595 -147  595 -147  35  0  0 L3P 24
G13 FF 61127 213000  780 726 2855    -6817748     28          14     14   11  57   77    1  270   -6  270   -6  10  0  0 L3P DF
G14 FF 61127 213000  780 270 1363    -7411547    -31           0    -16   19 189  161   24  256    4  256    4  13  0  0 L3P F2
G15 FF 61127 213000  780 407 2509    -3982467    -21           9     11   20  87  113   -5  387  -14  387  -14  18  0  0 L3P 21
G17 FF 61127 213000  780 549 1299      992865     98          17      3   19 178   90    7  229  -11  229  -11  16  0  0 L3P 03
G19 FF 61127 213000  780 760  809    -6952902    -36           4    -23   24  94   76    0  229   -9  229   -9  20  0  0 L3P E2
G20 FF 61127 213000  780 617 2820     -784709   -220          21    -11   12  14   84    1  325   16  325   16  11  0  0 L3P E0
G22 FF 61127 213000  780 394 1532      272061    -44          12     13   23  17  116   12  225   -8  225   -8  19  0  0 L3P D3
G30 FF 61127 213000  780 321  775    -1682685   -144          -5    -12   24  36  138   15  317    8  317    8  20  0  0 L3P F6
G06 FF 61127 214600  780 246  457     6123290     28          23     35   38  90  176  -32  459 -115  459 -115  26  0  0 L3P 47
G13 FF 61127 214600  780 689 3094    -6817732     -9          16    -24   14  57   79    3  281   41  281   41  13  0  0 L3P 01
G14 FF 61127 214600  780 230 1305    -7411535     13          26     28   24 189  187   31  221  -40  221  -40  19  0  0 L3P 21
G15 FF 61127 214600  780 420 2607    -3982486     -1          21     32   25  87  110   -2  389   -2  389   -2  23  0  0 L3P F7
G17 FF 61127 214600  780 484 1365      992965     83          26    -13   30 178   98   11  208   -4  208   -4  30  0  0 L3P 01
G19 FF 61127 214600  780 737 1129    -6952919     61          -1     73   15  94   77    2  215  -53  215  -53  13  0  0 L3P 0D
G20 FF 61127 214600  780 589 2979     -784901   -193          30     16   13  14   86    4  340   20  340   20  11  0  0 L3P EF
G22 FF 61127 214600  780 349 1464      272002    -83           8    -27   26  17  128   14  220   18  220   18  21  0  0 L3P E2
G24 FF 61127 214600  780 223 2197      613972   -159          16     13   33  69  193  -46  386 -102  386 -102  30  0  0 L3P 60
G30 FF 61127 214600  780 281  703    -1682788    -70          18     62   33  36  156   22  317   -7  317   -7  27  0  0 L3P 07
G06 FF 61127 220200  780 292  523     6123283    -57          25    -51   42  91  150  -22  389  -25  389  -25  34  0  0 L3P 2F
G12 FF 61127 220200  780 206 2625     6079774     -7          22     -7   37  84  208  -28  758 -118  758 -118  32  0  0 L3P 58
G13 FF 61127 220200  780 628 3244    -6817723     -2          10    -17   16  60   83    5  318   70  318   70  15  0  0 L3P E6
G14 FF 61127 220200  780 192 1247    -7411581    -47           0    -32   31 190  221   41  234   19  234   19  24  0  0 L3P 0D
G15 FF 61127 220200  780 420 2710    -3982512    -51          31    -18   29  88  110    2  429   67  429   67  26  0  0 L3P 15
G17 FF 61127 220200  780 416 1404      993051    110          23     15   24 182  111   16  201  -13  201  -13  20  0  0 L3P F1
G19 FF 61127 220200  780 680 1314    -6952926     -9           8      4   19 101   79    4  202  -12  202  -12  17  0  0 L3P DF
G20 FF 61127 220200  780 543 3105     -785109   -227          30    -18   18  15   91    6  387   81  387   81  16  0  0 L3P 07
G22 FF 61127 220200  780 307 1398      271958    -43          19     14   21  18  143   18  198  -23  198  -23  16  0  0 L3P 1A
G24 FF 61127 220200  780 279 2175      613818   -183          25    -11   31  70  156  -31  318  -44  318  -44  27  0  0 L3P 3C
G30 FF 61127 220200  780 237  638    -1682904   -125          24      7   53  47  182   34  367   93  367   93  45  0  0 L3P 1B
G06 FF 61127 221800  780 336  597     6123281      8          29     15   31  91  132  -15  335  -53  335  -53  26  0  0 L3P 05
G11 FF 61127 221800  780 206  148     3917535    -83          40     46   33  29  208  -55 1061 -187 1061 -187  25  0  0 L3P 70
G12 FF 61127 221800  780 234 2554     6079789     24          36     24   22  84  184  -21  633 -116  633 -116  20  0  0 L3P 4F
G13 FF 61127 221800  780 556 3336    -6817700     56          20     42   19  60   89    8  384   76  384   76  15  0  0 L3P 06
G15 FF 61127 221800  780 406 2812    -3982552    -16          23     17   21  88  113    5  516  114  516  114  18  0  0 L3P 26
G17 FF 61127 221800  780 347 1423      993151     72          32    -24   23 182  129   23  194   25  194   25  22  0  0 L3P 0B
G19 FF 61127 221800  780 609 1405    -6952936     -3           9     10   16 101   84    6  195   -5  195   -5  15  0  0 L3P E4
G20 FF 61127 221800  780 486 3200     -785310   -203          29      6   19  15   98    9  485  138  485  138  15  0  0 L3P 1A
G22 FF 61127 221800  780 268 1332      271905    -79          21    -22   23  18  162   22  190   22  190   22  17  0  0 L3P F4
G24 FF 61127 221800  780 339 2159      613641   -172          13      0   19  70  131  -22  290  -17  290  -17  15  0  0 L3P 12
G30 FF 61127 221800  780 190  581    -1683032   -114          22     18   39  47  224   56  484  158  484  158  36  0  0 L3P 4D
G06 FF 61127 223400  780 375  682     6123260     14          14     21   30  91  120  -10  318  -42  318  -42  26  0  0 L3P F7
G11 FF 61127 223400  780 263  193     3917426   -191          55    -63   33  29  165  -36  895 -103  895 -103  30  0  0 L3P 73
G12 FF 61127 223400  780 260 2481     6079792     -2          39     -2   29  84  167  -16  548  -59  548  -59  27  0  0 L3P 43
G13 FF 61127 223400  780 482 3397    -6817698     -2           7    -17   29  60   99   12  549  231  549  231  28  0  0 L3P 3A
G15 FF 61127 223400  780 380 2907    -3982584    -64          23    -31   19  88  119    8  684  251  684  251  16  0  0 L3P 59
G17 FF 61127 223400  780 279 1429      993256    101          45      6   23 182  157   36  177  -13  177  -13  18  0  0 L3P 29
G19 FF 61127 223400  780 536 1447    -6952950     -9           7      4   22 101   91    9  199    0  199    0  19  0  0 L3P C0
G20 FF 61127 223400  780 425 3273     -785519   -194          21     15   18  15  109   13  688  257  688  257  18  0  0 L3P 5B
G22 FF 61127 223400  780 231 1267      271836    -11           7     46   25  18  186   28  205  -38  205  -38  19  0  0 L3P 03
G24 FF 61127 223400  780 403 2150      613484   -201          21    -29   19  70  114  -16  279   39  279   39  17  0  0 L3P 26
G06 FF 61127 225000  780 406  776     6123253    -38          14    -31   21  91  113   -6  311   29  311   29  16  0  0 L3P EF
G11 FF 61127 225000  780 324  241     3917261   -167          13    -39   22  29  137  -24  818  -67  818  -67  17  0  0 L3P 4D
G12 FF 61127 225000  780 286 2407     6079782    -33          29    -33   17  84  153  -13  519   -2  519   -2  16  0  0 L3P 24
G13 FF 61127 225000  780 407 3443    -6817695     71          -4     57   39  60  113   17  855  304  855  304  37  0  0 L3P 3F
G15 FF 61127 225000  780 346 2994    -3982605    -13          25     20   23   8  129   13  934  180  934  180  25  0  0 L3P 34
G17 FF 61127 225000  780 213 1424      993350     68          47    -27   32 182  201   59  167    6  167    6  26  0  0 L3P F1
G19 FF 61127 225000  780 463 1464    -6952951    -11          23      2   24   1  102   13  207    7  207    7  22  0  0 L3P BB
G20 FF 61127 225000  780 362 3332     -785718   -264          24    -55   46  15  124   19  975  274  975  274  48  0  0 L3P 6B
G22 FF 61127 225000  780 197 1201      271815    -87          39    -30   24  18  216   36  176   25  176   25  19  0  0 L3P 09
G24 FF 61127 225000  780 469 2153      613323   -178          25     -6   15  70  101  -12  294   41  294   41  13  0  0 L3P 03
G06 FF 61127 230600  780 425  880     6123246    -31          13    -24   21  91  109   -3  311   28  311   28  18  0  0 L3P EC
G11 FF 61127 230600  780 387  294     3917124   -161          -1    -32   22  29  118  -17  740 -116  740 -116  17  0  0 L3P 56
G12 FF 61127 230600  780 313 2333     6079771    -32          19    -32   17  84  141  -11  514   30  514   30  15  0  0 L3P 0E
G13 FF 61127 230600  780 335 3481    -6817671     11           6     -4   19  60  133   26 1049   58 1049   58  15  0  0 L3P 21
G15 FF 61127 230600  780 305 3072    -3982695    200         -33    233  119   8  144   19  579 -692  579 -692 100  0  0 L3P A8
G19 FF 61127 230600  780 393 1465    -6952975      2          12     15   20   1  116   17  224   -7  224   -7  19  0  0 L3P DE
G20 FF 61127 230600  780 300 3382     -785934   -198           9     12   44  15  147   28 1019  -72 1019  -72  41  0  0 L3P 49
G24 FF 61127 230600  780 538 2170      613151   -160          18     12   17  70   91   -8  351   65  351   65  16  0  0 L3P EB
G06 FF 61127 232200  780 430  989     6123234    -19           8    -13   25  91  108    1  317   16  317   16  23  0  0 L3P DB
G11 FF 61127 232200  780 450  359     3917006   -143           5    -15   34  29  104  -12  704  135  704  135  33  0  0 L3P 23
G12 FF 61127 232200  780 339 2258     6079759     21           6     21   34  84  131  -10  435 -343  435 -343  33  0  0 L3P 37
G13 FF 61127 232200  780 265 3516    -6817666     66          -4     51   46  60  164   40  941  -47  941  -47  34  0  0 L3P 35
G15 FF 61127 232200  780 262 3142    -3982684     15          10     48   40   8  166   27  292 -353  292 -353  49  0  0 L3P 46
G19 FF 61127 232200  780 327 1456    -6952974     14          24     27   28   1  136   25  218  -35  218  -35  23  0  0 L3P 1D
G20 FF 61127 232200  780 241 3428     -786140   -220           3    -11   23  15  179   41  959  -68  959  -68  16  0  0 L3P 3B
G24 FF 61127 232200  780 607 2212      612989   -204          20    -32   13  70   84   -6  453  172  453  172  13  0  0 L3P 19
G06 FF 61127 233800  780 418 1094     6123232    -11          12     -4   19  91  110    4  321   13  321   13  17  0  0 L3P CF
G11 FF 61127 233800  780 510  441     3916888   -108          10     20   16  29   95   -8  652 -127  652 -127  14  0  0 L3P 39
G12 FF 61127 233800  780 367 2182     6079786     23          33     23   35  84  123   -8  256 -150  256 -150  32  0  0 L3P 41
G13 FF 61127 233800  780 200 3550    -6817647    -39           2    -53   73  60  214   66  567 -457  567 -457  55  0  0 L3P 74
G15 FF 61127 233800  780 218 3207    -3982673     -1          51     32   45   8  197   39  307  421  307  421  64  0  0 L3P 25
G19 FF 61127 233800  780 264 1438    -6952984     22          27     35   25   1  165   36  219  -44  219  -44  18  0  0 L3P 2D
G20 FF 61127 233800  780 185 3471     -786358   -249         -14    -40   79  15  229   63  807 -398  807 -398  53  0  0 L3P A6
G24 FF 61127 233800  780 674 2298      612819   -166          15      6   23  70   80   -4  583   23  583   23  29  0  0 L3P F9
