CGGTTS     GENERIC DATA FORMAT VERSION = 2E
REV DATE = 2025-11-01
RCVR = PolaRx5TR (5.6.0)     sbf2cggtts-1.5.0
CH = 80
IMS = PolaRx5TR
LAB = LRTE
X = 3967035.920 m
Y = -4390028.540 m
Z = -2375644.640 m
FRAME = ITRF
COMMENTS = LS=18; ElMask=10deg; 'Generated from the SBF in 2026-04-09 at 23:53:39'
INT DLY = 24.9 ns (GPS P1),  15.7 ns (GPS P2)     CAL_ID = 1201-2025
CAB DLY = 103.1 ns
REF DLY = 47.2 ns
REF = UTC(LRTE)
CKSUM = 0b

SAT CL  MJD  STTIME TRKL ELV AZTH   REFSV      SRSV     REFSYS    SRSYS  DSG IOE MDTR SMDT MDIO SMDI MSIO SMSI ISG FR HC FRC CK
             hhmmss  s  .1dg .1dg    .1ns     .1ps/s     .1ns    .1ps/s .1ns     .1ns.1ps/s.1ns.1ps/s.1ns.1ps/s.1ns
G06 FF 61139 001000  780 202 1404     6112908    -45          11    -30   44  92  212   61   84   48   84   48  34  0  0 L3P E2
G11 FF 61139 001000  780 579 1157     3795015   -140           4    -13   17 172   87    4   70    3   70    3  14  0  0 L3P AE
G12 FF 61139 001000  780 520 1782     6079934    -27           9    -27   14  40   93   -5   63   28   63   28  12  0  0 L3P CD
G24 FF 61139 001000  780 621 3353      447904   -191          -1    -16   14  77   83    6   96   18   96   18  14  0  0 L3P D2
G25 FF 61139 001000  780 271 2194    -4314328     41          16     14   36  18  161  -27   98  -24   98  -24  34  0  0 L3P 0D
G29 FF 61139 001000  780 301 2751     3437837      5          31     76   26  77  146  -15  189 -123  189 -123  20  0  0 L3P 3D
G05 FF 61139 002600  780 191  369     2314913     -6          42    -12   29   4  223  -52  245 -147  245 -147  25  0  0 L3P 28
G11 FF 61139 002600  780 530 1266     3794894   -108           6     20   22 172   92    7   62  -16   62  -16  19  0  0 L3P F2
G12 FF 61139 002600  780 555 1676     6079930     -8           5     -8   11  40   89   -4   66   13   66   13  10  0  0 L3P AD
G21 FF 61139 002600  780 188  648    -4136574     -1          13     14   47  92  227  -38  148  -48  148  -48  42  0  0 L3P 30
G24 FF 61139 002600  780 546 3425      447730   -148          -7     27   30  77   90    9  108  -11  108  -11  29  0  0 L3P FE
G25 FF 61139 002600  780 320 2149    -4314315    -24           3    -51   25  18  138  -20   95   41   95   41  21  0  0 L3P E8
G29 FF 61139 002600  780 333 2668     3437770    -71          32      1   22  77  134  -11  145  -38  145  -38  20  0  0 L3P 20
G05 FF 61139 004200  780 237  430     2314910     26          34     21   39   4  182  -35  146  -86  146  -86  31  0  0 L3P F9
G11 FF 61139 004200  780 471 1339     3794785   -100          19     27   31 172  100   11   51  -25   51  -25  27  0  0 L3P 13
G12 FF 61139 004200  780 586 1554     6079934     46           9     46   13  40   86   -3   61  -44   61  -44  11  0  0 L3P D3
G21 FF 61139 004200  780 218  719    -4136587    -30          15    -16   30  92  197  -25  118   -4  118   -4  23  0  0 L3P 11
G24 FF 61139 004200  780 470 3475      447564   -164          -4     11   29  77  101   13  118    5  118    5  28  0  0 L3P DF
G25 FF 61139 004200  780 373 2106    -4314272    -51          19    -78   19  18  121  -16   71   70   71   70  18  0  0 L3P 07
G29 FF 61139 004200  780 360 2581     3437700    -68          31      4   18  77  125   -8  118  -37  118  -37  14  0  0 L3P 15
G05 FF 61139 005800  780 284  496     2314901      0          20     -5   29   4  154  -24  111  -37  111  -37  22  0  0 L3P D4
G11 FF 61139 005800  780 406 1386     3794653    -92           9     35   35 172  113   16   60  -32   60  -32  32  0  0 L3P 01
G12 FF 61139 005800  780 612 1412     6079931     39           6     39   15  40   84   -2   61  -38   61  -38  13  0  0 L3P CE
G21 FF 61139 005800  780 244  795    -4136577    -43          39    -28   38  92  177  -16   74    6   74    6  33  0  0 L3P FA
G24 FF 61139 005800  780 395 3513      447391   -143          -9     32   18  77  115   19  137   -7  137   -7  14  0  0 L3P 0C
G25 FF 61139 005800  780 430 2065    -4314240     81          26     53   15  18  108  -12   60  -58   60  -58  13  0  0 L3P 01
G29 FF 61139 005800  780 383 2490     3437621    -58          21     14   17  77  118   -6  103  -31  103  -31  14  0  0 L3P 18
G05 FF 61139 011400  780 329  568     2314912      1          25     -5   27   4  135  -16   83  -22   83  -22  24  0  0 L3P B9
G11 FF 61139 011400  780 340 1413     3794523   -116           1     11   20 172  131   23   61  -10   61  -10  16  0  0 L3P DD
G12 FF 61139 011400  780 627 1250     6079933    -17           8    -17   16  40   83   -1   56   12   56   12  15  0  0 L3P C2
G21 FF 61139 011400  780 264  875    -4136621    -45           9    -30   31  92  165   -9   87   10   87   10  25  0  0 L3P D9
G24 FF 61139 011400  780 323 3546      447243   -156          11     19   23  77  137   28  150   27  150   27  19  0  0 L3P 08
G25 FF 61139 011400  780 492 2024    -4314214     20          25     -8   18  18   97  -10   51   -4   51   -4  16  0  0 L3P BC
G29 FF 61139 011400  780 403 2396     3437551    -57          20     15   19  77  114   -4   87  -30   87  -30  16  0  0 L3P 02
G05 FF 61139 013000  780 371  650     2314905     26          13     20   22   4  122  -11   72  -40   72  -40  18  0  0 L3P B3
G11 FF 61139 013000  780 274 1425     3794407   -117           8     10   22 172  159   36   53  -11   53  -11  20  0  0 L3P FB
G12 FF 61139 013000  780 627 1076     6079934      7           9      7   13  40   83    1   52  -10   52  -10  11  0  0 L3P 86
G18 FF 61139 013000  780 259 3190     3814090    -97          25     -3   28 135  168  -39  269 -176  269 -176  24  0  0 L3P 85
G21 FF 61139 013000  780 275  959    -4136638     -9           6      6   23  92  158   -3   77   -8   77   -8  19  0  0 L3P BD
G24 FF 61139 013000  780 254 3577      447087   -167          23      8   20  77  171   43  188   64  188   64  15  0  0 L3P 12
G25 FF 61139 013000  780 558 1984    -4314206     22           7     -5   17  18   89   -7   54   -7   54   -7  16  0  0 L3P BD
G29 FF 61139 013000  780 419 2301     3437480    -83          18    -11   19  77  110   -3   73   -3   73   -3  15  0  0 L3P D9
G05 FF 61139 014600  780 404  743     2314922      4          24     -2   26   4  113   -7   51   -5   51   -5  25  0  0 L3P 77
G11 FF 61139 014600  780 210 1426     3794277   -172          -1    -45   22 172  204   60   56   49   56   49  18  0  0 L3P 17
G12 FF 61139 014600  780 610  908     6079935     -7          10     -7   25  40   84    2   51    4   51    4  20  0  0 L3P 6A
G18 FF 61139 014600  780 322 3141     3813987   -115          13    -21   18 135  138  -24  146  -72  146  -72  16  0  0 L3P 62
G21 FF 61139 014600  780 276 1042    -4136638      2          20     17   26  92  158    2   52  -30   52  -30  21  0  0 L3P C5
G24 FF 61139 014600  780 190    9      446936   -193          40    -18   27  77  225   71  262  121  262  121  22  0  0 L3P 05
G25 FF 61139 014600  780 628 1942    -4314189     -7          -2    -34   13  18   83   -6   54   21   54   21  11  0  0 L3P CE
G29 FF 61139 014600  780 434 2203     3437408    -76          14     -4   14  77  107   -3   70   -8   70   -8  13  0  0 L3P D1
G05 FF 61139 020200  780 427  846     2314928      1          28     -5   21   5  108   -3   45   -3   45   -3  18  0  0 L3P 83
G12 FF 61139 020200  780 577  760     6079930     22           5     22   16  41   87    4   53  -12   53  -12  14  0  0 L3P 9F
G18 FF 61139 020200  780 382 3079     3813901    -85          13     10   25 136  119  -16   88  -35   88  -35  20  0  0 L3P 26
G21 FF 61139 020200  780 266 1124    -4136658     65          11     80   34  93  163    9   57  -77   57  -77  31  0  0 L3P FD
G25 FF 61139 020200  780 701 1892    -4314156     32           5      5   17  20   78   -4   43   -6   43   -6  14  0  0 L3P 93
G28 FF 61139 020200  780 213 2384     5596980    -82          26      8   30 194  201  -24   94  -16   94  -16  25  0  0 L3P 1B
G29 FF 61139 020200  780 446 2105     3437358    -59          30     12   21  78  105   -2   47  -21   47  -21  19  0  0 L3P F3
G05 FF 61139 021800  780 436  954     2314926    -10          21    -16   35   5  107    0   45   24   45   24  32  0  0 L3P AC
G12 FF 61139 021800  780 531  640     6079949    -60          24    -60   27  41   92    6   42   49   42   49  21  0  0 L3P C6
G18 FF 61139 021800  780 438 3003     3813819    -87          21      7   47 136  106  -11   64  -16   64  -16  30  0  0 L3P 0F
G21 FF 61139 021800  780 245 1199    -4136654    -29          29    -14   20  93  176   18   41   20   41   20  17  0  0 L3P FC
G25 FF 61139 021800  780 777 1812    -4314127     71           8     44   13  20   75   -2   39  -39   39  -39  11  0  0 L3P E0
G28 FF 61139 021800  780 234 2456     5596892    -89          25      1   26 194  184  -12   87   -6   87   -6  24  0  0 L3P 13
G29 FF 61139 021800  780 458 2005     3437280    -77          21     -6   16  78  102   -2   48    5   48    5  14  0  0 L3P BE
G05 FF 61139 023400  780 428 1061     2314926      1          16     -5   24   5  108    3   49    3   49    3  23  0  0 L3P 6A
G12 FF 61139 023400  780 477  545     6079952    -20          27    -20   15  41   99   10   40   24   40   24  12  0  0 L3P C3
G18 FF 61139 023400  780 489 2908     3813716    -88           9      7   17 136   98   -7   58  -16   58  -16  14  0  0 L3P 07
G21 FF 61139 023400  780 215 1266    -4136666      4          31     19   28  93  199   32   40  -20   40  -20  23  0  0 L3P E0
G25 FF 61139 023400  780 850 1549    -4314109     93           0     65   37  20   74   -1   43  -56   43  -56  36  0  0 L3P DB
G28 FF 61139 023400  780 245 2534     5596813    -39          31     50   32 194  176   -4   74  -48   74  -48  30  0  0 L3P 25
G29 FF 61139 023400  780 468 1904     3437216    -73          25     -2   19  78  101   -2   38   -2   38   -2  17  0  0 L3P D6
G05 FF 61139 025000  780 406 1159     2314935      2          19     -4   30   5  113    7   44    5   44    5  26  0  0 L3P 69
G12 FF 61139 025000  780 416  471     6079957     17          32     17   16  41  111   14   41   -9   41   -9  13  0  0 L3P B4
G18 FF 61139 025000  780 530 2794     3813628   -116          11    -21   20 136   92   -5   50   11   50   11  18  0  0 L3P E9
G23 FF 61139 025000  780 209 3520    -6339574    -86          50    -42   29 113  205  -67  135 -105  135 -105  22  0  0 L3P 78
G25 FF 61139 025000  780 846  481    -4314080     48           3     21   19  20   74    1   42  -14   42  -14  15  0  0 L3P A3
G28 FF 61139 025000  780 246 2614     5596727   -138          32    -48   38 194  176    3   71   54   71   54  33  0  0 L3P 21
G29 FF 61139 025000  780 478 1802     3437152    -65          30      7   19  78   99   -2   36   -1   36   -1  17  0  0 L3P C0
G05 FF 61139 030600  780 371 1243     2314961     30          40     24   23   5  122   12   30  -16   30  -16  19  0  0 L3P B9
G12 FF 61139 030600  780 352  413     6079959    -10          34    -10   23  41  127   21   49    7   49    7  17  0  0 L3P BA
G18 FF 61139 030600  780 561 2660     3813547    -85          21      9   15 136   89   -3   41   -8   41   -8  14  0  0 L3P D0
G23 FF 61139 030600  780 280 3531    -6339631    -74          36    -30   25 113  156  -39   82  -29   82  -29  19  0  0 L3P 45
G25 FF 61139 030600  780 768  249    -4314044     32          12      5   17  20   76    3   41    5   41    5  14  0  0 L3P 6A
G28 FF 61139 030600  780 237 2695     5596549    -87         -60      3   33 194  182   10  175    3  175    3  28  0  0 L3P 11
G29 FF 61139 030600  780 487 1696     3437089    -74          36     -3   14  78   98   -1   41    3   41    3  11  0  0 L3P BA
G05 FF 61139 032200  780 325 1309     2314957      4          30     -2   25   5  137   19   37   -1   37   -1  22  0  0 L3P 92
G12 FF 61139 032200  780 286  369     6079960     54          35     54   28  41  153   34   48  -45   48  -45  22  0  0 L3P F7
G18 FF 61139 032200  780 578 2511     3813448    -83          13     12   16 136   87   -1   40  -14   40  -14  12  0  0 L3P ED
G23 FF 61139 032200  780 355 3537    -6339674    -58          35    -13   21 113  127  -25   55   -7   55   -7  17  0  0 L3P 20
G25 FF 61139 032200  780 685  184    -4314015     44          15     17   16  20   79    5   38   -8   38   -8  12  0  0 L3P A9
G28 FF 61139 032200  780 219 2774     5596608   -235          85   -145   68 194  195   18   33  162   33  162  65  0  0 L3P 75
G29 FF 61139 032200  780 494 1588     3437029    -90          44    -18   16  78   97   -1   30    6   30    6  14  0  0 L3P C9
G05 FF 61139 033800  780 273 1360     2314956    -19          24    -25   24   5  160   30   39   27   39   27  18  0  0 L3P E5
G12 FF 61139 033800  780 219  336     6079967    -49          42    -49   28  41  196   58   51   54   51   54  21  0  0 L3P 01
G18 FF 61139 033800  780 581 2358     3813360    -97          15     -2   14 136   87    0   37    3   37    3  12  0  0 L3P B1
G23 FF 61139 033800  780 434 3539    -6339730     -8          22     36   17 113  107  -17   55  -41   55  -41  12  0  0 L3P 1A
G25 FF 61139 033800  780 601  152    -4313996     10           8    -17   26  20   85    7   43   12   43   12  24  0  0 L3P 9F
G26 FF 61139 033800  780 228 2237     3513733     14          55    -33   40  40  189  -46   43   28   43   28  37  0  0 L3P FD
G28 FF 61139 033800  780 196 2849     5596470   -111          33    -21   32 194  218   29  104   44  104   44  25  0  0 L3P 48
G29 FF 61139 033800  780 499 1476     3436968    -57          52     15   17  78   96    0   23  -10   23  -10  14  0  0 L3P F4
G05 FF 61139 035400  780 217 1396     2314960    -17          22    -23   32   5  198   51   43   19   43   19  27  0  0 L3P E4
G15 FF 61139 035400  780 204  768    -4014828    -60          26    -27   38  35  210  -24   58   21   58   21  32  0  0 L3P F9
G18 FF 61139 035400  780 572 2210     3813268   -108          14    -14   13 136   87    1   35   11   35   11  12  0  0 L3P DE
G23 FF 61139 035400  780 516 3538    -6339771    -38          23      7   22 113   94  -11   46   -9   46   -9  18  0  0 L3P F8
G25 FF 61139 035400  780 519  135    -4313968     20          10     -8   18  20   94   11   41    5   41    5  16  0  0 L3P 8C
G26 FF 61139 035400  780 283 2273     3513758     90          34     42   25  40  155  -28   53  -44   53  -44  21  0  0 L3P 04
G29 FF 61139 035400  780 500 1361     3436871    -64          24      7   11  78   96    0   49  -20   49  -20   9  0  0 L3P C1
G10 FF 61139 041000  780 219 3370     5897790      2          -8     10   51  24  197  -61  114  -52  114  -52  47  0  0 L3P 09
G15 FF 61139 041000  780 225  843    -4014865    -64          21    -31   31  50  191  -15   56   15   56   15  26  0  0 L3P ED
G18 FF 61139 041000  780 554 2074     3813161    -88          -6      6   17 137   89    2   45  -10   45  -10  14  0  0 L3P D4
G23 FF 61139 041000  780 601 3533    -6339825    -29          14     15   23 114   85   -8   44  -22   44  -22  21  0  0 L3P FA
G25 FF 61139 041000  780 438  125    -4313947     53           1     26   41  21  106   16   48  -14   48  -14  38  0  0 L3P D2
G26 FF 61139 041000  780 334 2322     3513804     24          34    -24   26  41  133  -18   46   20   46   20  21  0  0 L3P D2
G29 FF 61139 041000  780 496 1245     3436812   -111          35    -39   17  79   96    1   41   36   41   36  14  0  0 L3P E9
G10 FF 61139 042600  780 290 3351     5897794    -67           3    -59   24  24  152  -35   68   28   68   28  22  0  0 L3P 0F
G15 FF 61139 042600  780 240  920    -4014888     74          29    107   35  50  180   -8   48  -89   48  -89  30  0  0 L3P 16
G18 FF 61139 042600  780 529 1952     3813076    -69          -1     25   22 137   92    3   39  -21   39  -21  21  0  0 L3P F0
G23 FF 61139 042600  780 688 3523    -6339881    -87           0    -42   19 114   79   -5   53   40   53   40  17  0  0 L3P FD
G25 FF 61139 042600  780 360  121    -4313913     16           9    -11   26  21  125   24   50   13   50   13  20  0  0 L3P A6
G26 FF 61139 042600  780 380 2388     3513837     36          21    -12   20  41  119  -11   53    2   53    2  15  0  0 L3P BE
G29 FF 61139 042600  780 486 1129     3436745    -93          36    -21   24  79   98    2   41   15   41   15  21  0  0 L3P DF
G10 FF 61139 044200  780 362 3323     5897780     29          -4     37   53  24  124  -22   59  -39   59  -39  51  0  0 L3P 12
G15 FF 61139 044200  780 246  999    -4014919    -19          30     14   24  50  176   -1   47  -16   47  -16  21  0  0 L3P FC
G18 FF 61139 044200  780 502 1841     3812992   -101           6     -6   20 137   96    4   34    9   34    9  19  0  0 L3P B1
G23 FF 61139 044200  780 776 3506    -6339928    -77          -4    -33   26 114   75   -3   51   33   51   33  26  0  0 L3P 04
G25 FF 61139 044200  780 284  123    -4313886     52           9     25   27  21  154   38   60   13   60   13  25  0  0 L3P BB
G26 FF 61139 044200  780 416 2470     3513867     19           4    -29   18  41  111   -7   59   22   59   22  15  0  0 L3P D5
G29 FF 61139 044200  780 469 1016     3436671    -90           5    -19   26  80  101    4   42   28   42   28  22  0  0 L3P CF
G10 FF 61139 045800  780 436 3281     5897761      5         -14     13   17  24  107  -15   61   -7   61   -7  15  0  0 L3P DD
G15 FF 61139 045800  780 243 1077    -4014936    -26          45      7   28  50  177    5   25   -1   25   -1  25  0  0 L3P C5
G16 FF 61139 045800  780 237 2256    -2415648    -70           2      1   40  47  182  -38   69    2   69    2  37  0  0 L3P C8
G18 FF 61139 045800  780 473 1741     3812908    -95          12     -1   22 137  100    5   33   -1   33   -1  17  0  0 L3P CA
G23 FF 61139 045800  780 863 3452    -6339940    -41          27      4   19 114   74   -1   22    2   22    2  18  0  0 L3P B6
G25 FF 61139 045800  780 213  130    -4313841     82          29     55   33  21  202   64   59  -27   59  -27  29  0  0 L3P F5
G26 FF 61139 045800  780 439 2568     3513911     60           2     12   23  41  106   -3   62   -8   62   -8  21  0  0 L3P B3
G29 FF 61139 045800  780 444  910     3436609    -70          11      2   17  80  105    5   38   -2   38   -2  14  0  0 L3P A2
G10 FF 61139 051400  780 509 3223     5897765    -28          -3    -20   13  24   95  -10   51   14   51   14  12  0  0 L3P DC
G15 FF 61139 051400  780 231 1150    -4014993    -30          20      3   28  50  186   13   48  -18   48  -18  23  0  0 L3P ED
G16 FF 61139 051400  780 285 2305    -2415709    -89           8    -18   34  47  154  -23   62   12   62   12  31  0  0 L3P FC
G18 FF 61139 051400  780 445 1647     3812816   -125          11    -31   20 137  105    5   36   24   36   24  17  0  0 L3P FA
G23 FF 61139 051400  780 849 1735    -6339995    -50          15     -6   15 114   74    1   32   -6   32   -6  14  0  0 L3P DA
G26 FF 61139 051400  780 448 2676     3513965     35          11    -13   29  41  104    0   57    5   57    5  26  0  0 L3P B6
G29 FF 61139 051400  780 412  812     3436553    -69          24      2   19  80  111    8   32   -8   32   -8  16  0  0 L3P A5
G10 FF 61139 053000  780 579 3139     5897746    -22         -15    -14   15  24   87   -7   56   10   56   10  13  0  0 L3P F2
G15 FF 61139 053000  780 210 1218    -4015027   -109          17    -76   27  50  204   25   46   63   46   63  23  0  0 L3P 01
G16 FF 61139 053000  780 327 2369    -2415788    -54          -3     16   21  47  136  -14   68  -16   68  -16  18  0  0 L3P 28
G18 FF 61139 053000  780 417 1559     3812731    -94          16      0   24 137  110    6   32   -7   32   -7  21  0  0 L3P BE
G23 FF 61139 053000  780 764 1690    -6340060    -38          -9      6   15 114   76    3   48  -18   48  -18  13  0  0 L3P EB
G26 FF 61139 053000  780 441 2787     3513998     29          -2    -19   22  41  106    3   62    2   62    2  20  0  0 L3P A6
G29 FF 61139 053000  780 374  723     3436472   -110          12    -38   21  80  121   12   42   40   42   40  20  0  0 L3P D1
G10 FF 61139 054600  780 642 3014     5897749     -5          -4      3   12  24   82   -4   45    2   45    2  11  0  0 L3P 7C
G15 FF 61139 054600  780 180 1278    -4015066   -113          10    -80   31  50  236   42   56   64   56   64  25  0  0 L3P 0B
G16 FF 61139 054600  780 360 2447    -2415851    -88           2    -18   26  47  125   -9   66   25   66   25  21  0  0 L3P FB
G18 FF 61139 054600  780 391 1474     3812627    -77           3     17   21 137  116    7   43  -11   43  -11  17  0  0 L3P EE
G23 FF 61139 054600  780 681 1662    -6340108    -27         -13     18   17 114   79    5   48  -17   48  -17  15  0  0 L3P 15
G26 FF 61139 054600  780 420 2892     3514046     62           1     14   28  41  110    6   60   -8   60   -8  23  0  0 L3P 9E
G29 FF 61139 054600  780 330  646     3436409    -73          18     -1   31  80  135   17   42    9   42    9  27  0  0 L3P B4
G10 FF 61139 060200  780 691 2829     5897737    -14          -9     -6   14  33   79   -2   49    3   49    3  12  0  0 L3P B9
G16 FF 61139 060200  780 381 2537    -2415913    -46           7     24   27  48  119   -4   66  -12   66  -12  23  0  0 L3P F9
G18 FF 61139 060200  780 366 1391     3812549   -103          11     -9   18 138  123    7   39   13   39   13  15  0  0 L3P F4
G23 FF 61139 060200  780 602 1634    -6340143    -59           1    -15   18 115   85    7   43   19   43   19  16  0  0 L3P D6
G26 FF 61139 060200  780 388 2988     3514087     56          -5      8   29  73  117   10   69   -7   69   -7  23  0  0 L3P DE
G27 FF 61139 060200  780 235 2176      993189    103          27    -53   42  55  183  -45   56   43   56   43  36  0  0 L3P 08
G29 FF 61139 060200  780 281  578     3436355    -16          29     55   28  81  156   27   37  -54   37  -54  24  0  0 L3P 0B
G32 FF 61139 060200  780 216   35       69800   -209           7    -15   33  45  199  -56   81  -25   81  -25  28  0  0 L3P DA
G10 FF 61139 061800  780 714 2577     5897729     -4         -10      4   13  33   78    0   48   -8   48   -8  11  0  0 L3P B5
G16 FF 61139 061800  780 388 2635    -2415982    -82           6    -11   26  48  117    0   67    3   67    3  22  0  0 L3P C7
G18 FF 61139 061800  780 341 1309     3812455   -129           8    -34   19 138  131    8   43   29   43   29  15  0  0 L3P 00
G23 FF 61139 061800  780 527 1605    -6340182    -43           4      1   20 115   92    9   42   -4   42   -4  18  0  0 L3P A5
G26 FF 61139 061800  780 348 3072     3514136     24          -2    -24   41  73  129   14   67   16   67   16  28  0  0 L3P E8
G27 FF 61139 061800  780 297 2167      993320    134           9    -21   29  55  148  -29   58    7   58    7  25  0  0 L3P E3
G29 FF 61139 061800  780 229  520     3436270    -39          13     33   28  81  188   43   56  -31   56  -31  23  0  0 L3P F7
G32 FF 61139 061800  780 281   64       69619   -232          11    -38   38  45  156  -35   52    1   52    1  30  0  0 L3P A3
G10 FF 61139 063400  780 704 2312     5897731     -4           0      4   13  33   78    1   37   -6   37   -6  12  0  0 L3P 7A
G16 FF 61139 063400  780 382 2735    -2416042    -66          14      5   25  48  119    3   63   -3   63   -3  22  0  0 L3P C1
G18 FF 61139 063400  780 317 1230     3812359    -93           3      2   23 138  139   10   49   -9   49   -9  18  0  0 L3P D7
G23 FF 61139 063400  780 456 1573    -6340228    -59           1    -14   18 115  103   12   44    9   44    9  17  0  0 L3P DB
G26 FF 61139 063400  780 303 3147     3514174     50         -10      2   20  73  145   20   73   -2   73   -2  15  0  0 L3P AD
G27 FF 61139 063400  780 361 2167      993465    183           5     27   17  55  125  -20   56  -39   56  -39  15  0  0 L3P 0A
G32 FF 61139 063400  780 350   94       69404   -190         -18      4   23  45  128  -23   66  -21   66  -21  17  0  0 L3P CF
G10 FF 61139 065000  780 668 2101     5897725     -6           1      2   16  33   80    3   34   -2   34   -2  16  0  0 L3P 75
G16 FF 61139 065000  780 364 2832    -2416120    -54           4     17   16  48  124    7   70   -3   70   -3  15  0  0 L3P B7
G18 FF 61139 065000  780 294 1151     3812290   -101          24     -7   20 138  149   12   33   21   33   21  19  0  0 L3P ED
G23 FF 61139 065000  780 390 1538    -6340269    -49           2     -5   19 115  117   17   41    9   41    9  17  0  0 L3P D1
G26 FF 61139 065000  780 257 3214     3514231     32           1    -15   23  73  169   29   67   14   67   14  18  0  0 L3P D3
G27 FF 61139 065000  780 428 2180      993618    151           8     -5   17  55  108  -14   45    4   45    4  15  0  0 L3P B4
G32 FF 61139 065000  780 422  128       69235   -201          -1     -8   34  45  109  -16   49   12   49   12  33  0  0 L3P B8
G10 FF 61139 070600  780 618 1950     5897716    -21           0    -13   16  33   83    4   41   18   41   18  14  0  0 L3P BA
G16 FF 61139 070600  780 335 2922    -2416173    -77          19     -7   21  48  133   12   63   16   63   16  19  0  0 L3P F4
G18 FF 61139 070600  780 269 1074     3812192    -14          17     81   50 138  162   14   46  -57   46  -57  44  0  0 L3P 22
G23 FF 61139 070600  780 329 1500    -6340293    -27          20     17   23 115  135   22   31   -6   31   -6  21  0  0 L3P DD
G26 FF 61139 070600  780 212 3276     3514279    -19           3    -67   40  73  202   42   80   82   80   82  32  0  0 L3P E5
G27 FF 61139 070600  780 495 2209      993783    168          23     12   21  55   97  -10   35   -4   35   -4  19  0  0 L3P DF
G32 FF 61139 070600  780 497  168       69063   -163          12     30   17  45   96  -11   42  -18   42  -18  14  0  0 L3P DB
G08 FF 61139 072200  780 239 2211    -4646730     66          11      1   36 113  181  -44   65   -6   65   -6  30  0  0 L3P E2
G10 FF 61139 072200  780 564 1836     5897720      3          12     10   15  33   88    6   34   -3   34   -3  14  0  0 L3P 94
G16 FF 61139 072200  780 298 3004    -2416235    -69          24      1   24  48  147   18   65    8   65    8  20  0  0 L3P C7
G18 FF 61139 072200  780 243  998     3812118    -88          33      6   29 138  177   19   45   -2   45   -2  26  0  0 L3P E5
G23 FF 61139 072200  780 272 1459    -6340347    -70          10    -26   33 115  160   31   49   31   49   31  25  0  0 L3P 06
G27 FF 61139 072200  780 561 2265      993938    147          28     -9   19  55   89   -7   33   13   33   13  17  0  0 L3P DE
G32 FF 61139 072200  780 573  224       68884   -213          19    -20   19  45   87   -8   38   21   38   21  16  0  0 L3P C4
G08 FF 61139 073800  780 299 2237    -4646659     88          20     24   32 113  147  -27   48  -17   48  -17  29  0  0 L3P 47
G10 FF 61139 073800  780 509 1745     5897718    -32          17    -24   14  33   95    8   34   20   34   20  11  0  0 L3P D6
G16 FF 61139 073800  780 258 3079    -2416283    -72          43     -1   29  48  168   26   57   -1   57   -1  23  0  0 L3P F9
G18 FF 61139 073800  780 216  924     3812035    -52          41     42   39 138  199   26   46  -25   46  -25  34  0  0 L3P 13
G23 FF 61139 073800  780 219 1415    -6340364    -41          35      3   34 115  196   44   30    7   30    7  27  0  0 L3P CA
G27 FF 61139 073800  780 621 2360      994084    167          26     11   13  55   83   -4   37  -12   37  -12  12  0  0 L3P DF
G32 FF 61139 073800  780 647  312       68708   -192          28      1   15  45   81   -5   31   -4   31   -4  13  0  0 L3P 8C
G08 FF 61139 075400  780 357 2278    -4646609     39           8    -26   23 113  126  -18   52   17   52   17  19  0  0 L3P 19
G10 FF 61139 075400  780 455 1667     5897703    -11          10     -3   19  33  103    9   41    4   41    4  17  0  0 L3P A6
G16 FF 61139 075400  780 215 3147    -2416356    -94          38    -24   27  48  199   38   65   21   65   21  21  0  0 L3P 15
G18 FF 61139 075400  780 186  854     3811935    -75          31     19   39 139  228   37   51  -17   51  -17  33  0  0 L3P 1E
G27 FF 61139 075400  780 667 2513      994231    115          23    -40   12  55   80   -2   40   35   40   35  10  0  0 L3P C2
G32 FF 61139 075400  780 711  466       68511   -197          17     -3   15  45   78   -3   38    1   38    1  14  0  0 L3P 89
G08 FF 61139 081000  780 411 2337    -4646545     71          13      5   20 114  112  -12   49   -9   49   -9  19  0  0 L3P E7
G10 FF 61139 081000  780 405 1595     5897695    -53           8    -45   27  42  113   12   46   38   46   38  24  0  0 L3P F7
G27 FF 61139 081000  780 687 2726      994389    144          35    -12   12  56   79    0   36   10   36   10  12  0  0 L3P CD
G32 FF 61139 081000  780 750  736       68346   -105          38     88   39  47   76   -1   27  -53   27  -53  25  0  0 L3P DD
G02 FF 61139 082600  780 229 2187     -751010     40          27    117   36  47  188  -44   47 -110   47 -110  31  0  0 L3P 29
G08 FF 61139 082600  780 457 2417    -4646481     61          13     -5   19 114  103   -7   47   -1   47   -1  16  0  0 L3P E7
G10 FF 61139 082600  780 358 1527     5897686    -10           7     -2   17  42  125   14   46    7   46    7  16  0  0 L3P BE
G27 FF 61139 082600  780 672 2949      994537    186          33     30   17  56   80    2   37  -28   37  -28  16  0  0 L3P F8
G32 FF 61139 082600  780 740 1060       68121   -306          -2   -113   26  47   77    1   51   68   51   68  17  0  0 L3P C7
G02 FF 61139 084200  780 286 2149     -751100    -77          12      1   32  47  153  -30   58  -16   58  -16  28  0  0 L3P F4
G08 FF 61139 084200  780 491 2519    -4646426     40           5    -26   17 114   97   -4   49   18   49   18  14  0  0 L3P F5
G10 FF 61139 084200  780 315 1461     5897692     17          20     25   18  42  140   17   43   -8   43   -8  15  0  0 L3P D2
G27 FF 61139 084200  780 629 3124      994689    164          36      8   10  56   83    4   40   -1   40   -1   9  0  0 L3P 98
G28 FF 61139 084200  780 226  378     5594823   -119          17    -29   34 198  191  -38   71   43   71   43  27  0  0 L3P 38
G32 FF 61139 084200  780 690 1276       67932   -192          -5      1   12  47   79    3   55    5   55    5  11  0  0 L3P 7F
G02 FF 61139 085800  780 347 2115     -751159   -111          27    -33   22  47  129  -21   38   39   38   39  19  0  0 L3P 1B
G08 FF 61139 085800  780 508 2640    -4646356     94          12     28   18 114   95   -1   47  -18   47  -18  15  0  0 L3P 17
G10 FF 61139 085800  780 275 1396     5897678     26          15     34   28  42  158   21   74   -2   74   -2  22  0  0 L3P EC
G27 FF 61139 085800  780 568 3243      994844    142          42    -14   14  56   88    7   47   29   47   29  12  0  0 L3P ED
G28 FF 61139 085800  780 273  440     5594734    -67          14     23   41 198  160  -26   81   -2   81   -2  35  0  0 L3P FC
G32 FF 61139 085800  780 621 1386       67765   -175          13     19   16  47   83    6   48   -7   48   -7  14  0  0 L3P C9
G02 FF 61139 091400  780 414 2084     -751244    -54          16     24   14  47  111  -16   52  -16   52  -16  12  0  0 L3P F3
G08 FF 61139 091400  780 507 2768    -4646305     39          -1    -27   19 114   95    2   61   30   61   30  16  0  0 L3P E2
G10 FF 61139 091400  780 239 1330     5897691    -32          35    -24   21  42  181   26   87   57   87   57  17  0  0 L3P 0C
G27 FF 61139 091400  780 500 3325      994998    147          46     -9   28  56   96   10   58   25   58   25  26  0  0 L3P EF
G28 FF 61139 091400  780 319  508     5594659    -64          26     26   35 198  139  -18   83  -18   83  -18  26  0  0 L3P 40
G31 FF 61139 091400  780 222  225     1565221      0          21     24   25  68  194  -45   98   -4   98   -4  21  0  0 L3P B5
G32 FF 61139 091400  780 548 1439       67586   -181          20     12   24  47   90    9   54    2   54    2  23  0  0 L3P 94
G01 FF 61139 093000  780 194 2195    -3013918     35          39    -43   36  82  220  -62   77   43   77   43  32  0  0 L3P 0A
G02 FF 61139 093000  780 485 2059     -751328    -51           7     26   18  47   98  -12   67  -20   67  -20  15  0  0 L3P F0
G08 FF 61139 093000  780 487 2892    -4646232     35           9    -31   19 114   98    4   69   37   69   37  16  0  0 L3P F9
G10 FF 61139 093000  780 205 1265     5897656    -29           8    -22   22  42  208   32  139   62  139   62  16  0  0 L3P 10
G27 FF 61139 093000  780 429 3386      995152    180          51     24   30  56  108   15   79    4   79    4  28  0  0 L3P D0
G28 FF 61139 093000  780 363  585     5594568    -81          21      9   25 198  124  -13   98    6   98    6  21  0  0 L3P E7
G31 FF 61139 093000  780 276  276     1565174    -15          -2      9   27  68  158  -30  129   -2  129   -2  22  0  0 L3P EA
G32 FF 61139 093000  780 473 1463       67402   -192          22      1   19  47  100   12   70   13   70   13  18  0  0 L3P AB
G01 FF 61139 094600  780 251 2167    -3013857     82          25      3   39  82  173  -39   98    8   98    8  36  0  0 L3P E2
G02 FF 61139 094600  780 560 2039     -751405    -78           4     -1   16  47   89   -8   72    8   72    8  13  0  0 L3P A2
G08 FF 61139 094600  780 453 3001    -4646162     81          15     15   39 114  103    7   81   11   81   11  26  0  0 L3P DA
G27 FF 61139 094600  780 359 3434      995310    160          58      4   47  56  125   22   95   17   95   17  46  0  0 L3P EB
G28 FF 61139 094600  780 401  673     5594470    -80           9     10   27 198  114   -8  111   -1  111   -1  23  0  0 L3P E5
G31 FF 61139 094600  780 332  332     1565162    -16           8      8   28  68  134  -21  121   -2  121   -2  23  0  0 L3P C5
G32 FF 61139 094600  780 401 1468       67213   -198          19     -4   21  47  114   17   87   21   87   21  19  0  0 L3P DC
G01 FF 61139 100200  780 313 2144    -3013816     50         -12    -28   24  83  141  -27  127   27  127   27  19  0  0 L3P 17
G02 FF 61139 100200  780 640 2028     -751482    -81           3     -3   12  56   82   -6   78   12   78   12  10  0  0 L3P A1
G03 FF 61139 100200  780 186 2462    -5099465     45          14    -97   43  26  228  -32  130   90  130   90  36  0  0 L3P 26
G08 FF 61139 100200  780 409 3094    -4646112     47           3    -19   15 115  112   11  109   31  109   31  12  0  0 L3P F9
G27 FF 61139 100200  780 292 3477      995460    167          59     11   25  57  151   32  123   10  123   10  19  0  0 L3P F9
G28 FF 61139 100200  780 430  773     5594394    -71          20     19   21 199  108   -5  111  -15  111  -15  19  0  0 L3P 19
G31 FF 61139 100200  780 389  396     1565141     -6           5     18   17  79  117  -15  121   -7  121   -7  14  0  0 L3P D3
G32 FF 61139 100200  780 331 1462       67028   -156          25     38   21  74  134   25  106  -24  106  -24  18  0  0 L3P FD
G01 FF 61139 101800  780 378 2129    -3013717     67          11    -11   25  83  120  -19  109   12  109   12  22  0  0 L3P 0B
G02 FF 61139 101800  780 723 2035     -751554    -82           5     -5   14  56   77   -4   82   11   82   11  12  0  0 L3P A7
G03 FF 61139 101800  780 213 2393    -5099328    152          14     10   29  26  200  -25  135   -2  135   -2  24  0  0 L3P 07
G04 FF 61139 101800  780 212 3087     -525624    -41          39    -25   45 116  203  -51  135   12  135   12  30  0  0 L3P 15
G08 FF 61139 101800  780 358 3173    -4646049     71           2      5   17 115  125   16  128   24  128   24  13  0  0 L3P F6
G27 FF 61139 101800  780 227 3516      995601    223          50     68   27  57  189   50  167  -20  167  -20  21  0  0 L3P 23
G28 FF 61139 101800  780 446  881     5594303    -96          15     -6   16 199  105   -2  117   10  117   10  12  0  0 L3P 00
G31 FF 61139 101800  780 443  471     1565116    -23           3      1   14  79  105  -10  125    0  125    0  11  0  0 L3P 94
G32 FF 61139 101800  780 265 1446       66822   -172           4     21   20  74  164   38  151   10  151   10  15  0  0 L3P CF
G01 FF 61139 103400  780 447 2121    -3013633     47          20    -32   17  83  105  -13   98   23   98   23  16  0  0 L3P EF
G02 FF 61139 103400  780 807 2100     -751632    -69           1      8   13  56   75   -2   90   -3   90   -3  11  0  0 L3P 89
G03 FF 61139 103400  780 242 2325    -5099183    156          23     14   40  26  178  -21  125  -18  125  -18  36  0  0 L3P 3B
G04 FF 61139 103400  780 265 3030     -525664    -33          15    -17   23 116  164  -31  151    9  151    9  18  0  0 L3P FD
G08 FF 61139 103400  780 306 3241    -4645974    101          14     35   24 115  144   23  143   -9  143   -9  20  0  0 L3P 14
G28 FF 61139 103400  780 447  992     5594218    -67          17     23   29 199  105    1  116  -15  116  -15  26  0  0 L3P 26
G31 FF 61139 103400  780 492  563     1565101    -24          11      0   14  79   97   -7  117    2  117    2  12  0  0 L3P 98
G32 FF 61139 103400  780 203 1424       66655   -230          23    -36   39  74  211   61  165   78  165   78  31  0  0 L3P 07
G01 FF 61139 105000  780 519 2127    -3013567     94          10     15   19  83   93  -10  103  -17  103  -17  17  0  0 L3P 0A
G02 FF 61139 105000  780 872 2802     -751718    -32         -10     45   13  56   74    0  103  -33  103  -33  12  0  0 L3P E8
G03 FF 61139 105000  780 272 2257    -5099059    131          10    -12   48  26  160  -18  132    8  132    8  42  0  0 L3P 04
G04 FF 61139 105000  780 315 2963     -525682    -34          12    -18   21 116  141  -20  149   14  149   14  17  0  0 L3P 20
G08 FF 61139 105000  780 253 3302    -4645912     28          12    -38   41 115  171   34  177   72  177   72  38  0  0 L3P 2D
G28 FF 61139 105000  780 431 1098     5594113   -102          -2    -13   20 199  108    5  136   19  136   19  17  0  0 L3P 1E
G31 FF 61139 105000  780 531  675     1565075    -15           9      9   19  79   92   -4  115   -7  115   -7  17  0  0 L3P C0
G01 FF 61139 110600  780 592 2151    -3013490     73          13     -6   13  83   86   -7  100    7  100    7  13  0  0 L3P AE
G02 FF 61139 110600  780 807 3522     -751775   -132           7    -55   39  56   75    2   96   61   96   61  38  0  0 L3P E4
G03 FF 61139 110600  780 305 2189    -5098916    216          17     74   28  26  144  -15  122  -64  122  -64  24  0  0 L3P 47
G04 FF 61139 110600  780 360 2886     -525691     10          19     26   24 116  125  -13  138  -23  138  -23  20  0  0 L3P 23
G08 FF 61139 110600  780 202 3358    -4645848     97          13     31   47 115  211   50  221   33  221   33  38  0  0 L3P 14
G28 FF 61139 110600  780 401 1191     5594032    -77           3     13   24 199  114    9  138    4  138    4  20  0  0 L3P D0
G31 FF 61139 110600  780 555  807     1565054    -38          11    -14   15  79   89   -2  112   17  112   17  12  0  0 L3P E6
G01 FF 61139 112200  780 666 2211    -3013417     84          10      6   13  83   80   -5  104    5  104    5  11  0  0 L3P 96
G02 FF 61139 112200  780 720 3597     -751857    -64          -1     13   11  56   77    4  117   -1  117   -1  10  0  0 L3P C3
G03 FF 61139 112200  780 340 2120    -5098791    184           5     42   27  26  131  -13  130  -38  130  -38  25  0  0 L3P 1C
G04 FF 61139 112200  780 400 2799     -525723    -18           2     -2   19 116  114   -9  148    5  148    5  15  0  0 L3P D2
G28 FF 61139 112200  780 359 1267     5593958    -98          15     -8   29 199  125   15  143   28  143   28  26  0  0 L3P 43
G31 FF 61139 112200  780 559  948     1565016     -5          -4     19   14  79   89    1  127  -13  127  -13  13  0  0 L3P DD
G01 FF 61139 113800  780 733 2345    -3013338     64          14    -14   13  83   77   -2  109   23  109   23  11  0  0 L3P ED
G02 FF 61139 113800  780 633   19     -751923    -97           8    -20   19  56   82    6  129   43  129   43  17  0  0 L3P C9
G03 FF 61139 113800  780 378 2051    -5098652    146           8      4   25  26  120  -11  130   -4  130   -4  23  0  0 L3P E6
G04 FF 61139 113800  780 433 2701     -525721    -35          19    -19   26 116  107   -6  133    5  133    5  19  0  0 L3P F0
G28 FF 61139 113800  780 309 1325     5593874    -91          17     -1   27 199  143   23  163   34  163   34  22  0  0 L3P 28
G31 FF 61139 113800  780 543 1082     1564995     -6          -3     18   19  79   91    3  136   -7  136   -7  18  0  0 L3P DC
G01 FF 61139 115400  780 776 2633    -3013260     84          17      6   15  83   75   -1  118   14  118   14  13  0  0 L3P D6
G02 FF 61139 115400  780 547   29     -751994    -96          11    -19   16  56   90   10  149   45  149   45  14  0  0 L3P F1
G03 FF 61139 115400  780 419 1979    -5098514    153           9     11   15  26  110   -9  132   -9  132   -9  13  0  0 L3P FE
G04 FF 61139 115400  780 459 2594     -525749     -5           7     11   17 116  102   -4  143  -14  143  -14  12  0  0 L3P FD
G09 FF 61139 115400  780 187 2806    -7611200     72           4     43   48  16  227  -42  244  -51  244  -51  50  0  0 L3P 1B
G28 FF 61139 115400  780 253 1368     5593782    -51          11     39   36 199  171   37  203    4  203    4  28  0  0 L3P 09
G31 FF 61139 115400  780 508 1193     1564982    -47           7    -23   22  79   95    6  140   34  140   34  19  0  0 L3P ED
G01 FF 61139 121000  780 767 3020    -3013187     56          11    -23   19  84   76    1  136   35  136   35  17  0  0 L3P E6
G02 FF 61139 121000  780 465   37     -752066    -85          20     -8   18  57  101   14  184   42  184   42  15  0  0 L3P D4
G03 FF 61139 121000  780 464 1904    -5098381    147           9      5   21  95  102   -8  140   -5  140   -5  18  0  0 L3P E1
G04 FF 61139 121000  780 477 2481     -525767    -27           6    -11   18 117   99   -2  152   21  152   21  16  0  0 L3P F6
G09 FF 61139 121000  780 221 2736    -7611218   -263         -39   -292   40  52  194  -28  290  294  290  294  35  0  0 L3P 97
G26 FF 61139 121000  780 196  817     3515156    122          16     75   34  12  217  -21  328  -71  328  -71  29  0  0 L3P 26
G28 FF 61139 121000  780 195 1398     5593693   -159          14    -69   39 200  219   63  258  129  258  129  28  0  0 L3P 8F
G31 FF 61139 121000  780 461 1278     1564961     -2           5     22   38  80  102    9  160   10  160   10  35  0  0 L3P B9
G01 FF 61139 122600  780 712 3261    -3013106     91          17     13   22  84   78    3  151   11  151   11  18  0  0 L3P C5
G02 FF 61139 122600  780 386   45     -752153    -82           7     -5   16  57  118   21  234   48  234   48  13  0  0 L3P CE
G03 FF 61139 122600  780 510 1821    -5098240    155          14     13   14  95   95   -7  143   -2  143   -2  13  0  0 L3P E9
G04 FF 61139 122600  780 488 2365     -525783     -3          14     12   19 118   98   -1  159   -1  159   -1  17  0  0 L3P F0
G09 FF 61139 122600  780 251 2662    -7611146    170           5    141   44  52  172  -19  246 -145  246 -145  39  0  0 L3P 6D
G26 FF 61139 122600  780 213  890     3515222     11          36    -37   30  12  201  -12  306   31  306   31  26  0  0 L3P E0
G31 FF 61139 122600  780 406 1338     1564948    -19          15      5   32  80  113   14  183   25  183   25  28  0  0 L3P FB
G01 FF 61139 124200  780 640 3380    -3013029     37          18    -41   25  84   82    5  178   69  178   69  22  0  0 L3P FF
G02 FF 61139 124200  780 310   55     -752220     -3          14     74   28  57  142   31  287    1  287    1  23  0  0 L3P 97
G03 FF 61139 124200  780 558 1727    -5098112    195           6     52   14  95   89   -5  168  -31  168  -31  12  0  0 L3P 20
G04 FF 61139 124200  780 493 2248     -525800     -6          12     10   21 118   97    0  172    4  172    4  18  0  0 L3P AC
G09 FF 61139 124200  780 279 2585    -7611118     28           5     -2   23  52  156  -14  249    2  249    2  19  0  0 L3P E7
G16 FF 61139 124200  780 196  642    -2417601    -46          26     25   47  23  218  -35  381  -35  381  -35  39  0  0 L3P 37
G26 FF 61139 124200  780 222  965     3515253     42          22     -5   32  12  193   -5  326   25  326   25  26  0  0 L3P D7
G31 FF 61139 124200  780 346 1378     1564923    -24          13      0   20  80  129   21  220   41  220   41  15  0  0 L3P D8
G01 FF 61139 125800  780 562 3445    -3012956     82          16      4   39  84   88    8  215   34  215   34  38  0  0 L3P E8
G02 FF 61139 125800  780 240   68     -752310    -91          -2    -14   35  57  181   50  375  114  375  114  31  0  0 L3P 03
G03 FF 61139 125800  780 604 1613    -5097972    137           9     -5   13  95   85   -4  177   24  177   24  11  0  0 L3P 03
G04 FF 61139 125800  780 492 2132     -525812     18          16     34   19 118   97    0  184  -11  184  -11  17  0  0 L3P FF
G09 FF 61139 125800  780 305 2505    -7611090     68           4     39   21  52  144  -11  253  -26  253  -26  18  0  0 L3P 1E
G16 FF 61139 125800  780 227  712    -2417688    -73           6     -3   33  23  190  -24  391  -11  391  -11  29  0  0 L3P 1A
G26 FF 61139 125800  780 224 1041     3515333     15          56    -32   42  12  192    2  305   51  305   51  40  0  0 L3P DC
G31 FF 61139 125800  780 284 1402     1564893    -35           6    -11   22  80  154   32  273   72  273   72  18  0  0 L3P 0A
G01 FF 61139 131400  780 485 3488    -3012864     52          33    -27   40  84   98   12  243   69  243   69  36  0  0 L3P 1C
G03 FF 61139 131400  780 646 1468    -5097831    146          13      3   13  95   81   -3  189    7  189    7  11  0  0 L3P E3
G04 FF 61139 131400  780 488 2020     -525826     17          17     33   16 118   98    1  202  -14  202  -14  13  0  0 L3P EC
G07 FF 61139 131400  780 243 3206     1710805     80          16     34   27  30  178  -44  368  -56  368  -56  22  0  0 L3P 2C
G09 FF 61139 131400  780 329 2424    -7611054     35          11      5   28  52  135   -9  254    6  254    6  25  0  0 L3P CE
G16 FF 61139 131400  780 253  787    -2417733   -153          28    -83   40  23  171  -16  353   77  353   77  36  0  0 L3P 46
G26 FF 61139 131400  780 216 1114     3515337    100          14     53   29  12  198   11  368  -14  368  -14  23  0  0 L3P 1C
G31 FF 61139 131400  780 223 1414     1564882   -111          17    -87   44  80  193   52  320  132  320  132  34  0  0 L3P 3A
G01 FF 61139 133000  780 409 3520    -3012799     87          22      9   19  84  112   17  297   39  297   39  14  0  0 L3P 0F
G03 FF 61139 133000  780 676 1281    -5097703    164           5     22   12  95   80   -1  206   -9  206   -9  10  0  0 L3P E2
G04 FF 61139 133000  780 480 1911     -525838     -2          20     14   22 118   99    1  217    2  217    2  18  0  0 L3P AC
G07 FF 61139 133000  780 306 3164     1710855     40          23     -5   24  30  144  -27  336  -30  336  -30  20  0  0 L3P 02
G09 FF 61139 133000  780 352 2341    -7611029     25           8     -5   33  52  127   -7  266    5  266    5  28  0  0 L3P CC
G16 FF 61139 133000  780 274  866    -2417835    -58          -6     12   30  23  159   -9  380   -7  380   -7  25  0  0 L3P 01
G26 FF 61139 133000  780 200 1183     3515392     75          23     27   33  12  214   22  390    9  390    9  26  0  0 L3P CF
G01 FF 61139 134600  780 336 3548    -3012717     84          29      6   16  84  133   26  349   63  349   63  14  0  0 L3P 0C
G03 FF 61139 134600  780 686 1058    -5097565    130           6    -12   12  95   79    0  218   24  218   24  10  0  0 L3P F8
G04 FF 61139 134600  780 472 1806     -525859    -11          15      5   19 118  100    2  242   15  242   15  16  0  0 L3P E6
G06 FF 61139 134600  780 208 2308     6112228      2          40     17   31  63  206  -36  339  -16  339  -16  30  0  0 L3P 08
G07 FF 61139 134600  780 367 3109     1710903     65          27     20   20  30  123  -18  313  -30  313  -30  16  0  0 L3P 08
G09 FF 61139 134600  780 374 2257    -7610994     29          15      0   21  52  121   -6  270    2  270    2  18  0  0 L3P CC
G16 FF 61139 134600  780 286  948    -2417856     10          41     80   34  23  153   -4  344  -47  344  -47  29  0  0 L3P 22
G01 FF 61139 140200  780 267 3574    -3012623     95          52     16   16  85  163   39  406   76  406   76  13  0  0 L3P 15
G03 FF 61139 140200  780 670  837    -5097435    136           3     -6   12  96   80    2  233   16  233   16  12  0  0 L3P C9
G04 FF 61139 140200  780 462 1703     -525871      2          20     18   22 119  102    2  256    0  256    0  19  0  0 L3P A5
G06 FF 61139 140200  780 241 2374     6112213    -11          35      4   34  64  179  -21  350    6  350    6  28  0  0 L3P CC
G07 FF 61139 140200  780 426 3040     1710944     44          21     -1   34  31  108  -12  297  -19  297  -19  21  0  0 L3P 12
G09 FF 61139 140200  780 396 2171    -7610956     22          28     -7   28  53  115   -6  270   -9  270   -9  25  0  0 L3P 04
G16 FF 61139 140200  780 289 1030    -2417944   -181          26   -110   27  33  152    1  370  102  370  102  23  0  0 L3P 3B
G01 FF 61139 141800  780 202    1    -3012549    128          49     48   21  85  212   65  499   63  499   63  17  0  0 L3P F8
G03 FF 61139 141800  780 630  657    -5097303    145          -1      3   18  96   83    4  252   17  252   17  17  0  0 L3P D5
G04 FF 61139 141800  780 452 1602     -525882     11          25     27   22 119  103    2  261  -17  261  -17  20  0  0 L3P FB
G06 FF 61139 141800  780 264 2450     6112193    -12          29      3   27  64  165  -11  356    8  356    8  24  0  0 L3P E5
G07 FF 61139 141800  780 481 2954     1710989     49          23      3   15  31   99   -8  280  -17  280  -17  11  0  0 L3P 04
G09 FF 61139 141800  780 418 2084    -7610943     83          12     54   21  53  110   -5  277  -48  277  -48  19  0  0 L3P 34
G16 FF 61139 141800  780 281 1110    -2418011   -101          26    -31   46  33  155    7  370   25  370   25  42  0  0 L3P 08
G03 FF 61139 143400  780 574  525    -5097160    125           6    -17   16  96   87    6  266   30  266   30  14  0  0 L3P EE
G04 FF 61139 143400  780 441 1503     -525906    -35          16    -19   21 119  105    2  278   15  278   15  20  0  0 L3P 08
G06 FF 61139 143400  780 276 2532     6112180    -15          31      0   24  64  158   -3  375   15  375   15  19  0  0 L3P EE
G07 FF 61139 143400  780 529 2847     1711026     48          16      3   14  31   92   -6  274  -13  274  -13  12  0  0 L3P EB
G09 FF 61139 143400  780 441 1994    -7610911     47          17     17   14  53  106   -5  278  -16  278  -16  13  0  0 L3P 2F
G16 FF 61139 143400  780 263 1185    -2418071    -42          33     28   27  33  165   14  378  -18  378  -18  22  0  0 L3P 3D
G30 FF 61139 143400  780 206 3014    -1816235   -152          41    -19   20  88  208  -49  496  -36  496  -36  17  0  0 L3P 6C
G03 FF 61139 145000  780 510  431    -5097037    146          -7      4   17  96   95    9  300   35  300   35  15  0  0 L3P C9
G04 FF 61139 145000  780 429 1405     -525941     11          -5     27   11 119  108    3  306   -2  306   -2  10  0  0 L3P CA
G06 FF 61139 145000  780 277 2618     6112150    -21          15     -7   23  64  158    3  409   39  409   39  17  0  0 L3P FA
G07 FF 61139 145000  780 567 2716     1711082     56          28     10   12  31   88   -3  262   -6  262   -6  11  0  0 L3P D5
G09 FF 61139 145000  780 464 1901    -7610892     17           7    -12   16  53  101   -4  280   17  280   17  15  0  0 L3P FA
G16 FF 61139 145000  780 235 1252    -2418156   -157          17    -86   32  33  184   25  410  104  410  104  25  0  0 L3P 49
G30 FF 61139 145000  780 255 2955    -1816368   -117          36     16   19  88  170  -30  452  -44  452  -44  16  0  0 L3P 60
G03 FF 61139 150600  780 440  364    -5096908    124         -15    -18   22  96  106   14  342   59  342   59  18  0  0 L3P 31
G04 FF 61139 150600  780 416 1308     -525933    -31          19    -15   27 119  111    3  301   28  301   28  20  0  0 L3P FA
G06 FF 61139 150600  780 266 2704     6112112      2          -9     17   23  64  163    9  466   23  466   23  21  0  0 L3P CF
G07 FF 61139 150600  780 592 2564     1711116     20          19    -25   21  31   86   -2  267   18  267   18  15  0  0 L3P F5
G09 FF 61139 150600  780 488 1802    -7610853     -9          18    -39   16  53   98   -4  277   40  277   40  13  0  0 L3P 19
G16 FF 61139 150600  780 198 1309    -2418217    -91          23    -21   27  33  215   42  443   80  443   80  22  0  0 L3P 20
G30 FF 61139 150600  780 300 2887    -1816485   -133          46      0   20  88  147  -20  410  -35  410  -35  18  0  0 L3P 36
G03 FF 61139 152200  780 369  315    -5096779    127         -22    -15   22  96  122   21  397   73  397   73  18  0  0 L3P 41
G04 FF 61139 152200  780 401 1212     -525971    -41          -4    -25   20 119  114    4  338   53  338   53  15  0  0 L3P F8
G06 FF 61139 152200  780 247 2786     6112142     -5          35      9   40  64  175   16  457   26  457   26  34  0  0 L3P F6
G07 FF 61139 152200  780 601 2399     1711152     37          11     -9   16  31   85    0  272    7  272    7  16  0  0 L3P AB
G09 FF 61139 152200  780 511 1698    -7610829     45          13     16   13  53   94   -3  286  -15  286  -15  12  0  0 L3P 1B
G30 FF 61139 152200  780 342 2810    -1816621   -106          38     27   20  88  131  -14  380  -60  380  -60  17  0  0 L3P 41
G03 FF 61139 153800  780 297  280    -5096635    136         -14     -6   25  96  148   34  465   95  465   95  19  0  0 L3P 41
G04 FF 61139 153800  780 383 1119     -525972    -29          10    -13   23 119  118    5  347   26  347   26  20  0  0 L3P 16
G06 FF 61139 153800  780 220 2864     6112121      7          28     21   27  64  195   26  515   50  515   50  23  0  0 L3P E5
G07 FF 61139 153800  780 595 2235     1711200     50          16      5   13  31   85    1  274   11  274   11  12  0  0 L3P B0
G09 FF 61139 153800  780 532 1584    -7610792     39          22     10   12  53   92   -2  283   -8  283   -8   9  0  0 L3P EB
G30 FF 61139 153800  780 378 2725    -1816748    -77          38     56   19  88  120  -10  355  -64  355  -64  18  0  0 L3P 68
G03 FF 61139 155400  780 226  256    -5096489    195          -6     53   29  96  191   58  569   92  569   92  21  0  0 L3P 41
G04 FF 61139 155400  780 361 1028     -525991    -46           7    -30   24 119  124    7  377   71  377   71  21  0  0 L3P 0B
G06 FF 61139 155400  780 188 2937     6112100    -29          21    -15   33  64  226   39  586   83  586   83  25  0  0 L3P 32
G07 FF 61139 155400  780 577 2083     1711251     36          23    -10   12  31   87    2  277   21  277   21  11  0  0 L3P D9
G09 FF 61139 155400  780 549 1461    -7610775     15          10    -14   12  53   90   -2  295   15  295   15  11  0  0 L3P 03
G14 FF 61139 155400  780 252 3392    -7426406    -23          16    -10   22 101  172  -46  537  -72  537  -72  17  0  0 L3P 5D
G30 FF 61139 155400  780 410 2633    -1816888   -167          27    -34   16  88  112   -7  352   29  352   29  14  0  0 L3P 45
G04 FF 61139 161000  780 336  940     -526013    -75          -3    -59   26 120  133   10  420   87  420   87  22  0  0 L3P FD
G07 FF 61139 161000  780 550 1948     1711289     77          14     32   17  33   90    3  300   -5  300   -5  16  0  0 L3P C4
G09 FF 61139 161000  780 560 1329    -7610750    -14          10    -44   15  59   89   -1  306   50  306   50  14  0  0 L3P 03
G14 FF 61139 161000  780 324 3380    -7426427     34           8     48   49 102  137  -28  465 -113  465 -113  44  0  0 L3P 5D
G30 FF 61139 161000  780 436 2534    -1817004   -124          35      9   19  89  107   -5  332  -20  332  -20  17  0  0 L3P 1D
G04 FF 61139 162600  780 306  857     -526017    -62           8    -46   33 120  144   14  459   94  459   94  30  0  0 L3P 13
G07 FF 61139 162600  780 519 1829     1711328     24           9    -22   19  33   93    4  327   37  327   37  18  0  0 L3P EA
G09 FF 61139 162600  780 562 1189    -7610720     12          12    -17   12  59   88    0  319   27  319   27   9  0  0 L3P F2
G14 FF 61139 162600  780 398 3361    -7426441    -21           8     -7   28 102  115  -19  417  -33  417  -33  26  0  0 L3P 40
G21 FF 61139 162600  780 234 2235    -4137409    -74          13    -60   35 101  185  -43  483   23  483   23  32  0  0 L3P 3D
G22 FF 61139 162600  780 230 3357      212746    -93          17    -34   43  25  187  -53  585  -65  585  -65  39  0  0 L3P 4D
G30 FF 61139 162600  780 456 2429    -1817142   -131          24      2   19  89  103   -3  345    1  345    1  16  0  0 L3P E6
G04 FF 61139 164200  780 273  779     -526045     31          -4     47   26 120  160   20  537   30  537   30  21  0  0 L3P E7
G07 FF 61139 164200  780 485 1723     1711364     52           2      6   14  33   98    5  355   26  355   26  13  0  0 L3P BC
G08 FF 61139 164200  780 178 1023    -4644532    112          16     46   41  17  237   -4  630  -19  630  -19  34  0  0 L3P 2F
G09 FF 61139 164200  780 554 1049    -7610693     43          11     14   20  59   89    2  337    9  337    9  19  0  0 L3P DB
G14 FF 61139 164200  780 474 3331    -7426450    -48          12    -34   40 102  100  -13  386    9  386    9  38  0  0 L3P 21
G21 FF 61139 164200  780 287 2280    -4137425      6          11     20   29 101  153  -26  471  -21  471  -21  26  0  0 L3P 1E
G22 FF 61139 164200  780 298 3339      212690      3          18     62   20  25  148  -32  512  -96  512  -96  16  0  0 L3P 0A
G30 FF 61139 164200  780 472 2321    -1817275   -125          19      8   18  89  100   -2  359   17  359   17  15  0  0 L3P 1F
G04 FF 61139 165800  780 235  708     -526070     31         -14     47   30 120  184   30  624   47  624   47  25  0  0 L3P 03
G07 FF 61139 165800  780 451 1627     1711416     38          10     -7   20  33  104    6  376   31  376   31  17  0  0 L3P E2
G08 FF 61139 165800  780 177 1095    -4644461     50          24    -16   33  17  239    7  634   14  634   14  29  0  0 L3P 1A
G09 FF 61139 165800  780 533  916    -7610665     23          10     -7   17  59   92    3  364   31  364   31  14  0  0 L3P DE
G14 FF 61139 165800  780 551 3286    -7426468    -32           6    -18   17 102   90   -9  374   -6  374   -6  15  0  0 L3P 1E
G21 FF 61139 165800  780 335 2340    -4137436      3          13     17   26 101  133  -16  461  -27  461  -27  23  0  0 L3P 24
G22 FF 61139 165800  780 367 3312      212636   -102          20    -43   41  25  123  -21  464   -2  464   -2  38  0  0 L3P 07
G30 FF 61139 165800  780 482 2210    -1817404   -171          18    -38   17  89   99   -1  373   33  373   33  15  0  0 L3P 31
G04 FF 61139 171400  780 193  643     -526080    -67          -9    -51   34 120  221   49  713  149  713  149  30  0  0 L3P 36
G07 FF 61139 171400  780 418 1537     1711446     36          -4     -9   13  33  110    7  411   30  411   30  13  0  0 L3P C7
G09 FF 61139 171400  780 502  795    -7610648     36          -1      7   11  59   96    5  402   28  402   28  10  0  0 L3P C7
G14 FF 61139 171400  780 627 3216    -7426488    -27           0    -13   19 102   83   -6  363    7  363    7  16  0  0 L3P F5
G21 FF 61139 171400  780 374 2415    -4137451      2          11     16   19 101  121  -10  455  -25  455  -25  17  0  0 L3P 1A
G22 FF 61139 171400  780 437 3273      212557    -95          -2    -36   18  25  106  -14  446   14  446   14  15  0  0 L3P 0E
G30 FF 61139 171400  780 489 2099    -1817530   -150          19    -17   17  89   98   -1  375   22  375   22  15  0  0 L3P 3A
G05 FF 61139 173000  780 188 2296     2315198     35          11     30   26  29  226  -44  634  -64  634  -64  20  0  0 L3P 2F
G07 FF 61139 173000  780 386 1452     1711495     59           2     14   18  33  118    8  435   17  435   17  15  0  0 L3P E4
G09 FF 61139 173000  780 461  691    -7610614     -4           4    -34   19  59  102    8  438   75  438   75  16  0  0 L3P F3
G14 FF 61139 173000  780 698 3099    -7426508      2          -7     16   14 102   78   -4  360  -33  360  -33  12  0  0 L3P 0E
G21 FF 61139 173000  780 401 2504    -4137468    -13           7      0   19 101  114   -5  454   -3  454   -3  16  0  0 L3P DE
G22 FF 61139 173000  780 507 3219      212494    -80          -8    -20   14  25   95  -10  430  -15  430  -15  12  0  0 L3P FD
G30 FF 61139 173000  780 492 1988    -1817667   -157          11    -24   18  89   97    0  384   22  384   22  15  0  0 L3P 32
G05 FF 61139 174600  780 221 2358     2315205    -49          14    -54   26  29  194  -25  600   11  600   11  23  0  0 L3P 14
G07 FF 61139 174600  780 355 1370     1711549     28          12    -18   18  33  126   10  446   25  446   25  15  0  0 L3P 0E
G09 FF 61139 174600  780 412  603    -7610581     51           9     21   22  59  112   12  474   29  474   29  21  0  0 L3P EB
G14 FF 61139 174600  780 756 2886    -7426519     -4          -5     10   12 102   76   -2  350  -12  350  -12   9  0  0 L3P 04
G17 FF 61139 174600  780 230  134     1088352     72          15    -19   29  33  188  -45  733  -85  733  -85  21  0  0 L3P 36
G21 FF 61139 174600  780 415 2605    -4137475    -48          13    -34   27 101  111   -1  448   36  448   36  26  0  0 L3P 34
G22 FF 61139 174600  780 574 3142      212451    -63           6     -4   14  25   87   -7  394  -11  394  -11  11  0  0 L3P E0
G30 FF 61139 174600  780 493 1878    -1817798   -164           7    -31   14  89   97    0  379   17  379   17  11  0  0 L3P 36
G05 FF 61139 180200  780 246 2429     2315203    -12           3    -16   26  30  176  -13  588    8  588    8  21  0  0 L3P F0
G07 FF 61139 180200  780 326 1290     1711588     22           4    -24   22  34  136   11  465   26  465   26  18  0  0 L3P F6
G09 FF 61139 180200  780 358  530    -7610558     17           2    -13   23  60  126   18  531   66  531   66  19  0  0 L3P FA
G14 FF 61139 180200  780 782 2523    -7426528    -12           3      1   14 103   75    0  336  -10  336  -10  12  0  0 L3P E1
G17 FF 61139 180200  780 289  175     1088434     21           4    -70   31  34  152  -30  642  -33  642  -33  28  0  0 L3P 0A
G21 FF 61139 180200  780 413 2710    -4137492      2          13     16   20 102  111    2  461    5  461    5  17  0  0 L3P AF
G22 FF 61139 180200  780 636 3031      212395    -80           8    -21   13  45   82   -4  371  -23  371  -23  11  0  0 L3P E1
G30 FF 61139 180200  780 492 1768    -1817916   -109          13     24   12  91   97    0  368  -18  368  -18  10  0  0 L3P 33
G05 FF 61139 181800  780 259 2508     2315213     17           8     13   24  30  167   -5  579  -20  579  -20  21  0  0 L3P 04
G07 FF 61139 181800  780 298 1213     1711620     17          -7    -28   18  34  148   13  488   33  488   33  15  0  0 L3P 18
G09 FF 61139 181800  780 300  471    -7610536     57          -4     27   30  60  147   27  599   61  599   61  24  0  0 L3P 0E
G13 FF 61139 181800  780 220 2163    -6802278    -26          -8    -42   24  75  196  -51  572  -61  572  -61  21  0  0 L3P 52
G14 FF 61139 181800  780 758 2160    -7426554    -20          -9     -7   14 103   76    1  334  -12  334  -12  12  0  0 L3P 0E
G17 FF 61139 181800  780 351  219     1088512     65          -6    -26   25  34  128  -21  560  -68  560  -68  22  0  0 L3P 29
G21 FF 61139 181800  780 398 2812    -4137514    -23           4    -10   17 102  115    5  484   21  484   21  14  0  0 L3P 07
G22 FF 61139 181800  780 687 2866      212326    -82          -4    -23   17  45   79   -2  352  -18  352  -18  14  0  0 L3P 15
G30 FF 61139 181800  780 489 1659    -1818059   -145          -2    -12   15  91   97    1  371   -9  371   -9  12  0  0 L3P 1D
G05 FF 61139 183400  780 262 2590     2315220    -23          11    -28   29  30  166    1  578   26  578   26  24  0  0 L3P 08
G07 FF 61139 183400  780 270 1137     1711670     72          -1     27   29  34  161   16  486  -11  486  -11  27  0  0 L3P 14
G09 FF 61139 183400  780 239  423    -7610496     21           8     -8   27  60  181   45  677  116  677  116  21  0  0 L3P 20
G13 FF 61139 183400  780 280 2145    -6802259    -57          -4    -73   27  75  156  -33  490  -14  490  -14  23  0  0 L3P 54
G14 FF 61139 183400  780 706 1942    -7426568    -26         -11    -13   17 103   78    3  323   -1  323   -1  14  0  0 L3P 0E
G17 FF 61139 183400  780 415  269     1088610     89           5     -2   16  34  111  -15  470  -78  470  -78  12  0  0 L3P 0A
G19 FF 61139 183400  780 229   20    -6965477     -7          17      4   18  65  188  -52  752 -166  752 -166  15  0  0 L3P 46
G20 FF 61139 183400  780 233 2175     -993561   -150          21     48   33 169  185  -49  549 -132  549 -132  30  0  0 L3P 89
G21 FF 61139 183400  780 370 2907    -4137527     -3           4     10   19 102  122    9  505   24  505   24  16  0  0 L3P E5
G22 FF 61139 183400  780 717 2635      212265    -73          -8    -14   18  45   77   -1  335  -12  335  -12  15  0  0 L3P 02
G30 FF 61139 183400  780 485 1551    -1818177   -192           8    -59   15  91   98    1  346   42  346   42  15  0  0 L3P 1D
G05 FF 61139 185000  780 255 2673     2315261     34          48     30   24  30  170    8  552  -11  552  -11  22  0  0 L3P F3
G07 FF 61139 185000  780 242 1063     1711729     81          14     36   32  34  178   20  484  -19  484  -19  27  0  0 L3P 24
G13 FF 61139 185000  780 345 2135    -6802247     29          -7     13   18  75  130  -23  427  -68  427  -68  14  0  0 L3P 3B
G14 FF 61139 185000  780 644 1813    -7426579    -15          -8     -1   18 103   82    4  309   -8  309   -8  16  0  0 L3P 02
G17 FF 61139 185000  780 479  331     1088695    109           2     19   16  34   99  -10  409  -72  409  -72  12  0  0 L3P 18
G19 FF 61139 185000  780 296   49    -6965505      3          -1     15   36  65  148  -33  618 -170  618 -170  29  0  0 L3P 3A
G20 FF 61139 185000  780 298 2179     -993747   -200          25     -2   24 169  148  -30  465  -69  465  -69  21  0  0 L3P 70
G21 FF 61139 185000  780 334 2992    -4137537      7           7     20   22 102  133   14  535   19  535   19  18  0  0 L3P FB
G22 FF 61139 185000  780 717 2370      212223    -28           6     31   18  45   77    1  305  -42  305  -42  16  0  0 L3P CD
G30 FF 61139 185000  780 478 1443    -1818292   -143          21    -10   22  91   99    1  318   -7  318   -7  21  0  0 L3P 0B
G05 FF 61139 190600  780 238 2754     2315275   -168          57   -173   40  30  181   15  572  221  572  221  41  0  0 L3P 64
G07 FF 61139 190600  780 214  991     1711781     32          23    -13   36  34  200   26  482   27  482   27  34  0  0 L3P FA
G13 FF 61139 190600  780 412 2135    -6802218     27           7     11   18  75  112  -16  362  -62  362  -62  16  0  0 L3P 19
G14 FF 61139 190600  780 581 1723    -7426590     -7          -6      6   21 103   87    6  301  -12  301  -12  20  0  0 L3P E6
G17 FF 61139 190600  780 542  412     1088782    116           3     25   15  34   91   -7  357  -68  357  -68  13  0  0 L3P 06
G19 FF 61139 190600  780 368   80    -6965519     42          -3     53   17  65  123  -22  500 -166  500 -166  15  0  0 L3P 3A
G20 FF 61139 190600  780 364 2196     -993942   -212          20    -14   26 169  124  -20  407  -44  407  -44  21  0  0 L3P 5E
G21 FF 61139 190600  780 293 3068    -4137543     -4          15     10   32 102  150   21  576   53  576   53  22  0  0 L3P 10
G22 FF 61139 190600  780 689 2142      212160    -78           0    -19   14  45   79    2  295    3  295    3  12  0  0 L3P B1
G30 FF 61139 190600  780 468 1337    -1818438    -98           3     35   26  91  101    2  322  -50  322  -50  23  0  0 L3P 0C
G05 FF 61139 192200  780 214 2831     2315239    -27          16    -31   29  30  200   24  658   87  658   87  22  0  0 L3P 22
G07 FF 61139 192200  780 184  921     1711814    -19          12    -64   34  34  230   37  501   52  501   52  26  0  0 L3P FA
G13 FF 61139 192200  780 482 2148    -6802210     11          -1     -5   16  75   99  -11  325  -33  325  -33  14  0  0 L3P 09
G14 FF 61139 192200  780 520 1651    -7426609    -17         -12     -3   21 103   93    8  294   -7  294   -7  18  0  0 L3P 0A
G15 FF 61139 192200  780 195 2220    -4016661     13          38     46   41  66  219  -60  518 -133  518 -133  39  0  0 L3P 5C
G17 FF 61139 192200  780 597  524     1088867     87          -1     -4   17  34   85   -4  316  -31  316  -31  16  0  0 L3P F9
G19 FF 61139 192200  780 443  113    -6965534    -35          -7    -24   28  65  105  -15  410  -55  410  -55  26  0  0 L3P 3A
G20 FF 61139 192200  780 430 2228     -994146   -172           6     25   20 169  108  -14  367  -62  367  -62  16  0  0 L3P 4A
G21 FF 61139 192200  780 249 3136    -4137569     16           2     30   24 102  174   30  648   54  648   54  18  0  0 L3P 15
G22 FF 61139 192200  780 645 1973      212111    -55           8      4   11  45   81    3  272  -20  272  -20  10  0  0 L3P B1
G30 FF 61139 192200  780 454 1232    -1818587   -113         -19     20   16  91  103    3  330  -35  330  -35  13  0  0 L3P 2B
G05 FF 61139 193800  780 185 2905     2315242     23          16     18   37  30  229   38  721   56  721   56  30  0  0 L3P 07
G13 FF 61139 193800  780 553 2181    -6802198    -16          -3    -31   14  75   89   -8  294  -10  294  -10  13  0  0 L3P 30
G14 FF 61139 193800  780 462 1588    -7426611    -18          -1     -4   26 103  102   10  283   -2  283   -2  25  0  0 L3P 0D
G15 FF 61139 193800  780 249 2251    -4016711    -35          20     -3   39  66  174  -35  461  -68  461  -68  33  0  0 L3P 4C
G17 FF 61139 193800  780 637  677     1088956     79           1    -12   12  34   82   -2  283  -27  283  -27  11  0  0 L3P 07
G19 FF 61139 193800  780 521  156    -6965545    -24          -8    -13   13  65   93  -10  345  -53  345  -53  12  0  0 L3P 34
G20 FF 61139 193800  780 493 2282     -994329   -208          12    -10   21 169   97   -9  329  -21  329  -21  18  0  0 L3P 51
G21 FF 61139 193800  780 205 3199    -4137581     14           2     28   23 102  209   44  740   72  740   72  18  0  0 L3P 11
G22 FF 61139 193800  780 593 1849      212042    -31          -4     28   13  45   85    5  273  -39  273  -39  12  0  0 L3P F8
G30 FF 61139 193800  780 437 1130    -1818684   -135          12     -2   18  91  106    4  293    3  293    3  17  0  0 L3P F1
G13 FF 61139 195400  780 622 2248    -6802188     26          -9     11   17  75   83   -5  269  -31  269  -31  16  0  0 L3P 20
G14 FF 61139 195400  780 407 1529    -7426635    -39         -12    -25   22 103  113   12  285   16  285   16  18  0  0 L3P 49
G15 FF 61139 195400  780 299 2295    -4016746    -35          17     -2   27  66  147  -22  400  -58  400  -58  23  0  0 L3P 4C
G17 FF 61139 195400  780 652  868     1089033     85          -9     -6   16  34   81    0  258  -23  258  -23  15  0  0 L3P F0
G19 FF 61139 195400  780 598  217    -6965563     -3         -15      8   20  65   85   -7  297  -42  297  -42  15  0  0 L3P 20
G20 FF 61139 195400  780 550 2367     -994528   -204           4     -6   24 169   90   -6  308  -19  308  -19  22  0  0 L3P 2C
G22 FF 61139 195400  780 540 1752      211995    -61           5     -2   24  45   91    6  254   -1  254   -1  21  0  0 L3P AB
G30 FF 61139 195400  780 415 1032    -1818829   -143          -5    -10   28  91  111    5  303   13  303   13  26  0  0 L3P 0A
G13 FF 61139 201000  780 683 2373    -6802165     10           2     -6   17  82   79   -3  250   -6  250   -6  16  0  0 L3P C8
G14 FF 61139 201000  780 357 1471    -7426653    -54         -17    -40   23 104  126   15  279   18  279   18  19  0  0 L3P 4C
G15 FF 61139 201000  780 344 2354    -4016784    -28          15      5   31  70  130  -14  360  -37  360  -37  27  0  0 L3P 1E
G17 FF 61139 201000  780 638 1057     1089127     76          -3    -15   13  35   82    2  235  -10  235  -10  11  0  0 L3P E4
G19 FF 61139 201000  780 673  317    -6965573    -14          -7     -2   14  67   80   -4  262  -34  262  -34  13  0  0 L3P 03
G20 FF 61139 201000  780 594 2489     -994717   -206           1     -9   13 170   85   -3  291   -4  291   -4  13  0  0 L3P F8
G22 FF 61139 201000  780 487 1669      211931    -67           1     -8   19  52   98    8  247   -6  247   -6  17  0  0 L3P C8
G30 FF 61139 201000  780 389  939    -1818942   -140          11     -7   23  92  117    8  282    5  282    5  21  0  0 L3P E0
G13 FF 61139 202600  780 723 2591    -6802150     21           1      5   15  82   77   -1  237  -19  237  -19  13  0  0 L3P E2
G14 FF 61139 202600  780 310 1415    -7426651    -33          -2    -19   20 104  142   19  252  -12  252  -12  18  0  0 L3P 2B
G15 FF 61139 202600  780 381 2427    -4016811    -42          21     -9   21  70  119   -9  324  -27  324  -27  20  0  0 L3P 19
G17 FF 61139 202600  780 597 1206     1089210     92          -8      1   16  35   85    5  220  -22  220  -22  14  0  0 L3P CB
G19 FF 61139 202600  780 734  502    -6965574      9           3     20   23  67   77   -2  224  -48  224  -48  14  0  0 L3P E9
G20 FF 61139 202600  780 617 2648     -994886   -311          21   -114   39 170   84   -1  264   53  264   53  25  0  0 L3P 41
G22 FF 61139 202600  780 437 1594      211877    -62           3     -3   30  52  106   10  232  -11  232  -11  27  0  0 L3P DD
G30 FF 61139 202600  780 357  852    -1819078   -148           2    -15   24  92  126   11  285   10  285   10  21  0  0 L3P 0D
G06 FF 61139 204200  780 203  400     6111844     40          23     55   46  79  210  -46  467 -202  467 -202  37  0  0 L3P 2A
G13 FF 61139 204200  780 725 2875    -6802128     22           8      6   12   7   77    1  218  -21  218  -21  10  0  0 L3P BF
G14 FF 61139 204200  780 266 1358    -7426693    -59         -31    -45   26 104  163   24  252   10  252   10  21  0  0 L3P 39
G15 FF 61139 204200  780 407 2514    -4016849    -24          14      9   21  70  113   -5  296  -41  296  -41  18  0  0 L3P 18
G17 FF 61139 204200  780 541 1307     1089291    104         -14     13   19  35   91    7  206  -35  206  -35  17  0  0 L3P 08
G19 FF 61139 204200  780 762  821    -6965607    -36         -19    -25   23  67   76    0  202  -12  202  -12  15  0  0 L3P 13
G20 FF 61139 204200  780 614 2822     -995096   -219           1    -21   14 170   84    1  261    5  261    5  12  0  0 L3P CE
G22 FF 61139 204200  780 389 1525      211814    -46          -2     13   18  52  117   12  220  -28  220  -28  16  0  0 L3P F6
G30 FF 61139 204200  780 321  772    -1819198   -113          10     20   36  92  138   15  271  -22  271  -22  33  0  0 L3P 1F
G06 FF 61139 205800  780 249  462     6111812    -11           5      4   39  79  174  -31  363 -113  363 -113  29  0  0 L3P 21
G13 FF 61139 205800  780 686 3108    -6802117     -9           4    -25   14   7   79    3  210    5  210    5  12  0  0 L3P 9E
G14 FF 61139 205800  780 226 1300    -7426684    -18          -9     -4   35 104  190   31  203  -35  203  -35  25  0  0 L3P 2C
G15 FF 61139 205800  780 420 2612    -4016879    -20          16     13   31  70  110   -1  270  -33  270  -33  28  0  0 L3P 12
G17 FF 61139 205800  780 476 1369     1089389     85          -4     -6   29  35  100   11  173  -29  173  -29  27  0  0 L3P 2C
G19 FF 61139 205800  780 737 1140    -6965635      7         -36     19   13  67   77    2  187  -45  187  -45  10  0  0 L3P 1F
G20 FF 61139 205800  780 586 2979     -995285   -190           2      8   12 170   86    4  247  -17  247  -17  10  0  0 L3P 1A
G22 FF 61139 205800  780 344 1457      211752    -76          -8    -17   19  52  130   15  204  -30  204  -30  17  0  0 L3P 09
G24 FF 61139 205800  780 229 2195      434803    -80           3     95   29  56  188  -44  304 -173  304 -173  26  0  0 L3P 46
G30 FF 61139 205800  780 281  700    -1819320    -33          16    100   26  92  156   22  266  -87  266  -87  22  0  0 L3P 34
G06 FF 61139 211400  780 295  529     6111790      3          -2     18   37  79  149  -21  273 -102  273 -102  29  0  0 L3P 22
G12 FF 61139 211400  780 204 2624     6079892    -44         -19    -44   27  11  209  -29  425  -75  425  -75  23  0  0 L3P 59
G13 FF 61139 211400  780 623 3252    -6802104      5           1    -11   13   7   83    5  203    4  203    4  11  0  0 L3P 6E
G14 FF 61139 211400  780 189 1242    -7426728    -42         -40    -29   25 104  225   42  192  -18  192  -18  20  0  0 L3P 5B
G15 FF 61139 211400  780 419 2715    -4016915    -17          11     16   31  70  110    2  255  -31  255  -31  26  0  0 L3P 06
G17 FF 61139 211400  780 407 1406     1089471     87          -9     -4   24  35  113   16  154  -25  154  -25  21  0  0 L3P 08
G19 FF 61139 211400  780 679 1321    -6965634      9         -24     21   14  67   79    4  151  -46  151  -46  12  0  0 L3P 0C
G20 FF 61139 211400  780 540 3104     -995479   -192          -1      6   17 170   91    6  245  -11  245  -11  13  0  0 L3P FD
G22 FF 61139 211400  780 302 1391      211717    -75          14    -16   22  52  145   18  145  -26  145  -26  16  0  0 L3P 0C
G24 FF 61139 211400  780 285 2173      434636   -222           4    -47   34  56  154  -30  223  -27  223  -27  28  0  0 L3P 28
G30 FF 61139 211400  780 237  635    -1819436   -124          28      9   43  92  182   34  261    7  261    7  37  0  0 L3P EC
G06 FF 61139 213000  780 339  604     6111787     -2           9     13   27  79  132  -15  189  -83  189  -83  23  0  0 L3P 10
G11 FF 61139 213000  780 212  155     3785263   -164          56    -37   24 183  202  -52  456 -190  456 -190  16  0  0 L3P 76
G12 FF 61139 213000  780 232 2552     6079912    -17           1    -17   30  11  186  -21  309  -72  309  -72  26  0  0 L3P 20
G13 FF 61139 213000  780 551 3341    -6802087     37           3     21   21   7   90    8  199  -16  199  -16  19  0  0 L3P E4
G15 FF 61139 213000  780 404 2817    -4016946    -31          12      2   26  70  113    5  246  -13  246  -13  22  0  0 L3P F3
G17 FF 61139 213000  780 338 1424     1089559     87          -9     -4   19  35  132   24  130  -21  130  -21  17  0  0 L3P 05
G19 FF 61139 213000  780 608 1409    -6965630     -5          -9      6   15  67   84    6  117  -34  117  -34  14  0  0 L3P F3
G20 FF 61139 213000  780 484 3198     -995672   -212          -5    -14   25 170   98    9  248    6  248    6  21  0  0 L3P FF
G22 FF 61139 213000  780 263 1326      211647    -96           1    -37   22  52  165   23  133    6  133    6  17  0  0 L3P BD
G24 FF 61139 213000  780 346 2157      434463   -155           0     20   18  56  129  -21  170  -68  170  -68  14  0  0 L3P 1A
G30 FF 61139 213000  780 190  578    -1819565    -78          26     55   37  92  224   56  278  -13  278  -13  32  0  0 L3P 3B
G06 FF 61139 214600  780 378  689     6111766     29           2     43   27  79  120  -10  145  -81  145  -81  23  0  0 L3P 10
G11 FF 61139 214600  780 270  200     3785120   -119          35      8   38 183  162  -34  308 -151  308 -151  32  0  0 L3P 48
G12 FF 61139 214600  780 259 2480     6079905    -28          -6    -28   24  11  168  -16  239  -41  239  -41  22  0  0 L3P 47
G13 FF 61139 214600  780 476 3401    -6802079      0          -4    -16   20   7  100   12  203   20  203   20  20  0  0 L3P BE
G15 FF 61139 214600  780 378 2911    -4016975    -34          15     -1   20  70  120    9  236   -5  236   -5  17  0  0 L3P F3
G17 FF 61139 214600  780 271 1429     1089660     46           5    -45   22  35  161   38   98   17   98   17  18  0  0 L3P F1
G19 FF 61139 214600  780 534 1449    -6965642      7         -11     18   23  67   92    9   99  -27   99  -27  20  0  0 L3P 04
G20 FF 61139 214600  780 422 3271     -995864   -182          -7     16   19 170  109   14  252   -6  252   -6  18  0  0 L3P 24
G22 FF 61139 214600  780 227 1260      211584     -6          -5     53   25  52  189   29  122  -64  122  -64  18  0  0 L3P F8
G24 FF 61139 214600  780 409 2150      434296   -160           1     15   17  56  112  -15  133  -44  133  -44  16  0  0 L3P 0D
G06 FF 61139 220200  780 408  784     6111751     -2           2     12   22  81  112   -6  118  -28  118  -28  19  0  0 L3P DA
G11 FF 61139 220200  780 330  249     3785013   -127          51      1   25 184  135  -23  187  -81  187  -81  21  0  0 L3P 29
G12 FF 61139 220200  780 285 2406     6079907    -30          -4    -30   33  15  154  -13  175  -29  175  -29  29  0  0 L3P 3C
G13 FF 61139 220200  780 402 3446    -6802067     62          -5     46   45  11  114   18  214  -32  214  -32  41  0  0 L3P 05
G15 FF 61139 220200  780 343 2998    -4016998    -46          24    -13   26  97  130   13  232   12  232   12  22  0  0 L3P 1F
G17 FF 61139 220200  780 205 1423     1089750    138           2     47   32  67  209   64   84  -51   84  -51  25  0  0 L3P F7
G19 FF 61139 220200  780 462 1465    -6965646    -13          -2     -1   18 102  102   13   80  -12   80  -12  16  0  0 L3P 00
G20 FF 61139 220200  780 360 3330     -996044   -235           6    -38   39 171  125   19  252   47  252   47  38  0  0 L3P 2B
G22 FF 61139 220200  780 193 1194      211564    -90          34    -30   31  56  221   38   81    7   81    7  24  0  0 L3P B0
G24 FF 61139 220200  780 476 2153      434129   -183           3     -7   17  57  100  -11  102  -19  102  -19  14  0  0 L3P 01
G06 FF 61139 221800  780 426  889     6111727     14          -8     29   24  81  109   -2  103  -49  103  -49  21  0  0 L3P 02
G11 FF 61139 221800  780 393  304     3784882   -132          42     -4   28 184  116  -16  134  -49  134  -49  23  0  0 L3P 48
G12 FF 61139 221800  780 311 2332     6079917     36           6     36   34  15  142  -11  125  -65  125  -65  31  0  0 L3P 0A
G13 FF 61139 221800  780 330 3484    -6802040     40           7     24   16  11  135   27  222   12  222   12  11  0  0 L3P D0
G15 FF 61139 221800  780 302 3075    -4017025    -45          28    -12   35  97  146   19  227   10  227   10  25  0  0 L3P 18
G19 FF 61139 221800  780 392 1465    -6965657     -6          -2      6   21 102  116   18   66  -23   66  -23  20  0  0 L3P 00
G20 FF 61139 221800  780 298 3380     -996229   -164          11     33   48 171  148   28  270    7  270    7  45  0  0 L3P 1C
G24 FF 61139 221800  780 545 2172      433957   -186          -1    -11   15  57   90   -8   87  -11   87  -11  14  0  0 L3P FB
G06 FF 61139 223400  780 429  997     6111718    -42          -3    -27   20  81  108    1   79   11   79   11  16  0  0 L3P D0
G11 FF 61139 223400  780 456  371     3784753   -115          36     13   19 184  103  -11  103  -37  103  -37  15  0  0 L3P 38
G12 FF 61139 223400  780 338 2257     6079913    -33           2    -33   23  15  132  -10  101   -4  101   -4  22  0  0 L3P E5
G13 FF 61139 223400  780 261 3518    -6802025     11           7     -5   36  11  167   41  277  101  277  101  29  0  0 L3P 0A
G15 FF 61139 223400  780 259 3145    -4017054    -55          31    -22   29  97  168   27  249   62  249   62  25  0  0 L3P 39
G19 FF 61139 223400  780 325 1455    -6965663     23           3     34   33 102  137   25   51  -38   51  -38  27  0  0 L3P 08
G20 FF 61139 223400  780 239 3426     -996421   -190           7      7   32 171  181   42  335  106  335  106  25  0  0 L3P 29
G24 FF 61139 223400  780 614 2217      433792   -201           2    -26   15  57   84   -6   72   13   72   13  14  0  0 L3P C0
G06 FF 61139 225000  780 416 1101     6111702      1          -5     16   27  81  111    5   69  -23   69  -23  23  0  0 L3P AF
G11 FF 61139 225000  780 515  455     3784621   -135          25     -8   15 184   94   -8   89  -12   89  -12  11  0  0 L3P 03
G12 FF 61139 225000  780 366 2182     6079914     26           3     26   18  15  123   -9   81  -40   81  -40  16  0  0 L3P DA
G13 FF 61139 225000  780 196 3552    -6802018     10          -1     -6   31  11  218   68  441  270  441  270  28  0  0 L3P 16
G15 FF 61139 225000  780 215 3209    -4017098     -8          14     25   23  14  199   40  335  106  335  106  23  0  0 L3P 1F
G19 FF 61139 225000  780 263 1438    -6965685     11          11     22   24  20  166   37   60  -30   60  -30  19  0  0 L3P FA
G20 FF 61139 225000  780 184 3470     -996626   -175          -9     22   26 171  231   64  525  267  525  267  16  0  0 L3P 60
G24 FF 61139 225000  780 680 2308      433618   -177          -3     -2   18  57   79   -4   70   -1   70   -1  16  0  0 L3P BA
G06 FF 61139 230600  780 389 1194     6111695    -29           2    -14   26  81  117    9   58   17   58   17  24  0  0 L3P E5
G11 FF 61139 230600  780 567  566     3784493   -177          19    -50   19 184   88   -5   79   26   79   26  17  0  0 L3P 24
G12 FF 61139 230600  780 396 2104     6079914    -16           3    -16   30  15  115   -8   73   10   73   10  27  0  0 L3P CF
G19 FF 61139 230600  780 204 1414    -6965691    -51          15    -39   35  20  210   57   61   42   61   42  31  0  0 L3P FA
G24 FF 61139 230600  780 734 2487      433448   -166          -6      9   17  57   77   -2   72   -6   72   -6  14  0  0 L3P C7
G06 FF 61139 233400  780 313 1319     6111673     -2           5     13   30  81  141   21   50   -5   50   -5  24  0  0 L3P 96
G11 FF 61139 233400  780 616  838     3784274   -117          15     11   19 184   84   -1   62  -13   62  -13  17  0  0 L3P FF
G12 FF 61139 233400  780 452 1963     6079907     30          -4     30   17  15  104   -6   65  -28   65  -28  16  0  0 L3P F0
G24 FF 61139 233400  780 741 3021      433165   -160           5     15   20  57   77    1   65    2   65    2  16  0  0 L3P 7C
G29 FF 61139 233400  780 226 2898     3431828    -79           3     -7   27  92  191  -34  240  -64  240  -64  23  0  0 L3P 34
