CGGTTS     GENERIC DATA FORMAT VERSION = 2E
REV DATE = 2025-11-01
RCVR = PolaRx5TR (5.6.0)     sbf2cggtts-1.5.0
CH = 80
IMS = PolaRx5TR
LAB = LRTE
X = 3967035.920 m
Y = -4390028.540 m
Z = -2375644.640 m
FRAME = ITRF
COMMENTS = LS=18; ElMask=10deg; 'Generated from the SBF in 2026-03-24 at 15:54:00'
INT DLY = 24.9 ns (GPS P1),  15.7 ns (GPS P2)     CAL_ID = 1201-2025
CAB DLY = 103.1 ns
REF DLY = 47.2 ns
REF = UTC(LRTE)
CKSUM = fd

SAT CL  MJD  STTIME TRKL ELV AZTH   REFSV      SRSV     REFSYS    SRSYS  DSG IOE MDTR SMDT MDIO SMDI MSIO SMSI ISG FR HC FRC CK
             hhmmss  s  .1dg .1dg    .1ns     .1ps/s     .1ns    .1ps/s .1ns     .1ns.1ps/s.1ns.1ps/s.1ns.1ps/s.1ns
G06 FF 61123 001400  780 393 1185     6125709    -24          -4    -20   28  70  116    8   72   24   72   24  27  0  0 L3P D0
G11 FF 61123 001400  780 561  541     3972065   -144          11    -15   15 205   89   -5   90    0   90    0  12  0  0 L3P AB
G12 FF 61123 001400  780 397 2104     6079508     31          -5     30   26  62  115   -8   94  -39   94  -39  24  0  0 L3P EA
G13 FF 61123 001400  780 141 3583    -6823909     71         -11     56   28   5  297  120  875  103  875  103  21  0  0 L3P 3B
G15 FF 61123 001400  780 176 3267    -3968355    -56          -9    -23   42  13  241   57  898  109  898  109  36  0  0 L3P 69
G19 FF 61123 001400  780 206 1415    -6947481    -90         -17    -77   35   5  208   56   80   68   80   68  27  0  0 L3P 11
G20 FF 61123 001400  780 134 3515     -694992   -272          32    -58   19 191  312  112  944  124  944  124  14  0  0 L3P 6A
G24 FF 61123 001400  780 727 2459      686200   -180          -7     -9   16  84   77   -2   94    3   94    3  14  0  0 L3P A8
G25 FF 61123 001400  780 116 2385    -4351809     63          23     36   42  22  357 -106  240 -131  240 -131  33  0  0 L3P 49
G29 FF 61123 001400  780 148 3009     3535369   -159          23    -90   33  79  284  -90  940  -74  940  -74  25  0  0 L3P 6B
G06 FF 61123 004200  780 319 1314     6125703    -13          -2     -8   26  70  139   20   71   10   71   10  23  0  0 L3P B2
G11 FF 61123 004200  780 618  806     3971851   -111          12     17   19 205   83   -1   67  -27   67  -27  17  0  0 L3P F8
G12 FF 61123 004200  780 452 1963     6079502     24         -13     23   16  62  103   -6   77  -30   77  -30  14  0  0 L3P E5
G15 FF 61123 004200  780 107 3369    -3968392     34          10     67   35  13  386  127  883 -110  883 -110  24  0  0 L3P 62
G19 FF 61123 004200  780 112 1361    -6947481    -54           6    -40   47   5  371  162   81   53   81   53  32  0  0 L3P E9
G24 FF 61123 004200  780 744 2982      685925   -161           3      9   20  84   76    1   83   -4   83   -4  15  0  0 L3P 9C
G25 FF 61123 004200  780 182 2294    -4351778     43           9     16   29  22  233  -51  148  -52  148  -52  27  0  0 L3P 23
G29 FF 61123 004200  780 227 2902     3535237    -72           8     -3   18  79  190  -34  557 -277  557 -277  15  0  0 L3P 5A
G05 FF 61123 005800  780 103  255     2307608    -30          28    -36   52 100  399 -145  402 -330  402 -330  41  0  0 L3P 55
G06 FF 61123 005800  780 266 1364     6125709     25           9     29   25  70  164   33   64  -28   64  -28  21  0  0 L3P EA
G11 FF 61123 005800  780 616  982     3971719   -141           4    -12   15 205   84    1   67    3   67    3  13  0  0 L3P A7
G12 FF 61123 005800  780 485 1875     6079500    -15         -16    -16   19  62   98   -5   74    3   74    3  15  0  0 L3P D1
G21 FF 61123 005800  780 119  518    -4108463    -31          17     -5   36 126  348  -93  124  -45  124  -45  26  0  0 L3P 35
G24 FF 61123 005800  780 696 3210      685753   -170          -4      1   15  84   78    3   94    1   94    1  13  0  0 L3P 89
G25 FF 61123 005800  780 223 2244    -4351744     29          16      1   38  22  192  -36  116  -23  116  -23  32  0  0 L3P 0B
G29 FF 61123 005800  780 267 2831     3535176    -31          13     38   26  79  163  -22  337 -195  337 -195  23  0  0 L3P 6B
G05 FF 61123 011400  780 144  311     2307597    -34           7    -39   40   4  292  -85  220  -58  220  -58  33  0  0 L3P FD
G06 FF 61123 011400  780 208 1401     6125700    -57           4    -52   39  23  206   57   72   69   72   69  29  0  0 L3P E0
G11 FF 61123 011400  780 589 1137     3971588   -111          -4     17   15 205   86    4   64  -22   64  -22  11  0  0 L3P F1
G12 FF 61123 011400  780 520 1780     6079506      4         -12      3   16  62   93   -5   63   -1   63   -1  15  0  0 L3P 87
G21 FF 61123 011400  780 152  583    -4108507    -21          -1      5   49 126  277  -59  107  -25  107  -25  39  0  0 L3P 1D
G24 FF 61123 011400  780 629 3339      685588   -161          -6      9   16  84   83    6   99   -5   99   -5  15  0  0 L3P C8
G25 FF 61123 011400  780 269 2197    -4351735      3          -1    -25   34  22  162  -27  112    1  112    1  29  0  0 L3P CC
G29 FF 61123 011400  780 303 2755     3535118    -64          22      5   21  79  146  -15  218  -84  218  -84  21  0  0 L3P 1E
G05 FF 61123 013000  780 188  368     2307617     45          21     40   33   4  226  -54  146  -73  146  -73  28  0  0 L3P FB
G11 FF 61123 013000  780 542 1253     3971464   -142          -4    -14   17 205   91    6   64   15   64   15  14  0  0 L3P D7
G12 FF 61123 013000  780 553 1674     6079498    -11         -21    -12   15  62   89   -4   70   16   70   16  13  0  0 L3P DE
G21 FF 61123 013000  780 184  650    -4108529      2           1     28   26 126  230  -39   96  -38   96  -38  24  0  0 L3P E7
G24 FF 61123 013000  780 555 3416      685424   -206          -6    -36   26  84   89    8  113   53  113   53  26  0  0 L3P EF
G25 FF 61123 013000  780 318 2151    -4351702    -22           6    -49   27  22  139  -21   95   31   95   31  23  0  0 L3P E5
G29 FF 61123 013000  780 334 2672     3535040    -48          11     21   22  79  133  -11  174  -60  174  -60  19  0  0 L3P 1C
G05 FF 61123 014600  780 234  429     2307612     12          11      6   40   4  184  -36  121  -19  121  -19  35  0  0 L3P CF
G11 FF 61123 014600  780 483 1332     3971351   -146           6    -17   26 205   98   10   57   18   57   18  23  0  0 L3P F3
G12 FF 61123 014600  780 584 1552     6079502     16         -17     15   22  62   86   -3   65  -12   65  -12  19  0  0 L3P E3
G21 FF 61123 014600  780 215  721    -4108554    -56           1    -30   26 126  200  -26   93   31   93   31  20  0  0 L3P D9
G24 FF 61123 014600  780 479 3468      685258   -174          -8     -3   31  84   99   12  131   18  131   18  32  0  0 L3P FE
G25 FF 61123 014600  780 371 2108    -4351678    -23           3    -50   21  22  122  -16   83   36   83   36  18  0  0 L3P ED
G29 FF 61123 014600  780 362 2585     3534984    -22          21     47   21  79  124   -8  132  -69  132  -69  18  0  0 L3P 32
G05 FF 61123 020200  780 281  494     2307630    -10          23    -16   28   5  156  -24   94   -9   94   -9  22  0  0 L3P C7
G11 FF 61123 020200  780 419 1382     3971224   -146           4    -18   43 206  110   15   59   12   59   12  40  0  0 L3P EB
G12 FF 61123 020200  780 609 1411     6079504     10         -13      9   14  63   84   -2   66   -6   66   -6  13  0  0 L3P A0
G18 FF 61123 020200  780 124 3260     3944192   -156          30    -61   21 170  339 -171  720  -91  720  -91  22  0  0 L3P 61
G21 FF 61123 020200  780 241  797    -4108560    -42          18    -15   45 127  179  -17   67   -9   67   -9  40  0  0 L3P 0A
G24 FF 61123 020200  780 404 3507      685087   -130         -18     40   16  86  113   18  151  -21  151  -21  15  0  0 L3P 13
G25 FF 61123 020200  780 428 2066    -4351646     65          10     37   15  23  108  -13   66  -37   66  -37  13  0  0 L3P 04
G29 FF 61123 020200  780 385 2493     3534907    -80          15    -11   19  80  118   -6  112   -5  112   -5  15  0  0 L3P F9
G05 FF 61123 021800  780 326  566     2307627     14          14      8   22   5  136  -17   89  -19   89  -19  20  0  0 L3P D1
G11 FF 61123 021800  780 353 1411     3971104   -128           7      0   14 206  127   22   57    8   57    8  13  0  0 L3P AC
G12 FF 61123 021800  780 624 1250     6079508     -6         -11     -7   16  63   83   -1   64    4   64    4  14  0  0 L3P 93
G18 FF 61123 021800  780 187 3231     3944074    -72           3     23   42 170  228  -77  537 -230  537 -230  33  0  0 L3P 55
G21 FF 61123 021800  780 260  877    -4108620    -42         -16    -16   26 127  167  -10   92   16   92   16  22  0  0 L3P 0D
G24 FF 61123 021800  780 331 3541      684941   -155          -1     15   29  86  134   26  158   10  158   10  24  0  0 L3P FC
G25 FF 61123 021800  780 489 2026    -4351615     54          15     26   22  23   98  -10   59  -31   59  -31  20  0  0 L3P F4
G29 FF 61123 021800  780 404 2399     3534844    -19          18     50   21  80  113   -4   93  -57   93  -57  18  0  0 L3P 0B
G05 FF 61123 023400  780 367  648     2307626     20           8     15   23   5  123  -11   84  -35   84  -35  17  0  0 L3P C1
G11 FF 61123 023400  780 286 1425     3970989   -149          15    -20   32 206  153   33   55   34   55   34  24  0  0 L3P 16
G12 FF 61123 023400  780 624 1079     6079521    -23           2    -24   21  63   83    1   52   17   52   17  18  0  0 L3P AB
G18 FF 61123 023400  780 251 3194     3944005    -58          24     36   28 170  173  -42  304 -231  304 -231  22  0  0 L3P 53
G21 FF 61123 023400  780 271  960    -4108634    -29          -5     -3   22 127  161   -4   73  -11   73  -11  21  0  0 L3P E0
G24 FF 61123 023400  780 262 3572      684786   -159           8     11   17  86  166   41  189   40  189   40  14  0  0 L3P 0E
G25 FF 61123 023400  780 554 1985    -4351608     19          -4     -9   15  23   89   -8   63   -3   63   -3  12  0  0 L3P C2
G28 FF 61123 023400  780 136 2257     5716045    -73          12     10   41 220  309  -95  127  -28  127  -28  35  0  0 L3P 3C
G29 FF 61123 023400  780 421 2303     3534778    -76          19     -7   15  80  110   -3   80   -8   80   -8  14  0  0 L3P CD
G05 FF 61123 025000  780 401  740     2307632     22           8     16   29   5  114   -7   67  -18   67  -18  23  0  0 L3P A9
G11 FF 61123 025000  780 222 1427     3970860   -188          10    -59   29 206  194   54   63   72   63   72  21  0  0 L3P 17
G12 FF 61123 025000  780 607  912     6079513    -23          -8    -24   23  63   84    2   58   15   58   15  17  0  0 L3P B4
G18 FF 61123 025000  780 313 3146     3943891    -78           1     16   17 170  141  -26  185 -112  185 -112  13  0  0 L3P 49
G21 FF 61123 025000  780 272 1043    -4108655    -65          -1    -39   39 127  160    2   74   20   74   20  34  0  0 L3P E4
G24 FF 61123 025000  780 197    4      684616   -122           2     49   22  86  217   68  263   51  263   51  18  0  0 L3P C5
G25 FF 61123 025000  780 624 1943    -4351589     13         -11    -14   16  23   83   -6   58   -2   58   -2  14  0  0 L3P D5
G28 FF 61123 025000  780 175 2310     5715972   -102          19    -19   37 220  242  -49  113   10  113   10  35  0  0 L3P 2B
G29 FF 61123 025000  780 435 2205     3534714    -55          21     15   19  80  107   -3   62  -31   62  -31  18  0  0 L3P E5
G05 FF 61123 030600  780 424  842     2307636     45           7     39   20   5  109   -4   58  -52   58  -52  17  0  0 L3P B7
G11 FF 61123 030600  780 160 1420     3970751     51          24    180   90 206  265  100   54 -164   54 -164  56  0  0 L3P 38
G12 FF 61123 030600  780 575  765     6079509    -33         -12    -34   19  63   87    4   60   16   60   16  17  0  0 L3P D0
G18 FF 61123 030600  780 374 3086     3943798    -83          -1     11   25 170  121  -17  126  -57  126  -57  20  0  0 L3P 40
G21 FF 61123 030600  780 263 1124    -4108662   -117          17    -91   33 127  165    9   48   77   48   77  32  0  0 L3P 18
G24 FF 61123 030600  780 137   37      684461   -116          10     55   34  86  308  129  351   56  351   56  22  0  0 L3P F7
G25 FF 61123 030600  780 697 1892    -4351572     39         -20     12   12  23   78   -4   54  -21   54  -21  10  0  0 L3P E9
G28 FF 61123 030600  780 206 2373     5715894    -73          20     10   36 220  207  -27  104   -9  104   -9  31  0  0 L3P 0F
G29 FF 61123 030600  780 447 2106     3534632    -32           6     38   24  80  104   -2   62  -50   62  -50  21  0  0 L3P D0
G05 FF 61123 032200  780 434  950     2307644      8           9      2   22   5  107    0   50    8   50    8  22  0  0 L3P 2F
G12 FF 61123 032200  780 530  645     6079500    -14         -23    -15   27  63   92    6   67   19   67   19  21  0  0 L3P C5
G18 FF 61123 032200  780 431 3011     3943718   -121          10    -27   51 170  108  -11   88   -2   88   -2  33  0  0 L3P 00
G21 FF 61123 032200  780 242 1199    -4108721    -24         -16      2   27 127  178   18   72   -5   72   -5  21  0  0 L3P E6
G25 FF 61123 032200  780 772 1813    -4351541     45         -15     18   13  23   75   -2   43  -18   43  -18  11  0  0 L3P E2
G28 FF 61123 032200  780 229 2444     5715809    -71          15     12   29 220  188  -14  102   -8  102   -8  28  0  0 L3P 17
G29 FF 61123 032200  780 458 2007     3534562    -67           2      3   18  80  102   -2   55   -8   55   -8  16  0  0 L3P AD
G05 FF 61123 033800  780 427 1057     2307646     -3           6     -8   23   5  108    3   54    9   54    9  20  0  0 L3P 6E
G12 FF 61123 033800  780 475  550     6079528    -10           4    -11   21  63  100   10   54   11   54   11  17  0  0 L3P AB
G18 FF 61123 033800  780 482 2919     3943620   -140           2    -46   16 170   99   -8   76   18   76   18  13  0  0 L3P 04
G21 FF 61123 033800  780 212 1266    -4108720     13           9     40   29 127  202   32   53  -39   53  -39  26  0  0 L3P EF
G23 FF 61123 033800  780 139 3506    -6277138    -10          32     36   32 149  303 -139  358 -259  358 -259  24  0  0 L3P 9A
G25 FF 61123 033800  780 846 1568    -4351518     76         -19     48   37  23   74   -1   50  -45   50  -45  36  0  0 L3P 08
G28 FF 61123 033800  780 241 2521     5715726    -33          12     50   31 220  179   -5  109  -29  109  -29  26  0  0 L3P 2A
G29 FF 61123 033800  780 468 1905     3534499    -74           7     -4   17  80  101   -2   49   -4   49   -4  16  0  0 L3P D1
G05 FF 61123 035400  780 406 1155     2307658     -6          13    -12   25   5  113    7   47   12   47   12  23  0  0 L3P A4
G12 FF 61123 035400  780 415  475     6079519     -5          -6     -6   25  63  111   14   62    6   62    6  20  0  0 L3P 8A
G18 FF 61123 035400  780 524 2807     3943531   -131           4    -37   23 170   93   -5   62   16   62   16  18  0  0 L3P EA
G21 FF 61123 035400  780 173 1323    -4108756    -48          -2    -22   32 127  245   58   61   10   61   10  24  0  0 L3P F3
G23 FF 61123 035400  780 205 3521    -6277172   -129          42    -84   31 149  209  -69  171  -73  171  -73  24  0  0 L3P 75
G25 FF 61123 035400  780 849  526    -4351489     22         -16     -5   14  23   74    1   50    9   50    9  12  0  0 L3P 91
G28 FF 61123 035400  780 244 2601     5715656   -110          22    -27   28 220  177    2  105   31  105   31  26  0  0 L3P 0E
G29 FF 61123 035400  780 478 1803     3534436    -91           9    -22   18  80   99   -1   48   22   48   22  15  0  0 L3P D8
G31 FF 61123 035400  780 104 2339     1597708    -11          44     12   40  39  394  -83   96   -6   96   -6  35  0  0 L3P F7
G05 FF 61123 041000  780 371 1239     2307650     -3           3     -8   26  19  122   12   51    0   51    0  22  0  0 L3P 6B
G12 FF 61123 041000  780 351  417     6079507     15         -15     14   17  64  128   21   69  -17   69  -17  15  0  0 L3P E9
G15 FF 61123 041000  780 116  557    -3968799   -138          19   -105   35  50  357  -90   65   69   65   69  27  0  0 L3P 47
G18 FF 61123 041000  780 556 2676     3943437    -74           5     20   20 171   89   -3   55  -27   55  -27  19  0  0 L3P F7
G21 FF 61123 041000  780 128 1370    -4108775    -87           7    -61   39 128  325  113   72   64   72   64  29  0  0 L3P 17
G23 FF 61123 041000  780 276 3532    -6277248    -98           8    -53   28 150  158  -40  121   -5  121   -5  23  0  0 L3P 20
G25 FF 61123 041000  780 772  262    -4351476     26         -23     -1   14  24   75    3   55   -5   55   -5  12  0  0 L3P 9C
G26 FF 61123 041000  780 112 2201     3445518     71          35     20   40  40  373 -188   84  -42   84  -42  35  0  0 L3P FD
G28 FF 61123 041000  780 236 2682     5715470   -187         -91   -104   43 221  183    9  221  104  221  104  37  0  0 L3P 5C
G29 FF 61123 041000  780 486 1697     3534366    -75          10     -6   18  81   98   -1   51   -1   51   -1  18  0  0 L3P C4
G31 FF 61123 041000  780 123 2403     1597673    -65          30    -43   32  40  338  -39  112   32  112   32  27  0  0 L3P 06
G05 FF 61123 042600  780 326 1306     2307655     -6           2    -12   23  19  136   19   48    7   48    7  21  0  0 L3P A1
G12 FF 61123 042600  780 285  373     6079521      6          -3      5   26  64  154   34   67   16   67   16  23  0  0 L3P A2
G15 FF 61123 042600  780 146  623    -3968831    -87          18    -54   45  50  287  -58   54   26   54   26  41  0  0 L3P 14
G18 FF 61123 042600  780 575 2530     3943337   -133          -4    -38    8 171   87   -1   55   20   55   20   7  0  0 L3P D8
G23 FF 61123 042600  780 351 3538    -6277294    -47           6     -1   18 150  128  -25   91  -18   91  -18  16  0  0 L3P 1E
G25 FF 61123 042600  780 689  191    -4351438     62         -12     35   16  24   79    5   47  -17   47  -17  14  0  0 L3P E3
G26 FF 61123 042600  780 169 2213     3445539     69           7     18   49  40  251  -84   84  -31   84  -31  40  0  0 L3P FA
G28 FF 61123 042600  780 220 2760     5715506   -120          25    -37   86 221  195   17  116   55  116   55  87  0  0 L3P 3F
G29 FF 61123 042600  780 493 1589     3534304    -69          14      0   22  81   97   -1   38    0   38    0  21  0  0 L3P 97
G31 FF 61123 042600  780 133 2471     1597647    -45          26    -22   36  40  313  -14  116   21  116   21  31  0  0 L3P 09
G05 FF 61123 044200  780 274 1357     2307670      5          12     -1   27  19  159   30   44   14   44   14  22  0  0 L3P AC
G12 FF 61123 044200  780 219  339     6079530    -34           6    -35   23  64  196   58   71   45   71   45  20  0  0 L3P D3
G15 FF 61123 044200  780 175  692    -3968876     -4           5     28   33  50  242  -38   66  -28   66  -28  26  0  0 L3P 01
G18 FF 61123 044200  780 580 2377     3943239    -85         -11      9   17 171   87    0   52  -10   52  -10  14  0  0 L3P E3
G23 FF 61123 044200  780 430 3541    -6277343    -96           1    -51   18 150  108  -17   75   23   75   23  13  0  0 L3P 01
G25 FF 61123 044200  780 606  157    -4351418     12         -18    -16   28  24   84    7   57   20   57   20  28  0  0 L3P C5
G26 FF 61123 044200  780 226 2236     3445601     42          19     -9   37  40  190  -46   56    1   56    1  33  0  0 L3P B1
G28 FF 61123 044200  780 197 2836     5715409   -110           8    -27   39 221  216   27  158   52  158   52  32  0  0 L3P 34
G29 FF 61123 044200  780 498 1478     3534249    -56           8     14   18   8   96    0   23  -21   23  -21  16  0  0 L3P C0
G31 FF 61123 044200  780 135 2542     1597625    -44          26    -21   30  40  308    4  126   19  126   19  25  0  0 L3P F5
G05 FF 61123 045800  780 218 1394     2307672    -36           9    -42   37  19  197   51   53   36   53   36  31  0  0 L3P EE
G10 FF 61123 045800  780 144 3381     5903627     94         -26     96   27  33  294 -135  295 -216  295 -216  17  0  0 L3P 81
G12 FF 61123 045800  780 153  315     6079516     64         -10     63   25  64  276  117  102  -29  102  -29  20  0  0 L3P 18
G15 FF 61123 045800  780 201  763    -3968907    -86           6    -54   26  50  212  -25   59   63   59   63  23  0  0 L3P FF
G18 FF 61123 045800  780 572 2229     3943141    -89         -19      6   15 171   87    1   51  -13   51  -13  14  0  0 L3P EB
G23 FF 61123 045800  780 512 3541    -6277391    -82          -4    -37   23 150   94  -11   60    8   60    8  19  0  0 L3P E5
G25 FF 61123 045800  780 523  138    -4351381      8          -7    -19   19  24   93   11   59   25   59   25  18  0  0 L3P C6
G26 FF 61123 045800  780 282 2270     3445636     72           6     21   30  40  155  -28   63  -20   63  -20  27  0  0 L3P E1
G28 FF 61123 045800  780 170 2908     5715333    -35          11     48   32 221  249   42  192   16  192   16  28  0  0 L3P 21
G29 FF 61123 045800  780 498 1363     3534171    -82          -3    -13   14   8   96    0   36   16   36   16  12  0  0 L3P BB
G31 FF 61123 045800  780 130 2614     1597583      5           5     28   29  40  321   22  168   -3  168   -3  26  0  0 L3P CD
G05 FF 61123 051400  780 160 1419     2307681    -57          12    -62   66  19  265   96   54   45   54   45  47  0  0 L3P 00
G10 FF 61123 051400  780 212 3371     5903649     44          -3     45   51  33  203  -65  175 -100  175 -100  51  0  0 L3P 26
G15 FF 61123 051400  780 222  838    -3968948    -57          -3    -24   33  50  193  -16   71   22   71   22  29  0  0 L3P FE
G18 FF 61123 051400  780 555 2091     3943049   -118         -20    -24   15 171   89    2   56   17   56   17  13  0  0 L3P 01
G23 FF 61123 051400  780 596 3536    -6277440    -40          -9      5   28 150   85   -8   58  -14   58  -14  28  0  0 L3P 03
G25 FF 61123 051400  780 442  127    -4351342     83           5     55   40  24  105   16   63  -36   63  -36  37  0  0 L3P CF
G26 FF 61123 051400  780 334 2319     3445675     44          -5     -7   28  40  133  -18   73    8   73    8  24  0  0 L3P BE
G28 FF 61123 051400  780 140 2976     5715249   -103           7    -20   34 221  299   65  260  101  260  101  24  0  0 L3P 3C
G29 FF 61123 051400  780 494 1248     3534112   -113           4    -44   16   8   97    1   39   49   39   49  13  0  0 L3P C7
G31 FF 61123 051400  780 117 2686     1597564     21           8     44   31  40  353   45  209   23  209   23  24  0  0 L3P E5
G10 FF 61123 053000  780 282 3353     5903638     13         -13     14   26  33  155  -37  124  -52  124  -52  20  0  0 L3P 15
G15 FF 61123 053000  780 238  915    -3968970     23           6     55   28  50  181   -8   58  -63   58  -63  27  0  0 L3P F1
G16 FF 61123 053000  780 124 2191    -2316871   -132          30    -60   43   8  339 -151   60   52   60   52  38  0  0 L3P 0A
G18 FF 61123 053000  780 532 1967     3942968    -97         -11     -3   16 171   92    3   49    4   49    4  13  0  0 L3P C9
G20 FF 61123 053000  780 101 1082     -699072   -213          24      2   47 194  404   -7   76    1   76    1  39  0  0 L3P BB
G23 FF 61123 053000  780 683 3528    -6277495    -73         -20    -27   19 150   79   -5   65   24   65   24  16  0  0 L3P 1A
G25 FF 61123 053000  780 364  123    -4351316     36           5      8   19  24  124   23   74    2   74    2  18  0  0 L3P 79
G26 FF 61123 053000  780 380 2384     3445725     56          -4      5   18  40  119  -12   70  -10   70  -10  15  0  0 L3P D1
G28 FF 61123 053000  780 109 3041     5715185    -82          22      1   31 221  378  103  316   54  316   54  25  0  0 L3P 0A
G29 FF 61123 053000  780 484 1132     3534040    -50          -1     20   23   8   98    2   48  -13   48  -13  21  0  0 L3P AA
G10 FF 61123 054600  780 355 3325     5903635    -15         -15    -14   43  33  127  -24   93  -11   93  -11  39  0  0 L3P 1B
G15 FF 61123 054600  780 245  994    -3969004    -69           4    -36   20  50  177   -2   58   18   58   18  16  0  0 L3P EE
G16 FF 61123 054600  780 179 2216    -2316987    -20         -17     51   38   8  238  -71   94  -59   94  -59  30  0  0 L3P 33
G18 FF 61123 054600  780 505 1856     3942880    -83          -8     12   25 171   95    4   48   -7   48   -7  21  0  0 L3P DB
G23 FF 61123 054600  780 771 3514    -6277543    -82         -25    -37   29 150   75   -3   63   35   63   35  28  0  0 L3P 18
G25 FF 61123 054600  780 289  124    -4351287     57           8     30   42  24  152   37   75  -20   75  -20  34  0  0 L3P DB
G26 FF 61123 054600  780 416 2466     3445772     74          -6     23   21  40  111   -7   67  -19   67  -19  18  0  0 L3P F4
G29 FF 61123 054600  780 467 1020     3533963    -61         -11      9   24   8  101    4   54  -10   54  -10  21  0  0 L3P BD
G10 FF 61123 060200  780 428 3285     5903624     20         -28     21   24  45  108  -16   81  -30   81  -30  23  0  0 L3P F3
G15 FF 61123 060200  780 243 1071    -3969032    -63          12    -30   25  57  178    5   47   34   47   34  19  0  0 L3P EA
G16 FF 61123 060200  780 231 2251    -2317032    -87           7    -15   40   9  186  -40   74   11   74   11  37  0  0 L3P D3
G18 FF 61123 060200  780 476 1754     3942790   -102          -7     -7   16 172   99    5   46  -11   46  -11  13  0  0 L3P F9
G23 FF 61123 060200  780 859 3481    -6277559    -66           6    -20   20 151   74   -1   31   -4   31   -4  19  0  0 L3P DB
G25 FF 61123 060200  780 217  130    -4351251     48          19     20   23  35  198   62   80  -14   80  -14  17  0  0 L3P D8
G26 FF 61123 060200  780 441 2564     3445816     40         -11    -12   21  41  106   -3   68   -1   68   -1  19  0  0 L3P CB
G29 FF 61123 060200  780 443  914     3533900    -64          -8      5   21  82  105    5   48   -3   48   -3  20  0  0 L3P 94
G10 FF 61123 061800  780 501 3229     5903628     11         -23     12   14  45   96  -10   65  -19   65  -19  12  0  0 L3P EE
G15 FF 61123 061800  780 231 1146    -3969071      2           5     35   32  57  186   13   55  -26   55  -26  27  0  0 L3P DF
G16 FF 61123 061800  780 280 2300    -2317118    -24         -10     47   30   9  156  -24   79  -44   79  -44  25  0  0 L3P 0F
G18 FF 61123 061800  780 448 1659     3942700    -97          -7     -3   21 172  104    5   39   12   39   12  18  0  0 L3P E3
G23 FF 61123 061800  780 854 1722    -6277621    -63         -12    -18   15 151   74    1   38   13   38   13  14  0  0 L3P F3
G25 FF 61123 061800  780 149  141    -4351239     -7           5    -35   28  35  284  124  103   36  103   36  18  0  0 L3P F8
G26 FF 61123 061800  780 450 2672     3445869     44          -7     -7   15  41  104    0   63    5   63    5  14  0  0 L3P 97
G29 FF 61123 061800  780 411  816     3533833    -74          -9     -4   23  82  112    8   51   14   51   14  20  0  0 L3P AB
G10 FF 61123 063400  780 572 3148     5903624     -9         -26     -7   14  45   88   -7   56   -2   56   -2  14  0  0 L3P C1
G15 FF 61123 063400  780 210 1214    -3969086    -17          22     16   27  57  204   24   42   -4   42   -4  22  0  0 L3P D5
G16 FF 61123 063400  780 323 2362    -2317175    -87           1    -15   26   9  137  -15   60    7   60    7  21  0  0 L3P BA
G18 FF 61123 063400  780 421 1570     3942618    -68           3     26   19 172  110    6   34  -20   34  -20  16  0  0 L3P DE
G23 FF 61123 063400  780 768 1685    -6277680    -18         -28     27   19 151   76    3   51  -23   51  -23  16  0  0 L3P 18
G26 FF 61123 063400  780 444 2783     3445912     25         -13    -26   23  41  105    3   64   19   64   19  19  0  0 L3P E1
G27 FF 61123 063400  780 117 2217      792759    130          -1     -5   39  71  356 -158   96    0   96    0  32  0  0 L3P D4
G29 FF 61123 063400  780 373  728     3533774   -102          -1    -33   21  82  121   12   48   43   48   43  17  0  0 L3P E7
G10 FF 61123 065000  780 636 3028     5903628     -9         -20     -8   12  45   82   -4   46    4   46    4  10  0  0 L3P 95
G15 FF 61123 065000  780 181 1275    -3969123    -39          16     -6   36  57  235   42   48    9   48    9  26  0  0 L3P E0
G16 FF 61123 065000  780 356 2438    -2317251    -63          -6      9   26   9  126   -9   64   -2   64   -2  23  0  0 L3P BA
G18 FF 61123 065000  780 394 1484     3942523   -106          -2    -12   15 172  116    7   47   16   47   16  15  0  0 L3P FB
G23 FF 61123 065000  780 685 1660    -6277713    -32         -17     14   15 151   79    5   46   -7   46   -7  14  0  0 L3P EB
G26 FF 61123 065000  780 424 2889     3445965     59          -9      8   22  41  109    6   63    1   63    1  19  0  0 L3P 9D
G27 FF 61123 065000  780 172 2194      792904    134          15     -1   34  71  247  -80   63  -21   63  -21  31  0  0 L3P EE
G29 FF 61123 065000  780 329  650     3533718    -95           9    -25   30  82  135   17   47   23   47   23  25  0  0 L3P D8
G32 FF 61123 065000  780 154    5      333776   -206           1    -18   34  81  274 -101  101  -37  101  -37  25  0  0 L3P EB
G10 FF 61123 070600  780 686 2850     5903622      9         -26     10   14  45   79   -2   51   -6   51   -6  11  0  0 L3P AA
G15 FF 61123 070600  780 145 1326    -3969138     14          33     47   43  57  290   78   35  -48   35  -48  32  0  0 L3P 15
G16 FF 61123 070600  780 379 2527    -2317321    -62          -7     10   23   9  120   -4   64   -4   64   -4  21  0  0 L3P BA
G18 FF 61123 070600  780 369 1401     3942445    -94          10      0   20 172  122    7   40    6   40    6  15  0  0 L3P 98
G23 FF 61123 070600  780 606 1633    -6277747    -35          -8     11   15 151   84    7   41   -6   41   -6  12  0  0 L3P CD
G26 FF 61123 070600  780 391 2985     3446018     47          -6     -4   25  41  116    9   65   10   65   10  21  0  0 L3P B9
G27 FF 61123 070600  780 229 2177      793018    107          -1    -29   41  71  188  -47   61   20   61   20  36  0  0 L3P ED
G29 FF 61123 070600  780 281  582     3533663    -33          20     36   27  82  156   26   38  -19   38  -19  21  0  0 L3P F9
G32 FF 61123 070600  780 214   36      333569   -186         -25      2   31  81  201  -57   92  -15   92  -15  21  0  0 L3P D7
G10 FF 61123 072200  780 712 2605     5903625      8         -22      9    9  45   78    0   49   -5   49   -5   9  0  0 L3P 79
G16 FF 61123 072200  780 388 2624    -2317379    -82           4    -11   20   9  117   -1   57   14   57   14  18  0  0 L3P D5
G18 FF 61123 072200  780 345 1320     3942356   -123          12    -29   13 172  129    8   37   30   37   30  10  0  0 L3P EF
G23 FF 61123 072200  780 531 1605    -6277797    -27         -14     18   19 151   92    9   42  -14   42  -14  17  0  0 L3P 0B
G26 FF 61123 072200  780 352 3070     3446069     36          -3    -16   33  41  127   14   71   22   71   22  22  0  0 L3P C8
G27 FF 61123 072200  780 291 2167      793149    142          -1      7   21  71  151  -31   53  -12   53  -12  20  0  0 L3P D0
G29 FF 61123 072200  780 229  524     3533577    -36           1     33   31  82  188   43   58  -24   58  -24  27  0  0 L3P E9
G32 FF 61123 072200  780 278   66      333411   -210          -1    -22   28  81  157  -36   53   12   53   12  23  0  0 L3P BA
G10 FF 61123 073800  780 706 2339     5903637     11          -8     13   13  45   78    1   42   -9   42   -9  11  0  0 L3P A2
G16 FF 61123 073800  780 383 2725    -2317449    -59           3     13   23   9  118    3   66  -11   66  -11  22  0  0 L3P D7
G18 FF 61123 073800  780 321 1239     3942266   -126          12    -32   26 172  138    9   41   18   41   18  21  0  0 L3P FF
G23 FF 61123 073800  780 460 1573    -6277840    -37         -13      8   25 151  102   12   42   -6   42   -6  22  0  0 L3P E8
G26 FF 61123 073800  780 307 3146     3446119     60          -3      9   22  41  144   20   77    4   77    4  17  0  0 L3P 9B
G27 FF 61123 073800  780 355 2166      793274    135          -6      0   20  71  127  -21   53    5   53    5  19  0  0 L3P A9
G29 FF 61123 073800  780 174  475     3533499   -160         -11    -91   61  82  244   77   76   93   76   93  44  0  0 L3P 28
G32 FF 61123 073800  780 347   96      333223   -128          -8     61   23  81  129  -24   58  -45   58  -45  18  0  0 L3P F2
G08 FF 61123 075400  780 116 2193    -4734107    150          -2     89   55  44  359 -178   75  -79   75  -79  45  0  0 L3P 55
G10 FF 61123 075400  780 672 2121     5903632     -5         -13     -4   14  45   80    3   44    2   44    2  13  0  0 L3P 75
G16 FF 61123 075400  780 365 2822    -2317518    -70           2      2   26   9  123    7   68   -1   68   -1  20  0  0 L3P 99
G18 FF 61123 075400  780 298 1160     3942184   -105          22    -11   27 172  148   11   31   16   31   16  23  0  0 L3P 04
G23 FF 61123 075400  780 393 1539    -6277888    -69         -17    -24   17 151  116   16   43   15   43   15  15  0  0 L3P 31
G26 FF 61123 075400  780 261 3213     3446173     34           2    -17   22  41  167   28   75   14   75   14  16  0  0 L3P CC
G27 FF 61123 075400  780 421 2178      793404    225          -5     90   22  71  110  -15   49  -70   49  -70  19  0  0 L3P FC
G29 FF 61123 075400  780 118  434     3533444   -123           2    -54  104  82  354  168   80   81   80   81  84  0  0 L3P 0B
G32 FF 61123 075400  780 419  130      333045   -183          -5      6   31  81  110  -16   50   -3   50   -3  29  0  0 L3P A0
G08 FF 61123 081000  780 175 2196    -4734040     78          10     17   38  45  242  -82   55  -25   55  -25  34  0  0 L3P 0F
G10 FF 61123 081000  780 623 1964     5903629    -19         -18    -18   13  47   83    4   43   20   43   20  12  0  0 L3P CF
G16 FF 61123 081000  780 337 2913    -2317591   -118           4    -46   28  22  132   12   70   39   70   39  25  0  0 L3P F9
G18 FF 61123 081000  780 273 1083     3942090    -91          19      3   56 173  159   14   44    8   44    8  52  0  0 L3P C8
G23 FF 61123 081000  780 331 1501    -6277912    -23           1     23   26 152  134   22   38   -6   38   -6  23  0  0 L3P CE
G26 FF 61123 081000  780 215 3275     3446224     65           5     14   47  92  199   41   72  -11   72  -11  40  0  0 L3P D8
G27 FF 61123 081000  780 488 2205      793536    135           2      0   24  88   98  -10   42  -10   42  -10  22  0  0 L3P BA
G32 FF 61123 081000  780 494  171      332859   -200         -10    -11   16 100   97  -11   48    2   48    2  13  0  0 L3P B7
G08 FF 61123 082600  780 236 2210    -4733998     54          -6     -7   38  45  183  -46   58    1   58    1  32  0  0 L3P D6
G10 FF 61123 082600  780 569 1848     5903640    -29          -6    -28   13  47   88    6   32   32   32   32  13  0  0 L3P D2
G16 FF 61123 082600  780 302 2996    -2317654    -48          10     24   28  22  146   17   65  -15   65  -15  22  0  0 L3P 0E
G18 FF 61123 082600  780 248 1007     3941996    -87          11      7   33 174  175   18   54    8   54    8  29  0  0 L3P E0
G23 FF 61123 082600  780 274 1461    -6277969    -74         -12    -28   22 152  159   30   55   29   55   29  18  0  0 L3P 37
G26 FF 61123 082600  780 171 3333     3446263     70          -5     19   31  92  248   61   90   -2   90   -2  32  0  0 L3P C3
G27 FF 61123 082600  780 554 2258      793664    117           1    -19   16  88   89   -7   38   13   38   13  13  0  0 L3P D8
G32 FF 61123 082600  780 570  227      332676   -212          -3    -24   16   1   88   -8   40   18   40   18  14  0  0 L3P A6
G08 FF 61123 084200  780 296 2235    -4733950     53         -17     -8   27  45  149  -28   55  -11   55  -11  24  0  0 L3P 1E
G10 FF 61123 084200  780 514 1755     5903633      1         -11      2   19  47   94    7   42    6   42    6  17  0  0 L3P 71
G16 FF 61123 084200  780 262 3071    -2317719    -62          14     10   43  22  166   25   64   -2   64   -2  32  0  0 L3P D4
G18 FF 61123 084200  780 220  933     3941924   -165          30    -70   38 174  195   24   56   96   56   96  36  0  0 L3P 21
G23 FF 61123 084200  780 221 1417    -6277993    -27           7     19   36 152  194   43   47   19   47   19  29  0  0 L3P 0D
G26 FF 61123 084200  780 130 3389     3446333     88          15     36   53  92  320   94   77  -30   77  -30  34  0  0 L3P 00
G27 FF 61123 084200  780 615 2348      793794    141           0      5   16  88   84   -5   39    1   39    1  14  0  0 L3P 88
G32 FF 61123 084200  780 643  314      332497   -180          -1      9   12   1   82   -5   38   -1   38   -1  11  0  0 L3P 73
G02 FF 61123 085800  780 118 2281     -643133    -61          -8     18   34  56  351 -132   84  -47   84  -47  26  0  0 L3P 1D
G08 FF 61123 085800  780 354 2274    -4733902     62         -28      1   27  45  127  -18   57   -3   57   -3  23  0  0 L3P EE
G10 FF 61123 085800  780 461 1675     5903626      8         -17      9   17  47  102    9   54   -1   54   -1  17  0  0 L3P AC
G16 FF 61123 085800  780 219 3140    -2317800    -66           2      5   32  22  196   37   76   -4   76   -4  23  0  0 L3P C4
G18 FF 61123 085800  780 191  861     3941797   -173          -7    -79   43 174  223   35  114   83  114   83  33  0  0 L3P 41
G23 FF 61123 085800  780 173 1371    -6278052    -41          -8      5   38 152  245   65   89   23   89   23  30  0  0 L3P FE
G27 FF 61123 085800  780 664 2494      793922    121          -2    -15   15  88   80   -2   47   23   47   23  13  0  0 L3P D6
G32 FF 61123 085800  780 708  466      332311   -194          -6     -5   10   1   78   -3   47   15   47   15   9  0  0 L3P 90
G02 FF 61123 091400  780 166 2236     -643205   -105          -4    -26   38  56  255  -75   71   22   71   22  37  0  0 L3P FF
G08 FF 61123 091400  780 408 2332    -4733831     61         -16     -1   27  45  112  -12   56   13   56   13  24  0  0 L3P E7
G10 FF 61123 091400  780 410 1602     5903628     17         -14     18   24  47  112   11   71    8   71    8  21  0  0 L3P A9
G16 FF 61123 091400  780 177 3205    -2317846    -91          24    -19   39  22  239   55   74   45   74   45  27  0  0 L3P 15
G18 FF 61123 091400  780 159  793     3941733   -148          19    -54   52 174  265   55  138  118  138  118  50  0  0 L3P 6A
G23 FF 61123 091400  780 128 1322    -6278063   -130          24    -85   41 152  325  105  117  134  117  134  34  0  0 L3P 68
G27 FF 61123 091400  780 687 2703      794060    131           7     -4   16  88   79    0   56   24   56   24  13  0  0 L3P AA
G28 FF 61123 091400  780 132  254     5714066   -104           7    -21   40 224  316  -96  143   36  143   36  29  0  0 L3P 1C
G32 FF 61123 091400  780 746  729      332134   -213          -2    -24   16   1   76   -1   56   27   56   27  12  0  0 L3P A7
G02 FF 61123 093000  780 218 2194     -643276    -44           0     35   37  56  197  -48   82  -21   82  -21  33  0  0 L3P F6
G08 FF 61123 093000  780 455 2410    -4733769     66         -13      5   17  45  103   -8   70   11   70   11  14  0  0 L3P CE
G10 FF 61123 093000  780 363 1534     5903623    -39         -18    -38   23  47  124   14   96   63   96   63  20  0  0 L3P 05
G16 FF 61123 093000  780 137 3266    -2317915    -29          24     42   36  22  306   86  106    4  106    4  30  0  0 L3P E7
G18 FF 61123 093000  780 124  729     3941649   -137          26    -42   63 174  336   96  191   90  191   90  58  0  0 L3P 48
G27 FF 61123 093000  780 675 2929      794194    118          10    -18   19  88   80    2   70   23   70   23  16  0  0 L3P D1
G28 FF 61123 093000  780 175  309     5713994   -148          14    -65   55 224  243  -60  153   64  153   64  45  0  0 L3P 47
G32 FF 61123 093000  780 739 1048      331968    -92          13     97   20   1   77    1   58  -47   58  -47  13  0  0 L3P C9
G02 FF 61123 094600  780 274 2156     -643368    -71         -16      8   33  56  159  -32  112   -1  112   -1  29  0  0 L3P FB
G08 FF 61123 094600  780 490 2511    -4733715     82         -17     21   18  45   97   -4   86    1   86    1  17  0  0 L3P C5
G10 FF 61123 094600  780 320 1468     5903633     43          -7     45   22  47  138   17  112  -16  112  -16  19  0  0 L3P 08
G27 FF 61123 094600  780 634 3109      794324    143          11      7   14  88   82    4   80    9   80    9  13  0  0 L3P 8B
G28 FF 61123 094600  780 220  366     5713889    -97         -11    -14   26 224  195  -40  180   14  180   14  21  0  0 L3P 34
G31 FF 61123 094600  780 117  116     1597203     63          17     86   41  42  356 -133  187  -58  187  -58  31  0  0 L3P 35
G32 FF 61123 094600  780 690 1267      331785   -202          11    -13   15   1   79    3   69   18   69   18  12  0  0 L3P C1
G02 FF 61123 100200  780 335 2121     -643442   -142         -11    -63   23  57  133  -23  116   59  116   59  19  0  0 L3P 21
G08 FF 61123 100200  780 509 2631    -4733660     46         -22    -15   18  65   95   -1  104   24  104   24  16  0  0 L3P F8
G10 FF 61123 100200  780 280 1402     5903625     17         -13     18   22  97  156   20  159   38  159   38  18  0  0 L3P 02
G27 FF 61123 100200  780 574 3233      794454    142           8      6   13  89   87    7   98   34   98   34  10  0  0 L3P A7
G28 FF 61123 100200  780 267  427     5713826    -76           4      7   42 225  163  -28  169   -3  169   -3  36  0  0 L3P F5
G31 FF 61123 100200  780 163  165     1597160    -44          -5    -21   40  68  259  -76  211   26  211   26  28  0  0 L3P FD
G32 FF 61123 100200  780 622 1380      331599   -156           7     33   13   2   83    6   86    0   86    0  12  0  0 L3P 66
G01 FF 61123 101800  780 132 2233    -3117655    137           7     66   35 113  318 -122  176  -54  176  -54  30  0  0 L3P 46
G02 FF 61123 101800  780 401 2091     -643527    -59         -21     19   20  57  114  -17  133  -18  133  -18  18  0  0 L3P 24
G03 FF 61123 101800  780 100 2674    -5289009     58          -4    -75   38  23  409 -110  187   87  187   87  29  0  0 L3P 49
G08 FF 61123 101800  780 509 2759    -4733608     53         -30     -8   16  65   95    1  127   26  127   26  13  0  0 L3P F7
G10 FF 61123 101800  780 243 1337     5903640     -6           3     -5   21  97  178   25  190   49  190   49  16  0  0 L3P E2
G27 FF 61123 101800  780 507 3318      794594    121          17    -15   22  89   95   10  120   38  120   38  20  0  0 L3P F3
G28 FF 61123 101800  780 314  495     5713748    -53           6     30   36 225  141  -19  179  -28  179  -28  24  0  0 L3P 32
G31 FF 61123 101800  780 214  214     1597150     -5           7     18   34  68  200  -48  210  -13  210  -13  29  0  0 L3P DB
G32 FF 61123 101800  780 548 1436      331423   -213          12    -25   19   2   90    9  107   40  107   40  18  0  0 L3P C5
G01 FF 61123 103400  780 185 2200    -3117571    165          23     94   34 113  230  -68  183  -78  183  -78  30  0  0 L3P 4C
G02 FF 61123 103400  780 471 2065     -643590    -61          -9     18   19  57  100  -12  135   -7  135   -7  16  0  0 L3P F4
G03 FF 61123 103400  780 128 2607    -5288887    198          -9     65   29  23  326  -68  211  -27  211  -27  24  0  0 L3P 51
G08 FF 61123 103400  780 490 2884    -4733529     25         -10    -37   19  65   97    4  137   52  137   52  17  0  0 L3P 10
G10 FF 61123 103400  780 209 1271     5903627    -69          -9    -68   23  97  204   31  246  110  246  110  18  0  0 L3P 2E
G27 FF 61123 103400  780 436 3380      794733    124          26    -12   30  89  107   14  144   45  144   45  29  0  0 L3P 0A
G28 FF 61123 103400  780 359  570     5713665    -52           2     31   35 225  125  -13  185  -19  185  -19  27  0  0 L3P 25
G31 FF 61123 103400  780 268  264     1597137     27          16     49   33  68  162  -32  203  -28  203  -28  27  0  0 L3P 14
G32 FF 61123 103400  780 474 1460      331239   -180          10      9   23   2  100   12  133   15  133   15  23  0  0 L3P B4
G01 FF 61123 105000  780 242 2171    -3117504     66          21     -6   40 113  179  -42  197   21  197   21  33  0  0 L3P 07
G02 FF 61123 105000  780 546 2045     -643650    -86           6     -8   12  57   90   -9  134   26  134   26  11  0  0 L3P CB
G03 FF 61123 105000  780 154 2539    -5288740    197           9     64   31  23  272  -46  218  -37  218  -37  28  0  0 L3P 40
G08 FF 61123 105000  780 457 2995    -4733456     62           5      1   50  65  103    7  157   39  157   39  33  0  0 L3P E3
G10 FF 61123 105000  780 178 1206     5903650     36          15     37   30  97  238   40  286   23  286   23  25  0  0 L3P F8
G27 FF 61123 105000  780 366 3430      794859    172          23     36   49  89  123   21  181   13  181   13  47  0  0 L3P 06
G28 FF 61123 105000  780 398  657     5713588    -80           5      3   25 225  115   -9  195   14  195   14  19  0  0 L3P F5
G31 FF 61123 105000  780 324  319     1597118     15          18     38   23  68  137  -22  207  -20  207  -20  19  0  0 L3P 01
G32 FF 61123 105000  780 402 1467      331055   -208           7    -19   21   2  114   17  166   53  166   53  20  0  0 L3P D6
G01 FF 61123 110600  780 303 2147    -3117463     45          -7    -27   21 113  145  -28  229   20  229   20  16  0  0 L3P 12
G02 FF 61123 110600  780 625 2034     -643724    -72           7      6   10  57   83   -6  148    9  148    9   9  0  0 L3P 98
G03 FF 61123 110600  780 181 2471    -5288620    143           2     10   36  23  234  -34  244   14  244   14  31  0  0 L3P F5
G04 FF 61123 110600  780 154 3139     -502775    -45          -6    -27   50 149  274 -100  281    7  281    7  34  0  0 L3P 13
G08 FF 61123 110600  780 413 3089    -4733404     65          -2      4   27  65  111   11  196   29  196   29  22  0  0 L3P F1
G10 FF 61123 110600  780 149 1140     5903631    -84          -3    -83   33  97  282   53  372  150  372  150  26  0  0 L3P 2D
G27 FF 61123 110600  780 298 3472      794985    185          19     50   22  89  148   31  231   16  231   16  14  0  0 L3P 0E
G28 FF 61123 110600  780 429  755     5713515    -64          12     19   23 225  108   -5  204   -3  204   -3  20  0  0 L3P E6
G31 FF 61123 110600  780 381  381     1597088     -5          10     18   17  68  119  -15  216  -11  216  -11  13  0  0 L3P FC
G32 FF 61123 110600  780 332 1461      330872   -111           5     78   26   2  134   25  212  -21  212  -21  22  0  0 L3P D1
G01 FF 61123 112200  780 368 2131    -3117367     54          20    -18   20 113  123  -20  218   21  218   21  17  0  0 L3P 07
G02 FF 61123 112200  780 707 2040     -643794    -76          13      2   12  57   78   -4  159   17  159   17  11  0  0 L3P D7
G03 FF 61123 112200  780 208 2402    -5288488     75           6    -58   26  23  205  -27  267   84  267   84  22  0  0 L3P 21
G04 FF 61123 112200  780 210 3091     -502754     51          29     68   49 150  204  -52  271  -56  271  -56  36  0  0 L3P 25
G08 FF 61123 112200  780 363 3169    -4733335     55           8     -6   22  65  124   16  229   52  229   52  18  0  0 L3P F7
G10 FF 61123 112200  780 121 1074     5903662     -9          29     -8   42  97  344   77  424   85  424   85  34  0  0 L3P FE
G27 FF 61123 112200  780 234 3512      795111    127          15     -8   22  89  185   48  301   85  301   85  16  0  0 L3P F6
G28 FF 61123 112200  780 447  862     5713444    -67          20     16   18 225  104   -2  214    8  214    8  16  0  0 L3P D7
G31 FF 61123 112200  780 437  453     1597072    -19          16      4   16  68  106  -11  219   11  219   11  13  0  0 L3P DE
G32 FF 61123 112200  780 266 1446      330679   -136          -7     52   21   2  164   38  284   39  284   39  18  0  0 L3P FC
G01 FF 61123 113800  780 436 2123    -3117288     73          30      1   17 113  106  -14  216   -3  216   -3  16  0  0 L3P E9
G02 FF 61123 113800  780 791 2094     -643866    -64          16     15   13  57   75   -2  176    9  176    9  11  0  0 L3P DA
G03 FF 61123 113800  780 236 2334    -5288347    135          19      2   26  23  182  -22  283   20  283   20  24  0  0 L3P 09
G04 FF 61123 113800  780 263 3035     -502773    -40          26    -23   23 150  165  -31  272   24  272   24  18  0  0 L3P 18
G08 FF 61123 113800  780 310 3238    -4733263    112          21     50   31  65  142   23  267    5  267    5  25  0  0 L3P E6
G27 FF 61123 113800  780 173 3551      795271    198          45     63   31  89  245   81  367   66  367   66  22  0  0 L3P 25
G28 FF 61123 113800  780 451  974     5713360    -68          16     15   28 225  104    1  245    7  245    7  24  0  0 L3P D7
G31 FF 61123 113800  780 487  542     1597050      5          15     28   16  68   98   -7  233   -9  233   -9  13  0  0 L3P C7
G32 FF 61123 113800  780 204 1424      330497   -254          -7    -66   39   2  210   61  368  161  368  161  30  0  0 L3P 1D
G01 FF 61123 115400  780 508 2126    -3117229     66          20     -5   16 113   95  -10  226    7  226    7  14  0  0 L3P D7
G02 FF 61123 115400  780 865 2544     -643953    -77           4      1   12  57   74    0  206   17  206   17  10  0  0 L3P B3
G03 FF 61123 115400  780 267 2266    -5288220    145          19     12   19  23  163  -18  303    0  303    0  14  0  0 L3P EA
G04 FF 61123 115400  780 314 2968     -502789    -17          26      0   23 150  141  -20  280   14  280   14  17  0  0 L3P FD
G08 FF 61123 115400  780 257 3299    -4733207     64          18      2   40  65  169   33  326   64  326   64  35  0  0 L3P 09
G27 FF 61123 115400  780 118 3590      795402     88          46    -48   35  89  354  156  482  172  482  172  22  0  0 L3P 50
G28 FF 61123 115400  780 438 1082     5713281   -140          17    -57   27 225  106    4  272   89  272   89  24  0  0 L3P 36
G31 FF 61123 115400  780 529  651     1597034     34          21     57   27  68   92   -4  238  -42  238  -42  22  0  0 L3P F3
G01 FF 61123 121000  780 582 2148    -3117153     82          32     10   18 114   87   -7  228    6  228    6  16  0  0 L3P D0
G02 FF 61123 121000  780 820 3466     -643999   -157          33    -78   25  62   74    2  211  113  211  113  24  0  0 L3P 16
G03 FF 61123 121000  780 299 2198    -5288092    155          18     22   35  25  147  -16  313  -12  313  -12  30  0  0 L3P 34
G04 FF 61123 121000  780 359 2892     -502808     10          23     27   24 151  125  -13  289  -24  289  -24  19  0  0 L3P 2B
G08 FF 61123 121000  780 206 3355    -4733132    110          34     49   50  68  207   49  391   57  391   57  40  0  0 L3P 1B
G28 FF 61123 121000  780 409 1178     5713212    -50          26     33   23 226  112    8  301   14  301   14  19  0  0 L3P E6
G31 FF 61123 121000  780 556  781     1597015    -42          24    -20   13  79   89   -2  250   40  250   40  11  0  0 L3P D6
G01 FF 61123 122600  780 655 2203    -3117077     78          39      7   12 114   81   -5  232    3  232    3  10  0  0 L3P B3
G02 FF 61123 122600  780 734 3577     -644082    -57          25     21   24  62   77    4  247   -2  247   -2  23  0  0 L3P D4
G03 FF 61123 122600  780 334 2130    -5287972    133          10      0   22  25  133  -13  329    4  329    4  18  0  0 L3P D9
G04 FF 61123 122600  780 400 2804     -502834      7          14     24   15 151  114   -9  302   -9  302   -9  11  0  0 L3P C5
G08 FF 61123 122600  780 159 3408    -4733078    110          29     49   40  68  266   76  475   42  475   42  29  0  0 L3P 3A
G09 FF 61123 122600  780 112 2936    -7647196    -18          36    -41   35  61  369 -134  439   32  439   32  27  0  0 L3P 59
G26 FF 61123 122600  780 119  611     3447022     -3          28    -55   41  12  347  -78  682   14  682   14  30  0  0 L3P FA
G28 FF 61123 122600  780 369 1257     5713140    -25          34     58   27 226  122   13  341    7  341    7  21  0  0 L3P EE
G31 FF 61123 122600  780 564  923     1596977    -39           8    -16   19  79   88    0  280   27  280   27  16  0  0 L3P F2
G01 FF 61123 124200  780 723 2324    -3117020     53          27    -19   13 114   77   -3  249   22  249   22  12  0  0 L3P F3
G02 FF 61123 124200  780 647    7     -644151   -103          31    -24   18  62   81    6  262   40  262   40  16  0  0 L3P AE
G03 FF 61123 124200  780 372 2061    -5287839    109          15    -24   32  25  121  -11  329   19  329   19  30  0  0 L3P 2B
G04 FF 61123 124200  780 433 2707     -502844    -26          21     -9   25 151  107   -6  304   30  304   30  20  0  0 L3P E6
G08 FF 61123 124200  780 115 3460    -4733062     67         -14      6   32  68  361  127  595   98  595   98  21  0  0 L3P 30
G09 FF 61123 124200  780 152 2875    -7647185      2          25    -21   37  61  276  -69  450   31  450   31  29  0  0 L3P 1B
G26 FF 61123 124200  780 146  676     3447072    -22          28    -73   40  12  286  -51  653   54  653   54  33  0  0 L3P 18
G28 FF 61123 124200  780 320 1318     5713040    -75          13      8   23 226  139   21  408   56  408   56  19  0  0 L3P 03
G31 FF 61123 124200  780 551 1061     1596962    -19          14      4   17  79   90    3  297   24  297   24  16  0  0 L3P DF
G01 FF 61123 125800  780 771 2585    -3116959     57          19    -14   14 114   75   -1  261   18  261   18  11  0  0 L3P 14
G02 FF 61123 125800  780 561   21     -644239    -97          18    -19   19  62   89    9  302   48  302   48  15  0  0 L3P D9
G03 FF 61123 125800  780 413 1991    -5287718    114           9    -19   20  25  111  -10  333   11  333   11  17  0  0 L3P 0E
G04 FF 61123 125800  780 459 2600     -502850     19          31     36   17 151  102   -4  303  -20  303  -20  16  0  0 L3P F8
G09 FF 61123 125800  780 189 2809    -7647180    -52           8    -75   52  61  225  -41  469   72  469   72  52  0  0 L3P 47
G26 FF 61123 125800  780 172  744     3447109     97          16     46   41  12  246  -34  649  -67  649  -67  36  0  0 L3P 37
G28 FF 61123 125800  780 265 1363     5712965    -68          18     15   30 226  165   34  475   73  475   73  25  0  0 L3P 3A
G31 FF 61123 125800  780 519 1177     1596942    -21          16      2   20  79   93    5  317   25  317   25  17  0  0 L3P DD
G01 FF 61123 131400  780 770 2969    -3116897     76          13      5   13 114   76    1  276    4  276    4  12  0  0 L3P C7
G02 FF 61123 131400  780 478   30     -644313    -65          20     13   21  62   99   13  345   46  345   46  15  0  0 L3P C2
G03 FF 61123 131400  780 457 1916    -5287594    123           5    -10   15  25  103   -8  331    5  331    5  12  0  0 L3P DA
G04 FF 61123 131400  780 478 2487     -502876    -18          21     -1   17 151   99   -2  316   -3  316   -3  15  0  0 L3P ED
G09 FF 61123 131400  780 223 2738    -7647173   -241          -6   -264   44  61  193  -27  490  279  490  279  42  0  0 L3P 91
G16 FF 61123 131400  780 126  505    -2318902    -77           2     -6   58  38  330  -85  771  -28  771  -28  44  0  0 L3P 23
G26 FF 61123 131400  780 193  814     3447152     56          10      5   46  12  220  -22  638   -5  638   -5  39  0  0 L3P D8
G28 FF 61123 131400  780 206 1394     5712887   -110          20    -27   25 226  208   58  564  136  564  136  22  0  0 L3P 65
G31 FF 61123 131400  780 473 1267     1596913    -50           9    -27   28  79  100    9  349   57  349   57  25  0  0 L3P 0F
G01 FF 61123 133000  780 720 3232    -3116827    108          14     36   15 114   77    3  290  -11  290  -11  13  0  0 L3P FE
G02 FF 61123 133000  780 399   39     -644394    -91          14    -12   17  62  115   19  411   92  411   92  13  0  0 L3P E6
G03 FF 61123 133000  780 504 1835    -5287464    156           8     23   12  25   95   -7  318  -30  318  -30  11  0  0 L3P 02
G04 FF 61123 133000  780 489 2370     -502891    -39          23    -22   22 151   97   -1  317   17  317   17  20  0  0 L3P 00
G09 FF 61123 133000  780 254 2664    -7647121    162          23    139   41  61  171  -19  453 -144  453 -144  39  0  0 L3P 7B
G16 FF 61123 133000  780 159  568    -2318946   -128          27    -57   54  38  264  -55  711   17  711   17  43  0  0 L3P 46
G26 FF 61123 133000  780 210  887     3447219      8          28    -43   28  12  203  -13  616   19  616   19  23  0  0 L3P F1
G31 FF 61123 133000  780 418 1331     1596887      6           5     29   22  79  110   13  388   11  388   11  20  0  0 L3P D6
G01 FF 61123 134600  780 649 3363    -3116759     73          13      1   24 114   81    5  317   28  317   28  23  0  0 L3P E4
G02 FF 61123 134600  780 323   50     -644476    -64           8     15   29  62  137   29  508  100  508  100  20  0  0 L3P E3
G03 FF 61123 134600  780 552 1743    -5287348    140          -5      7   16  25   90   -5  322  -18  322  -18  13  0  0 L3P 01
G04 FF 61123 134600  780 494 2253     -502914    -14          16      3   28 151   97    0  325   -7  325   -7  24  0  0 L3P CE
G07 FF 61123 134600  780 109 3265     1646811     95          34     48   26  95  381 -208  681  -78  681  -78  22  0  0 L3P 5C
G09 FF 61123 134600  780 282 2587    -7647107     23          16      0   23  61  155  -14  453  -14  453  -14  20  0  0 L3P 17
G16 FF 61123 134600  780 193  635    -2319029     13          12     84   51  38  221  -37  695  -99  695  -99  40  0  0 L3P 3F
G26 FF 61123 134600  780 220  962     3447244     77           4     26   31  12  195   -5  624  -40  624  -40  25  0  0 L3P E8
G31 FF 61123 134600  780 359 1374     1596861    -68           1    -45   25  79  125   19  431   92  431   92  21  0  0 L3P 18
G01 FF 61123 140200  780 572 3434    -3116695     47           7    -24   42 115   87    8  364   68  364   68  42  0  0 L3P 03
G02 FF 61123 140200  780 251   62     -644539   -157          18    -78   31  85  173   46  609  185  609  185  26  0  0 L3P 3A
G03 FF 61123 140200  780 599 1633    -5287225    124          -6     -9   14  26   85   -4  327   17  327   17  12  0  0 L3P FE
G04 FF 61123 140200  780 493 2137     -502925    -11          25      6   20 152   97    0  332   25  332   25  20  0  0 L3P C0
G07 FF 61123 140200  780 171 3242     1646840    -23          14    -70   25  97  249  -89  649  -24  649  -24  15  0  0 L3P 4E
G09 FF 61123 140200  780 307 2507    -7647087     24          10      1   22  62  143  -11  446   -1  446   -1  20  0  0 L3P DF
G16 FF 61123 140200  780 224  705    -2319111    -25           5     47   25  40  192  -25  672  -63  672  -63  21  0  0 L3P 0B
G26 FF 61123 140200  780 222 1038     3447304     86          15     34   31  42  193    2  624  -25  624  -25  29  0  0 L3P F7
G31 FF 61123 140200  780 297 1400     1596845    -44           6    -22   19  80  148   29  485   93  485   93  17  0  0 L3P 1E
G01 FF 61123 141800  780 495 3480    -3116620     72          13      1   41 115   97   12  404   53  404   53  38  0  0 L3P E6
G02 FF 61123 141800  780 184   78     -644645   -207         -12   -129   26  85  231   80  779  308  779  308  21  0  0 L3P 5D
G03 FF 61123 141800  780 642 1493    -5287092    181          -1     48   15  26   82   -3  326  -38  326  -38  13  0  0 L3P 20
G04 FF 61123 141800  780 489 2024     -502942      0          24     17   13 152   98    1  348   -8  348   -8  11  0  0 L3P C6
G06 FF 61123 141800  780 114 2202     6125474     -6         -14     -1   52  64  365 -158  613  -25  613  -25  41  0  0 L3P 29
G07 FF 61123 141800  780 233 3210     1646881     20           0    -26   24   0  185  -48  593  -37  593  -37  19  0  0 L3P 11
G09 FF 61123 141800  780 331 2425    -7647058     20          17     -3   25  62  134   -9  435   -7  435   -7  22  0  0 L3P F6
G16 FF 61123 141800  780 251  779    -2319153   -117          31    -46   43  40  172  -16  622   24  622   24  39  0  0 L3P 2D
G26 FF 61123 141800  780 215 1111     3447360     35          21    -16   25  42  199   10  631   28  631   28  21  0  0 L3P F6
G31 FF 61123 141800  780 235 1413     1596838    -46          20    -23   40  80  184   46  551  110  551  110  30  0  0 L3P 26
G01 FF 61123 143400  780 419 3513    -3116556     58           9    -13   17 115  110   17  472   84  472   84  13  0  0 L3P 13
G02 FF 61123 143400  780 122   98     -644720    -94         -12    -16   33  85  343  165  981  234  981  234  22  0  0 L3P 37
G03 FF 61123 143400  780 675 1311    -5286967    116          -3    -17   13  26   80   -1  339   25  339   25  10  0  0 L3P 09
G04 FF 61123 143400  780 481 1915     -502962      3          21     20   15 152   99    1  363   -6  363   -6  14  0  0 L3P BC
G06 FF 61123 143400  780 162 2246     6125484     36           0     41   47  64  261  -72  579  -38  579  -38  39  0  0 L3P 2D
G07 FF 61123 143400  780 295 3168     1646927     29           1    -18   23   0  149  -29  542  -29  542  -29  19  0  0 L3P 23
G09 FF 61123 143400  780 354 2342    -7647031     -7          23    -30   23  62  127   -7  424   20  424   20  19  0  0 L3P F9
G16 FF 61123 143400  780 273  857    -2319265    -80         -11     -8   32  40  160  -10  637  -19  637  -19  26  0  0 L3P 37
G26 FF 61123 143400  780 199 1180     3447412     39          24    -12   23  42  214   22  658   33  658   33  18  0  0 L3P 0B
G31 FF 61123 143400  780 174 1416     1596772     -7         -24     16   69  80  243   80  684   68  684   68  50  0  0 L3P 26
G01 FF 61123 145000  780 345 3542    -3116470     51          25    -21   29 115  130   24  545  124  545  124  24  0  0 L3P 2F
G03 FF 61123 145000  780 689 1090    -5286835    142           0      9   14  26   79    0  347    8  347    8  11  0  0 L3P B9
G04 FF 61123 145000  780 472 1809     -502985    -16          13      1   26 152  100    2  384   11  384   11  21  0  0 L3P D6
G06 FF 61123 145000  780 204 2301     6125487     43           8     48   31  64  210  -39  564  -41  564  -41  28  0  0 L3P 0C
G07 FF 61123 145000  780 357 3116     1646984     80          14     33   30   0  126  -19  493  -63  493  -63  23  0  0 L3P 16
G09 FF 61123 145000  780 376 2257    -7647015      9          16    -14   17  62  120   -6  427   12  427   12  14  0  0 L3P F9
G16 FF 61123 145000  780 286  939    -2319295    -55          27     17   30  40  153   -4  588  -15  588  -15  25  0  0 L3P 30
G26 FF 61123 145000  780 174 1243     3447474    114          38     63   31  42  243   40  692    4  692    4  26  0  0 L3P EA
G01 FF 61123 150600  780 276 3569    -3116409     75          18      3   26 115  158   37  666  131  666  131  20  0  0 L3P 35
G03 FF 61123 150600  780 676  863    -5286709    139          -1      6   16  26   80    2  366   13  366   13  14  0  0 L3P D8
G04 FF 61123 150600  780 463 1707     -502999    -21          16     -4   23 152  102    2  401   23  401   23  19  0  0 L3P E1
G06 FF 61123 150600  780 238 2367     6125492     15          17     20   36  64  182  -22  558   -5  558   -5  30  0  0 L3P 06
G07 FF 61123 150600  780 416 3049     1647026     38          11     -8   30   0  111  -13  465   -9  465   -9  21  0  0 L3P DC
G09 FF 61123 150600  780 397 2171    -7646984     62          26     40   28  62  115   -5  421  -37  421  -37  26  0  0 L3P 2D
G16 FF 61123 150600  780 290 1022    -2319346   -151          45    -79   25  40  151    1  574   92  574   92  21  0  0 L3P 20
G26 FF 61123 150600  780 142 1299     3447503     61          18     10   38  42  296   74  768   56  768   56  26  0  0 L3P 1E
G30 FF 61123 150600  780 102 3113    -1634287    -91          47     40   46  17  407 -210  873  -70  873  -70  32  0  0 L3P 48
G01 FF 61123 152200  780 210 3596    -3116322     49          36    -23   28 115  204   60  805  208  805  208  21  0  0 L3P 38
G03 FF 61123 152200  780 638  675    -5286573    147           7     14   16  26   82    3  387   22  387   22  14  0  0 L3P E4
G04 FF 61123 152200  780 452 1606     -503010     50          22     67   26 152  103    2  415  -29  415  -29  23  0  0 L3P EF
G06 FF 61123 152200  780 262 2442     6125497     65          27     70   23  64  166  -11  561  -39  561  -39  22  0  0 L3P 2A
G07 FF 61123 152200  780 472 2966     1647077     63          17     17   18   0  100   -9  443  -20  443  -20  15  0  0 L3P F6
G09 FF 61123 152200  780 419 2084    -7646969     53          19     30   21  62  110   -5  428  -28  428  -28  19  0  0 L3P 31
G16 FF 61123 152200  780 283 1102    -2319431    -28          29     43   47  40  155    6  600  -26  600  -26  40  0  0 L3P 07
G26 FF 61123 152200  780 103 1346     3447561    146          26     95   54  42  402  158  834  -13  834  -13  42  0  0 L3P 3A
G30 FF 61123 152200  780 155 3069    -1634430    -89          29     42   41  17  273  -91  814 -126  814 -126  28  0  0 L3P 69
G01 FF 61123 153800  780 149   25    -3116283     43           6    -29   37 115  283  110 1030  236 1030  236  26  0  0 L3P 35
G03 FF 61123 153800  780 584  537    -5286448    116           5    -17   15  26   86    6  422   48  422   48  14  0  0 L3P F5
G04 FF 61123 153800  780 441 1507     -503028    -43          19    -26   23 152  105    2  441   40  441   40  20  0  0 L3P EC
G06 FF 61123 153800  780 275 2524     6125487    -53          20    -49   25  64  159   -4  583   62  583   62  22  0  0 L3P 27
G07 FF 61123 153800  780 521 2862     1647125     42          21     -4   15   0   93   -6  428  -20  428  -20  12  0  0 L3P D6
G09 FF 61123 153800  780 442 1993    -7646950     40          16     17   22  62  105   -4  436  -12  436  -12  16  0  0 L3P 21
G16 FF 61123 153800  780 265 1178    -2319502    -79          26     -8   27  40  164   13  623   31  623   31  23  0  0 L3P 10
G30 FF 61123 153800  780 206 3018    -1634550   -142          35    -11   26  17  207  -50  729  -78  729  -78  22  0  0 L3P 61
