CGGTTS     GENERIC DATA FORMAT VERSION = 2E
REV DATE = 2025-11-01
RCVR = PolaRx5TR (5.6.0)     sbf2cggtts-1.5.0
CH = 80
IMS = PolaRx5TR
LAB = LRTE
X = 3967035.920 m
Y = -4390028.540 m
Z = -2375644.640 m
FRAME = ITRF
COMMENTS = LS=18; ElMask=10deg; 'Generated from the SBF in 2026-04-29 at 23:50:00'
INT DLY = 24.9 ns (GPS P1),  15.7 ns (GPS P2)     CAL_ID = 1201-2025
CAB DLY = 103.1 ns
REF DLY = 47.2 ns
REF = UTC(LRTE)
CKSUM = fe

SAT CL  MJD  STTIME TRKL ELV AZTH   REFSV      SRSV     REFSYS    SRSYS  DSG IOE MDTR SMDT MDIO SMDI MSIO SMSI ISG FR HC FRC CK
             hhmmss  s  .1dg .1dg    .1ns     .1ps/s     .1ns    .1ps/s .1ns     .1ns.1ps/s.1ns.1ps/s.1ns.1ps/s.1ns
G05 FF 61159 001000  780 375  652     2323392     25          -6     21   18  59  121  -11   94  -27   94  -27  16  0  0 L3P E5
G11 FF 61159 001000  780 260 1425     3575467    -95          14     31   37 191  167   40   66  -21   66  -21  30  0  0 L3P 09
G12 FF 61159 001000  780 630 1071     6078813      8          12      9   13  31   83    1   60   -6   60   -6  11  0  0 L3P 6A
G18 FF 61159 001000  780 270 3185     3652798    -54          26     40   22 153  162  -36  225 -108  225 -108  19  0  0 L3P 69
G21 FF 61159 001000  780 280  956    -4150000     27          18     28   30 110  156   -3   80  -42   80  -42  25  0  0 L3P DA
G24 FF 61159 001000  780 244 3583      140713   -212          12    -31   20  83  177   46  267  150  267  150  15  0  0 L3P 27
G25 FF 61159 001000  780 563 1983    -4266107     -2           2    -30   14  84   88   -7   70   25   70   25  11  0  0 L3P BD
G29 FF 61159 001000  780 418 2297     3313853   -109          17    -37   15 109  110   -3   95   15   95   15  13  0  0 L3P 12
G05 FF 61159 002600  780 408  746     2323403      0           1     -5   22  59  112   -7   85    6   85    6  19  0  0 L3P 6F
G12 FF 61159 002600  780 613  901     6078807     17           8     18   16  31   84    2   70   -5   70   -5  14  0  0 L3P 83
G18 FF 61159 002600  780 332 3134     3652700    -97          17     -4   27 153  134  -23  175  -35  175  -35  20  0  0 L3P 3A
G21 FF 61159 002600  780 282 1041    -4150008    -40          10    -39   35 110  155    2   81   36   81   36  29  0  0 L3P E4
G25 FF 61159 002600  780 633 1941    -4266084     55          -3     26   13  84   82   -5   74  -21   74  -21  12  0  0 L3P E3
G29 FF 61159 002600  780 433 2200     3313783    -74          17     -1   22 109  107   -3   87   -6   87   -6  20  0  0 L3P DE
G05 FF 61159 004200  780 430  850     2323416     20           9     16   23  59  108   -3   79  -20   79  -20  18  0  0 L3P C0
G12 FF 61159 004200  780 579  753     6078808     12           9     13   14  31   87    4   74   -6   74   -6  12  0  0 L3P 94
G18 FF 61159 004200  780 392 3070     3652614   -124          20    -31   30 153  116  -15  143  -11  143  -11  23  0  0 L3P 3A
G21 FF 61159 004200  780 271 1122    -4149986    -39          34    -37   41 110  161    9   62   25   62   25  38  0  0 L3P FE
G25 FF 61159 004200  780 707 1891    -4266050     35           3      7   14  84   78   -4   69  -14   69  -14  11  0  0 L3P D0
G28 FF 61159 004200  780 222 2400     5434768   -102          23     -3   30 211  193  -21  149   -2  149   -2  27  0  0 L3P 14
G29 FF 61159 004200  780 446 2102     3313711    -73          15      0   20 109  105   -2   84   -4   84   -4  18  0  0 L3P BF
G05 FF 61159 005800  780 438  959     2323423     25          12     20   26  59  106    0   69  -28   69  -28  24  0  0 L3P DD
G12 FF 61159 005800  780 533  633     6078798     33           0     34   19  31   92    6   80  -20   80  -20  15  0  0 L3P AB
G18 FF 61159 005800  780 448 2991     3652522   -102          18     -9   42 153  104  -10  117  -22  117  -22  27  0  0 L3P 49
G21 FF 61159 005800  780 250 1198    -4149997     38          24     39   26 110  173   17   64  -41   64  -41  23  0  0 L3P 20
G25 FF 61159 005800  780 783 1809    -4266026     55           0     27   15  84   75   -2   61  -38   61  -38  14  0  0 L3P E9
G28 FF 61159 005800  780 242 2473     5434683   -102          32     -3   30 211  179  -10  139   -4  139   -4  28  0  0 L3P 28
G29 FF 61159 005800  780 457 2002     3313632    -83           6    -10   18 109  103   -2   79    0   79    0  15  0  0 L3P C0
G05 FF 61159 011400  780 430 1066     2323438      8          22      4   29  59  108    3   60   -5   60   -5  26  0  0 L3P 8C
G12 FF 61159 011400  780 477  538     6078810    -19          13    -18   15  31   99   10   78   24   78   24  13  0  0 L3P DC
G18 FF 61159 011400  780 497 2893     3652432    -76          18     18   18 153   96   -7   97  -35   97  -35  14  0  0 L3P 29
G21 FF 61159 011400  780 220 1266    -4149984     -6          38     -5   34 110  195   31   54   -1   54   -1  28  0  0 L3P DB
G25 FF 61159 011400  780 856 1509    -4266012     59         -13     31   43  84   74   -1   70  -29   70  -29  43  0  0 L3P FC
G28 FF 61159 011400  780 251 2552     5434589    -64          33     35   34 211  173   -2  137  -24  137  -24  31  0  0 L3P 2D
G29 FF 61159 011400  780 469 1902     3313570    -76          14     -3   20 109  101   -2   63  -15   63  -15  18  0  0 L3P FA
G05 FF 61159 013000  780 407 1164     2323446     13          26      9   22  59  113    7   57   -3   57   -3  21  0  0 L3P 9D
G12 FF 61159 013000  780 416  465     6078819     21          24     22   29  31  111   14   82    3   82    3  22  0  0 L3P 91
G18 FF 61159 013000  780 538 2775     3652342    -86          17      8   15 153   91   -4   85  -20   85  -20  12  0  0 L3P F2
G25 FF 61159 013000  780 841  430    -4265974     67          -2     39   11  84   74    1   60  -26   60  -26  10  0  0 L3P C1
G28 FF 61159 013000  780 249 2634     5434505   -153          44    -54   30 211  174    4  130   51  130   51  26  0  0 L3P 14
G29 FF 61159 013000  780 479 1799     3313499    -55          13     18   14 109   99   -2   57  -21   57  -21  13  0  0 L3P 14
G05 FF 61159 014600  780 371 1247     2323457     24          32     20   29  59  122   12   52  -26   52  -26  24  0  0 L3P E6
G12 FF 61159 014600  780 352  408     6078829     33          35     34   19  31  128   21   86  -18   86  -18  15  0  0 L3P F2
G18 FF 61159 014600  780 566 2638     3652263   -100          27     -7   17 153   88   -2   62   -6   62   -6  16  0  0 L3P F2
G23 FF 61159 014600  780 284 3529    -6415769    -56          47    -13   25 126  154  -38  180 -119  180 -119  20  0  0 L3P 95
G25 FF 61159 014600  780 762  235    -4265942     42           3     13   16  84   76    3   60   -4   60   -4  14  0  0 L3P 92
G28 FF 61159 014600  780 238 2715     5434389    193          23    292   39 211  181   11  154 -278  154 -278  37  0  0 L3P 91
G29 FF 61159 014600  780 488 1693     3313421    -85           4    -12   12 109   98   -1   61    7   61    7  10  0  0 L3P BC
G05 FF 61159 020200  780 325 1313     2323464     -6          30    -10   22  92  137   19   47   14   47   14  19  0  0 L3P CC
G12 FF 61159 020200  780 285  365     6078825    -33          33    -32   34  32  154   34  107   65  107   65  29  0  0 L3P 08
G18 FF 61159 020200  780 581 2487     3652161   -128          19    -34   16 154   87   -1   62   10   62   10  11  0  0 L3P F7
G23 FF 61159 020200  780 360 3535    -6415831    -65          32    -22   19 127  125  -24  116  -29  116  -29  14  0  0 L3P 54
G25 FF 61159 020200  780 678  176    -4265905     18          12    -11   22  86   79    5   57    9   57    9  17  0  0 L3P B5
G28 FF 61159 020200  780 219 2793     5434313    -84          43     15   31 212  196   19  147   12  147   12  29  0  0 L3P 1F
G29 FF 61159 020200  780 496 1584     3313359   -102          15    -29   19 110   96   -1   49   25   49   25  16  0  0 L3P 0C
G05 FF 61159 021800  780 272 1362     2323477    -15          40    -20   25  92  160   31   42   21   42   21  21  0  0 L3P D2
G12 FF 61159 021800  780 219  332     6078819    -38          29    -37   30  32  196   56  138   84  138   84  21  0  0 L3P 20
G18 FF 61159 021800  780 582 2333     3652074   -125          22    -31   15 154   86    1   47   21   47   21  13  0  0 L3P E9
G23 FF 61159 021800  780 439 3537    -6415865     17          40     60   17 127  106  -16   76  -80   76  -80  14  0  0 L3P 31
G25 FF 61159 021800  780 595  147    -4265886     36           4      8   27  86   85    8   62    2   62    2  24  0  0 L3P 87
G26 FF 61159 021800  780 228 2239     3592672     27          27    -17   30  62  189  -45   72    2   72    2  26  0  0 L3P E0
G29 FF 61159 021800  780 501 1472     3313291   -101          16    -29   20 110   96    0   46   27   46   27  17  0  0 L3P E6
G05 FF 61159 023400  780 216 1398     2323478    -15          46    -19   37  60  199   50   37    6   37    6  32  0  0 L3P E1
G18 FF 61159 023400  780 571 2186     3651978    -92          15      1   15 154   88    2   51   -3   51   -3  12  0  0 L3P BE
G23 FF 61159 023400  780 521 3534    -6415917    -23          29     20   18 127   93  -11   67  -29   67  -29  13  0  0 L3P 25
G25 FF 61159 023400  780 512  131    -4265838     37          25      9   16  86   94   11   56    9   56    9  14  0  0 L3P A0
G26 FF 61159 023400  780 283 2275     3592708     54          21      9   36  62  155  -28   72  -11   72  -11  31  0  0 L3P F3
G29 FF 61159 023400  780 502 1357     3313203    -32          -1     41   17 110   96    0   62  -32   62  -32  16  0  0 L3P CA
G15 FF 61159 025000  780 228  848    -4071631   -114          28    -81   38  63  188  -14   67   61   67   61  32  0  0 L3P 1E
G18 FF 61159 025000  780 551 2052     3651889    -73          15     20   24 154   90    3   46  -25   46  -25  22  0  0 L3P EE
G23 FF 61159 025000  780 606 3528    -6415975    -43          13      0   19 127   84   -7   65  -10   65  -10  17  0  0 L3P F9
G25 FF 61159 025000  780 432  122    -4265806     46          30     17   40  86  107   16   65    5   65    5  37  0  0 L3P AF
G26 FF 61159 025000  780 334 2325     3592748     -8          18    -53   23  62  133  -18   68   36   68   36  20  0  0 L3P FF
G29 FF 61159 025000  780 498 1240     3313165    -93          30    -21   21 110   96    1   36   20   36   20  18  0  0 L3P CB
G10 FF 61159 030600  780 299 3349     5877349    -42           6    -26   20  32  147  -33  116  -21  116  -21  18  0  0 L3P 30
G15 FF 61159 030600  780 242  926    -4071650     21          40     54   32  63  178   -7   44  -56   44  -56  30  0  0 L3P E8
G18 FF 61159 030600  780 526 1932     3651801    -89          16      4   15 154   93    3   43    0   43    0  13  0  0 L3P 97
G23 FF 61159 030600  780 693 3516    -6416019    -47          10     -3   24 127   79   -5   59    1   59    1  22  0  0 L3P CB
G25 FF 61159 030600  780 353  120    -4265776     56          32     28   29  86  127   25   80   -6   80   -6  24  0  0 L3P D7
G26 FF 61159 030600  780 379 2392     3592787     27          15    -17   18  62  120  -11   68   10   68   10  13  0  0 L3P FD
G29 FF 61159 030600  780 488 1123     3313098   -124          33    -52   26 110   98    2   36   51   36   51  23  0  0 L3P EF
G10 FF 61159 032200  780 372 3319     5877339      7          12     23   42  32  122  -21   86  -37   86  -37  41  0  0 L3P F3
G15 FF 61159 032200  780 248 1005    -4071692    -93          31    -60   27  63  174   -1   49   60   49   60  22  0  0 L3P F8
G18 FF 61159 032200  780 498 1823     3651708   -107          13    -14   20 154   96    4   47   13   47   13  17  0  0 L3P F8
G23 FF 61159 032200  780 781 3494    -6416061    -78           9    -34   19 127   75   -3   58   35   58   35  17  0  0 L3P 07
G25 FF 61159 032200  780 279  122    -4265744     13          37    -16   21  86  157   39   95   42   95   42  15  0  0 L3P F3
G26 FF 61159 032200  780 414 2475     3592827     39          12     -6   21  62  111   -7   70    5   70    5  19  0  0 L3P AB
G29 FF 61159 032200  780 471 1010     3313035    -77          40     -4   24 110  100    4   35    8   35    8  22  0  0 L3P 9A
G10 FF 61159 033800  780 446 3276     5877323    -32          11    -16   21  32  105  -14   73    5   73    5  16  0  0 L3P D6
G15 FF 61159 033800  780 245 1082    -4071709     37          45     70   29  63  177    6   34  -64   34  -64  25  0  0 L3P 00
G16 FF 61159 033800  780 243 2261    -2536910    -60          29      9   38  71  178  -36   78  -15   78  -15  34  0  0 L3P 22
G18 FF 61159 033800  780 469 1724     3651628    -99          22     -6   17 154  101    5   37   -7   37   -7  16  0  0 L3P F0
G23 FF 61159 033800  780 868 3402    -6416087    -77          25    -34   17 127   74   -1   39   29   39   29  15  0  0 L3P 1B
G26 FF 61159 033800  780 437 2573     3592871     50          13      6   27  62  106   -3   67  -16   67  -16  24  0  0 L3P EE
G29 FF 61159 033800  780 446  903     3312965    -78          39     -5   18 110  105    6   37   -1   37   -1  17  0  0 L3P D0
G10 FF 61159 035400  780 519 3215     5877312     -7          16      9   13  32   94  -10   62  -13   62  -13  11  0  0 L3P CB
G15 FF 61159 035400  780 232 1156    -4071755    -42          31     -9   28  63  186   14   48    6   48    6  24  0  0 L3P D5
G16 FF 61159 035400  780 290 2312    -2536980    -91          25    -22   31  71  151  -22   73    7   73    7  28  0  0 L3P EA
G18 FF 61159 035400  780 440 1632     3651534   -122          18    -29   27 154  106    6   39   15   39   15  22  0  0 L3P 06
G23 FF 61159 035400  780 844 1751    -6416132    -32          21     11   11 127   74    1   39  -22   39  -22  10  0  0 L3P E4
G26 FF 61159 035400  780 445 2681     3592914     41          13     -3   18  62  105    0   65   -2   65   -2  16  0  0 L3P B5
G29 FF 61159 035400  780 413  805     3312896    -72          41      1   25 110  111    8   39   -8   39   -8  22  0  0 L3P B9
G10 FF 61159 041000  780 588 3127     5877291    -20          12     -4   14  34   86   -6   57   -2   57   -2  12  0  0 L3P BF
G15 FF 61159 041000  780 209 1223    -4071762   -111          56    -78   30  67  204   25   32   76   32   76  27  0  0 L3P 0E
G16 FF 61159 041000  780 331 2377    -2537052    -62          24      7   22  72  134  -14   78   -3   78   -3  19  0  0 L3P E3
G18 FF 61159 041000  780 412 1544     3651459   -116          32    -23   20 155  111    6   26   23   26   23  17  0  0 L3P EF
G23 FF 61159 041000  780 759 1696    -6416191    -13           5     30   22 128   76    3   51  -29   51  -29  21  0  0 L3P EC
G26 FF 61159 041000  780 437 2791     3592952     22          12    -22   22  77  106    3   67   18   67   18  18  0  0 L3P E1
G29 FF 61159 041000  780 374  717     3312837    -62          49     11   17 111  121   12   32   -3   32   -3  16  0  0 L3P C6
G10 FF 61159 042600  780 650 2996     5877277    -28          12    -12   14  34   81   -4   51    7   51    7  12  0  0 L3P C1
G16 FF 61159 042600  780 363 2457    -2537124   -102          18    -32   23  72  124   -8   81   19   81   19  19  0  0 L3P 12
G18 FF 61159 042600  780 386 1460     3651360    -61          23     32   26 155  118    7   36  -31   36  -31  21  0  0 L3P F9
G23 FF 61159 042600  780 677 1665    -6416231    -36           6      8   16 128   80    5   50   -9   50   -9  14  0  0 L3P C0
G26 FF 61159 042600  780 416 2895     3592992     33          10    -11   16  77  111    6   71    2   71    2  14  0  0 L3P B2
G29 FF 61159 042600  780 330  640     3312763    -70          45      3   30 111  135   18   38    5   38    5  25  0  0 L3P A6
G10 FF 61159 044200  780 697 2801     5877264    -14          15      2   12  34   78   -2   50    5   50    5  11  0  0 L3P 92
G16 FF 61159 044200  780 383 2548    -2537191    -85          17    -15   30  72  119   -4   81   16   81   16  25  0  0 L3P 06
G18 FF 61159 044200  780 361 1377     3651280    -98          32     -5   19 155  125    8   32   16   32   16  16  0  0 L3P E8
G23 FF 61159 044200  780 598 1636    -6416264    -25          14     18   20 128   85    7   45  -10   45  -10  16  0  0 L3P FE
G26 FF 61159 044200  780 383 2990     3593042     67          16     22   31  77  118   10   70  -12   70  -12  24  0  0 L3P EE
G27 FF 61159 044200  780 243 2174     1282429    162          70    -10   36  41  178  -43   58   -2   58   -2  31  0  0 L3P F9
G29 FF 61159 044200  780 281  573     3312705    -85          49    -12   28  35  156   27   37   11   37   11  24  0  0 L3P E7
G10 FF 61159 045800  780 716 2541     5877254    -14          20      1   10  34   78    0   52    4   52    4   8  0  0 L3P 73
G16 FF 61159 045800  780 389 2646    -2537243    -57          32     12   18  72  117    0   75    2   75    2  15  0  0 L3P CA
G18 FF 61159 045800  780 336 1297     3651188    -85          29      8   17 155  132    9   41    4   41    4  13  0  0 L3P C5
G23 FF 61159 045800  780 523 1605    -6416301    -42          19      2   15 128   93    9   45    4   45    4  14  0  0 L3P A9
G26 FF 61159 045800  780 343 3073     3593087     17          19    -28   39  77  130   15   76   37   76   37  28  0  0 L3P 0F
G27 FF 61159 045800  780 305 2166     1282601    119          77    -54   26  41  145  -28   38   32   38   32  24  0  0 L3P 0F
G29 FF 61159 045800  780 228  516     3312652      8          65     81   29  35  189   43   33  -50   33  -50  22  0  0 L3P DD
G32 FF 61159 045800  780 284   62     -268687   -150          28     49   25   9  154  -35   58  -29   58  -29  19  0  0 L3P 12
G10 FF 61159 051400  780 701 2280     5877250      9          31     25   13  34   78    1   42  -21   42  -21  12  0  0 L3P A6
G16 FF 61159 051400  780 381 2747    -2537312    -57          30     12   13  72  119    4   81  -11   81  -11   9  0  0 L3P E0
G18 FF 61159 051400  780 312 1217     3651100    -67          31     26   20 155  141   10   42  -22   42  -22  15  0  0 L3P E9
G23 FF 61159 051400  780 453 1572    -6416342    -58          20    -14   24 128  103   13   44    8   44    8  21  0  0 L3P E2
G26 FF 61159 051400  780 299 3148     3593126     58          15     14   21  77  147   21   86   -3   86   -3  15  0  0 L3P E4
G27 FF 61159 051400  780 369 2168     1282733    142          42    -31   20  41  122  -19   61   10   61   10  17  0  0 L3P F0
G32 FF 61159 051400  780 353   91     -268881   -225          25    -26   22   9  127  -23   53   37   53   37  18  0  0 L3P E1
G10 FF 61159 053000  780 662 2078     5877237    -24          34     -8   13  34   80    3   42   12   42   12  13  0  0 L3P B1
G16 FF 61159 053000  780 361 2843    -2537374     -5          35     65   22  72  125    8   81  -45   81  -45  19  0  0 L3P F7
G18 FF 61159 053000  780 288 1139     3651030    -71          51     22   33 155  152   12   29   -9   29   -9  33  0  0 L3P ED
G23 FF 61159 053000  780 387 1536    -6416377    -52          27     -9   25 128  117   17   41    4   41    4  23  0  0 L3P E1
G26 FF 61159 053000  780 253 3214     3593187     61          34     17   25  77  171   30   80    0   80    0  20  0  0 L3P A8
G27 FF 61159 053000  780 436 2182     1282908    179          51      6   25  41  107  -14   50   -4   50   -4  22  0  0 L3P D3
G32 FF 61159 053000  780 426  124     -269057   -166          40     33   37   9  109  -16   41  -25   41  -25  33  0  0 L3P EE
G10 FF 61159 054600  780 611 1932     5877216    -18          29     -2   18  34   84    5   47   -1   47   -1  16  0  0 L3P BC
G16 FF 61159 054600  780 331 2932    -2537440    -27          35     43   26  72  134   13   83  -35   83  -35  21  0  0 L3P 0F
G18 FF 61159 054600  780 264 1062     3650948   -120          58    -27   37 155  165   15   30   33   30   33  33  0  0 L3P 19
G23 FF 61159 054600  780 326 1498    -6416411    -57          33    -14   24 128  136   23   35   13   35   13  20  0  0 L3P 0B
G27 FF 61159 054600  780 503 2215     1283079    181          56      8   21  41   96  -10   46  -17   46  -17  20  0  0 L3P F1
G32 FF 61159 054600  780 501  164     -269245   -211          43    -12   16   9   96  -11   37    9   37    9  14  0  0 L3P B6
G08 FF 61159 060200  780 244 2213    -4528976     84          25     12   30  78  178  -42   83  -13   83  -13  26  0  0 L3P 1A
G10 FF 61159 060200  780 556 1823     5877201    -13          31      3   15  35   89    6   45    7   45    7  12  0  0 L3P 8C
G16 FF 61159 060200  780 294 3014    -2537513    -82          32    -12   27  73  149   19   85    9   85    9  26  0  0 L3P EF
G18 FF 61159 060200  780 238  987     3650850    -78          49     15   33 156  181   20   40   -7   40   -7  27  0  0 L3P EE
G23 FF 61159 060200  780 269 1457    -6416464     -9          23     34   31 129  162   31   51  -23   51  -23  25  0  0 L3P 08
G27 FF 61159 060200  780 569 2274     1283242    143          59    -30   18  43   88   -7   45   18   45   18  16  0  0 L3P F6
G32 FF 61159 060200  780 577  219     -269445   -227          33    -28   14  54   87   -8   41   20   41   20  12  0  0 L3P D6
G08 FF 61159 061800  780 303 2241    -4528902     63          30     -9   28  78  145  -26   70    2   70    2  25  0  0 L3P CB
G10 FF 61159 061800  780 501 1734     5877189    -24          34     -8   14  35   96    8   43   10   43   10  12  0  0 L3P BF
G16 FF 61159 061800  780 253 3087    -2537574    -84          37    -14   29  73  171   27   76    9   76    9  23  0  0 L3P 04
G18 FF 61159 061800  780 210  914     3650770    -15          59     78   25 156  204   27   35  -55   35  -55  20  0  0 L3P 0E
G23 FF 61159 061800  780 217 1413    -6416476     -9          52     34   33 129  198   44   29  -11   29  -11  28  0  0 L3P 1B
G27 FF 61159 061800  780 628 2375     1283399    167          50     -5   15  43   83   -4   47    2   47    2  13  0  0 L3P BF
G32 FF 61159 061800  780 651  307     -269639   -202          30     -3   21  54   81   -5   42    2   42    2  17  0  0 L3P 94
G08 FF 61159 063400  780 361 2283    -4528834     48          30    -23   26  78  125  -17   62   17   62   17  22  0  0 L3P 0D
G10 FF 61159 063400  780 448 1657     5877168    -28          27    -12   17  35  104   10   48    8   48    8  16  0  0 L3P E7
G16 FF 61159 063400  780 210 3155    -2537655    -47          23     22   25  73  203   39   85  -21   85  -21  23  0  0 L3P 0C
G27 FF 61159 063400  780 671 2536     1283559    157          44    -16   12  43   80   -2   52   13   52   13  10  0  0 L3P DD
G32 FF 61159 063400  780 716  464     -269831   -212          29    -13   16  54   78   -3   42    8   42    8  14  0  0 L3P BD
G08 FF 61159 065000  780 414 2344    -4528765     77          30      6   22  78  111  -11   57   -4   57   -4  19  0  0 L3P E2
G10 FF 61159 065000  780 398 1586     5877148    -10          23      6   23  35  115   12   48   -3   48   -3  22  0  0 L3P CF
G27 FF 61159 065000  780 687 2754     1283727    175          47      2   13  43   79    0   47    0   47    0  10  0  0 L3P 9C
G32 FF 61159 065000  780 754  742     -270021   -203          30     -4   33  54   76   -1   38    5   38    5  22  0  0 L3P 91
G02 FF 61159 070600  780 228 2187     -884303    -34          53     44   38  71  189  -44   59  -50   59  -50  37  0  0 L3P 23
G08 FF 61159 070600  780 459 2426    -4528698     46          28    -25   15  78  102   -7   56   20   56   20  13  0  0 L3P 05
G10 FF 61159 070600  780 352 1518     5877122    -20          13     -4   27  35  127   15   51    2   51    2  22  0  0 L3P A7
G27 FF 61159 070600  780 669 2974     1283894    199          48     26   14  43   80    2   46  -24   46  -24  12  0  0 L3P 05
G32 FF 61159 070600  780 743 1073     -270184   -172          58     27   12  54   76    1   19  -19   19  -19  10  0  0 L3P EF
G02 FF 61159 072200  780 285 2150     -884390   -100          40    -22   27  71  154  -30   58    1   58    1  26  0  0 L3P DA
G08 FF 61159 072200  780 491 2529    -4528640     70          18     -2   18  78   97   -4   59   -2   59   -2  18  0  0 L3P DF
G10 FF 61159 072200  780 309 1453     5877126      2          32     17   22  35  143   18   31  -16   31  -16  19  0  0 L3P D6
G27 FF 61159 072200  780 622 3141     1284055    178          42      5   13  43   83    4   48   -9   48   -9  11  0  0 L3P B2
G28 FF 61159 072200  780 233  395     5432418    -83          48     16   40 215  185  -36   38   -9   38   -9  28  0  0 L3P 07
G32 FF 61159 072200  780 691 1286     -270399   -207          34     -8   15  54   79    3   31    5   31    5  13  0  0 L3P AD
G02 FF 61159 073800  780 347 2116     -884473   -150          31    -73   17  71  129  -22   53   46   53   46  14  0  0 L3P 16
G08 FF 61159 073800  780 507 2650    -4528567     71          21     -1   19  78   95   -1   56   -1   56   -1  15  0  0 L3P D2
G10 FF 61159 073800  780 270 1387     5877099     24          20     40   25  35  161   21   47  -29   47  -29  20  0  0 L3P 01
G27 FF 61159 073800  780 560 3255     1284227    185          48     12   19  43   89    7   42  -12   42  -12  17  0  0 L3P F0
G28 FF 61159 073800  780 280  459     5432313   -112          38    -13   38 215  156  -25   37   20   37   20  32  0  0 L3P 11
G32 FF 61159 073800  780 621 1393     -270596   -199          28      0   12  54   83    6   32   -9   32   -9  10  0  0 L3P BF
G02 FF 61159 075400  780 413 2087     -884540    -23          38     54   18  71  111  -16   42  -45   42  -45  15  0  0 L3P 08
G08 FF 61159 075400  780 504 2778    -4528509     88          11     17   17  78   95    2   64   -6   64   -6  13  0  0 L3P DD
G10 FF 61159 075400  780 234 1322     5877104     21          40     37   21  35  184   26   33  -14   33  -14  14  0  0 L3P DF
G27 FF 61159 075400  780 491 3333     1284387    206          43     33   43  43   97   11   44  -24   44  -24  41  0  0 L3P FB
G28 FF 61159 075400  780 325  529     5432219    -88          40     11   36 215  136  -17   36   -5   36   -5  28  0  0 L3P F8
G31 FF 61159 075400  780 231  239     1524091    -14          -3     10   30 187  186  -42   49  -17   49  -17  24  0  0 L3P 07
G32 FF 61159 075400  780 547 1444     -270793   -193          22      6   21  54   90    9   35    0   35    0  21  0  0 L3P 97
G02 FF 61159 081000  780 484 2062     -884617    -63          34     14   21  72   98  -12   42   -9   42   -9  18  0  0 L3P DB
G08 FF 61159 081000  780 483 2900    -4528429     47          21    -25   18  79   98    5   57   12   57   12  14  0  0 L3P E5
G27 FF 61159 081000  780 421 3392     1284556    157          47    -16   27  44  110   15   47   15   47   15  25  0  0 L3P FE
G28 FF 61159 081000  780 368  608     5432111    -93          25      6   18 216  123  -12   45  -11   45  -11  18  0  0 L3P F1
G31 FF 61159 081000  780 286  291     1524081    -48          10    -24   26 188  153  -28   36   20   36   20  23  0  0 L3P F6
G32 FF 61159 081000  780 473 1466     -270983   -210          24    -11   27  58  100   12   36    8   36    8  24  0  0 L3P D5
G01 FF 61159 082600  780 263 2163    -2869664     87          18     -2   35 102  166  -36   63    0   63    0  29  0  0 L3P E7
G02 FF 61159 082600  780 560 2044     -884691    -80          33     -2   14  72   89   -8   43    3   43    3  12  0  0 L3P A4
G08 FF 61159 082600  780 448 3008    -4528352     97          30     25   36  79  104    8   54  -16   54  -16  23  0  0 L3P 03
G27 FF 61159 082600  780 351 3440     1284731    155          56    -18   43  44  128   23   40   20   40   20  38  0  0 L3P F0
G28 FF 61159 082600  780 404  698     5432019    -83          28     16   15 216  113   -8   42   -4   42   -4  12  0  0 L3P DB
G31 FF 61159 082600  780 342  349     1524047    -59          -1    -35   20 188  131  -20   45   29   45   29  19  0  0 L3P 02
G32 FF 61159 082600  780 400 1470     -271178   -201          21     -2   20  58  114   17   39    3   39    3  19  0  0 L3P BA
G01 FF 61159 084200  780 325 2141    -2869607     79         -10    -10   23 102  137  -25   78   13   78   13  18  0  0 L3P 1D
G02 FF 61159 084200  780 639 2036     -884778    -79          21     -1   18  72   82   -6   43   -8   43   -8  16  0  0 L3P D7
G08 FF 61159 084200  780 403 3100    -4528287     52          26    -19   17  79  114   12   56    9   56    9  13  0  0 L3P DC
G27 FF 61159 084200  780 284 3482     1284893    203          52     30   30  44  154   34   42  -27   42  -27  23  0  0 L3P 08
G28 FF 61159 084200  780 430  799     5431932    -89          37     10   28 216  108   -4   34   -8   34   -8  25  0  0 L3P EF
G31 FF 61159 084200  780 397  415     1524018    -26          -7     -2   19 188  115  -14   47   -6   47   -6  15  0  0 L3P E9
G32 FF 61159 084200  780 331 1463     -271369   -189          20     10   19  58  135   25   40  -16   40  -16  16  0  0 L3P 08
G01 FF 61159 085800  780 391 2126    -2869503     88           9     -1   23 102  117  -18   58    2   58    2  21  0  0 L3P D2
G02 FF 61159 085800  780 722 2048     -884865    -81           8     -4   12  72   77   -4   43   -4   43   -4  10  0  0 L3P B6
G03 FF 61159 085800  780 221 2381    -4849051    140          14     -9   36  68  194  -24   72   -4   72   -4  31  0  0 L3P FE
G08 FF 61159 085800  780 353 3178    -4528218    100          25     28   17  79  127   17   57  -22   57  -22  13  0  0 L3P 27
G27 FF 61159 085800  780 220 3521     1285045    211          38     38   21  44  195   52   58  -28   58  -28  16  0  0 L3P 17
G28 FF 61159 085800  780 442  907     5431821   -118          20    -19   22 216  105   -1   47   16   47   16  19  0  0 L3P 07
G31 FF 61159 085800  780 451  493     1523991    -73         -11    -50   19 188  104  -10   54   44   54   44  15  0  0 L3P 16
G32 FF 61159 085800  780 265 1447     -271581   -185          -1     14   26  58  164   38   68   -3   68   -3  22  0  0 L3P FC
G01 FF 61159 091400  780 460 2120    -2869419    113           8     24   17 102  102  -13   58  -14   58  -14  16  0  0 L3P 10
G02 FF 61159 091400  780 806 2127     -884940    -92           7    -15   13  72   75   -2   46   17   46   17  11  0  0 L3P CF
G03 FF 61159 091400  780 249 2312    -4848919    143           3     -6   22  68  173  -20   77    7   77    7  18  0  0 L3P E4
G04 FF 61159 091400  780 267 3024     -551659    -52          34    -38   30 132  163  -30   70   34   70   34  23  0  0 L3P 04
G08 FF 61159 091400  780 300 3245    -4528150     83          25     12   16  79  147   24   67    8   67    8  14  0  0 L3P D1
G28 FF 61159 091400  780 440 1017     5431724   -143          18    -44   30 216  106    2   56   53   56   53  26  0  0 L3P 00
G31 FF 61159 091400  780 497  588     1523975    -12          -4     12   18 188   96   -6   54    4   54    4  14  0  0 L3P C1
G01 FF 61159 093000  780 533 2127    -2869321     90          21      1   17 102   92   -9   60    8   60    8  16  0  0 L3P A3
G02 FF 61159 093000  780 867 2814     -885022    -66           0     11   13  72   74    0   70    3   70    3  12  0  0 L3P 79
G03 FF 61159 093000  780 280 2244    -4848771    173           8     24   30  68  156  -17   78   -7   78   -7  25  0  0 L3P 08
G04 FF 61159 093000  780 317 2957     -551676     -7          30      6   24 132  140  -19   86    8   86    8  22  0  0 L3P C9
G08 FF 61159 093000  780 248 3305    -4528072     80          34      8   46  79  175   35   92   43   92   43  42  0  0 L3P ED
G28 FF 61159 093000  780 421 1119     5431623    -60          12     39   23 216  110    6   81  -10   81  -10  21  0  0 L3P E1
G31 FF 61159 093000  780 534  704     1523954     -7          -2     17   21 188   92   -4   66    0   66    0  19  0  0 L3P 98
G01 FF 61159 094600  780 607 2156    -2869232     81          25     -7   13 102   84   -6   70   23   70   23  11  0  0 L3P D7
G02 FF 61159 094600  780 804 3494     -885069    -85          27     -8   33  72   75    2   65   26   65   26  31  0  0 L3P DC
G03 FF 61159 094600  780 313 2175    -4848609    183          27     34   26  68  141  -14   79   -4   79   -4  21  0  0 L3P 16
G04 FF 61159 094600  780 362 2879     -551687    -18          32     -5   22 132  124  -13  102   14  102   14  20  0  0 L3P 11
G28 FF 61159 094600  780 388 1208     5431529    -97          13      2   29 216  117   10   99   14   99   14  25  0  0 L3P 05
G31 FF 61159 094600  780 554  837     1523930    -41          -4    -17   18 188   89   -1   83   28   83   28  15  0  0 L3P F6
G01 FF 61159 100200  780 680 2223    -2869145    103          32     14   13 103   79   -4   84   16   84   16  11  0  0 L3P E1
G02 FF 61159 100200  780 718 3581     -885151   -110          17    -33   12  76   77    4   93   37   93   37  10  0  0 L3P DF
G03 FF 61159 100200  780 348 2107    -4848473    159          17     10   24  72  129  -12  101   14  101   14  19  0  0 L3P 14
G04 FF 61159 100200  780 401 2791     -551694     20          42     33   24 133  114   -9  111  -11  111  -11  22  0  0 L3P F0
G28 FF 61159 100200  780 345 1280     5431447    -96          27      3   26 217  130   16  116   28  116   28  22  0  0 L3P 04
G31 FF 61159 100200  780 553  977     1523914    -46           8    -22   15   0   89    1   93   34   93   34  12  0  0 L3P 9C
G01 FF 61159 101800  780 745 2377    -2869052     87          40     -2   16 103   76   -2   97   21   97   21  13  0  0 L3P E5
G02 FF 61159 101800  780 631    8     -885225    -80          16     -3   16  76   82    7  110   18  110   18  14  0  0 L3P 9C
G03 FF 61159 101800  780 386 2036    -4848329    145          18     -4   25  72  118  -11  115   15  115   15  22  0  0 L3P 1E
G04 FF 61159 101800  780 433 2692     -551702     10          47     24   21 133  107   -6  122   -7  122   -7  18  0  0 L3P E5
G28 FF 61159 101800  780 293 1335     5431360    -99          34      0   20 217  150   26  144   32  144   32  17  0  0 L3P FF
G31 FF 61159 101800  780 533 1106     1523887      4           4     28   20   0   92    4  111  -10  111  -10  19  0  0 L3P 99
G01 FF 61159 103400  780 782 2701    -2868969     76          38    -12   13 103   75    0  113   25  113   25  11  0  0 L3P FE
G02 FF 61159 103400  780 546   21     -885297    -74          19      4   18  76   90   10  133   22  133   22  14  0  0 L3P B8
G03 FF 61159 103400  780 428 1964    -4848176    169          29     20   19  72  108   -9  120   -3  120   -3  16  0  0 L3P 13
G04 FF 61159 103400  780 459 2586     -551716    -31          47    -17   19 133  102   -4  133   19  133   19  17  0  0 L3P 20
G28 FF 61159 103400  780 238 1375     5431274   -101          44     -2   44 217  182   43  173   27  173   27  32  0  0 L3P 27
G31 FF 61159 103400  780 496 1211     1523871    -14          11     10   21   0   97    7  124    7  124    7  18  0  0 L3P 9A
G01 FF 61159 105000  780 762 3081    -2868887    100          35     11   13 103   76    2  130   11  130   11  11  0  0 L3P E5
G02 FF 61159 105000  780 463   31     -885372    -62          18     15   13  76  102   14  167   22  167   22  11  0  0 L3P D1
G03 FF 61159 105000  780 472 1887    -4848037    140          24     -9   22  72  100   -8  136   15  136   15  19  0  0 L3P 12
G04 FF 61159 105000  780 477 2473     -551741    -42          35    -29   26 133   99   -2  148   35  148   35  20  0  0 L3P 16
G09 FF 61159 105000  780 219 2732    -7554071   -152         -51   -189   40  11  196  -28  315  188  315  188  35  0  0 L3P 9A
G31 FF 61159 105000  780 447 1290     1523846    -23           9      1   17   0  105   10  149   30  149   30  17  0  0 L3P BE
G01 FF 61159 110600  780 702 3294    -2868802     50          35    -38   15 103   78    4  144   52  144   52  12  0  0 L3P FF
G02 FF 61159 110600  780 384   40     -885442    -90          22    -12   13  76  118   21  205   60  205   60  11  0  0 L3P D4
G03 FF 61159 110600  780 518 1802    -4847894    123          25    -26   16  72   93   -6  143   29  143   29  13  0  0 L3P 1F
G04 FF 61159 110600  780 487 2357     -551752    -52          36    -39   16 133   98   -1  151   36  151   36  14  0  0 L3P 15
G09 FF 61159 110600  780 249 2658    -7553962    253          22    215   36  11  174  -20  251 -201  251 -201  33  0  0 L3P 70
G26 FF 61159 110600  780 216  893     3594078     67          49     24   34  10  198  -12  274  -20  274  -20  31  0  0 L3P 1E
G31 FF 61159 110600  780 391 1346     1523827    -35          13    -11   25   0  117   15  166   32  166   32  23  0  0 L3P F1
G01 FF 61159 112200  780 628 3399    -2868712     34          39    -55   40 103   83    6  164   79  164   79  40  0  0 L3P 22
G02 FF 61159 112200  780 309   51     -885515   -113          23    -36   26  76  143   31  258   75  258   75  22  0  0 L3P 06
G03 FF 61159 112200  780 565 1704    -4847746    187          29     38   19  72   88   -5  145  -29  145  -29  18  0  0 L3P 49
G04 FF 61159 112200  780 491 2240     -551768    -30          34    -17   19 133   97    0  158   17  158   17  17  0  0 L3P 05
G09 FF 61159 112200  780 277 2581    -7553888     16          60    -22   17  11  157  -14  217   10  217   10  16  0  0 L3P 23
G26 FF 61159 112200  780 226  968     3594114      2          43    -42   33  10  190   -4  277   26  277   26  29  0  0 L3P EA
G31 FF 61159 112200  780 331 1383     1523784    -37          -7    -13   15   0  135   23  212   36  212   36  12  0  0 L3P E4
G01 FF 61159 113800  780 550 3458    -2868624    130          42     42   30 103   90    9  187   -8  187   -8  28  0  0 L3P 11
G02 FF 61159 113800  780 239   64     -885581    -71          32      6   27  76  181   50  320   94  320   94  21  0  0 L3P DA
G03 FF 61159 113800  780 611 1585    -4847608    155          25      6   16  72   84   -4  154    4  154    4  14  0  0 L3P DA
G04 FF 61159 113800  780 491 2125     -551781     10          32     24   18 134   97    0  163   -9  163   -9  16  0  0 L3P DC
G09 FF 61159 113800  780 303 2502    -7553867     68          45     30   25  11  145  -11  227  -22  227  -22  22  0  0 L3P 2A
G16 FF 61159 113800  780 230  721    -2538931    -66          28      3   27  68  187  -23  336  -25  336  -25  23  0  0 L3P 2A
G26 FF 61159 113800  780 227 1044     3594129     75          17     32   28  10  190    3  312  -16  312  -16  24  0  0 L3P FC
G31 FF 61159 113800  780 269 1404     1523755      8         -13     32   23   0  162   35  249   16  249   16  19  0  0 L3P E8
G01 FF 61159 115400  780 472 3498    -2868539     58          42    -31   30 103  100   13  220   68  220   68  27  0  0 L3P 2B
G03 FF 61159 115400  780 650 1433    -4847461    160          29     11   13  72   81   -2  159    2  159    2  11  0  0 L3P D7
G04 FF 61159 115400  780 486 2013     -551798      8          30     23   19 134   98    1  173  -12  173  -12  16  0  0 L3P EF
G07 FF 61159 115400  780 257 3202     1788416     62          50     18   19   6  169  -40  301  -36  301  -36  14  0  0 L3P 11
G09 FF 61159 115400  780 327 2421    -7553839     22          37    -15   22  11  136   -9  233    4  233    4  19  0  0 L3P EE
G16 FF 61159 115400  780 256  796    -2538989   -209          37   -140   29  68  169  -15  313  122  313  122  26  0  0 L3P 85
G26 FF 61159 115400  780 218 1117     3594193     27          40    -16   30  10  196   11  305   25  305   25  26  0  0 L3P FE
G01 FF 61159 121000  780 397 3528    -2868457    102          40     13   19 104  115   19  262   36  262   36  15  0  0 L3P 2D
G03 FF 61159 121000  780 677 1240    -4847322    136          21    -13   13  73   79   -1  170   12  170   12  10  0  0 L3P F5
G04 FF 61159 121000  780 479 1905     -551816    -41          22    -26   21 135   99    1  186   27  186   27  18  0  0 L3P 0C
G07 FF 61159 121000  780 319 3157     1788440     48          29      4   20  51  139  -25  289  -31  289  -31  17  0  0 L3P 23
G09 FF 61159 121000  780 349 2338    -7553801     22          44    -15   19  12  128   -7  230   13  230   13  18  0  0 L3P 04
G16 FF 61159 121000  780 276  875    -2539081    -18          15     51   22  75  158   -9  328  -55  328  -55  16  0  0 L3P 33
G01 FF 61159 122600  780 324 3555    -2868374    115          38     27   22 104  137   27  326   56  326   56  19  0  0 L3P 3F
G03 FF 61159 122600  780 682 1018    -4847186    150          15      1   23  73   79    0  188   15  188   15  20  0  0 L3P EE
G04 FF 61159 122600  780 471 1799     -551848    -11           4      4   17 135  100    2  214    6  214    6  15  0  0 L3P B3
G07 FF 61159 122600  780 381 3101     1788478     40          25     -4   25  51  119  -17  277  -20  277  -20  18  0  0 L3P 25
G09 FF 61159 122600  780 372 2255    -7553776     46          33      9   22  12  121   -6  243   -1  243   -1  20  0  0 L3P E1
G16 FF 61159 122600  780 287  957    -2539122   -113          41    -44   34  75  153   -3  303   48  303   48  28  0  0 L3P 2A
G01 FF 61159 124200  780 256 3581    -2868283     59          43    -30   21 104  170   42  422  163  422  163  18  0  0 L3P 49
G03 FF 61159 124200  780 661  805    -4847047    179          11     30   11  73   80    2  209   -1  209   -1  10  0  0 L3P CB
G04 FF 61159 124200  780 462 1697     -551850    -33          17    -18   19 135  102    2  218   34  218   34  17  0  0 L3P 11
G06 FF 61159 124200  780 244 2383     6076079    -29          47     -2   30  78  177  -19  321   12  321   12  27  0  0 L3P 18
G07 FF 61159 124200  780 439 3029     1788516     69          21     24   43  51  106  -11  270  -14  270  -14  29  0  0 L3P 25
G09 FF 61159 124200  780 394 2169    -7553740     34          33     -4   28  12  116   -6  245    8  245    8  25  0  0 L3P EA
G16 FF 61159 124200  780 289 1040    -2539211   -115          18    -45   27  75  152    2  325   44  325   44  22  0  0 L3P 1D
G03 FF 61159 125800  780 618  635    -4846904    140          11     -9   11  73   83    4  234   35  234   35   9  0  0 L3P DA
G04 FF 61159 125800  780 452 1596     -551851     10          30     24   26 135  104    2  226   -3  226   -3  24  0  0 L3P DD
G06 FF 61159 125800  780 266 2459     6076053    -35          47     -8   21  78  163  -10  333   25  333   25  18  0  0 L3P 22
G07 FF 61159 125800  780 493 2939     1788566     28          28    -16   18  51   97   -8  263   17  263   17  14  0  0 L3P 25
G09 FF 61159 125800  780 417 2082    -7553706     43          31      6   21  12  110   -5  251    0  251    0  18  0  0 L3P BA
G16 FF 61159 125800  780 279 1119    -2539276    -62          20      8   51  75  156    8  329    9  329    9  46  0  0 L3P F8
G03 FF 61159 131400  780 561  511    -4846756    138          15    -11   15  73   89    7  259   45  259   45  13  0  0 L3P 0A
G04 FF 61159 131400  780 441 1497     -551868     23          26     38   22 135  105    2  244  -22  244  -22  19  0  0 L3P 0D
G06 FF 61159 131400  780 277 2542     6076022    -26          42      1   19  78  158   -3  358   23  358   23  15  0  0 L3P FD
G07 FF 61159 131400  780 540 2827     1788594     68          14     23   11  51   91   -5  270  -16  270  -16   9  0  0 L3P FC
G09 FF 61159 131400  780 440 1993    -7553676     74          25     37   19  12  106   -5  260  -26  260  -26  16  0  0 L3P 2E
G16 FF 61159 131400  780 260 1193    -2539351    -57          11     13   22  75  167   15  357   17  357   17  18  0  0 L3P 20
G03 FF 61159 133000  780 496  422    -4846605    135          23    -13   15  73   97   10  291   55  291   55  14  0  0 L3P 0B
G04 FF 61159 133000  780 429 1399     -551902     17           7     32   23 135  108    3  280  -17  280  -17  20  0  0 L3P F8
G06 FF 61159 133000  780 276 2628     6075987    -58          33    -31   20  78  158    3  398   62  398   62  17  0  0 L3P 32
G07 FF 61159 133000  780 576 2691     1788654     25          31    -20   12  51   87   -3  259    7  259    7  10  0  0 L3P E1
G09 FF 61159 133000  780 464 1900    -7553644     17          21    -20   20  12  101   -4  264   10  264   10  16  0  0 L3P F1
G16 FF 61159 133000  780 231 1259    -2539410   -136          20    -66   27  75  187   26  376   89  376   89  21  0  0 L3P 55
G30 FF 61159 133000  780 255 2949    -2046733   -126          32      8   22   7  170  -30  450  -41  450  -41  17  0  0 L3P 1F
G03 FF 61159 134600  780 426  358    -4846457    151          29      2   14  73  109   15  339   55  339   55  12  0  0 L3P 0F
G04 FF 61159 134600  780 416 1302     -551904    -50          20    -35   22 135  110    3  279   33  279   33  15  0  0 L3P 00
G06 FF 61159 134600  780 265 2713     6075934     -3           7     25   30  78  164   10  464   28  464   28  27  0  0 L3P FC
G07 FF 61159 134600  780 598 2534     1788678     44          12      0   20  51   85   -1  270   -1  270   -1  15  0  0 L3P CF
G09 FF 61159 134600  780 489 1802    -7553618     -6          11    -43   14  12   98   -4  271   30  271   30  11  0  0 L3P FD
G30 FF 61159 134600  780 300 2881    -2046865   -162          28    -28   18   7  147  -20  423   -8  423   -8  15  0  0 L3P 2E
G03 FF 61159 140200  780 355  311    -4846321    170          23     21   14  77  127   23  426   91  426   91  12  0  0 L3P FD
G04 FF 61159 140200  780 401 1206     -551928     -1           5     14   18 136  114    4  303    9  303    9  14  0  0 L3P A3
G06 FF 61159 140200  780 244 2795     6075944    -30          42     -2   39  85  177   17  491   69  491   69  34  0  0 L3P 2E
G07 FF 61159 140200  780 604 2366     1788719     64          14     20   13  52   85    0  266  -13  266  -13  12  0  0 L3P F3
G09 FF 61159 140200  780 512 1698    -7553584     47           9     10   16  36   94   -3  274  -20  274  -20  13  0  0 L3P 07
G30 FF 61159 140200  780 341 2804    -2047009   -187          16    -53   17   8  131  -14  404   14  404   14  13  0  0 L3P 18
G03 FF 61159 141800  780 283  278    -4846174    131          27    -18   20  77  155   37  556  185  556  185  14  0  0 L3P 5F
G04 FF 61159 141800  780 383 1112     -551944     -1           3     14   17 136  118    5  330   13  330   13  13  0  0 L3P C4
G06 FF 61159 141800  780 217 2873     6075917    -28          41      0   27  85  198   27  571  106  571  106  21  0  0 L3P 34
G07 FF 61159 141800  780 595 2202     1788770     51          22      6   10  52   85    1  264    7  264    7   9  0  0 L3P A0
G09 FF 61159 141800  780 534 1584    -7553540     21          17    -16   14  36   92   -2  263   15  263   15  12  0  0 L3P 02
G30 FF 61159 141800  780 378 2719    -2047125   -159          29    -25   21   8  120   -9  372    2  372    2  17  0  0 L3P 02
G04 FF 61159 143400  780 361 1021     -551950    -35          12    -20   19 136  124    7  356   61  356   61  16  0  0 L3P 05
G07 FF 61159 143400  780 574 2053     1788811     37          21     -7   15  52   87    3  269   13  269   13  13  0  0 L3P E4
G09 FF 61159 143400  780 552 1460    -7553506     26          15    -12   13  36   90   -2  266   15  266   15  11  0  0 L3P FC
G14 FF 61159 143400  780 262 3391    -7448478      1          23     13   42 117  166  -43  645 -143  645 -143  38  0  0 L3P 66
G30 FF 61159 143400  780 409 2627    -2047259    -96          24     38   15   8  112   -7  361  -53  361  -53  13  0  0 L3P 23
G04 FF 61159 145000  780 336  933     -551965    -34          11    -19   23 136  133   10  402   68  402   68  20  0  0 L3P 0A
G07 FF 61159 145000  780 546 1921     1788847     58          14     13   18  52   90    4  272  -14  272  -14  16  0  0 L3P 03
G09 FF 61159 145000  780 563 1327    -7553477     30           8     -7   13  36   88   -1  276   18  276   18  11  0  0 L3P F4
G14 FF 61159 145000  780 334 3379    -7448484    -50          28    -39   25 117  133  -27  541  -57  541  -57  22  0  0 L3P 76
G30 FF 61159 145000  780 435 2528    -2047390   -139          21     -5   13   8  107   -5  342  -16  342  -16  11  0  0 L3P 18
G04 FF 61159 150600  780 306  850     -551958     -4          32     10   25 136  144   14  438   60  438   60  22  0  0 L3P EF
G07 FF 61159 150600  780 513 1806     1788897     38          21     -6   15  52   94    5  272    6  272    6  15  0  0 L3P CA
G09 FF 61159 150600  780 565 1186    -7553438      0          11    -38   16  36   88    0  286   46  286   46  14  0  0 L3P FF
G14 FF 61159 150600  780 409 3359    -7448507    -44          15    -33   32 117  112  -18  482  -28  482  -28  30  0  0 L3P 6C
G21 FF 61159 150600  780 229 2235    -4150011    -18          33    -18   34 118  188  -44  419  -32  419  -32  30  0  0 L3P 54
G22 FF 61159 150600  780 240 3356      106937    -46          33     18   45   2  180  -49  745 -112  745 -112  43  0  0 L3P 35
G30 FF 61159 150600  780 455 2424    -2047519   -119          21     15   19   8  103   -3  328  -28  328  -28  16  0  0 L3P 2F
G04 FF 61159 152200  780 271  773     -551985     53          20     68   25 136  161   20  520   28  520   28  20  0  0 L3P F5
G07 FF 61159 152200  780 478 1702     1788929     42          11     -2   18  52   99    6  284    5  284    5  16  0  0 L3P CD
G09 FF 61159 152200  780 557 1044    -7553409     62           4     25   18  36   89    2  307   -2  307   -2  16  0  0 L3P D3
G14 FF 61159 152200  780 485 3327    -7448513    -18          21     -6   23 117   98  -12  418  -57  418  -57  21  0  0 L3P 4D
G21 FF 61159 152200  780 282 2280    -4150020    -14          23    -14   25 118  155  -26  396  -11  396  -11  22  0  0 L3P 45
G22 FF 61159 152200  780 308 3337      106864   -109          20    -46   28   2  143  -30  644  -71  644  -71  24  0  0 L3P 29
G30 FF 61159 152200  780 470 2316    -2047652   -151          17    -17   18   8  100   -2  314   -5  314   -5  15  0  0 L3P FE
G04 FF 61159 153800  780 233  702     -552005    -83          13    -68   36 136  185   31  630  198  630  198  30  0  0 L3P 40
G07 FF 61159 153800  780 444 1607     1788971      0          11    -45   24  52  105    7  293   45  293   45  23  0  0 L3P F7
G09 FF 61159 153800  780 536  910    -7553363     38          14      0   13  36   91    3  321   33  321   33  12  0  0 L3P BB
G14 FF 61159 153800  780 561 3279    -7448520    -26          25    -15   15 117   89   -8  372  -25  372  -25  12  0  0 L3P 50
G21 FF 61159 153800  780 330 2339    -4150024    -18          20    -18   15 118  135  -16  384    4  384    4  13  0  0 L3P 14
G22 FF 61159 153800  780 378 3309      106803    -75          21    -11   34   2  120  -20  549  -79  549  -79  31  0  0 L3P 27
G30 FF 61159 153800  780 481 2206    -2047789   -118           8     16   17   8   99   -1  309  -32  309  -32  15  0  0 L3P 1C
G07 FF 61159 155400  780 410 1519     1789013     25          10    -19   19  52  112    8  308   45  308   45  17  0  0 L3P FB
G09 FF 61159 155400  780 504  789    -7553341     54           0     17   20  36   95    5  368   30  368   30  18  0  0 L3P D9
G14 FF 61159 155400  780 637 3205    -7448530    -57          26    -46   18 117   82   -5  340   17  340   17  14  0  0 L3P 2A
G21 FF 61159 155400  780 368 2414    -4150024      9          20      9   17 118  122  -10  382    1  382    1  15  0  0 L3P CD
G22 FF 61159 155400  780 448 3268      106736    -68          15     -4   12   2  104  -13  476  -61  476  -61  10  0  0 L3P 0C
G30 FF 61159 155400  780 488 2095    -2047910   -136          16     -1   16   8   98   -1  285  -10  285  -10  15  0  0 L3P 1B
G07 FF 61159 161000  780 378 1435     1789061     71          18     27   15  54  120    9  327   -4  327   -4  12  0  0 L3P E7
G09 FF 61159 161000  780 462  685    -7553297     24          13    -13   16  85  102    8  412   75  412   75  14  0  0 L3P FF
G14 FF 61159 161000  780 707 3080    -7448538     -7          30      4   16 118   78   -3  323  -23  323  -23  15  0  0 L3P 06
G21 FF 61159 161000  780 396 2503    -4150025     21          23     21   16 119  115   -5  393  -10  393  -10  13  0  0 L3P 10
G22 FF 61159 161000  780 517 3212      106681    -70          24     -6   13  18   94   -9  417  -46  417  -46  10  0  0 L3P F2
G30 FF 61159 161000  780 492 1984    -2048049   -171           4    -36   17  31   97    0  296   27  296   27  14  0  0 L3P 14
G05 FF 61159 162600  780 221 2361     2323682     17          10     12   31 104  195  -24  475   -9  475   -9  25  0  0 L3P 10
G07 FF 61159 162600  780 348 1354     1789098     17          13    -27   14  54  129   10  357   57  357   57  13  0  0 L3P 2A
G09 FF 61159 162600  780 413  597    -7553257     41          17      4   21  85  111   12  482   90  482   90  21  0  0 L3P F3
G14 FF 61159 162600  780 763 2848    -7448552    -14          28     -2   16 118   76   -1  311   -8  311   -8  12  0  0 L3P 0F
G17 FF 61159 162600  780 239  143     1240884     66          26    -20   27 101  181  -42  865  -55  865  -55  23  0  0 L3P 43
G21 FF 61159 162600  780 409 2602    -4150021     10          27     10   24 119  112   -1  406   21  406   21  20  0  0 L3P E4
G22 FF 61159 162600  780 584 3131      106611    -79          15    -15   15  18   86   -6  377  -22  377  -22  14  0  0 L3P 11
G30 FF 61159 162600  780 493 1874    -2048180   -165           3    -29   14  31   97    0  294   25  294   25  13  0  0 L3P 0E
G05 FF 61159 164200  780 244 2433     2323688     40          11     35   31 104  177  -13  487  -18  487  -18  24  0  0 L3P 3E
G07 FF 61159 164200  780 318 1275     1789129     13           1    -32   16  54  139   12  398   68  398   68  12  0  0 L3P 19
G09 FF 61159 164200  780 359  525    -7553222     44          16      7   27  85  125   18  601  132  601  132  18  0  0 L3P 11
G14 FF 61159 164200  780 782 2467    -7448562     -1          28     11   13 118   75    0  297  -17  297  -17  12  0  0 L3P 23
G17 FF 61159 164200  780 298  185     1240960    135          21     49   33 101  147  -28  785 -131  785 -131  28  0  0 L3P 6D
G21 FF 61159 164200  780 408 2706    -4150019    -14          29    -14   31 119  112    2  436   47  436   47  27  0  0 L3P 20
G22 FF 61159 164200  780 645 3013      106561    -38          26     25   15  18   81   -4  343  -38  343  -38  13  0  0 L3P F9
G30 FF 61159 164200  780 493 1765    -2048300   -107          13     28   16  31   97    0  293  -18  293  -18  14  0  0 L3P 23
G05 FF 61159 165800  780 257 2511     2323695     38          14     34   24 104  169   -5  505   -7  505   -7  20  0  0 L3P 07
G07 FF 61159 165800  780 290 1198     1789181      4          10    -40   14  54  151   14  428   73  428   73  13  0  0 L3P 07
G09 FF 61159 165800  780 300  466    -7553185     98          17     60   25  85  147   27  749  103  749  103  21  0  0 L3P 41
G14 FF 61159 165800  780 753 2121    -7448586     -8          15      3   12 118   76    2  300  -15  300  -15   9  0  0 L3P EB
G17 FF 61159 165800  780 361  230     1241036    112          15     27   23 101  125  -20  683 -146  683 -146  20  0  0 L3P 48
G21 FF 61159 165800  780 393 2808    -4150019      5          29      5   25 119  116    6  477   51  477   51  21  0  0 L3P F8
G22 FF 61159 165800  780 694 2839      106497    -61          23      3   11  18   79   -2  332   -9  332   -9  10  0  0 L3P D6
G30 FF 61159 165800  780 490 1656    -2048447   -158          -4    -23   17  31   97    1  313   25  313   25  15  0  0 L3P 14
G05 FF 61159 171400  780 260 2593     2323714    -18          29    -23   35 104  167    2  533   73  533   73  32  0  0 L3P 19
G07 FF 61159 171400  780 262 1123     1789235     66          21     22   39  54  166   17  458   31  458   31  35  0  0 L3P 0E
G09 FF 61159 171400  780 239  418    -7553147     34          19     -4   33  85  181   45  875  140  875  140  26  0  0 L3P 37
G14 FF 61159 171400  780 698 1919    -7448602    -12          10     -1   18 118   78    3  296    4  296    4  15  0  0 L3P F4
G17 FF 61159 171400  780 425  282     1241126     81          22     -4   16 101  109  -14  581  -79  581  -79  13  0  0 L3P 21
G19 FF 61159 171400  780 232   19    -6984708    -63          38    -52   21  10  186  -51  810  -18  810  -18  18  0  0 L3P 38
G20 FF 61159 171400  780 242 2175    -1317608   -191          41    -13   36 192  179  -46  436  -33  436  -33  31  0  0 L3P 73
G21 FF 61159 171400  780 366 2902    -4150020      1          28      1   16 119  123   10  544   82  544   82  12  0  0 L3P E2
G22 FF 61159 171400  780 720 2598      106426    -83          14    -19   16  18   77   -1  324    6  324    6  13  0  0 L3P CE
G30 FF 61159 171400  780 486 1547    -2048554   -167          19    -32   20  31   98    1  296   43  296   43  18  0  0 L3P 2B
G05 FF 61159 173000  780 252 2675     2323748     13          58      8   27 104  172    8  571   84  571   84  25  0  0 L3P 03
G07 FF 61159 173000  780 234 1050     1789277    103          21     59   41  54  184   21  500   -7  500   -7  36  0  0 L3P FF
G14 FF 61159 173000  780 635 1798    -7448613    -14          10     -3   12 118   82    5  298    8  298    8  10  0  0 L3P F2
G17 FF 61159 173000  780 489  346     1241209     80          23     -5   14 101   98  -10  503  -61  503  -61  11  0  0 L3P FE
G19 FF 61159 173000  780 300   48    -6984718    -11          39     -1   28  10  147  -32  737  -75  737  -75  23  0  0 L3P 2E
G20 FF 61159 173000  780 307 2180    -1317797   -196          22    -18   22 192  144  -29  416  -15  416  -15  19  0  0 L3P 77
G21 FF 61159 173000  780 330 2987    -4150016    -29          32    -29   25 119  135   14  633  132  633  132  19  0  0 L3P 56
G22 FF 61159 173000  780 715 2333      106379    -47          28     16   15  18   78    1  302  -20  302  -20  14  0  0 L3P DD
G30 FF 61159 173000  780 479 1439    -2048688   -148          15    -13   17  31   99    1  309   24  309   24  15  0  0 L3P 25
G05 FF 61159 174600  780 235 2756     2323754   -187          60   -191   39 104  184   16  658  311  658  311  37  0  0 L3P 90
G14 FF 61159 174600  780 573 1711    -7448630    -16           4     -5   18 118   87    6  309   22  309   22  15  0  0 L3P FC
G17 FF 61159 174600  780 550  432     1241284     81          17     -4   11 101   90   -7  450  -54  450  -54  10  0  0 L3P EC
G19 FF 61159 174600  780 372   77    -6984744     -5          22      5   14  10  121  -21  662 -102  662 -102  12  0  0 L3P 18
G20 FF 61159 174600  780 374 2199    -1317969   -246          22    -67   19 192  121  -19  389   32  389   32  17  0  0 L3P 81
G21 FF 61159 174600  780 289 3063    -4150020     18          28     18   42 119  152   21  729   73  729   73  30  0  0 L3P 27
G22 FF 61159 174600  780 684 2113      106305    -69          15     -5   15  18   79    2  302   -3  302   -3  13  0  0 L3P B8
G30 FF 61159 174600  780 469 1332    -2048834    -84          -2     52   16  31  101    2  340  -37  340  -37  14  0  0 L3P 11
G05 FF 61159 180200  780 210 2833     2323718     -4          14     -9   23 105  203   25  818  124  818  124  19  0  0 L3P 21
G14 FF 61159 180200  780 512 1641    -7448633    -32          14    -21   16 119   94    8  311   11  311   11  14  0  0 L3P FC
G17 FF 61159 180200  780 603  551     1241357     80           7     -6   13 102   85   -4  410  -39  410  -39  11  0  0 L3P DA
G19 FF 61159 180200  780 448  111    -6984767     -7           9      3   28  13  104  -15  586  -79  586  -79  27  0  0 L3P 2A
G20 FF 61159 180200  780 439 2233    -1318136   -167          32     11   18 193  106  -13  368  -19  368  -19  14  0  0 L3P 67
G21 FF 61159 180200  780 246 3131    -4150027    -19          21    -19   31 120  176   30  799   68  799   68  21  0  0 L3P 43
G22 FF 61159 180200  780 638 1952      106245    -67          13     -4   16  19   82    4  301    6  301    6  14  0  0 L3P A1
G30 FF 61159 180200  780 456 1227    -2048952   -140          10     -4   20  32  103    3  347   13  347   13  18  0  0 L3P FA
G14 FF 61159 181800  780 454 1579    -7448652    -10           5      1   29 119  103   10  318   -1  318   -1  25  0  0 L3P FC
G15 FF 61159 181800  780 251 2254    -4073469    -51          13    -18   34  18  172  -34  452  -11  452  -11  30  0  0 L3P 44
G17 FF 61159 181800  780 639  711     1241428     68          -4    -17   14 102   82   -2  382  -19  382  -19  13  0  0 L3P 13
G19 FF 61159 181800  780 526  153    -6984773     31          14     41   19  13   93  -10  512  -99  512  -99  17  0  0 L3P 2E
G20 FF 61159 181800  780 502 2291    -1318307   -184          31     -5   13 193   96   -9  358    6  358    6  11  0  0 L3P 08
G22 FF 61159 181800  780 586 1833      106173    -53           2     11   17  19   86    5  309  -10  309  -10  14  0  0 L3P D8
G30 FF 61159 181800  780 438 1124    -2049080   -133          12      3   18  32  106    4  364   16  364   16  15  0  0 L3P F8
G14 FF 61159 183400  780 400 1520    -7448659    -21          10    -10   20 119  114   13  317   15  317   15  16  0  0 L3P 1F
G15 FF 61159 183400  780 301 2299    -4073502      6          12     39   22  18  146  -22  434  -42  434  -42  21  0  0 L3P 16
G17 FF 61159 183400  780 649  903     1241513     96          -1     11   13 102   81    0  351  -37  351  -37  12  0  0 L3P E1
G19 FF 61159 183400  780 604  214    -6984777    -10          20      0   23  41   85   -7  443  -62  443  -62  18  0  0 L3P 03
G20 FF 61159 183400  780 557 2380    -1318482   -173          28      5   16 193   89   -5  363    4  363    4  15  0  0 L3P 03
G22 FF 61159 183400  780 533 1738      106111    -46           1     17   17  19   92    7  307  -20  307  -20  15  0  0 L3P CF
G30 FF 61159 183400  780 416 1026    -2049214    -93           7     42   21  32  110    5  395    6  395    6  19  0  0 L3P CE
G14 FF 61159 185000  780 350 1464    -7448677    -12           2     -1   20 119  128   16  329    5  329    5  17  0  0 L3P F6
G15 FF 61159 185000  780 345 2359    -4073526    -23          19     10   18  18  129  -14  419  -30  419  -30  15  0  0 L3P 41
G17 FF 61159 185000  780 630 1086     1241598     84           3     -2   14 102   83    3  332  -17  332  -17  13  0  0 L3P E5
G19 FF 61159 185000  780 678  316    -6984788     -2          19      8   11  41   79   -4  394  -56  394  -56   8  0  0 L3P 0E
G20 FF 61159 185000  780 599 2507    -1318656   -179          25      0   18 193   85   -3  371    3  371    3  15  0  0 L3P 01
G22 FF 61159 185000  780 480 1657      106054    -45           5     19   21  19   99    8  303  -23  303  -23  21  0  0 L3P D7
G30 FF 61159 185000  780 390  932    -2049348   -118           3     17   22  32  117    8  447   35  447   35  22  0  0 L3P FB
G14 FF 61159 190600  780 303 1407    -7448665    -16          25     -5   22 119  145   20  307   -3  307   -3  18  0  0 L3P 18
G15 FF 61159 190600  780 381 2433    -4073555    -35          22     -2   25  18  119   -8  414   -5  414   -5  21  0  0 L3P 00
G17 FF 61159 190600  780 586 1225     1241675     78          -2     -8   20 102   86    5  312  -25  312  -25  18  0  0 L3P FE
G19 FF 61159 190600  780 739  508    -6984793    -11          23      0   35  41   77   -2  346  -39  346  -39  27  0  0 L3P 1F
G20 FF 61159 190600  780 619 2671    -1318815   -286          38   -108   34 193   83   -1  370   73  370   73  21  0  0 L3P 57
G22 FF 61159 190600  780 430 1584      105995   -111           7    -47   28  19  108   10  291   17  291   17  27  0  0 L3P 0F
G30 FF 61159 190600  780 358  846    -2049468   -126          14     10   19  32  126   11  482   31  482   31  18  0  0 L3P 1D
G14 FF 61159 192200  780 260 1350    -7448692     36          10     47   21 119  167   25  316  -53  316  -53  18  0  0 L3P 3F
G15 FF 61159 192200  780 407 2521    -4073586    -31          22      2   21  18  113   -4  420    7  420    7  17  0  0 L3P C9
G17 FF 61159 192200  780 528 1318     1241755     81          -4     -5   19 102   92    8  291  -22  291  -22  16  0  0 L3P FF
G19 FF 61159 192200  780 765  838    -6984808     16          18     26   15  41   76    0  311  -48  311  -48  13  0  0 L3P 0C
G20 FF 61159 192200  780 613 2845    -1318990   -193          34    -15   13 193   84    2  386   33  386   33  11  0  0 L3P 33
G22 FF 61159 192200  780 382 1515      105927    -64           0     -1   19  19  119   13  285  -13  285  -13  16  0  0 L3P F9
G30 FF 61159 192200  780 321  766    -2049613    -86          -2     50   23  32  138   15  532  -15  532  -15  19  0  0 L3P 16
G06 FF 61159 193800  780 255  469     6075388     36          39     63   41  90  170  -30  689 -223  689 -223  29  0  0 L3P 6B
G14 FF 61159 193800  780 221 1293    -7448687     21          25     33   33 119  195   33  282  -49  282  -49  24  0  0 L3P 56
G15 FF 61159 193800  780 418 2620    -4073604    -15          36     18   27  18  110   -1  410   -9  410   -9  24  0  0 L3P 01
G17 FF 61159 193800  780 462 1376     1241843     85           2      0   27 102  102   12  267  -20  267  -20  26  0  0 L3P FD
G19 FF 61159 193800  780 737 1157    -6984821     14          15     24   16  41   77    2  284  -41  284  -41  12  0  0 L3P 18
G20 FF 61159 193800  780 582 2999    -1319162   -181          33     -3   13 193   87    4  393    5  393    5  11  0  0 L3P 09
G22 FF 61159 193800  780 338 1448      105860    -29          -5     35   22  19  132   15  279  -43  279  -43  17  0  0 L3P 23
G24 FF 61159 193800  780 238 2191      128041   -184          25     -3   31  93  181  -41  353  -66  353  -66  29  0  0 L3P 3C
G30 FF 61159 193800  780 281  694    -2049744    -72          -4     63   28  32  156   22  560  -27  560  -27  25  0  0 L3P 30
G06 FF 61159 195400  780 300  537     6075349    -28          26     -1   19  90  146  -21  532 -151  532 -151  16  0  0 L3P 42
G15 FF 61159 195400  780 416 2722    -4073641    -28          30      5   24  18  111    2  416  -15  416  -15  20  0  0 L3P FF
G17 FF 61159 195400  780 394 1409     1241919     77           9     -8   19  17  116   18  245  -29  245  -29  16  0  0 L3P 27
G19 FF 61159 195400  780 677 1332    -6984826     10          19     20   13  41   80    4  246  -61  246  -61  12  0  0 L3P 0E
G20 FF 61159 195400  780 534 3119    -1319339   -182          28     -4   17 193   92    7  402    9  402    9  14  0  0 L3P FD
G22 FF 61159 195400  780 296 1382      105818    -99          14    -35   22  19  148   19  249    1  249    1  17  0  0 L3P FA
G24 FF 61159 195400  780 295 2170      127863   -193          20    -12   23  93  149  -28  294  -53  294  -53  20  0  0 L3P 51
G30 FF 61159 195400  780 236  630    -2049850   -167          20    -31   33  32  183   34  561   52  561   52  27  0  0 L3P 25
G06 FF 61159 201000  780 344  613     6075319    -43          21    -16   24  91  130  -14  412  -89  412  -89  22  0  0 L3P 23
G12 FF 61159 201000  780 230 2549     6078753    -12          31    -11   37  83  187  -22  459 -127  459 -127  33  0  0 L3P 6B
G15 FF 61159 201000  780 401 2823    -4073676    -29          27      4   26  29  114    5  413   -5  413   -5  20  0  0 L3P DB
G17 FF 61159 201000  780 325 1425     1242017    138          24     53   18  20  137   26  205  -79  205  -79  14  0  0 L3P 1E
G19 FF 61159 201000  780 606 1415    -6984834      5          22     15   16  79   84    6  204  -45  204  -45  12  0  0 L3P F5
G20 FF 61159 201000  780 476 3210    -1319516   -179          27      0   20 194  100   10  418   15  418   15  16  0  0 L3P 10
G22 FF 61159 201000  780 257 1317      105744   -122          -2    -59   20  68  168   23  239   16  239   16  15  0  0 L3P 0D
G24 FF 61159 201000  780 356 2155      127683   -132          16     49   15  94  126  -20  236  -98  236  -98  15  0  0 L3P 40
G06 FF 61159 202600  780 381  699     6075293     18          21     45   28  91  119   -9  316 -135  316 -135  23  0  0 L3P 3A
G11 FF 61159 202600  780 280  212     3566264   -106          25     20   32 202  156  -32  565 -178  565 -178  27  0  0 L3P 69
G12 FF 61159 202600  780 257 2477     6078747    -30          26    -29   28  83  169  -17  339  -83  339  -83  24  0  0 L3P 6B
G15 FF 61159 202600  780 374 2917    -4073710    -20          25     13   26  29  121    9  419    4  419    4  22  0  0 L3P DD
G17 FF 61159 202600  780 258 1428     1242089     64          14    -21   24  20  169   42  173  -33  173  -33  20  0  0 L3P 1C
G19 FF 61159 202600  780 532 1453    -6984851    -13          15     -3   16  79   92    9  173  -39  173  -39  14  0  0 L3P 27
G20 FF 61159 202600  780 414 3281    -1319689   -190          25    -12   20 194  111   14  439   27  439   27  18  0  0 L3P 4D
G22 FF 61159 202600  780 221 1251      105677      9          -7     73   25  68  194   30  207 -108  207 -108  21  0  0 L3P 0B
G24 FF 61159 202600  780 420 2149      127512   -180          18      0   17  94  110  -14  190  -39  190  -39  14  0  0 L3P 12
G06 FF 61159 204200  780 410  796     6075262    -19          16      9   23  91  112   -5  244  -80  244  -80  20  0  0 L3P F8
G11 FF 61159 204200  780 341  262     3566138   -108          21     18   30 202  131  -22  420 -148  420 -148  24  0  0 L3P 48
G12 FF 61159 204200  780 283 2404     6078742    -10          22     -9   22  83  154  -14  255  -69  255  -69  21  0  0 L3P 31
G15 FF 61159 204200  780 338 3002    -4073742    -30          25      3   26  29  132   14  442   23  442   23  23  0  0 L3P EB
G19 FF 61159 204200  780 459 1467    -6984858    -50          17    -40   23  79  102   13  141   14  141   14  21  0  0 L3P 2A
G20 FF 61159 204200  780 352 3338    -1319876   -128           9     51   41 194  128   20  484   -4  484   -4  39  0  0 L3P 31
G24 FF 61159 204200  780 487 2154      127330   -153          10     28   21  94   98  -11  166  -46  166  -46  17  0  0 L3P 25
G06 FF 61159 205800  780 426  901     6075219    -37           0    -10   26  91  108   -2  196  -41  196  -41  22  0  0 L3P 07
G11 FF 61159 205800  780 403  320     3566018   -126          22      0   23 202  114  -15  304 -113  304 -113  21  0  0 L3P 22
G12 FF 61159 205800  780 309 2330     6078730     24          11     25   30  83  142  -11  198  -78  198  -78  27  0  0 L3P 34
G15 FF 61159 205800  780 298 3079    -4073758    -43          41    -10   39  29  148   20  456   36  456   36  30  0  0 L3P 41
G19 FF 61159 205800  780 389 1466    -6984867    -19          19     -9   22  79  117   18  115  -17  115  -17  18  0  0 L3P 60
G20 FF 61159 205800  780 290 3388    -1320023   -154          34     24   47 194  151   30  517   52  517   52  44  0  0 L3P 38
G24 FF 61159 205800  780 556 2176      127159   -175          13      6   12  94   89   -8  147  -24  147  -24  11  0  0 L3P 0F
G06 FF 61159 211400  780 428 1009     6075195    -47           2    -20   28  91  108    1  145  -22  145  -22  25  0  0 L3P 02
G11 FF 61159 211400  780 465  389     3565895   -138          20    -11   13 202  101  -11  218  -66  218  -66  10  0  0 L3P 49
G12 FF 61159 211400  780 337 2255     6078718    -10           1     -9   20  83  132  -10  157  -45  157  -45  17  0  0 L3P 16
G15 FF 61159 211400  780 254 3148    -4073792    -60          38    -27   24  29  171   28  495   57  495   57  18  0  0 L3P 4A
G19 FF 61159 211400  780 323 1455    -6984872     -9          24      1   12  79  137   25   90  -21   90  -21   9  0  0 L3P E6
G20 FF 61159 211400  780 231 3433    -1320206   -236          22    -57   27 194  186   44  598  122  598  122  21  0  0 L3P 6B
G24 FF 61159 211400  780 626 2226      126995   -191          21    -10   15  94   83   -5  121  -10  121  -10  14  0  0 L3P 01
G06 FF 61159 213000  780 413 1112     6075160    -29          -7     -1   25  91  111    5  122  -28  122  -28  23  0  0 L3P E9
G11 FF 61159 213000  780 523  478     3565757   -143           3    -17   15 202   93   -7  175  -44  175  -44  12  0  0 L3P 20
G12 FF 61159 213000  780 365 2180     6078722     12           6     13   22  83  123   -9  120  -52  120  -52  20  0  0 L3P E1
G15 FF 61159 213000  780 210 3212    -4073846    -37          16     -4   20  29  203   40  568   73  568   73  17  0  0 L3P 12
G19 FF 61159 213000  780 261 1437    -6984885      8          20     18   22  79  167   37   80  -36   80  -36  21  0  0 L3P 0A
G24 FF 61159 213000  780 691 2327      126816   -201          16    -20   13  94   79   -3  115    5  115    5  12  0  0 L3P CB
G06 FF 61159 214600  780 384 1204     6075133    -26          -8      2   25  91  118   10  103  -16  103  -16  23  0  0 L3P F6
G11 FF 61159 214600  780 572  595     3565641   -140           9    -14   12 202   87   -4  132  -23  132  -23  12  0  0 L3P 0C
G12 FF 61159 214600  780 395 2103     6078709     -3          -6     -2   18  83  115   -8  113  -10  113  -10  16  0  0 L3P F2
G24 FF 61159 214600  780 741 2525      126628   -179           2      2   16  94   76   -1  118  -15  118  -15  14  0  0 L3P ED
G06 FF 61159 221400  780 307 1326     6075098    -25           7      2   24 166  144   22   81    4   81    4  22  0  0 L3P AA
G11 FF 61159 221400  780 614  872     3565426   -133          10     -7   18 203   84    0  101  -16  101  -16  15  0  0 L3P F2
G12 FF 61159 221400  780 452 1963     6078706     29          -6     30   16  84  103   -6   94  -35   94  -35  15  0  0 L3P F8
G24 FF 61159 221400  780 736 3065      126324   -175           4      6   15  96   77    2  118    1  118    1  11  0  0 L3P 97
G29 FF 61159 221400  780 225 2893     3308069    -41          31     32   24   0  191  -34  339 -130  339 -130  21  0  0 L3P 3A
G06 FF 61159 223000  780 253 1373     6075065     22           0     50   29 166  172   37   84  -35   84  -35  23  0  0 L3P F5
G11 FF 61159 223000  780 602 1040     3565303   -122           8      4   15 203   85    2   89   -9   89   -9  13  0  0 L3P B0
G12 FF 61159 223000  780 487 1876     6078700    -10         -11     -9   16  84   98   -5   87    8   87    8  13  0  0 L3P D1
G24 FF 61159 223000  780 680 3261      126159   -174          12      6   15  96   79    4  115    4  115    4  13  0  0 L3P AB
G25 FF 61159 223000  780 228 2237    -4263796     43          20     15   40  91  189  -35  120  -39  120  -39  34  0  0 L3P 34
G29 FF 61159 223000  780 265 2822     3307994    -62          26     11   37   0  164  -22  257  -73  257  -73  36  0  0 L3P 2F
G11 FF 61159 224600  780 567 1180     3565180   -153           6    -26   16 203   88    5   86   14   86   14  15  0  0 L3P ED
G12 FF 61159 224600  780 522 1782     6078715    -14           5    -12   16  84   93   -5   76   14   76   14  15  0  0 L3P D7
G24 FF 61159 224600  780 610 3370      125992   -146          19     34   20  96   84    6  120  -20  120  -20  21  0  0 L3P EE
G25 FF 61159 224600  780 274 2190    -4263785     15           4    -14   42  91  159  -26  116    4  116    4  38  0  0 L3P F8
G29 FF 61159 224600  780 300 2745     3307930   -106          31    -33   23   0  147  -15  196  -16  196  -16  21  0  0 L3P 38
G11 FF 61159 230200  780 516 1281     3565056   -111           3     16   27 203   94    8   81  -21   81  -21  25  0  0 L3P DC
G12 FF 61159 230200  780 557 1676     6078708     -6          -1     -4   15  84   89   -4   81    8   81    8  14  0  0 L3P A7
G24 FF 61159 230200  780 534 3437      125811   -209          12    -29   29  96   92    9  143   43  143   43  29  0  0 L3P FD
G25 FF 61159 230200  780 324 2146    -4263757    -45           4    -73   25  91  137  -20  103   57  103   57  22  0  0 L3P 1A
G29 FF 61159 230200  780 331 2663     3307853    -72          24      1   19   0  134  -11  159  -37  159  -37  18  0  0 L3P 11
G05 FF 61159 231800  780 241  431     2323794    -34           5    -39   33 107  179  -34  239  -50  239  -50  28  0  0 L3P 36
G11 FF 61159 231800  780 456 1349     3564935   -143           3    -16   38 203  103   12   76   12   76   12  35  0  0 L3P 05
G12 FF 61159 231800  780 589 1553     6078712     18           5     19   10  84   86   -3   75  -17   75  -17   8  0  0 L3P D8
G21 FF 61159 231800  780 223  715    -4150054     -4          -1     -4   40 122  193  -25  169  -14  169  -14  33  0  0 L3P 10
G24 FF 61159 231800  780 458 3484      125628   -210           2    -29   32  96  103   14  177   70  177   70  30  0  0 L3P 0D
G25 FF 61159 231800  780 377 2103    -4263731    -17           3    -45   19  91  120  -16   93   31   93   31  15  0  0 L3P F9
G29 FF 61159 231800  780 358 2576     3307774    -48          15     25   17   0  125   -8  141  -36  141  -36  15  0  0 L3P 1C
G05 FF 61159 233400  780 288  497     2323795    -28           1    -32   36 107  152  -23  185  -38  185  -38  28  0  0 L3P 48
G11 FF 61159 233400  780 391 1391     3564810   -136          -1    -10   25 203  117   17   74    3   74    3  24  0  0 L3P DD
G12 FF 61159 233400  780 615 1410     6078708     14           1     15   11  84   84   -2   76  -19   76  -19  10  0  0 L3P CA
G21 FF 61159 233400  780 249  791    -4150044    -61           8    -61   31 122  173  -16  136   38  136   38  32  0  0 L3P 1C
G24 FF 61159 233400  780 384 3520      125467   -175          14      6   18  96  118   20  213   57  213   57  14  0  0 L3P FD
G25 FF 61159 233400  780 435 2062    -4263697     57          10     29   21  91  107  -12   81  -38   81  -38  17  0  0 L3P 19
G29 FF 61159 233400  780 382 2485     3307692    -82           3     -9   10   0  119   -6  130  -12  130  -12   9  0  0 L3P DC
