CGGTTS     GENERIC DATA FORMAT VERSION = 2E
REV DATE = 2025-11-01
RCVR = PolaRx5TR (5.6.0)     sbf2cggtts-1.5.0
CH = 80
IMS = PolaRx5TR
LAB = LRTE
X = 3967035.920 m
Y = -4390028.540 m
Z = -2375644.640 m
FRAME = ITRF
COMMENTS = LS=18; ElMask=10deg; 'Generated from the SBF in 2026-01-07 at 23:54:01'
INT DLY = 24.9 ns (GPS P1),  15.7 ns (GPS P2)     CAL_ID = 1201-2025
CAB DLY = 103.1 ns
REF DLY = 47.2 ns
REF = UTC(LRTE)
CKSUM = fc

SAT CL  MJD  STTIME TRKL ELV AZTH   REFSV      SRSV     REFSYS    SRSYS  DSG IOE MDTR SMDT MDIO SMDI MSIO SMSI ISG FR HC FRC CK
             hhmmss  s  .1dg .1dg    .1ns     .1ps/s     .1ns    .1ps/s .1ns     .1ns.1ps/s.1ns.1ps/s.1ns.1ps/s.1ns
G05 FF 61047 001400  780 242 2403     2268348     -6          -6    -13   38  61  178  -17  312   26  312   26  33  0  0 L3P FF
G07 FF 61047 001400  780 356 1354     1317285     72         -44     20   17  77  126    9  168  -13  168  -13  14  0  0 L3P 12
G08 FF 61047 001400  780 106 1315    -5070782    -34         -27    -75   68 111  388  119  211   73  211   73  44  0  0 L3P 51
G09 FF 61047 001400  780 371  561    -7698848    -48         -46    -41   26 159  122   16  228   57  228   57  22  0  0 L3P 50
G13 FF 61047 001400  780 134 2202    -6903346    -12         -10    -22   50  77  313 -123  320    1  320    1  46  0  0 L3P F8
G14 FF 61047 001400  780 764 2776    -7271408    -12         -28     13   17  98   76   -1  175  -25  175  -25  12  0  0 L3P 32
G17 FF 61047 001400  780 235  119      246725     69          14    -49   48  88  184  -44  438    6  438    6  50  0  0 L3P EA
G20 FF 61047 001400  780 338 2785    -3617931     23         -34     22   19  19  132    7  345   45  345   45  18  0  0 L3P 0A
G21 FF 61047 001400  780 433 2706    -3747321    -79         -14      6   18 104  107    1  256   11  256   11  15  0  0 L3P FC
G22 FF 61047 001400  780 580 3104      616345    -42         -25     -1   14  15   87   -6  222  -28  222  -28  12  0  0 L3P E9
G30 FF 61047 001400  780 492 1761     -795331   -141         -33    -18   18  52   97    1  167   18  167   18  15  0  0 L3P 13
G05 FF 61047 003000  780 261 2479     2268348    -20         -13    -27   19  61  167   -8  338   45  338   45  18  0  0 L3P 2C
G07 FF 61047 003000  780 328 1274     1317338     66         -41     13   19  77  135   10  169   -2  169   -2  14  0  0 L3P F9
G09 FF 61047 003000  780 315  497    -7698863     -3         -54      4   38 159  141   24  271   62  271   62  32  0  0 L3P 11
G13 FF 61047 003000  780 189 2175    -6903349    -59         -23    -69   40  77  225  -67  298   27  298   27  34  0  0 L3P 67
G14 FF 61047 003000  780 774 2401    -7271429    -37         -25    -12   14  98   75    0  160    1  160    1  12  0  0 L3P D1
G17 FF 61047 003000  780 295  157      246812    146         -12     27   24  88  149  -29  412 -143  412 -143  24  0  0 L3P 40
G19 FF 61047 003000  780 146 3588    -6843252   -214          90   -195   47 107  288 -111  644  122  644  122  61  0  0 L3P A9
G20 FF 61047 003000  780 313 2871    -3617918     38         -22     37   23  19  141   12  375  -57  375  -57  24  0  0 L3P 35
G21 FF 61047 003000  780 419 2812    -3747412   -102         -23    -17   24 104  110    5  279   30  279   30  22  0  0 L3P 24
G22 FF 61047 003000  780 638 2983      616310    -35         -20      6   12  15   82   -4  193  -23  193  -23  11  0  0 L3P E0
G30 FF 61047 003000  780 486 1654     -795450   -127         -33     -4   13  52   98    1  160  -11  160  -11  11  0  0 L3P FC
G05 FF 61047 004600  780 268 2560     2268357      5         -10     -2   29  61  162   -1  361   33  361   33  26  0  0 L3P E3
G07 FF 61047 004600  780 300 1195     1317392     68         -37     16   29  77  146   12  177    2  177    2  24  0  0 L3P EC
G09 FF 61047 004600  780 256  445    -7698847     -7         -32      0   39 159  170   38  316   56  316   56  33  0  0 L3P 22
G13 FF 61047 004600  780 248 2154    -6903346     49         -30     39   30  77  175  -41  265  -62  265  -62  28  0  0 L3P 4E
G14 FF 61047 004600  780 740 2090    -7271460    -14         -31     11   10  98   77    2  162  -11  162  -11   9  0  0 L3P F0
G17 FF 61047 004600  780 359  198      246927    119         -11      1   22  88  125  -20  307  -85  307  -85  19  0  0 L3P 1E
G19 FF 61047 004600  780 207   20    -6843324   -156          36   -138   57 107  207  -62  540 -166  540 -166  41  0  0 L3P 85
G20 FF 61047 004600  780 282 2951    -3617917    -36         -22    -37   26  19  155   18  412  117  412  117  24  0  0 L3P 55
G21 FF 61047 004600  780 391 2911    -3747492    -97         -21    -12   19 104  116    8  307   30  307   30  16  0  0 L3P 28
G22 FF 61047 004600  780 684 2811      616263    -51         -28    -10   18  15   79   -2  187    0  187    0  15  0  0 L3P D3
G30 FF 61047 004600  780 478 1547     -795566    -85         -31     38   19  52   99    1  154  -41  154  -41  18  0  0 L3P 22
G05 FF 61047 010200  780 264 2644     2268358     75         -15     69   24  61  164    5  359 -100  359 -100  26  0  0 L3P 3A
G07 FF 61047 010200  780 273 1119     1317451     59         -29      7   53  77  160   15  186   13  186   13  50  0  0 L3P F6
G09 FF 61047 010200  780 195  403    -7698861    -47         -38    -40   35 159  219   68  367  101  367  101  28  0  0 L3P 6F
G13 FF 61047 010200  780 310 2140    -6903336     29         -29     19   22  77  142  -27  242  -24  242  -24  18  0  0 L3P 2B
G14 FF 61047 010200  780 685 1906    -7271484    -16         -32      9   14  98   79    3  165   -4  165   -4  13  0  0 L3P F2
G17 FF 61047 010200  780 425  246      247032    127         -20      9   22  88  109  -14  248  -51  248  -51  19  0  0 L3P 05
G19 FF 61047 010200  780 273   51    -6843381    -24          -4     -5   30 107  160  -38  284 -118  284 -118  31  0  0 L3P 3E
G20 FF 61047 010200  780 245 3024    -3617910     36         -16     35   37  19  176   26  314 -249  314 -249  39  0  0 L3P 57
G21 FF 61047 010200  780 355 2999    -3747575    -70         -23     16   24 104  126   13  332   72  332   72  22  0  0 L3P 31
G22 FF 61047 010200  780 708 2581      616222    -35         -29      6   11  15   78    0  180   -8  180   -8  10  0  0 L3P B3
G30 FF 61047 010200  780 468 1443     -795691   -163         -39    -40   13  52  101    2  157   42  157   42  14  0  0 L3P 14
G05 FF 61047 011800  780 251 2726     2268393   -188          13   -195   29  61  172   12  212  161  212  161  29  0  0 L3P 5E
G07 FF 61047 011800  780 246 1044     1317501    135         -29     83   23  77  176   19  202  -47  202  -47  22  0  0 L3P 2E
G09 FF 61047 011800  780 133  370    -7698870     26         -41     33   50 159  315  143  466  126  466  126  35  0  0 L3P 60
G13 FF 61047 011800  780 376 2134    -6903329     18         -33      8   13  77  120  -19  221  -34  221  -34  12  0  0 L3P 1D
G14 FF 61047 011800  780 624 1790    -7271506    -26         -30     -1   12  98   83    5  164    0  164    0  12  0  0 L3P C8
G15 FF 61047 011800  780 115 2194    -3743031    -11         -70     24   57 109  361 -172  370  -15  370  -15  44  0  0 L3P 5E
G17 FF 61047 011800  780 492  305      247148    115         -17     -3   14  88   97  -10  216  -31  216  -31  11  0  0 L3P FB
G19 FF 61047 011800  780 343   82    -6843415    -22         -21     -3   22 107  130  -25  324  -78  324  -78  20  0  0 L3P 28
G20 FF 61047 011800  780 207 3092    -3617905   -110         -13   -111   44  19  207   38  363  123  363  123  36  0  0 L3P 65
G21 FF 61047 011800  780 313 3076    -3747656    -59         -22     27   37 104  141   19  292 -114  292 -114  43  0  0 L3P 75
G22 FF 61047 011800  780 703 2333      616190    -40         -22      1   19  15   78    1  172  -13  172  -13  16  0  0 L3P CD
G30 FF 61047 011800  780 456 1339     -795803   -129         -33     -6   17  52  103    2  158   10  158   10  15  0  0 L3P 04
G05 FF 61047 013400  780 230 2806     2268367    -11         -20    -18   34  61  187   20  370   30  370   30  36  0  0 L3P 0E
G07 FF 61047 013400  780 217  972     1317562     48         -18     -4   35  77  197   25  207   34  207   34  30  0  0 L3P FB
G13 FF 61047 013400  780 445 2139    -6903324     17         -37      7   20  77  105  -14  210   -8  210   -8  16  0  0 L3P F8
G14 FF 61047 013400  780 562 1705    -7271528    -48         -28    -23   21  98   88    7  165   31  165   31  18  0  0 L3P 1D
G15 FF 61047 013400  780 171 2209    -3743031    -47         -36    -12   35 109  248  -79  343   29  343   29  30  0  0 L3P 51
G17 FF 61047 013400  780 556  385      247251    102         -28    -16   14  88   89   -7  200   -6  200   -6  12  0  0 L3P DD
G19 FF 61047 013400  780 417  116    -6843439    -35         -27    -16   26 107  111  -17  260  -30  260  -30  26  0  0 L3P 4A
G20 FF 61047 013400  780 168 3155    -3617922    -10         -31    -11   42  19  252   56  420   -9  420   -9  46  0  0 L3P 19
G21 FF 61047 013400  780 267 3145    -3747739    -57         -23     28   37 104  163   27  319 -149  319 -149  34  0  0 L3P 8D
G22 FF 61047 013400  780 674 2122      616144    -57         -29    -16   15  15   80    2  171   10  171   10  13  0  0 L3P D0
G30 FF 61047 013400  780 441 1238     -795929    -76         -41     47   25  52  106    3  173  -32  173  -32  24  0  0 L3P 1A
G05 FF 61047 015000  780 202 2881     2268370    -39         -24    -45   28  61  211   31  239   58  239   58  36  0  0 L3P 2B
G07 FF 61047 015000  780 188  902     1317593     28         -37    -24   29  77  226   36  243   40  243   40  23  0  0 L3P 08
G13 FF 61047 015000  780 515 2161    -6903321      4         -44     -6   20  77   94  -10  205  -10  205  -10  17  0  0 L3P F0
G14 FF 61047 015000  780 503 1635    -7271559    -20         -35      5   15  98   96    8  174    0  174    0  14  0  0 L3P CA
G15 FF 61047 015000  780 226 2235    -3743054    -13         -25     23   37 109  191  -44  322  -44  322  -44  35  0  0 L3P 4A
G17 FF 61047 015000  780 614  498      247362    118         -30      0   13  88   84   -4  187  -14  187  -14  11  0  0 L3P EA
G19 FF 61047 015000  780 493  157    -6843456    -42         -27    -24   14 107   97  -12  223  -16  223  -16  10  0  0 L3P 41
G20 FF 61047 015000  780 131 3214    -3617908    121         -17    120   53  19  319   87  276 -145  276 -145  45  0  0 L3P 78
G21 FF 61047 015000  780 221 3208    -3747823    -82         -25      3   23 104  194   39  332  130  332  130  42  0  0 L3P 2D
G22 FF 61047 015000  780 631 1963      616108    -53         -25    -12   10  15   82    4  168   18  168   18   9  0  0 L3P D7
G30 FF 61047 015000  780 422 1140     -796057    -99         -51     24   13  52  109    4  187  -14  187  -14  11  0  0 L3P 10
G05 FF 61047 020600  780 170 2952     2268388     52         -10     45   43 108  248   47  345  -16  345  -16  37  0  0 L3P 40
G07 FF 61047 020600  780 157  835     1317687    129           2     77   38  78  269   54  230  -52  230  -52  35  0  0 L3P 1A
G13 FF 61047 020600  780 586 2208    -6903304     27         -33     17   14 146   86   -7  195  -12  195  -12  13  0  0 L3P 2C
G14 FF 61047 020600  780 446 1572    -7271570    -15         -20     10   21  99  105   10  171    1  171    1  19  0  0 L3P E4
G15 FF 61047 020600  780 278 2273    -3743072    -22          -9     14   32 109  157  -27  252    3  252    3  30  0  0 L3P 00
G17 FF 61047 020600  780 657  660      247476     89         -31    -30   16  89   81   -2  177   10  177   10  14  0  0 L3P E6
G19 FF 61047 020600  780 570  214    -6843476    -34         -25    -16   16 108   88   -8  205    2  205    2  13  0  0 L3P F2
G21 FF 61047 020600  780 177 3267    -3747895    -69         -15     17   50 105  240   58  273  -46  273  -46  40  0  0 L3P 66
G22 FF 61047 020600  780 581 1842      616058    -58         -41    -15   22  27   87    5  182   22  182   22  19  0  0 L3P EE
G30 FF 61047 020600  780 400 1045     -796158   -108         -38     15   19  55  114    6  180    4  180    4  15  0  0 L3P E1
G05 FF 61047 022200  780 137 3019     2268389     29         -15     22   42 108  305   73  245   18  245   18  43  0  0 L3P 1E
G07 FF 61047 022200  780 124  772     1317714    108         -22     56   38  78  337   91  278  -16  278  -16  33  0  0 L3P 35
G13 FF 61047 022200  780 652 2299    -6903290     12         -29      2   13 146   81   -4  189    3  189    3  11  0  0 L3P DC
G14 FF 61047 022200  780 394 1513    -7271602    -11         -28     14   16  99  116   13  181    0  181    0  16  0  0 L3P E9
G15 FF 61047 022200  780 326 2324    -3743102    -26          -5      9   22 109  136  -17  271   21  271   21  23  0  0 L3P 02
G17 FF 61047 022200  780 673  867      247581    120         -39      2   13  89   80    0  177   -6  177   -6  13  0  0 L3P C4
G19 FF 61047 022200  780 645  301    -6843498      4         -30     22   13 108   82   -5  196  -31  196  -31  12  0  0 L3P 03
G21 FF 61047 022200  780 135 3323    -3747971   -117          -9    -31   55 105  310   91  292   76  292   76  39  0  0 L3P 4E
G22 FF 61047 022200  780 530 1745      616021    -34         -37      8   19  27   92    6  183   -6  183   -6  16  0  0 L3P C2
G30 FF 61047 022200  780 374  954     -796285    -74         -47     49   25  55  121    8  196  -31  196  -31  20  0  0 L3P 1C
G05 FF 61047 023800  780 104 3083     2268412     28           2     22   33 108  396  121  484  256  484  256  26  0  0 L3P 38
G06 FF 61047 023800  780 133  298     5996446     34         -24     -9   39  81  315  -98  433  -73  433  -73  30  0  0 L3P 3C
G12 FF 61047 023800  780 106 2848     6062338     21         -21     17   56  34  388 -129  495 -106  495 -106  55  0  0 L3P 7B
G13 FF 61047 023800  780 705 2465    -6903285      6         -34     -5   15 146   78   -2  181  -17  181  -17  13  0  0 L3P 1C
G14 FF 61047 023800  780 344 1455    -7271628    -34         -30     -9   16  99  130   16  188    5  188    5  13  0  0 L3P 0B
G15 FF 61047 023800  780 368 2390    -3743138    -42          -8     -7   17 109  123  -11  256  -23  256  -23  17  0  0 L3P 48
G17 FF 61047 023800  780 656 1072      247695    106         -38    -12   16  89   81    2  174    9  174    9  15  0  0 L3P E6
G19 FF 61047 023800  780 710  455    -6843514    -38         -28    -19   14 108   78   -3  187   10  187   10  11  0  0 L3P 23
G22 FF 61047 023800  780 479 1662      615989    -32         -28     10   13  27   99    8  178   -5  178   -5  12  0  0 L3P F5
G30 FF 61047 023800  780 343  869     -796400   -180         -44    -57   31  55  130   11  208   59  208   59  28  0  0 L3P 2D
G06 FF 61047 025400  780 176  353     5996476     11         -36    -32   29  81  240  -60  362  -40  362  -40  24  0  0 L3P 30
G12 FF 61047 025400  780 141 2784     6062333   -146         -30   -151   44  34  296  -70  437   94  437   94  40  0  0 L3P 5D
G13 FF 61047 025400  780 729 2725    -6903272     13         -31      3   17 146   77    0  164   38  164   38  15  0  0 L3P F9
G14 FF 61047 025400  780 299 1397    -7271630      6          -8     31   18  99  147   20  174  -22  174  -22  15  0  0 L3P 1A
G15 FF 61047 025400  780 399 2471    -3743194    -51         -30    -16   23 109  114   -7  209  -45  209  -45  21  0  0 L3P 58
G17 FF 61047 025400  780 613 1226      247809    124         -38      6   11  89   84    4  173   -2  173   -2  11  0  0 L3P C7
G19 FF 61047 025400  780 749  723    -6843512     59          -8     77   36 108   76   -1  167  -49  167  -49  25  0  0 L3P 37
G22 FF 61047 025400  780 430 1586      615957    -46         -20     -4   26  27  108   10  172    4  172    4  25  0  0 L3P D3
G24 FF 61047 025400  780 138 2243     1727909   -251         -15   -104   45 114  304 -107  340  111  340  111  40  0  0 L3P 7B
G30 FF 61047 025400  780 308  791     -796502   -144         -29    -21   28  55  143   16  202   31  202   31  25  0  0 L3P 0F
G06 FF 61047 031000  780 222  412     5996517     50         -36      7   25  81  193  -40  306  -64  306  -64  23  0  0 L3P 09
G12 FF 61047 031000  780 174 2717     6062294     81         -73     76   31  34  244  -43  433 -128  433 -128  26  0  0 L3P 56
G13 FF 61047 031000  780 710 2997    -6903260     13         -28      3   13 146   78    2  181    2  181    2  12  0  0 L3P BE
G14 FF 61047 031000  780 257 1340    -7271667    -33         -21     -8   20  99  169   25  188    7  188    7  15  0  0 L3P 0C
G15 FF 61047 031000  780 419 2565    -3743240    -42         -42     -7   24 109  110   -3  189  -21  189  -21  23  0  0 L3P 36
G17 FF 61047 031000  780 553 1325      247912    101         -49    -17   21  89   89    7  181   17  181   17  19  0  0 L3P FB
G19 FF 61047 031000  780 741 1046    -6843570   -169         -49   -151   36 108   77    1  187   82  187   82  24  0  0 L3P 5C
G22 FF 61047 031000  780 384 1515      615913     -8         -24     34   17  27  118   12  177  -36  177  -36  14  0  0 L3P 0B
G24 FF 61047 031000  780 189 2213     1727747   -219         -34    -71   35 114  225  -62  311  -29  311  -29  33  0  0 L3P 68
G30 FF 61047 031000  780 270  719     -796623    -89         -32     33   29  55  162   23  224  -15  224  -15  26  0  0 L3P 19
G06 FF 61047 032600  780 269  474     5996560     47         -34      4   30  81  162  -27  268  -35  268  -35  23  0  0 L3P 29
G11 FF 61047 032600  780 119   67     4830378   -181         -22    -48   41 179  351 -141  377  -36  377  -36  35  0  0 L3P 72
G12 FF 61047 032600  780 204 2648     6062303    -67         -69    -71   23  34  209  -29  361  -50  361  -50  24  0  0 L3P 47
G13 FF 61047 032600  780 658 3185    -6903258     23         -37     13   10 146   81    4  179  -31  179  -31  11  0  0 L3P 23
G14 FF 61047 032600  780 218 1281    -7271687   -106         -17    -81   20  99  196   33  195   77  195   77  16  0  0 L3P 67
G15 FF 61047 032600  780 425 2668    -3743288    -46         -56    -10   21 109  109    0  221   52  221   52  21  0  0 L3P 24
G17 FF 61047 032600  780 486 1385      248023    129         -51     11   23  89   98   11  180  -12  180  -12  23  0  0 L3P 0D
G19 FF 61047 032600  780 692 1264    -6843588      0         -50     18   14 108   79    3  183  -11  183  -11  12  0  0 L3P 12
G22 FF 61047 032600  780 341 1446      615853    -52         -44    -10   23  27  131   15  197   13  197   13  18  0  0 L3P 08
G24 FF 61047 032600  780 244 2188     1727621   -141         -19      7   33 114  178  -40  254  -31  254  -31  32  0  0 L3P 46
G30 FF 61047 032600  780 227  654     -796761   -105         -52     18   33  55  189   36  260   12  260   12  26  0  0 L3P 15
G06 FF 61047 034200  780 316  544     5996602     37         -34     -6   21  81  140  -19  246  -17  246  -17  20  0  0 L3P 1B
G11 FF 61047 034200  780 170  109     4830255    -69         -18     64   35 179  250  -78  301  -69  301  -69  27  0  0 L3P 4C
G12 FF 61047 034200  780 232 2577     6062338     35         -38     31   32  34  185  -21  254   -6  254   -6  30  0  0 L3P 04
G13 FF 61047 034200  780 589 3298    -6903256     21         -45     11   17 146   86    7  186   -9  186   -9  15  0  0 L3P 1B
G14 FF 61047 034200  780 182 1222    -7271715     30         -21     55   28  99  233   44  209  -43  209  -43  22  0  0 L3P 29
G15 FF 61047 034200  780 417 2771    -3743337    -42         -71     -7   20 109  110    3  219  -51  219  -51  19  0  0 L3P 2F
G17 FF 61047 034200  780 416 1418      248133    117         -55     -1   15  89  111   16  188    5  188    5  13  0  0 L3P E1
G19 FF 61047 034200  780 625 1377    -6843594     -8         -38     10   18 108   83    6  175   -5  175   -5  16  0  0 L3P 0F
G22 FF 61047 034200  780 301 1379      615828    -17         -28     26   20  27  146   18  191  -15  191  -15  17  0  0 L3P 1D
G24 FF 61047 034200  780 302 2168     1727479   -159         -19    -11   25 114  146  -27  237  -13  237  -13  21  0  0 L3P 6A
G30 FF 61047 034200  780 182  596     -796872    -65         -45     58   29  55  234   60  287    4  287    4  24  0  0 L3P 01
G06 FF 61047 035800  780 359  622     5996638     46         -39      3   23  81  125  -13  232  -11  232  -11  22  0  0 L3P 0F
G11 FF 61047 035800  780 225  152     4830100   -120         -45     13   27 179  191  -48  287  -46  287  -46  20  0  0 L3P 50
G12 FF 61047 035800  780 259 2504     6062335    -31         -46    -36   28  34  168  -16  238   -4  238   -4  27  0  0 L3P 31
G13 FF 61047 035800  780 516 3371    -6903245     -1         -43    -11   42 146   94   10  180  -24  180  -24  42  0  0 L3P 29
G14 FF 61047 035800  780 149 1163    -7271732    -66         -14    -41   24  99  282   61  203   51  203   51  19  0  0 L3P 33
G15 FF 61047 035800  780 396 2871    -3743364    -23         -64     12   23 109  115    7  173    8  173    8  22  0  0 L3P 0B
G17 FF 61047 035800  780 346 1432      248253    111         -48     -7   19  89  129   23  186    6  186    6  17  0  0 L3P F8
G19 FF 61047 035800  780 553 1432    -6843604    -15         -31      4   17 108   89    8  175    3  175    3  15  0  0 L3P E8
G22 FF 61047 035800  780 263 1312      615780   -133         -36    -91   24  27  165   22  201   79  201   79  17  0  0 L3P 22
G24 FF 61047 035800  780 363 2156     1727325   -159         -31    -11   18 114  124  -19  226  -18  226  -18  14  0  0 L3P 6C
G30 FF 61047 035800  780 133  545     -796993   -155         -48    -32   36  55  314  114  326   43  326   43  29  0  0 L3P 46
G11 FF 61047 041400  780 285  196     4829971   -117         -45     16   36 180  154  -31  257  -36  257  -36  32  0  0 L3P 62
G12 FF 61047 041400  780 285 2430     6062342     15         -43     11   27  35  154  -13  273    8  273    8  21  0  0 L3P E1
G13 FF 61047 041400  780 441 3423    -6903249     20         -58     10   26 147  106   15  201   32  201   32  25  0  0 L3P 08
G14 FF 61047 041400  780 117 1103    -7271736     71           3     96   44 100  355   93  190  -87  190  -87  38  0  0 L3P 30
G17 FF 61047 041400  780 278 1434      248378    130         -38     12   27 169  157   36  194   16  194   16  21  0  0 L3P 2C
G22 FF 61047 041400  780 227 1245      615765    -13         -15     29   24  28  189   28  196  -10  196  -10  17  0  0 L3P 24
G11 FF 61047 043000  780 347  244     4829849   -154         -39    -21   21 180  129  -21  221   10  221   10  16  0  0 L3P 2B
G12 FF 61047 043000  780 311 2355     6062351    -13         -38    -18   28  35  142  -11  262   -5  262   -5  22  0  0 L3P 0B
G13 FF 61047 043000  780 367 3464    -6903222      5         -41     -5   20 147  123   22  215   26  215   26  18  0  0 L3P FE
G17 FF 61047 043000  780 212 1426      248501     43         -28    -75   27 169  202   60  196   79  196   79  22  0  0 L3P 26
G22 FF 61047 043000  780 194 1179      615735    -25          -5     17   29  28  219   36  194   -2  194   -2  24  0  0 L3P F1
G11 FF 61047 044600  780 411  299     4829730   -131         -31      2   22 180  112  -15  199  -21  199  -21  17  0  0 L3P 35
G12 FF 61047 044600  780 337 2279     6062370    -28         -23    -32   28  35  132   -9  241   17  241   17  24  0  0 L3P 1A
G13 FF 61047 044600  780 296 3500    -6903215      5         -44     -5   19 147  148   32  224  -19  224  -19  13  0  0 L3P 2B
G17 FF 61047 044600  780 150 1410      248636    276          -7    158   65 169  281  113  184 -130  184 -130  50  0  0 L3P 6F
G22 FF 61047 044600  780 162 1112      615687    -46         -12     -4   23  28  260   50  202    1  202    1  19  0  0 L3P BC
G06 FF 61047 050200  780 435 1029     5996824    109         -23     65   22  86  107    2  175  -33  175  -33  20  0  0 L3P 28
G11 FF 61047 050200  780 475  367     4829601    -91         -32     42   15 180  100  -10  176  -55  176  -55  12  0  0 L3P 34
G12 FF 61047 050200  780 364 2202     6062369     29         -29     24   21  35  124   -8  232  -47  232  -47  18  0  0 L3P 17
G13 FF 61047 050200  780 229 3534    -6903179     10         -17      0   26 147  188   52  167  -51  167  -51  21  0  0 L3P 31
G15 FF 61047 050200  780 238 3183    -3743452    -29         -17      7   21 110  181   33  218   46  218   46  17  0  0 L3P 20
G19 FF 61047 050200  780 277 1443    -6843644     44           3     62   21 109  158   33  199  -56  199  -56  15  0  0 L3P 40
G22 FF 61047 050200  780 131 1046      615658    -45          -1     -3   36  28  319   74  189    1  189    1  29  0  0 L3P CD
G24 FF 61047 050200  780 632 2247     1726773   -128         -14     20   15 115   82   -5  156  -30  156  -30  13  0  0 L3P 2C
G29 FF 61047 050200  780 108 3073     3971878    -73          11     -9   28  66  384 -177  311 -104  311 -104  21  0  0 L3P 67
G06 FF 61047 051800  780 417 1132     5996910     62          21     19   28  86  110    6  161   -5  161   -5  23  0  0 L3P DF
G11 FF 61047 051800  780 535  455     4829476   -123         -29     10   16 180   91   -7  152  -30  152  -30  14  0  0 L3P 25
G12 FF 61047 051800  780 392 2124     6062379     24         -23     20   26  35  116   -7  204  -44  204  -44  24  0  0 L3P 0E
G13 FF 61047 051800  780 167 3568    -6903174     70         -22     60   23 147  254   90  151  -53  151  -53  18  0  0 L3P 48
G15 FF 61047 051800  780 194 3245    -3743484    -40         -15     -4   30 110  219   48  218  -34  218  -34  22  0  0 L3P 45
G19 FF 61047 051800  780 217 1422    -6843633    -79          31    -60   32 109  198   52  177   69  177   69  23  0  0 L3P 59
G24 FF 61047 051800  780 695 2362     1726632   -144         -14      4   14 115   79   -3  142  -21  142  -21  13  0  0 L3P 1D
G25 FF 61047 051800  780 115 2399    -4515177      8         -18    -15   34 102  359 -105  389  -54  389  -54  26  0  0 L3P 7C
G29 FF 61047 051800  780 158 3022     3971796    -51         -10     12   27  66  267  -81  277  -62  277  -62  20  0  0 L3P 55
G06 FF 61047 054600  780 353 1278     5997015     26          54    -18   20  86  127   15  145   -2  145   -2  17  0  0 L3P 0A
G11 FF 61047 054600  780 615  686     4829247   -117         -35     16   19 180   84   -2  128  -26  128  -26  16  0  0 L3P 3F
G12 FF 61047 054600  780 445 1982     6062391      9         -19      4   17  35  105   -6  160  -35  160  -35  16  0  0 L3P FD
G15 FF 61047 054600  780 123 3348    -3743534    -22          -6     13   45 110  339  103  184  -15  184  -15  37  0  0 L3P 4A
G19 FF 61047 054600  780 122 1372    -6843657   -130          38   -112   40 109  343  143  164   62  164   62  33  0  0 L3P 6B
G20 FF 61047 054600  780 164  470    -3617875    -60          -7    -61   43  21  257  -57  172    8  172    8  33  0  0 L3P 02
G24 FF 61047 054600  780 750 2808     1726376   -153         -21     -5   15 115   76    0  118  -18  118  -18  13  0  0 L3P 2C
G25 FF 61047 054600  780 179 2306    -4515136     18         -16     -5   49 102  236  -51  292  -55  292  -55  44  0  0 L3P 58
G29 FF 61047 054600  780 239 2915     3971708    -84           9    -20   31  66  181  -32  188  -32  188  -32  25  0  0 L3P 49
G06 FF 61047 060200  780 303 1338     5997059     88          57     45   16  86  145   24  132  -55  132  -55  14  0  0 L3P 2B
G11 FF 61047 060200  780 631  863     4829125   -169         -27    -36   16 181   82    0  110   11  110   11  15  0  0 L3P F9
G12 FF 61047 060200  780 477 1896     6062398      8         -20      4   15  40   99   -5  135  -25  135  -25  13  0  0 L3P F1
G20 FF 61047 060200  780 202  534    -3617883    -26         -18    -27   35  69  211  -39  155  -16  155  -16  32  0  0 L3P 46
G21 FF 61047 060200  780 106  520    -3749080   -195          10   -110   38 107  390 -112  156   52  156   52  31  0  0 L3P 4E
G24 FF 61047 060200  780 722 3092     1726236   -172         -19    -24   12 115   77    2  108   11  108   11  12  0  0 L3P 09
G25 FF 61047 060200  780 220 2255    -4515102      3          -3    -20   36 102  195  -37  229  -41  229  -41  32  0  0 L3P 1A
G29 FF 61047 060200  780 280 2844     3971651    -86          16    -23   19  98  156  -21  148  -51  148  -51  14  0  0 L3P 52
G05 FF 61047 061800  780 129  295     2268527     -6          27    -13   34 128  324 -101  147   -9  147   -9  27  0  0 L3P 27
G06 FF 61047 061800  780 247 1383     5997085     94          41     51   26  86  175   39  127  -60  127  -60  21  0  0 L3P 33
G11 FF 61047 061800  780 620 1042     4829000   -114         -25     19   11 181   83    2   95  -22   95  -22   9  0  0 L3P EB
G12 FF 61047 061800  780 510 1802     6062408    -34         -15    -38   15  40   95   -5  115   27  115   27  13  0  0 L3P FD
G20 FF 61047 061800  780 239  603    -3617891      1         -27      0   33  69  181  -26  136  -16  136  -16  27  0  0 L3P 0B
G21 FF 61047 061800  780 137  584    -3749158   -103          13    -18   45 107  305  -70  131  -21  131  -21  40  0  0 L3P 49
G24 FF 61047 061800  780 664 3268     1726091   -160         -22    -12   13 115   80    4  104   10  104   10  11  0  0 L3P FF
G25 FF 61047 061800  780 264 2206    -4515080     18          -3     -5   31 102  165  -27  180  -30  180  -30  26  0  0 L3P 21
G29 FF 61047 061800  780 316 2766     3971590    -22          16     42   20  98  140  -14  112  -27  112  -27  18  0  0 L3P 33
G05 FF 61047 063400  780 171  352     2268529      4          22     -3   38 128  247  -63  134  -12  134  -12  31  0  0 L3P FF
G06 FF 61047 063400  780 188 1413     5997086    -70           1   -113   48  86  227   71  144   62  144   62  33  0  0 L3P 28
G11 FF 61047 063400  780 583 1188     4828875   -148         -22    -15   15 181   86    4   91   17   91   17  13  0  0 L3P 16
G12 FF 61047 063400  780 543 1699     6062422     11          -5      7   15  40   91   -4   97   -9   97   -9  13  0  0 L3P AE
G20 FF 61047 063400  780 273  678    -3617884      7         -21      6   34  69  160  -18  121  -14  121  -14  29  0  0 L3P 0C
G21 FF 61047 063400  780 169  651    -3749249    -94           4     -8   29 107  250  -45  123   -1  123   -1  26  0  0 L3P 05
G24 FF 61047 063400  780 594 3370     1725959   -113         -13     35   26 115   85    7   96  -26   96  -26  24  0  0 L3P 27
G25 FF 61047 063400  780 311 2159    -4515043    -15          12    -38   25 102  142  -21  132   -2  132   -2  22  0  0 L3P 0D
G29 FF 61047 063400  780 348 2682     3971525    -65          12     -1   17  98  128  -10  123   14  123   14  14  0  0 L3P 12
G05 FF 61047 065000  780 217  412     2268541      7          28      0   38 128  198  -41  111  -15  111  -15  33  0  0 L3P ED
G06 FF 61047 065000  780 128 1432     5997083   -197         -44   -240   48  86  329  154  171  186  171  186  31  0  0 L3P 9E
G11 FF 61047 065000  780 530 1291     4828758   -107         -11     26   18 181   92    7   83  -27   83  -27  15  0  0 L3P 18
G12 FF 61047 065000  780 574 1581     6062428     49          -4     44   15  40   87   -3   90  -51   90  -51  12  0  0 L3P D6
G20 FF 61047 065000  780 302  758    -3617864     31          -2     30   26  69  146  -12   97  -46   97  -46  26  0  0 L3P 07
G21 FF 61047 065000  780 198  721    -3749292   -215          43   -130   47 107  215  -30   80  120   80  120  40  0  0 L3P 40
G24 FF 61047 065000  780 519 3435     1725825   -129          -5     18   30 115   94   10   96  -12   96  -12  27  0  0 L3P 13
G25 FF 61047 065000  780 363 2114    -4515018     32          15      9   26 102  124  -16  107  -25  107  -25  22  0  0 L3P 14
G29 FF 61047 065000  780 376 2592     3971474    -12          22     51   20  98  120   -7  109  -71  109  -71  18  0  0 L3P 29
G05 FF 61047 070600  780 263  475     2268544      0          25     -6   34 128  165  -28   96  -10   96  -10  28  0  0 L3P F2
G11 FF 61047 070600  780 468 1358     4828634   -118          -8     15   25 181  101   11   75  -14   75  -14  24  0  0 L3P 21
G12 FF 61047 070600  780 599 1446     6062444      5           8      0   17  40   85   -2   70   -5   70   -5  15  0  0 L3P 80
G20 FF 61047 070600  780 324  845    -3617859    -32           2    -34   26  69  137   -7   87   31   87   31  23  0  0 L3P E9
G21 FF 61047 070600  780 224  796    -3749396    -16          21     69   29 107  191  -19   88  -80   88  -80  24  0  0 L3P 42
G24 FF 61047 070600  780 443 3481     1725690   -140           2      8   37 115  105   15   94   -1   94   -1  33  0  0 L3P D4
G25 FF 61047 070600  780 419 2070    -4515012     16          -1     -7   17 102  110  -13   97  -21   97  -21  15  0  0 L3P FA
G29 FF 61047 070600  780 398 2498     3971409    -75          18    -11   21  98  115   -5   98   -9   98   -9  17  0  0 L3P 1B
G05 FF 61047 072200  780 308  545     2268543      4          17     -3   20 128  143  -19   92  -12   92  -12  16  0  0 L3P DF
G11 FF 61047 072200  780 402 1399     4828500   -143         -14    -10   19 181  114   16   80    8   80    8  16  0  0 L3P F4
G12 FF 61047 072200  780 616 1292     6062449     17           9     13   18  40   84   -1   69  -16   69  -16  15  0  0 L3P D3
G18 FF 61047 072200  780 151 3244     4573056   -135          51    -37   33 145  280 -117   93    5   93    5  22  0  0 L3P 12
G20 FF 61047 072200  780 336  936    -3617853     43           7     41   20  69  133   -2   77  -41   77  -41  18  0  0 L3P DF
G21 FF 61047 072200  780 244  874    -3749457   -190          42   -105   42 107  177  -11   65   93   65   93  38  0  0 L3P 47
G24 FF 61047 072200  780 369 3518     1725554   -126           8     22   17 115  122   21   96  -10   96  -10  11  0  0 L3P 09
G25 FF 61047 072200  780 478 2027    -4514989     32           0      9   16 102   99  -10   79  -23   79  -23  13  0  0 L3P F8
G28 FF 61047 072200  780 102 2215     6145073    -24           3     25   36 210  405 -188  176  -86  176  -86  29  0  0 L3P 4C
G29 FF 61047 072200  780 417 2401     3971346    -43          16     20   23  98  110   -4   91  -32   91  -32  20  0  0 L3P ED
G05 FF 61047 073800  780 351  623     2268546      2          13     -5   17 128  128  -13   88    8   88    8  13  0  0 L3P BA
G11 FF 61047 073800  780 335 1421     4828369   -126         -18      7   18 181  133   24   84   -3   84   -3  16  0  0 L3P 04
G12 FF 61047 073800  780 620 1125     6062457     27          13     22   19  40   83    0   68  -12   68  -12  18  0  0 L3P C6
G18 FF 61047 073800  780 214 3211     4572947    -69          36     28   32 145  201  -58   75  -59   75  -59  26  0  0 L3P 43
G20 FF 61047 073800  780 335 1028    -3617868     53          -9     52   24  69  133    2   87  -48   87  -48  23  0  0 L3P 09
G21 FF 61047 073800  780 256  955    -3749571    -99          10    -14   17 107  169   -5   92   23   92   23  16  0  0 L3P 14
G24 FF 61047 073800  780 299 3551     1725435   -169          30    -21   23 115  147   32   85   30   85   30  18  0  0 L3P 1E
G25 FF 61047 073800  780 542 1984    -4514957     11          10    -11   20 102   91   -8   58   -1   58   -1  17  0  0 L3P E1
G28 FF 61047 073800  780 148 2258     6145033    -42          10      7   37 210  284  -83  131  -52  131  -52  29  0  0 L3P 2E
G29 FF 61047 073800  780 432 2302     3971288    -86          19    -22   22  98  107   -3   75    9   75    9  21  0  0 L3P E6
G05 FF 61047 075400  780 387  712     2268550     44          11     37   24 128  117   -9   86  -41   86  -41  20  0  0 L3P F6
G11 FF 61047 075400  780 269 1429     4828239   -162         -19    -29   32 181  162   37   99   37   99   37  26  0  0 L3P 51
G12 FF 61047 075400  780 607  959     6062455    -35           6    -39   20  40   84    2   78   39   78   39  16  0  0 L3P CB
G18 FF 61047 075400  780 277 3169     4572848    -98          31      0   19 145  158  -34   72   13   72   13  16  0  0 L3P 0E
G20 FF 61047 075400  780 322 1117    -3617865    -24          -8    -25   30  69  138    8   89   24   89   24  27  0  0 L3P 00
G21 FF 61047 075400  780 259 1037    -3749679    -60         -16     26   28 107  168    2  122  -19  122  -19  24  0  0 L3P 4B
G24 FF 61047 075400  780 231 3583     1725302   -208          40    -60   23 115  186   51   77   56   77   56  17  0  0 L3P 1F
G25 FF 61047 075400  780 610 1938    -4514945     -1           0    -24   11 102   84   -6   63   18   63   18   9  0  0 L3P C5
G28 FF 61047 075400  780 188 2312     6144983    -41           8      8   34 210  226  -44  110  -22  110  -22  29  0  0 L3P 15
G29 FF 61047 075400  780 444 2202     3971208   -117           0    -54   23  98  105   -2   88   41   88   41  21  0  0 L3P F2
G11 FF 61047 081000  780 205 1427     4828161    -84          31     49   27 182  209   62  106   25  106   25  25  0  0 L3P 15
G12 FF 61047 081000  780 579  809     6062455     20           2     16   20  41   87    3   90   -4   90   -4  19  0  0 L3P 83
G18 FF 61047 081000  780 338 3115     4572747   -114          18    -17   25 146  132  -21   79   13   79   13  18  0  0 L3P 2B
G20 FF 61047 081000  780 297 1197    -3617862     17          -6     16   21  88  148   14  106    9  106    9  18  0  0 L3P F0
G21 FF 61047 081000  780 250 1117    -3749744    -34          -3     51   40 108  173    9  124  -27  124  -27  34  0  0 L3P 1F
G28 FF 61047 081000  780 221 2375     6144945    -68          13    -19   26 211  194  -24   89   10   89   10  22  0  0 L3P 18
G29 FF 61047 081000  780 454 2100     3971140    -54          -8     10   20 104  103   -2   88   -9   88   -9  17  0  0 L3P DA
G11 FF 61047 082600  780 144 1416     4827988   -117         -13     16   77 182  293  119  199   46  199   46  54  0  0 L3P 7B
G12 FF 61047 082600  780 538  683     6062472    -28          14    -33   28  41   91    6   88   33   88   33  25  0  0 L3P D3
G18 FF 61047 082600  780 397 3049     4572652    -65          17     33   47 146  115  -14   78  -21   78  -21  31  0  0 L3P 35
G20 FF 61047 082600  780 261 1266    -3617871    -38         -17    -39   33  88  166   24  134   50  134   50  25  0  0 L3P 3B
G21 FF 61047 082600  780 232 1192    -3749819    -70           3     15   23 108  186   18  138    9  138    9  18  0  0 L3P 06
G28 FF 61047 082600  780 245 2446     6144877    -50          -8     -2   36 211  177  -13  104    5  104    5  32  0  0 L3P F9
G29 FF 61047 082600  780 462 1999     3971079     -5          -9     59   19 104  102   -1   93  -43   93  -43  16  0  0 L3P 17
G12 FF 61047 084200  780 486  582     6062474      1          12     -3   23  41   98    9  105    9  105    9  16  0  0 L3P 8F
G18 FF 61047 084200  780 451 2966     4572559    -71          18     27   14 146  104  -10   84  -20   84  -20  10  0  0 L3P 21
G20 FF 61047 084200  780 218 1323    -3617859    -19          -6    -20   27  88  197   42  155   55  155   55  22  0  0 L3P 32
G21 FF 61047 084200  780 203 1259    -3749904    -38           0     48   30 108  210   33  171  -21  171  -21  24  0  0 L3P 1C
G23 FF 61047 084200  780 122 3504    -5961959    -67           5    -17   26 140  344 -175   99   24   99   24  19  0  0 L3P 40
G28 FF 61047 084200  780 258 2524     6144841    -49           4      0   28 211  168   -5  102   11  102   11  25  0  0 L3P E1
G29 FF 61047 084200  780 470 1896     3971021    -70          -5     -7   17 104  100   -1  101    9  101    9  13  0  0 L3P D6
G05 FF 61047 085800  780 410 1124     2268585     36          23     30   22 140  112    6  129  -18  129  -18  20  0  0 L3P 08
G12 FF 61047 085800  780 428  502     6062480     36          13     32   21  41  108   13  116   -2  116   -2  17  0  0 L3P C7
G18 FF 61047 085800  780 498 2866     4572459    -80          12     17   13 146   96   -6   90    0   90    0  12  0  0 L3P D6
G20 FF 61047 085800  780 168 1368    -3617841     52          11     51   40  88  252   77  184   15  184   15  28  0  0 L3P 20
G21 FF 61047 085800  780 167 1317    -3749979    -80           7      5   28 108  254   60  206   35  206   35  22  0  0 L3P 1B
G23 FF 61047 085800  780 187 3521    -5962005    -42           7      8   37 140  229  -81  109   10  109   10  26  0  0 L3P 12
G25 FF 61047 085800  780 851  755    -4514853     23          -2      0   14 105   74    1   93    9   93    9  10  0  0 L3P 8F
G28 FF 61047 085800  780 261 2606     6144788    -44          -3      5   25 211  166    2  118    8  118    8  21  0  0 L3P DA
G29 FF 61047 085800  780 476 1793     3970967    -43           2     21   17 104   99   -1  104   -4  104   -4  15  0  0 L3P F9
G05 FF 61047 091400  780 379 1212     2268587    -33          19    -40   28 140  119   10  143   46  143   46  26  0  0 L3P 2A
G12 FF 61047 091400  780 365  439     6062487     14          16     10   22  41  123   19  139   20  139   20  17  0  0 L3P DF
G15 FF 61047 091400  780 102  533    -3743973    -25          -5     10   42 111  401 -111  245   -3  245   -3  33  0  0 L3P 07
G18 FF 61047 091400  780 535 2746     4572364   -115          11    -17   19 146   91   -4  101   20  101   20  14  0  0 L3P 11
G21 FF 61047 091400  780 123 1366    -3750069      8          -1     93   47 108  338  124  275   18  275   18  37  0  0 L3P 28
G23 FF 61047 091400  780 256 3534    -5962058    -88           2    -38   23 140  170  -46  123   53  123   53  16  0  0 L3P 35
G25 FF 61047 091400  780 785  339    -4514832     33          -4     10   13 105   75    2  106   10  106   10  11  0  0 L3P C5
G28 FF 61047 091400  780 253 2688     6144799     22          55     71   30 211  171    8   76  -58   76  -58  26  0  0 L3P 19
G29 FF 61047 091400  780 482 1688     3970901    -66          -3     -2   20 104   99   -1  123   11  123   11  18  0  0 L3P F6
G31 FF 61047 091400  780 121 2383     1739370     -5          35     15   37  61  342  -48  182   -2  182   -2  31  0  0 L3P F2
G05 FF 61047 093000  780 338 1285     2268566      0          -8     -7   19 140  132   16  173   28  173   28  17  0  0 L3P FC
G12 FF 61047 093000  780 300  391     6062482     -4           7     -9   27  41  147   30  175   46  175   46  22  0  0 L3P CB
G15 FF 61047 093000  780 132  598    -3744010     23          -9     58   45 111  316  -70  248  -62  248  -62  38  0  0 L3P 34
G18 FF 61047 093000  780 561 2609     4572279    -67          20     31   14 146   89   -2  107   -7  107   -7  12  0  0 L3P 04
G23 FF 61047 093000  780 330 3543    -5962122    -65         -13    -15   20 140  135  -28  145   26  145   26  14  0  0 L3P 3D
G25 FF 61047 093000  780 705  233    -4514805     59           1     36   18 105   78    4  120   -6  120   -6  14  0  0 L3P BD
G26 FF 61047 093000  780 153 2209     3073902     23         -20    -39   53  80  276 -103  227   32  227   32  45  0  0 L3P 2B
G28 FF 61047 093000  780 237 2769     6144695    -22          -1     27   32 211  182   15  150   -2  150   -2  31  0  0 L3P 00
G29 FF 61047 093000  780 485 1581     3970849    -67           6     -3   20 104   98    0  127   22  127   22  19  0  0 L3P F0
G31 FF 61047 093000  780 135 2450     1739358    -10          43     10   36  61  310  -21  187   10  187   10  29  0  0 L3P 02
G05 FF 61047 094600  780 288 1341     2268551    -27         -31    -34   24 140  152   26  214   57  214   57  20  0  0 L3P 31
G12 FF 61047 094600  780 234  353     6062468     39         -12     35   40  41  184   50  222   12  222   12  29  0  0 L3P E9
G15 FF 61047 094600  780 161  666    -3744087     -4         -51     31   36 111  262  -46  285   -3  285   -3  28  0  0 L3P 21
G18 FF 61047 094600  780 574 2461     4572170    -65           4     33   21 146   87   -1  129   -5  129   -5  18  0  0 L3P F8
G23 FF 61047 094600  780 407 3548    -5962172    -57         -16     -7   22 140  113  -19  149    6  149    6  16  0  0 L3P 2C
G25 FF 61047 094600  780 622  186    -4514795     48         -10     26   12 105   83    7  143    2  143    2  11  0  0 L3P C9
G26 FF 61047 094600  780 211 2227     3073966     44         -14    -18   33  80  204  -54  208  -10  208  -10  31  0  0 L3P 2F
G28 FF 61047 094600  780 214 2845     6144656    -37           6     12   33 211  200   24  163    7  163    7  30  0  0 L3P E1
G29 FF 61047 094600  780 487 1471     3970776    -34          -6     30   15 104   98    0  151  -16  151  -16  12  0  0 L3P 17
G31 FF 61047 094600  780 139 2521     1739315      4          20     24   21  61  300   -2  211  -10  211  -10  16  0  0 L3P D1
G05 FF 61047 100200  780 234 1382     2268570     20         -18     13   28 140  185   43  244   40  244   40  21  0  0 L3P FF
G10 FF 61047 100200  780 110 3380     5806702    104          18     73   40  50  380 -221  239  -57  239  -57  26  0  0 L3P 37
G12 FF 61047 100200  780 169  326     6062485     69          -4     65   32  85  252   97  268   15  268   15  28  0  0 L3P FF
G15 FF 61047 100200  780 188  736    -3744095     -6         -26     29   53 111  226  -30  270  -31  270  -31  48  0  0 L3P 32
G18 FF 61047 100200  780 574 2311     4572080    -97           8      0    9 147   87    1  139   -1  139   -1   8  0  0 L3P A8
G23 FF 61047 100200  780 488 3550    -5962214    -37          -7     13   16 141   98  -13  151  -20  151  -20  13  0  0 L3P 24
G25 FF 61047 100200  780 539  159    -4514752      0          11    -23   22 105   91   10  151   42  151   42  19  0  0 L3P D3
G26 FF 61047 100200  780 267 2257     3074023     88         -17     27   27  84  163  -32  201  -25  201  -25  25  0  0 L3P 24
G28 FF 61047 100200  780 185 2918     6144609    -46           8      3   31 212  229   36  192   28  192   28  24  0  0 L3P 03
G29 FF 61047 100200  780 486 1360     3970736    -76          18    -12   16 105   98    1  152   16  152   16  13  0  0 L3P 04
G31 FF 61047 100200  780 136 2593     1739300      7          21     28   25  63  306   15  226   -7  226   -7  20  0  0 L3P CF
G05 FF 61047 101800  780 176 1411     2268536     -2         -58     -9   46 140  241   79  345  105  345  105  27  0  0 L3P 39
G10 FF 61047 101800  780 176 3373     5806722     32           8      1   20  50  241  -92  238   -8  238   -8  15  0  0 L3P D8
G12 FF 61047 101800  780 104  307     6062526     47          33     42   65  85  403  244  310   30  310   30  46  0  0 L3P E2
G15 FF 61047 101800  780 212  809    -3744151    -30         -48      5   28 111  202  -20  308   11  308   11  25  0  0 L3P FE
G18 FF 61047 101800  780 562 2168     4571982   -112           3    -14   16 147   88    2  152   30  152   30  15  0  0 L3P FF
G23 FF 61047 101800  780 572 3549    -5962268    -54         -12     -4   15 141   87   -9  153    5  153    5  12  0  0 L3P FF
G25 FF 61047 101800  780 458  144    -4514739     -5           3    -28   18 105  103   14  177   47  177   47  15  0  0 L3P 0A
G26 FF 61047 101800  780 321 2300     3074089     70         -10      9   21  84  138  -21  191  -20  191  -20  20  0  0 L3P FE
G28 FF 61047 101800  780 154 2986     6144559   -111           5    -62   41 212  272   55  220   74  220   74  29  0  0 L3P 2E
G29 FF 61047 101800  780 480 1248     3970667    -25          10     38   22 105   99    1  168  -24  168  -24  20  0  0 L3P 1C
G31 FF 61047 101800  780 126 2665     1739280    -19          20      2   33  63  330   35  240    8  240    8  27  0  0 L3P C8
G10 FF 61047 103400  780 246 3359     5806750     13           7    -18   47  50  177  -49  229   22  229   22  48  0  0 L3P 13
G15 FF 61047 103400  780 230  885    -3744178     -2         -41     33   29 111  187  -11  323   -8  323   -8  24  0  0 L3P 0E
G18 FF 61047 103400  780 542 2038     4571891   -101           6     -3   17 147   91    3  168   30  168   30  14  0  0 L3P EE
G23 FF 61047 103400  780 658 3547    -5962316    -46         -13      4   17 141   81   -6  158    7  158    7  13  0  0 L3P F7
G25 FF 61047 103400  780 379  136    -4514713     35           7     12   37 105  120   21  205   29  205   29  35  0  0 L3P E9
G26 FF 61047 103400  780 369 2360     3074147     63         -10      2   19  84  122  -13  192    6  192    6  17  0  0 L3P DB
G28 FF 61047 103400  780 122 3052     6144518    -47          11      2   31 212  339   86  257   49  257   49  23  0  0 L3P 0E
G29 FF 61047 103400  780 469 1136     3970598    -22           2     42   19 105  101    2  194   -5  194   -5  15  0  0 L3P F0
G31 FF 61047 103400  780 110 2736     1739251    -28          11     -8   26  63  375   62  269   46  269   46  21  0  0 L3P 0E
G10 FF 61047 105000  780 317 3336     5806791     12          18    -19   28  50  140  -30  223   12  223   12  26  0  0 L3P FB
G15 FF 61047 105000  780 240  963    -3744178    -34          -7      1   28 111  180   -5  321   36  321   36  23  0  0 L3P EA
G16 FF 61047 105000  780 142 2200    -1830022   -106          44    -30   48 114  296 -113  327  -15  327  -15  43  0  0 L3P 5E
G18 FF 61047 105000  780 518 1920     4571803    -87          12     10   17 147   93    3  191   10  191   10  15  0  0 L3P E9
G23 FF 61047 105000  780 746 3544    -5962369    -33         -17     17   24 141   76   -3  176  -19  176  -19  23  0  0 L3P 4C
G25 FF 61047 105000  780 303  134    -4514681     14          17     -9   28 105  145   33  241   64  241   64  23  0  0 L3P F2
G26 FF 61047 105000  780 410 2436     3074208     57          -9     -4   20  84  112   -8  199    4  199    4  16  0  0 L3P CC
G29 FF 61047 105000  780 451 1028     3970540    -98           5    -35   21 105  104    4  214   52  214   52  18  0  0 L3P F4
G10 FF 61047 110600  780 390 3302     5806807     53           5     22   26  50  117  -19  234  -17  234  -17  26  0  0 L3P 04
G15 FF 61047 110600  780 242 1041    -3744217    -78         -13    -42   24 111  178    2  357   77  357   77  20  0  0 L3P 2F
G16 FF 61047 110600  780 196 2229    -1830094    -61          46     15   28 114  217  -58  293  -40  293  -40  26  0  0 L3P 55
G18 FF 61047 110600  780 491 1813     4571719   -111          22    -13   20 147   97    4  204   47  204   47  17  0  0 L3P 12
G23 FF 61047 110600  780 834 3553    -5962425     77         -25    127   20 141   74   -1  195 -111  195 -111  19  0  0 L3P 62
G25 FF 61047 110600  780 231  138    -4514656    -44          20    -67   26 105  187   56  300  132  300  132  21  0  0 L3P 2F
G26 FF 61047 110600  780 439 2530     3074264     64         -12      3   21  84  106   -5  213   12  213   12  19  0  0 L3P D8
G29 FF 61047 110600  780 427  925     3970476    -99           3    -36   26 105  108    6  245   72  245   72  24  0  0 L3P 0A
G10 FF 61047 112200  780 463 3254     5806845     47          13     17   10  50  102  -13  235  -14  235  -14   9  0  0 L3P FB
G15 FF 61047 112200  780 234 1117    -3744240     32          -2     67   28 111  184    9  384  -13  384  -13  26  0  0 L3P 13
G16 FF 61047 112200  780 247 2271    -1830189    -56          24     20   28 114  175  -33  297  -28  297  -28  22  0  0 L3P 5A
G18 FF 61047 112200  780 464 1714     4571628    -92          25      5   19 147  101    5  235   25  235   25  16  0  0 L3P F8
G23 FF 61047 112200  780 878 1591    -5962444    -89           3    -39   18 141   74    0  184   56  184   56  17  0  0 L3P 20
G25 FF 61047 112200  780 162  146    -4514608     -3          46    -25   24 105  262  107  365  114  365  114  18  0  0 L3P 3A
G26 FF 61047 112200  780 454 2636     3074332     71          -3      9   23  84  103   -1  226   17  226   17  19  0  0 L3P D7
G29 FF 61047 112200  780 396  830     3970419    -82           7    -19   23 105  115    9  278   52  278   52  20  0  0 L3P 04
G10 FF 61047 113800  780 535 3186     5806880     49          19     18   10  50   92   -9  236  -11  236  -11   8  0  0 L3P F6
G15 FF 61047 113800  780 217 1187    -3744268    -23           5     12   18 111  197   19  423   31  423   31  15  0  0 L3P 11
G16 FF 61047 113800  780 293 2325    -1830273   -107          14    -31   23 114  150  -21  295   17  295   17  20  0  0 L3P 44
G18 FF 61047 113800  780 437 1621     4571528   -113          18    -15   23 147  106    5  273   56  273   56  20  0  0 L3P 2C
G23 FF 61047 113800  780 792 1661    -5962512     -3         -16     47   21 141   75    2  220  -24  220  -24  19  0  0 L3P 0E
G26 FF 61047 113800  780 454 2749     3074401     65           7      3   22  84  103    2  240   19  240   19  19  0  0 L3P C3
G29 FF 61047 113800  780 359  743     3970356    -45           5     19   24 105  125   12  321   27  321   27  21  0  0 L3P F8
G10 FF 61047 115400  780 602 3087     5806916     31          25      0   12  50   85   -6  238    6  238    6   9  0  0 L3P 9E
G15 FF 61047 115400  780 191 1251    -3744318    -10         -11     25   25 111  222   34  488   34  488   34  20  0  0 L3P 26
G16 FF 61047 115400  780 332 2393    -1830347    -71          13      6   24 114  134  -13  295    7  295    7  21  0  0 L3P FA
G18 FF 61047 115400  780 410 1533     4571440   -139          24    -41   15 147  112    6  299   73  299   73  13  0  0 L3P 2F
G23 FF 61047 115400  780 708 1650    -5962555    -68         -11    -18   11 141   78    4  237   39  237   39   9  0  0 L3P 24
G26 FF 61047 115400  780 437 2858     3074453     77           1     16   19  84  106    5  269   22  269   22  14  0  0 L3P EC
G27 FF 61047 115400  780 144 2203      140000     88          14     16   51  92  293 -110  431  -28  431  -28  50  0  0 L3P 09
G29 FF 61047 115400  780 317  665     3970313   -105          23    -41   18 105  140   18  352   88  352   88  16  0  0 L3P 31
G32 FF 61047 115400  780 141    5     1738162   -207          10    -39   29 120  298 -117  443   -1  443   -1  23  0  0 L3P 08
G10 FF 61047 121000  780 660 2942     5806936     29          18     -1    8  84   81   -3  251   16  251   16   7  0  0 L3P BE
G18 FF 61047 121000  780 385 1448     4571349    -77          27     21   19 148  118    7  335   21  335   21  15  0  0 L3P 13
G23 FF 61047 121000  780 628 1630    -5962600    -41          -5      9   11 142   83    6  263   31  263   31   9  0  0 L3P CD
G26 FF 61047 121000  780 408 2959     3074516     73           4     11   16  89  112    8  293   23  293   23  14  0  0 L3P DD
G10 FF 61047 122600  780 700 2732     5806963     27          15     -4    8  84   78   -1  268   20  268   20   7  0  0 L3P C5
G18 FF 61047 122600  780 361 1365     4571259    -57          31     41   19 148  124    7  371    7  371    7  14  0  0 L3P F1
G23 FF 61047 122600  780 551 1605    -5962639    -34           4     16   17 142   90    8  290   26  290   26  16  0  0 L3P FB
G26 FF 61047 122600  780 370 3048     3074583     49          13    -13   26  89  122   12  320   40  320   40  16  0  0 L3P F9
G10 FF 61047 124200  780 710 2471     5806998     30          21      0   13  84   78    0  273    8  273    8  11  0  0 L3P 9F
G18 FF 61047 124200  780 338 1283     4571155    -93          20      5   20 148  132    8  417   28  417   28  16  0  0 L3P FD
G23 FF 61047 124200  780 478 1577    -5962690    -58           1     -8   21 142   99   11  327   51  327   51  19  0  0 L3P 16
G26 FF 61047 124200  780 326 3127     3074638     66           9      4   24  89  136   17  356   36  356   36  20  0  0 L3P ED
G10 FF 61047 125800  780 689 2227     5807031     17          24    -13   14  84   79    2  282   24  282   24  11  0  0 L3P E8
G16 FF 61047 125800  780 371 2763    -1830638   -115          20    -39   25 115  122    5  359   40  359   40  21  0  0 L3P 35
G18 FF 61047 125800  780 314 1203     4571069   -111          28    -13   20 148  141   10  449   51  449   51  16  0  0 L3P 30
G23 FF 61047 125800  780 410 1545    -5962734    -81           4    -31   17 142  112   15  370   74  370   74  15  0  0 L3P 21
G26 FF 61047 125800  780 280 3196     3074701     73          12     11   22  89  156   25  395   40  395   40  17  0  0 L3P 07
G27 FF 61047 125800  780 388 2170      140281     35          16    -37   20  96  117  -17  372    2  372    2  16  0  0 L3P E1
G29 FF 61047 125800  780 111  446     3970076      1          32     65   44 106  375  197  611   65  611   65  34  0  0 L3P 0C
G32 FF 61047 125800  780 401  134     1737552   -233          45    -65   26 121  114  -17  347   25  347   25  24  0  0 L3P 30
G08 FF 61047 131400  780 150 2193    -5068838     48           3      7   52 116  281 -110  602  -47  602  -47  43  0  0 L3P 32
G10 FF 61047 131400  780 648 2042     5807054     31          18      0   11  84   81    3  303   20  303   20  10  0  0 L3P 9C
G16 FF 61047 131400  780 349 2857    -1830718    -51          13     26   14 115  128    9  381    5  381    5  11  0  0 L3P F5
G18 FF 61047 131400  780 291 1124     4570978    -61          31     37   37 148  151   12  487   24  487   24  35  0  0 L3P 2E
G23 FF 61047 131400  780 347 1509    -5962790     -7          -3     43   23 142  129   21  424   30  424   30  21  0  0 L3P 04
G26 FF 61047 131400  780 233 3259     3074762     69          14      7   38  89  185   35  445   54  445   54  33  0  0 L3P 0B
G27 FF 61047 131400  780 455 2189      140352     54          18    -18   25  96  103  -12  350   -4  350   -4  21  0  0 L3P ED
G32 FF 61047 131400  780 474  175     1737373   -190          28    -21   17 121  100  -12  338   -7  338   -7  16  0  0 L3P 25
G08 FF 61047 133000  780 210 2201    -5068805     50          -3      9   36 116  204  -57  556  -44  556  -44  30  0  0 L3P 22
G10 FF 61047 133000  780 596 1906     5807080     43          14     13   11  84   85    5  323    4  323    4   9  0  0 L3P 9C
G16 FF 61047 133000  780 317 2944    -1830792    -79          13     -3   18 115  139   14  402   26  402   26  14  0  0 L3P 1E
G18 FF 61047 133000  780 266 1046     4570877   -129          24    -31   24 148  163   15  540   92  540   92  23  0  0 L3P 42
G23 FF 61047 133000  780 288 1471    -5962858    -87         -23    -37   17 142  152   28  511  120  511  120  14  0  0 L3P 65
G26 FF 61047 133000  780 188 3318     3074819     42          13    -19   41  89  226   52  499   65  499   65  32  0  0 L3P 31
G27 FF 61047 133000  780 522 2229      140415     66          12     -5   19  96   93   -9  334  -12  334  -12  17  0  0 L3P E2
G32 FF 61047 133000  780 549  230     1737196   -166          12      2   16 121   90   -9  330  -17  330  -17  13  0  0 L3P FB
G08 FF 61047 134600  780 271 2221    -5068763     41           0      0   28 116  161  -34  513  -47  513  -47  22  0  0 L3P 13
G10 FF 61047 134600  780 542 1802     5807097     15           2    -16   12  84   91    6  363   48  363   48  11  0  0 L3P D9
G16 FF 61047 134600  780 280 3024    -1830872    -91           6    -15   16 115  156   21  435   43  435   43  12  0  0 L3P 1B
G18 FF 61047 134600  780 240  971     4570797    -29          38     69   29 148  180   20  581   -4  581   -4  24  0  0 L3P 21
G23 FF 61047 134600  780 234 1429    -5962888     -2          -5     48   20 142  184   40  581   56  581   56  15  0  0 L3P 29
G26 FF 61047 134600  780 146 3375     3074877     64          12      2   41  89  288   79  562   54  562   54  26  0  0 L3P 15
G27 FF 61047 134600  780 587 2299      140471     55           0    -17   13  96   86   -6  333   -2  333   -2  10  0  0 L3P C9
G32 FF 61047 134600  780 622  311     1737024   -174           1     -5   14 121   83   -6  327   -9  327   -9  11  0  0 L3P D6
G08 FF 61047 140200  780 330 2254    -5068720     28           3    -13   27 116  135  -22  471  -31  471  -31  24  0  0 L3P 27
G10 FF 61047 140200  780 488 1716     5807129     27           6     -4   15  95   98    8  399   44  399   44  13  0  0 L3P E9
G16 FF 61047 140200  780 239 3096    -1830955   -116          -4    -40   26 115  180   30  482   88  482   88  20  0  0 L3P 4D
G18 FF 61047 140200  780 211  897     4570715    -45          49     53   34 149  202   28  629   30  629   30  29  0  0 L3P 1D
G23 FF 61047 140200  780 184 1384    -5962946    -37         -12     13   37 143  231   59  687   77  687   77  29  0  0 L3P 64
G26 FF 61047 140200  780 107 3430     3074954     75          29     13   42  90  385  126  615   49  615   49  27  0  0 L3P 22
G27 FF 61047 140200  780 642 2416      140528     67         -12     -5   14  96   82   -3  336    4  336    4  12  0  0 L3P B0
G32 FF 61047 140200  780 688  447     1736859   -185          -2    -16   14 121   79   -3  327   20  327   20  11  0  0 L3P 10
G02 FF 61047 141800  780 124 2266     -114756   -133         110    -50   38 185  336 -126  708    8  708    8  35  0  0 L3P 48
G08 FF 61047 141800  780 387 2303    -5068679     26           4    -14   14 116  118  -14  443  -22  443  -22  12  0  0 L3P 3B
G10 FF 61047 141800  780 437 1639     5807162     36          11      5   12  95  106   10  440   46  440   46  10  0  0 L3P DE
G16 FF 61047 141800  780 197 3163    -1831040    -65         -16     11   24 115  216   45  544   43  544   43  17  0  0 L3P 31
G18 FF 61047 141800  780 181  827     4570604   -101          31     -4   46 149  235   41  710   59  710   59  41  0  0 L3P 1B
G23 FF 61047 141800  780 138 1336    -5962969    -52          13     -2   45 143  304   95  757  103  757  103  36  0  0 L3P 5E
G27 FF 61047 141800  780 679 2597      140596     64         -13     -8   13  96   79   -1  343    7  343    7  11  0  0 L3P D5
G28 FF 61047 141800  780 125  268     6143862    -73          11    -24   40 214  332 -102  665  -12  665  -12  37  0  0 L3P 4C
G32 FF 61047 141800  780 732  678     1736701   -174           2     -6   10 121   77   -1  336   16  336   16   9  0  0 L3P DE
G02 FF 61047 143400  780 173 2223     -114881    -80          65      3   39 185  245  -72  681  -85  681  -85  32  0  0 L3P 3E
G08 FF 61047 143400  780 437 2373    -5068648     66          -3     25   14 116  106   -9  424  -36  424  -36  12  0  0 L3P 36
G10 FF 61047 143400  780 388 1569     5807188     20           7    -11   28  95  117   12  492   63  492   63  24  0  0 L3P 0F
G16 FF 61047 143400  780 156 3226    -1831100    -60          -3     16   26 115  269   68  593   47  593   47  18  0  0 L3P 33
G18 FF 61047 143400  780 147  761     4570503    -65          24     33   34 149  285   67  805   53  805   53  27  0  0 L3P 22
G27 FF 61047 143400  780 684 2823      140668     85          -9     14   15  96   79    1  346    2  346    2  12  0  0 L3P B1
G28 FF 61047 143400  780 166  324     6143795    -99          -9    -50   33 214  254  -64  654    4  654    4  25  0  0 L3P 15
G32 FF 61047 143400  780 734  981     1736542   -154           4     14   13 121   77    1  349    7  349    7  11  0  0 L3P C7
G02 FF 61047 145000  780 227 2183     -115007   -126          19    -43   43 185  190  -45  629  -55  629  -55  38  0  0 L3P 67
G08 FF 61047 145000  780 478 2464    -5068610     31          -5    -10   11 116   99   -6  414    0  414    0   8  0  0 L3P CC
G10 FF 61047 145000  780 343 1501     5807214     62           4     32   18  95  130   15  550   39  550   39  15  0  0 L3P DE
G16 FF 61047 145000  780 118 3286    -1831171   -114          -1    -38   40 115  353  108  644   78  644   78  33  0  0 L3P 5C
G27 FF 61047 145000  780 656 3029      140745     73          -2      2   12  96   81    3  353   26  353   26  11  0  0 L3P AB
G28 FF 61047 145000  780 210  382     6143759    -77           2    -28   31 214  204  -42  620  -11  620  -11  25  0  0 L3P 17
G31 FF 61047 145000  780 102  104     1738966    -14          44      6   29 178  403 -162  675   -9  675   -9  22  0  0 L3P 1D
G32 FF 61047 145000  780 694 1217     1736391   -161          15      7   10 121   79    3  365   33  365   33   9  0  0 L3P E9
G02 FF 61047 150600  780 285 2148     -115129   -119         -24    -36   27 185  154  -31  581  -61  581  -61  24  0  0 L3P 6C
G08 FF 61047 150600  780 504 2577    -5068574     24          -8    -17   18 116   95   -3  417   13  417   13  16  0  0 L3P 1B
G10 FF 61047 150600  780 302 1435     5807258    -29          18    -59   21  95  146   18  601  117  601  117  18  0  0 L3P 3F
G27 FF 61047 150600  780 603 3178      140822     76           7      4   11  96   85    5  374   22  374   22   8  0  0 L3P 9C
G28 FF 61047 150600  780 256  444     6143708    -71          -2    -22   27 214  170  -29  596  -20  596  -20  22  0  0 L3P 3E
G31 FF 61047 150600  780 147  153     1738937    -12          35      8   34 178  286  -90  673  -19  673  -19  27  0  0 L3P 42
G32 FF 61047 150600  780 631 1349     1736242   -157          27     12   14 121   83    5  389   21  389   21  12  0  0 L3P 08
G02 FF 61047 152200  780 348 2116     -115241   -150         -56    -67   20 185  129  -22  537   -4  537   -4  18  0  0 L3P 3E
G08 FF 61047 152200  780 513 2705    -5068546     27         -19    -14   16 116   94    0  430   18  430   18  13  0  0 L3P 0D
G10 FF 61047 152200  780 264 1369     5807273     13           3    -18   18  95  165   22  678   78  678   78  13  0  0 L3P 1D
G27 FF 61047 152200  780 538 3280      140893     77           9      5   15  96   91    8  404   30  404   30  13  0  0 L3P A9
G28 FF 61047 152200  780 301  512     6143653    -60         -10    -11   38 214  146  -20  581  -30  581  -30  28  0  0 L3P 31
G31 FF 61047 152200  780 196  202     1738896    -53          13    -33   30 178  217  -56  665    4  665    4  24  0  0 L3P 10
G32 FF 61047 152200  780 559 1417     1736085   -156          32     13   24 121   89    8  422   37  422   37  22  0  0 L3P 0D
G01 FF 61047 153800  780 148 2219    -3460626    -10          -6    -43   28  94  284 -100  770  -18  770  -18  23  0  0 L3P 5D
G02 FF 61047 153800  780 416 2089     -115344   -132         -79    -49   18 185  111  -16  499  -13  499  -13  15  0  0 L3P 7F
G03 FF 61047 153800  780 107 2642    -6046375    118         -43     19   35  95  384  -96  732   -7  732   -7  29  0  0 L3P 4D
G08 FF 61047 153800  780 502 2833    -5068491     81          -3     40   16 116   96    3  427  -17  427  -17  13  0  0 L3P 17
G10 FF 61047 153800  780 229 1303     5807313      5          14    -26   27  95  188   27  727   81  727   81  20  0  0 L3P 08
G27 FF 61047 153800  780 469 3351      140967     59          14    -12   33  96  101   12  435   52  435   52  32  0  0 L3P FF
G28 FF 61047 153800  780 344  587     6143601    -54         -16     -5   23 214  130  -14  558  -16  558  -16  18  0  0 L3P 45
G31 FF 61047 153800  780 249  252     1738879    -15          16      5   15 178  174  -36  624  -57  624  -57  12  0  0 L3P 3F
G32 FF 61047 153800  780 485 1450     1735923   -173          32     -4   20 121   98   12  463   47  463   47  20  0  0 L3P 1C
G01 FF 61047 155400  780 203 2188    -3460595    -10          -6    -43   38  94  210  -58  700  -48  700  -48  34  0  0 L3P 49
G02 FF 61047 155400  780 488 2068     -115426    -93         -82    -10   16 185   98  -12  463  -30  463  -30  12  0  0 L3P 49
G03 FF 61047 155400  780 134 2575    -6046291     75         -54    -24   22  95  311  -61  742    2  742    2  19  0  0 L3P 11
G08 FF 61047 155400  780 474 2951    -5068447     69           1     29   15 116  100    6  445    7  445    7  11  0  0 L3P E3
G10 FF 61047 155400  780 196 1238     5807329    117           0     86   26  95  217   34  798  -13  798  -13  20  0  0 L3P 35
G27 FF 61047 155400  780 398 3406      141038     90          17     19   30  96  115   17  484   35  484   35  27  0  0 L3P 02
G28 FF 61047 155400  780 381  672     6143559    -22         -11     27   15 214  119   -9  536  -44  536  -44  14  0  0 L3P 3A
G31 FF 61047 155400  780 304  305     1738874    -24          30     -3   31 178  145  -25  578  -35  578  -35  24  0  0 L3P 3B
G32 FF 61047 155400  780 412 1461     1735754   -210          24    -41   20 121  111   16  518   87  518   87  19  0  0 L3P 36
G01 FF 61047 161000  780 262 2162    -3460569      7         -12    -26   37  95  166  -37  634  -43  634  -43  33  0  0 L3P 3F
G04 FF 61047 161000  780 152 3153     -366900    -14           0     10   26 138  278 -104  693  -21  693  -21  20  0  0 L3P 28
G10 FF 61047 161000  780 166 1172     5807385     13          29    -18   26  96  254   44  828   81  828   81  23  0  0 L3P 22
G28 FF 61047 161000  780 411  768     6143517    -48          -3      1   20 215  112   -6  512  -16  512  -16  18  0  0 L3P F7
G31 FF 61047 161000  780 361  365     1738842    -11          15     10   17 179  125  -17  551  -55  551  -55  14  0  0 L3P 2D
G01 FF 61047 162600  780 325 2142    -3460560     14         -35    -19   21  95  137  -25  592  -48  592  -48  17  0  0 L3P 56
G04 FF 61047 162600  780 209 3108     -366911    -84          12    -60   33 138  205  -54  662   10  662   10  22  0  0 L3P 24
G10 FF 61047 162600  780 138 1105     5807407     87          22     57   37  96  303   60  887    1  887    1  31  0  0 L3P ED
G28 FF 61047 162600  780 428  872     6143468    -25          -6     24   24 215  108   -2  504  -29  504  -29  21  0  0 L3P 23
G31 FF 61047 162600  780 416  434     1738827    -24          19     -4   16 179  111  -12  512  -34  512  -34  12  0  0 L3P 24
G01 FF 61047 164200  780 391 2130    -3460506     17         -12    -16   17  95  116  -18  521  -30  521  -30  14  0  0 L3P 2E
G04 FF 61047 164200  780 264 3053     -366929    -70          17    -47   27 138  165  -32  616  -11  616  -11  21  0  0 L3P 4D
G10 FF 61047 164200  780 110 1039     5807448     33          33      2   37  96  374   90  934   62  934   62  29  0  0 L3P FD
G28 FF 61047 164200  780 431  980     6143423    -29          -4     19   28 215  107    1  508   -7  508   -7  25  0  0 L3P F1
G31 FF 61047 164200  780 468  517     1738804     -7          16     13   16 179  101   -8  496  -22  496  -22  13  0  0 L3P 1C
G01 FF 61047 165800  780 461 2127    -3460488     19         -26    -14   16  95  102  -13  489  -31  489  -31  14  0  0 L3P 58
G02 FF 61047 165800  780 809 2204     -115670    -94         -14    -11   14 186   75   -2  391    6  391    6  11  0  0 L3P F5
G03 FF 61047 165800  780 246 2304    -6045885     52         -24    -47   23  96  176  -21  678  -15  678  -15  18  0  0 L3P 6D
G04 FF 61047 165800  780 315 2988     -366972    -33          -3     -9   19 138  140  -21  583  -28  583  -28  14  0  0 L3P 54
G08 FF 61047 165800  780 280 3274    -5068280     -6          13    -47   30 117  156   29  631  122  631  122  31  0  0 L3P 47
G27 FF 61047 165800  780 143 3570      141266    156         -33     84   31  97  294  117  817  -35  817  -35  22  0  0 L3P 50
G28 FF 61047 165800  780 419 1083     6143370    -80         -10    -31   31 215  110    4  527   46  527   46  28  0  0 L3P 23
G31 FF 61047 165800  780 513  618     1738793    -12          25      9   23 179   94   -5  476  -17  476  -17  17  0  0 L3P 22
G01 FF 61047 171400  780 534 2139    -3460460     21         -30    -12   17  95   92   -9  457  -25  457  -25  14  0  0 L3P 27
G02 FF 61047 171400  780 855 2919     -115756    -66         -21     17   14 186   74    0  400   -4  400   -4  12  0  0 L3P EC
G03 FF 61047 171400  780 277 2237    -6045805     97         -38     -2   32  96  157  -18  641  -58  641  -58  27  0  0 L3P 5B
G04 FF 61047 171400  780 363 2913     -367010    -13         -18     11   25 138  124  -14  561  -32  561  -32  19  0  0 L3P 38
G08 FF 61047 171400  780 228 3332    -5068248     47           6      6   31 117  189   41  723   84  723   84  27  0  0 L3P 11
G28 FF 61047 171400  780 392 1176     6143321    -59         -12    -11   37 215  116    9  552   48  552   48  31  0  0 L3P 2C
G31 FF 61047 171400  780 545  741     1738780    -13          31      8   17 179   90   -3  459  -17  459  -17  15  0  0 L3P 13
G01 FF 61047 173000  780 607 2174    -3460423     55         -25     22   15  95   84   -6  429  -28  429  -28  12  0  0 L3P 21
G02 FF 61047 173000  780 792 3449     -115825   -104         -11    -21   24 186   75    2  406   41  406   41  23  0  0 L3P 10
G03 FF 61047 173000  780 312 2170    -6045731     97         -59     -2   28  96  142  -15  605  -44  605  -44  24  0  0 L3P 3B
G04 FF 61047 173000  780 405 2826     -367033    -40         -19    -16   21 138  113   -9  539   -4  539   -4  17  0  0 L3P 22
G08 FF 61047 173000  780 178 3386    -5068196     91          19     50   29 117  238   63  790   24  790   24  23  0  0 L3P 3E
G09 FF 61047 173000  780 103 2957    -7699190    -41          48    -34   24 184  402 -163  865   27  865   27  18  0  0 L3P 7B
G26 FF 61047 173000  780 106  592     3075706    -65          12   -127   53  91  388  -95  989   31  989   31  36  0  0 L3P 50
G28 FF 61047 173000  780 353 1254     6143283    -56          -3     -7   22 215  127   14  580   38  580   38  19  0  0 L3P 1B
G31 FF 61047 173000  780 559  879     1738750    -34          21    -14   14 179   89    0  466    8  466    8  12  0  0 L3P EF
G01 FF 61047 174600  780 678 2251    -3460388     26         -21     -7   14  95   79   -4  417   -7  417   -7  12  0  0 L3P 05
G02 FF 61047 174600  780 707 3548     -115893    -82           1      1   23 186   78    4  423   32  423   32  22  0  0 L3P D1
G03 FF 61047 174600  780 349 2103    -6045654     61         -78    -38   21  96  128  -13  572  -17  572  -17  19  0  0 L3P 62
G04 FF 61047 174600  780 440 2728     -367043    -13          -5     10   16 138  106   -6  514  -30  514  -30  15  0  0 L3P 13
G08 FF 61047 174600  780 133 3439    -5068171      5           4    -36   34 117  315  102  841   49  841   49  23  0  0 L3P 24
G09 FF 61047 174600  780 144 2898    -7699206    -37          38    -30   29 184  292  -80  872  -23  872  -23  23  0  0 L3P 8D
G26 FF 61047 174600  780 133  657     3075792    142          39     81   42  91  314  -62  921 -133  921 -133  36  0  0 L3P 59
G28 FF 61047 174600  780 305 1315     6143236    -63          -3    -14   22 215  145   23  624   61  624   61  17  0  0 L3P 1B
G31 FF 61047 174600  780 552 1018     1738729    -38          20    -18   15 179   89    2  468   13  468   13  14  0  0 L3P 1F
G01 FF 61047 180200  780 740 2418    -3460358     33         -23      0   12  96   77   -2  416   -5  416   -5  10  0  0 L3P D5
G02 FF 61047 180200  780 621 3583     -115976    -87          -2     -4   17 186   83    7  463   49  463   49  15  0  0 L3P 05
G03 FF 61047 180200  780 389 2034    -6045582     77        -101    -22   31  96  117  -11  547  -20  547  -20  24  0  0 L3P 56
G04 FF 61047 180200  780 467 2620     -367071     -5         -10     18   17 139  101   -4  506  -26  506  -26  14  0  0 L3P 18
G09 FF 61047 180200  780 182 2833    -7699198     12          53     19   36 184  233  -46  800  -86  800  -86  29  0  0 L3P 6B
G26 FF 61047 180200  780 159  723     3075833     79          21     17   40  91  265  -41  895  -62  895  -62  31  0  0 L3P 30
G28 FF 61047 180200  780 251 1361     6143195    -22           0     26   33 216  173   37  668   38  668   38  27  0  0 L3P 1C
G31 FF 61047 180200  780 526 1141     1738715     16          27     37   20 180   93    4  473  -13  473  -13  19  0  0 L3P 03
G01 FF 61047 181800  780 770 2734    -3460327     54         -23     21   15  96   76    0  417   -6  417   -6  12  0  0 L3P EB
G02 FF 61047 181800  780 536    1     -116040   -110          14    -27   14 186   91   10  496   78  496   78  12  0  0 L3P EF
G03 FF 61047 181800  780 432 1963    -6045482    118         -95     19   21  96  107   -9  508  -54  508  -54  19  0  0 L3P 5D
G04 FF 61047 181800  780 487 2505     -367083    -39           1    -15   14 139   98   -2  486    3  486    3  12  0  0 L3P EC
G09 FF 61047 181800  780 217 2764    -7699166    169          91    176   81 184  198  -30  700 -244  700 -244  77  0  0 L3P BE
G16 FF 61047 181800  780 111  465    -1832083    -70          44      6   43 116  371 -106 1070 -133 1070 -133  30  0  0 L3P 6F
G26 FF 61047 181800  780 182  793     3075892    -27          21    -89   54  91  233  -27  842   22  842   22  50  0  0 L3P 2E
G28 FF 61047 181800  780 194 1393     6143157    -68           9    -19   40 216  220   65  724   79  724   79  27  0  0 L3P 42
G31 FF 61047 181800  780 485 1239     1738697    -25          29     -4   24 180   98    7  493   37  493   37  23  0  0 L3P 22
G01 FF 61047 183400  780 748 3076    -3460299      1         -27    -31   17  96   76    2  424   31  424   31  15  0  0 L3P F5
G02 FF 61047 183400  780 454   14     -116122    -57          11     26   16 186  103   15  553   40  553   40  14  0  0 L3P DB
G03 FF 61047 183400  780 478 1887    -6045379    110         -87     11   19  96   99   -8  475  -33  475  -33  15  0  0 L3P 5C
G04 FF 61047 183400  780 498 2386     -367112    -32          -4     -8   17 139   96   -1  480   -7  480   -7  15  0  0 L3P 00
G09 FF 61047 183400  780 249 2690    -7699223    158          40    165   25 184  174  -20  688 -222  688 -222  23  0  0 L3P B3
G16 FF 61047 183400  780 145  527    -1832144    -68          56      8   44 116  290  -67  941 -135  941 -135  35  0  0 L3P 69
G26 FF 61047 183400  780 200  865     3075950     78          21     17   29  91  213  -16  787  -70  787  -70  24  0  0 L3P 30
G31 FF 61047 183400  780 433 1311     1738677    -56          29    -35   19 180  107   11  513   53  513   53  17  0  0 L3P 2D
G01 FF 61047 185000  780 689 3276    -3460259     28         -19     -5   16  96   79    4  428   29  428   29  12  0  0 L3P 17
G02 FF 61047 185000  780 376   26     -116197    -70          16     13   19 186  120   21  617   81  617   81  13  0  0 L3P F1
G03 FF 61047 185000  780 526 1803    -6045278    106         -82      7   13  96   93   -6  452  -16  452  -16  10  0  0 L3P 20
G04 FF 61047 185000  780 502 2265     -367143    -34         -13    -10   14 139   96    0  477   -1  477   -1  11  0  0 L3P F6
G09 FF 61047 185000  780 278 2613    -7699252     27          18     33   24 184  157  -15  663  -60  663  -60  21  0  0 L3P 5E
G16 FF 61047 185000  780 179  591    -1832246   -147          28    -71   39 116  237  -44  851  -36  851  -36  35  0  0 L3P 7C
G26 FF 61047 185000  780 212  939     3076005     10          16    -51   30  91  201   -8  740    7  740    7  27  0  0 L3P C5
G31 FF 61047 185000  780 375 1360     1738659    -21          30     -1   19 180  121   17  541   41  541   41  17  0  0 L3P 0B
G01 FF 61047 190600  780 616 3380    -3460202     83           7     50   28  96   84    6  429  -23  429  -23  27  0  0 L3P FA
G02 FF 61047 190600  780 302   40     -116292   -148           0    -65   26 186  146   33  722  152  722  152  22  0  0 L3P 14
G03 FF 61047 190600  780 575 1705    -6045171     98         -70     -1   17  96   87   -5  424  -11  424  -11  15  0  0 L3P 1C
G04 FF 61047 190600  780 501 2147     -367162    -19          -9      5   14 139   96    1  467  -22  467  -22  12  0  0 L3P FC
G07 FF 61047 190600  780 129 3251     1320915     35           3    -17   17 118  325 -152  877  -28  877  -28  12  0  0 L3P 54
G09 FF 61047 190600  780 304 2534    -7699237     25          40     32   19 184  145  -11  607  -66  607  -66  15  0  0 L3P 5B
G16 FF 61047 190600  780 212  659    -1832335   -147          12    -71   48 116  202  -30  761  -34  761  -34  40  0  0 L3P 5A
G26 FF 61047 190600  780 217 1014     3076058     92          11     30   28  91  197   -1  705  -54  705  -54  21  0  0 L3P 12
G31 FF 61047 190600  780 314 1392     1738635      7          26     27   23 180  141   26  583   19  583   19  18  0  0 L3P 10
G01 FF 61047 192200  780 539 3441    -3460179     27          -2     -6   32  96   91    9  464   32  464   32  32  0  0 L3P E7
G02 FF 61047 192200  780 232   55     -116372    -79           1      4   30 186  186   52  828   96  828   96  26  0  0 L3P E9
G03 FF 61047 192200  780 623 1584    -6045072    125         -66     26    9  96   83   -4  404  -46  404  -46   9  0  0 L3P 1A
G04 FF 61047 192200  780 495 2032     -367174    -18           2      6   18 139   97    1  444  -13  444  -13  16  0  0 L3P ED
G07 FF 61047 192200  780 191 3224     1320936     41         -26    -11   30 118  224  -72  846  -77  846  -77  23  0  0 L3P 59
G09 FF 61047 192200  780 328 2452    -7699227      3          57     10   21 184  135   -9  563  -32  563  -32  18  0  0 L3P 33
G16 FF 61047 192200  780 242  731    -1832416    -20           5     56   32 116  178  -20  680 -145  680 -145  27  0  0 L3P 4F
G26 FF 61047 192200  780 213 1087     3076119     22          12    -39   27  91  201    8  678   12  678   12  22  0  0 L3P FC
G31 FF 61047 192200  780 252 1409     1738621     27          32     48   22 180  172   40  615   -4  615   -4  18  0  0 L3P 00
G01 FF 61047 193800  780 462 3483    -3460144      5           0    -28   33  96  102   13  491   62  491   62  31  0  0 L3P F2
G02 FF 61047 193800  780 167   73     -116454    -49          -2     34   30 186  254   94  892  -25  892  -25  22  0  0 L3P 20
G03 FF 61047 193800  780 664 1427    -6044972    109         -60     10   13  96   80   -2  374  -43  374  -43  12  0  0 L3P 35
G04 FF 61047 193800  780 485 1922     -367198    -39           1    -15   19 139   98    2  427  -11  427  -11  16  0  0 L3P 20
G06 FF 61047 193800  780 130 2219     5999116      6          -7    -38   38  96  322 -117  769  -66  769  -66  30  0  0 L3P 62
G07 FF 61047 193800  780 253 3188     1321010     56          -2      4   17 118  172  -41  714 -143  714 -143  14  0  0 L3P 38
G09 FF 61047 193800  780 351 2368    -7699242     -9          48     -2   16 184  128   -7  534  -49  534  -49  15  0  0 L3P 57
G16 FF 61047 193800  780 267  808    -1832511   -146         -18    -70   33 116  163  -13  617  -25  617  -25  26  0  0 L3P 77
G26 FF 61047 193800  780 201 1158     3076174     30           9    -32   29  91  213   18  665    6  665    6  25  0  0 L3P E5
G31 FF 61047 193800  780 191 1416     1738577    -27           7     -6   45 180  223   69  682   32  682   32  32  0  0 L3P 20
G01 FF 61047 195400  780 388 3516    -3460122     34          -9      1   16  96  117   19  540   50  540   50  11  0  0 L3P ED
G02 FF 61047 195400  780 106   95     -116506    -99          25    -16   36 186  390  207  860    2  860    2  26  0  0 L3P FC
G03 FF 61047 195400  780 690 1221    -6044888     87         -71    -11   15  96   79   -1  349  -20  349  -20  12  0  0 L3P 38
G04 FF 61047 195400  780 475 1816     -367224     -9          -2     15   17 139  100    2  405  -39  405  -39  12  0  0 L3P 09
G06 FF 61047 195400  780 175 2268     5999154     11         -10    -33   37  96  242  -57  691  -49  691  -49  31  0  0 L3P 6A
G07 FF 61047 195400  780 314 3142     1321044     79         -18     27   23 118  141  -25  598 -137  598 -137  18  0  0 L3P 7B
G09 FF 61047 195400  780 372 2283    -7699249    -20          48    -13   26 184  121   -6  488  -28  488  -28  24  0  0 L3P 79
G16 FF 61047 195400  780 286  889    -1832591    -62         -24     14   31 116  153   -7  543  -85  543  -85  27  0  0 L3P 5B
G26 FF 61047 195400  780 179 1223     3076230     50           6    -11   28  91  237   34  641  -25  641  -25  23  0  0 L3P 10
G31 FF 61047 195400  780 132 1413     1738580    -24          30     -3   46 180  318  133  679   41  679   41  38  0  0 L3P 36
G01 FF 61047 201000  780 316 3544    -3460072     -7          15    -40   24  97  140   28  591  109  591  109  17  0  0 L3P 2E
G04 FF 61047 201000  780 463 1713     -367241    -19           8      5   21 140  102    2  378  -22  378  -22  19  0  0 L3P E8
G01 FF 61047 202600  780 249 3572    -3460040     41          15      8   22  97  174   44  683   84  683   84  17  0  0 L3P 09
G04 FF 61047 202600  780 450 1614     -367263     19           9     43   17 140  104    2  355  -63  355  -63  15  0  0 L3P F8
G01 FF 61047 204200  780 185    1    -3460001    -31          22    -64   26  97  230   75  760   88  760   88  18  0  0 L3P EE
G04 FF 61047 204200  780 438 1516     -367298    -31          -2     -7   17 140  106    3  347   -7  347   -7  15  0  0 L3P F0
G01 FF 61047 205800  780 126   31    -3459974      4          18    -29   20  97  331  145  778   14  778   14  13  0  0 L3P 08
G03 FF 61047 205800  780 561  479    -6044524     57         -88    -41   13 101   89    7  313   31  313   31  11  0  0 L3P FC
G04 FF 61047 205800  780 424 1419     -367300    -22          18      2   18 140  109    3  310  -18  310  -18  16  0  0 L3P F1
G06 FF 61047 205800  780 270 2558     5999358     16          30    -27   28  97  161   -1  463   -3  463   -3  24  0  0 L3P 15
G07 FF 61047 205800  780 530 2810     1321291     44          22     -9   15 122   92   -5  323  -21  323  -21  14  0  0 L3P EE
G09 FF 61047 205800  780 458 1926    -7699306    -33          11    -26   15 185  102   -4  321    3  321    3  14  0  0 L3P 0C
G16 FF 61047 205800  780 261 1207    -1832866    -80           0     -4   20 117  167   17  397    6  397    6  19  0  0 L3P FE
G30 FF 61047 205800  780 266 2974     -804427   -122          16      1   27 127  164  -28  509  -81  509  -81  23  0  0 L3P 4B
G03 FF 61047 211400  780 493  396    -6044442    118        -101     19   17 101   97   11  322  -20  322  -20  14  0  0 L3P 25
G04 FF 61047 211400  780 410 1324     -367334      8           8     32   17 140  112    4  309  -50  309  -50  15  0  0 L3P D1
G06 FF 61047 211400  780 267 2644     5999399    121          30     78   29  97  163    5  443  -78  443  -78  24  0  0 L3P 49
G07 FF 61047 211400  780 564 2677     1321355     58          35      6   16 122   88   -3  285  -29  285  -29  15  0  0 L3P 16
G09 FF 61047 211400  780 481 1829    -7699302     -4          22      3   16 185   99   -4  288  -22  288  -22  13  0  0 L3P 20
G16 FF 61047 211400  780 229 1271    -1832932    -98           7    -22   23 117  188   28  391   13  391   13  19  0  0 L3P 2E
G30 FF 61047 211400  780 313 2906     -804543    -88          17     34   22 127  141  -19  436  -91  436  -91  19  0  0 L3P 44
G03 FF 61047 213000  780 422  337    -6044363    114        -117     15   17 101  109   16  343    6  343    6  15  0  0 L3P FB
G04 FF 61047 213000  780 394 1231     -367353   -105          11    -81   24 140  116    4  298   74  298   74  19  0  0 L3P 24
G06 FF 61047 213000  780 253 2728     5999459    -94          49   -137   22  97  171   12  424  131  424  131  21  0  0 L3P 5E
G07 FF 61047 213000  780 586 2525     1321386     48          16     -5   22 122   86   -1  270  -27  270  -27  19  0  0 L3P 0B
G09 FF 61047 213000  780 502 1726    -7699318    -13          13     -6   16 185   96   -3  275  -15  275  -15  14  0  0 L3P 34
G16 FF 61047 213000  780 190 1325    -1832995    -39          17     37   25 117  224   49  386  -10  386  -10  17  0  0 L3P 4D
G30 FF 61047 213000  780 356 2829     -804649   -126          30     -3   17 127  126  -13  376  -36  376  -36  15  0  0 L3P 52
G03 FF 61047 214600  780 350  294    -6044263    116        -112     17   22 101  128   24  364   26  364   26  20  0  0 L3P 24
G04 FF 61047 214600  780 375 1139     -367374     -6          14     18   17 140  120    6  291  -30  291  -30  16  0  0 L3P 02
G06 FF 61047 214600  780 231 2808     5999513      6          60    -37   30  97  186   20  422   50  422   50  27  0  0 L3P 01
G07 FF 61047 214600  780 592 2364     1321428     53           9      0   17 122   86    0  251  -28  251  -28  15  0  0 L3P DB
G09 FF 61047 214600  780 523 1615    -7699308     31          29     38   13 185   93   -2  240  -59  240  -59  11  0  0 L3P 32
G14 FF 61047 214600  780 139 3392    -7273254    -75          47    -50   47 108  303 -140  687  -27  687  -27  30  0  0 L3P 89
G16 FF 61047 214600  780 145 1369    -1833088   -118          -3    -42   40 117  289   93  398   31  398   31  27  0  0 L3P 5F
G30 FF 61047 214600  780 393 2743     -804740   -143          56    -21   22 127  116   -9  316  -10  316  -10  21  0  0 L3P 35
G03 FF 61047 220200  780 278  264    -6044182    106        -126      7   26 101  157   39  434   79  434   79  20  0  0 L3P 2E
G04 FF 61047 220200  780 354 1049     -367391     40          20     64   32 141  127    7  279  -56  279  -56  29  0  0 L3P 1C
G06 FF 61047 220200  780 203 2884     5999538      5          44    -38   21  97  211   31  455   53  455   53  18  0  0 L3P 0F
G07 FF 61047 220200  780 585 2206     1321462     34          -8    -18   15 122   86    1  239  -10  239  -10  12  0  0 L3P F6
G08 FF 61047 220200  780 126  776    -5067508     50          39      9   24   8  330  -59  444  -55  444  -55  21  0  0 L3P 0C
G09 FF 61047 220200  780 540 1496    -7699320    -16          24     -9   12 185   91   -2  223   -6  223   -6  11  0  0 L3P 00
G14 FF 61047 220200  780 206 3391    -7273290      7          33     32   32 109  209  -68  589 -173  589 -173  24  0  0 L3P 6A
G20 FF 61047 220200  780 142 2207    -3617778    -86          13    -87   45 125  297 -115  448  -18  448  -18  39  0  0 L3P 8B
G21 FF 61047 220200  780 123 2184    -3753933   -134          53    -50   34 115  340 -162  475  -44  475  -44  27  0  0 L3P 7C
G30 FF 61047 220200  780 426 2648     -804850   -115          64      7   23 127  109   -6  279  -24  279  -24  21  0  0 L3P 30
G03 FF 61047 221800  780 207  243    -6044093     35        -131    -64   34 101  207   69  565  217  565  217  31  0  0 L3P 56
G04 FF 61047 221800  780 329  962     -367429    -44           5    -20   27 141  135   10  285   18  285   18  21  0  0 L3P 04
G06 FF 61047 221800  780 171 2955     5999594     -7          59    -51   25  97  248   48  468   56  468   56  21  0  0 L3P 49
G07 FF 61047 221800  780 567 2060     1321494     41         -26    -11   17 122   88    2  231  -11  231  -11  15  0  0 L3P 01
G08 FF 61047 221800  780 147  844    -5067472     58          36     17   27   8  285  -37  387  -47  387  -47  20  0  0 L3P 3B
G09 FF 61047 221800  780 552 1368    -7699340    -35          10    -28   18 185   90   -1  216    3  216    3  17  0  0 L3P 05
G14 FF 61047 221800  780 275 3384    -7273342    -50           5    -25   67 109  159  -39  468 -112  468 -112  63  0  0 L3P 87
G20 FF 61047 221800  780 196 2243    -3617771    -29          19    -30   42 125  218  -57  364  -30  364  -30  38  0  0 L3P 63
G21 FF 61047 221800  780 182 2201    -3754005    -94          63    -10   29 115  234  -74  379  -78  379  -78  28  0  0 L3P 74
G22 FF 61047 221800  780 112 3364      613091     32          15     74   39 104  373 -204  663 -127  663 -127  27  0  0 L3P 58
G30 FF 61047 221800  780 452 2545     -804981   -123          51      0   18 127  104   -4  257  -32  257  -32  16  0  0 L3P 22
G03 FF 61047 223400  780 138  232    -6043964    167         -97     68   44 101  305  148  663   -3  663   -3  35  0  0 L3P 3F
G04 FF 61047 223400  780 301  880     -367421    -50          36    -26   35 141  146   14  271   31  271   31  29  0  0 L3P FF
G06 FF 61047 223400  780 137 3022     5999623     20          46    -23   30  97  306   75  497   39  497   39  22  0  0 L3P 2B
G07 FF 61047 223400  780 541 1929     1321544     45         -26     -8   20 122   91    3  218   -5  218   -5  18  0  0 L3P E2
G08 FF 61047 223400  780 164  915    -5067404     49          65      8   53   8  257  -21  333  -30  333  -30  47  0  0 L3P 02
G09 FF 61047 223400  780 556 1232    -7699364    -33          -7    -26   19 185   89    0  217   18  217   18  16  0  0 L3P 2A
G14 FF 61047 223400  780 348 3369    -7273346    -21          25      4   31 109  129  -25  356  -76  356  -76  28  0  0 L3P 57
G20 FF 61047 223400  780 245 2290    -3617771     -2          18     -3   26 125  177  -32  323  -24  323  -24  22  0  0 L3P 28
G21 FF 61047 223400  780 240 2231    -3754104    -83          44      1   27 115  180  -41  334  -50  334  -50  23  0  0 L3P 1D
G22 FF 61047 223400  780 176 3357      613061     14          25     56   52 104  242  -88  588 -106  588 -106  39  0  0 L3P 59
G30 FF 61047 223400  780 472 2437     -805118   -106          32     17   18 127  100   -3  244  -42  244  -42  15  0  0 L3P 27
G04 FF 61047 225000  780 268  802     -367482     80          -3    104   38 141  162   20  328  -51  328  -51  29  0  0 L3P 19
G06 FF 61047 225000  780 103 3086     5999661     64          43     21   41  97  401  126  503  -29  503  -29  29  0  0 L3P 36
G07 FF 61047 225000  780 510 1813     1321606     47         -15     -5   14 122   94    4  210   17  210   17  13  0  0 L3P CE
G08 FF 61047 225000  780 174  987    -5067393     56          37     15   48   8  242  -10  327  -35  327  -35  39  0  0 L3P 29
G09 FF 61047 225000  780 550 1095    -7699378    -20         -14    -13   18 185   90    1  223    6  223    6  17  0  0 L3P 01
G14 FF 61047 225000  780 422 3345    -7273374    -33          21     -8   51 109  109  -16  300  -31  300  -31  50  0  0 L3P 2C
G20 FF 61047 225000  780 288 2351    -3617763      2          25      1   29 125  152  -19  297  -18  297  -18  26  0  0 L3P 2D
G21 FF 61047 225000  780 295 2273    -3754176    -43          53     41   26 115  149  -25  290  -52  290  -52  23  0  0 L3P 50
G22 FF 61047 225000  780 241 3344      613030    -36          35      6   30 104  179  -48  483 -113  483 -113  25  0  0 L3P 31
G30 FF 61047 225000  780 486 2324     -805239   -148          28    -26   18 127   98   -2  224   12  224   12  16  0  0 L3P 1D
G04 FF 61047 230600  780 232  730     -367480     -5          22     19   35 141  186   30  342   30  342   30  31  0  0 L3P D8
G07 FF 61047 230600  780 479 1708     1321674    118           3     66   14 122   99    5  209  -42  209  -42  12  0  0 L3P 0A
G08 FF 61047 230600  780 178 1059    -5067342     32          48     -9   32   8  238    1  308  -25  308  -25  26  0  0 L3P 05
G09 FF 61047 230600  780 533  961    -7699361      0          12      7   24   7   92    3  222   11  222   11  20  0  0 L3P 8F
G14 FF 61047 230600  780 498 3309    -7273391    -55          28    -30   23 109   96  -11  260    4  260    4  19  0  0 L3P 14
G20 FF 61047 230600  780 322 2424    -3617753     -5          34     -6   26 125  138  -11  288    9  288    9  23  0  0 L3P 02
G21 FF 61047 230600  780 345 2331    -3754257    -94          52    -10   22 115  130  -16  266  -13  266  -13  20  0  0 L3P 46
G22 FF 61047 230600  780 309 3322      612988    -69          33    -26   43 104  143  -30  382  -75  382  -75  40  0  0 L3P 45
G30 FF 61047 230600  780 494 2210     -805377   -129           9     -6   19 127   97   -1  228  -11  228  -11  17  0  0 L3P 17
G04 FF 61047 232200  780 192  664     -367489    -12          36     12   34 141  222   48  357   29  357   29  29  0  0 L3P 18
G05 FF 61047 232200  780 134 2227     2268975    -10          71    -17   36 146  312 -106  369  -25  369  -25  32  0  0 L3P 67
G07 FF 61047 232200  780 446 1612     1321750     56          29      4   20 122  104    6  204   25  204   25  19  0  0 L3P CE
G08 FF 61047 232200  780 172 1130    -5067315     39          36     -2   33   8  245   13  304   -7  304   -7  28  0  0 L3P DC
G09 FF 61047 232200  780 505  839    -7699367    -37          13    -30   16   7   95    5  231   45  231   45  15  0  0 L3P EF
G14 FF 61047 232200  780 574 3256    -7273415    -15          28     10   15 109   87   -8  234  -33  234  -33  13  0  0 L3P 29
G20 FF 61047 232200  780 345 2508    -3617737     24          49     23   17 125  130   -6  277  -16  277  -16  14  0  0 L3P 34
G21 FF 61047 232200  780 387 2405    -3754337    -71          53     14   19 115  118  -10  251  -27  251  -27  16  0  0 L3P 47
G22 FF 61047 232200  780 378 3291      612963    -83          49    -40   25 104  120  -19  303  -16  303  -16  22  0  0 L3P 30
G30 FF 61047 232200  780 498 2096     -805499   -101           4     22   19 127   96    0  219  -29  219  -29  15  0  0 L3P 1D
G04 FF 61047 233800  780 148  604     -367510    -44          38    -20   41 141  284   86  399   63  399   63  36  0  0 L3P 2C
G05 FF 61047 233800  780 178 2276     2268992     19          81     12   37 146  239  -54  326  -39  326  -39  31  0  0 L3P 5A
G07 FF 61047 233800  780 415 1522     1321825     58          54      6   27 122  111    7  198   12  198   12  25  0  0 L3P E9
G08 FF 61047 233800  780 159 1197    -5067253    -16          58    -57   31   8  266   30  276   31  276   31  26  0  0 L3P 2A
G09 FF 61047 233800  780 468  730    -7699363      3          24     10   19   7  101    7  230    0  230    0  18  0  0 L3P 97
G14 FF 61047 233800  780 648 3172    -7273447    -53          19    -28   18 109   81   -5  221    7  221    7  16  0  0 L3P 09
G17 FF 61047 233800  780 127   44      256735     28          66    -90   50 183  328 -124  547    0  547    0  42  0  0 L3P ED
G20 FF 61047 233800  780 355 2599    -3617726      0          59     -1   19 125  126   -1  253  -22  253  -22  17  0  0 L3P 1B
G21 FF 61047 233800  780 417 2495    -3754431    -99          41    -15   17 115  110   -5  240  -17  240  -17  15  0  0 L3P 44
G22 FF 61047 233800  780 447 3248      612899    -34          25      8   14 104  104  -13  280  -43  280  -43  10  0  0 L3P 1A
G30 FF 61047 233800  780 499 1983     -805617   -166           4    -43   18 127   96    0  211   32  211   32  17  0  0 L3P 07
