CGGTTS     GENERIC DATA FORMAT VERSION = 2E
REV DATE = 2025-11-01
RCVR = PolaRx5TR (5.6.0)     sbf2cggtts-1.5.0
CH = 80
IMS = PolaRx5TR
LAB = LRTE
X = 3967035.920 m
Y = -4390028.540 m
Z = -2375644.640 m
FRAME = ITRF
COMMENTS = LS=18; ElMask=10deg; 'Generated from the SBF in 2026-04-10 at 23:49:39'
INT DLY = 24.9 ns (GPS P1),  15.7 ns (GPS P2)     CAL_ID = 1201-2025
CAB DLY = 103.1 ns
REF DLY = 47.2 ns
REF = UTC(LRTE)
CKSUM = 08

SAT CL  MJD  STTIME TRKL ELV AZTH   REFSV      SRSV     REFSYS    SRSYS  DSG IOE MDTR SMDT MDIO SMDI MSIO SMSI ISG FR HC FRC CK
             hhmmss  s  .1dg .1dg    .1ns     .1ps/s     .1ns    .1ps/s .1ns     .1ns.1ps/s.1ns.1ps/s.1ns.1ps/s.1ns
G06 FF 61140 000600  780 202 1404     6111630    -68          -9    -53   48  97  212   61   70   64   70   64  36  0  0 L3P E1
G11 FF 61140 000600  780 579 1158     3784028   -133          13     -5   18 185   87    4   58    1   58    1  16  0  0 L3P C0
G12 FF 61140 000600  780 521 1782     6079920    -11           8    -11   16  16   93   -5   50   17   50   17  12  0  0 L3P B0
G24 FF 61140 000600  780 620 3354      432826   -191           4    -16   17  58   83    6   73   17   73   17  16  0  0 L3P BA
G25 FF 61140 000600  780 271 2194    -4311960     33          25      6   42  44  161  -27   91  -19   91  -19  37  0  0 L3P F4
G29 FF 61140 000600  780 301 2751     3431702    -22          12     50   25  93  146  -15  143  -74  143  -74  21  0  0 L3P 12
G05 FF 61140 002200  780 191  369     2315325     34           8     29   31 151  223  -52  142  -92  142  -92  25  0  0 L3P FD
G11 FF 61140 002200  780 530 1267     3783908   -133          16     -5   23 185   92    7   51   -5   51   -5  19  0  0 L3P CD
G12 FF 61140 002200  780 555 1676     6079914    -12           2    -12   15  16   89   -4   54   15   54   15  13  0  0 L3P BE
G21 FF 61140 002200  780 188  647    -4137810     -3          15     11   49 105  226  -38   93  -17   93  -17  45  0  0 L3P 03
G24 FF 61140 002200  780 545 3426      432651   -155          -3     20   32  58   90    9   82  -19   82  -19  30  0  0 L3P CC
G25 FF 61140 002200  780 320 2149    -4311949    -29           9    -57   26  44  138  -20   90   42   90   42  22  0  0 L3P F0
G29 FF 61140 002200  780 332 2668     3431634    -73          12     -2   28  93  134  -11  122  -28  122  -28  22  0  0 L3P 14
G05 FF 61140 003800  780 237  430     2315333    -20          11    -24   36 151  182  -35  102    2  102    2  27  0  0 L3P CB
G11 FF 61140 003800  780 470 1340     3783794   -118          24      9   23 185  100   11   44  -10   44  -10  21  0  0 L3P F1
G12 FF 61140 003800  780 586 1554     6079911     59           0     59   12  16   86   -3   56  -46   56  -46   9  0  0 L3P CF
G21 FF 61140 003800  780 218  719    -4137826    -19          11     -6   20 105  196  -25   90    7   90    7  19  0  0 L3P D5
G24 FF 61140 003800  780 469 3475      432487   -198           1    -22   28  58  101   13   87   34   87   34  27  0  0 L3P F3
G25 FF 61140 003800  780 373 2106    -4311903    -22          30    -50   23  44  121  -16   67   53   67   53  20  0  0 L3P EE
G29 FF 61140 003800  780 360 2581     3431557    -52           4     20   19  93  125   -8  114  -32  114  -32  16  0  0 L3P FC
G05 FF 61140 005400  780 284  496     2315326    -19           0    -24   20 151  154  -24   93   -2   93   -2  17  0  0 L3P D0
G11 FF 61140 005400  780 406 1386     3783660   -104          13     23   38 185  113   16   53  -23   53  -23  34  0  0 L3P 10
G12 FF 61140 005400  780 612 1412     6079912     45           0     45   14  16   84   -2   55  -42   55  -42  13  0  0 L3P B3
G21 FF 61140 005400  780 245  795    -4137820    -59          30    -45   41 105  177  -16   65   32   65   32  39  0  0 L3P 0D
G24 FF 61140 005400  780 395 3513      432316   -161          -2     14   21  58  116   19   98    5   98    5  17  0  0 L3P BB
G25 FF 61140 005400  780 431 2064    -4311874     74          32     47   16  44  108  -12   59  -53   59  -53  14  0  0 L3P 08
G29 FF 61140 005400  780 383 2490     3431491    -56           7     15   17  93  118   -6   97  -30   97  -30  14  0  0 L3P F2
G05 FF 61140 011000  780 330  568     2315334     29           3     25   28 151  135  -16   76  -30   76  -30  25  0  0 L3P D6
G11 FF 61140 011000  780 339 1413     3783525   -129          -1     -1   23 185  132   23   62    1   62    1  17  0  0 L3P B7
G12 FF 61140 011000  780 627 1249     6079913    -11           1    -11   17  16   83   -1   55   10   55   10  15  0  0 L3P A7
G21 FF 61140 011000  780 264  875    -4137867    -53          -4    -40   34 105  164   -9   90   27   90   27  28  0  0 L3P F6
G24 FF 61140 011000  780 322 3546      432168   -153          18     22   21  58  138   28   98    7   98    7  18  0  0 L3P C8
G25 FF 61140 011000  780 492 2024    -4311848     18          32     -9   16  44   97  -10   53    6   53    6  15  0  0 L3P AA
G29 FF 61140 011000  780 403 2396     3431417    -42           2     30   16  93  114   -4   89  -32   89  -32  15  0  0 L3P DA
G05 FF 61140 012600  780 371  651     2315334     20          13     15   26  27  122  -11   76  -22   76  -22  20  0  0 L3P C6
G11 FF 61140 012600  780 274 1425     3783404   -108           0     20   25 185  160   36   63  -15   63  -15  20  0  0 L3P F5
G12 FF 61140 012600  780 627 1076     6079919     -2           7     -2   14  16   83    1   54    2   54    2  12  0  0 L3P 65
G18 FF 61140 012600  780 260 3190     3806002    -86          31      8   25 148  168  -39  157  -69  157  -69  20  0  0 L3P 3E
G21 FF 61140 012600  780 275  959    -4137878    -32          -1    -18   24 105  158   -3   84   14   84   14  18  0  0 L3P FC
G24 FF 61140 012600  780 254 3577      432012   -145          30     30   19  58  171   43  118    9  118    9  14  0  0 L3P D8
G25 FF 61140 012600  780 558 1984    -4311839     28          15      1   13  44   89   -7   62  -12   62  -12  12  0  0 L3P D4
G29 FF 61140 012600  780 419 2300     3431354   -102           7    -30   19  93  110   -3   76   13   76   13  16  0  0 L3P D3
G05 FF 61140 014200  780 404  743     2315348    -14          23    -18   29  27  113   -7   63   17   63   17  25  0  0 L3P CC
G11 FF 61140 014200  780 209 1426     3783281   -224           1    -97   28 185  205   60   67   82   67   82  24  0  0 L3P 0A
G12 FF 61140 014200  780 610  907     6079922    -11          11    -11   24  16   84    2   60   21   60   21  18  0  0 L3P 97
G18 FF 61140 014200  780 322 3141     3805900   -103          20     -9   21 148  138  -24  123  -19  123  -19  17  0  0 L3P 30
G21 FF 61140 014200  780 276 1042    -4137866    -18          23     -4   24 105  158    2   54  -13   54  -13  20  0  0 L3P EB
G24 FF 61140 014200  780 189    9      431851   -139          37     36   19  58  225   71  161   13  161   13  20  0  0 L3P CA
G25 FF 61140 014200  780 628 1942    -4311816     16          11    -11   14  44   83   -6   62   10   62   10  12  0  0 L3P B8
G29 FF 61140 014200  780 434 2203     3431281    -73           3     -1   21  93  107   -3   76    0   76    0  18  0  0 L3P 89
G05 FF 61140 015800  780 427  846     2315349     -4          20     -9   22  27  108   -3   64    6   64    6  20  0  0 L3P 8B
G12 FF 61140 015800  780 577  760     6079918     33           6     33   16  16   87    4   64  -25   64  -25  15  0  0 L3P BB
G18 FF 61140 015800  780 382 3079     3805809    -85          19      9   26 148  119  -16  101  -29  101  -29  20  0  0 L3P 3C
G21 FF 61140 015800  780 267 1124    -4137895     32           7     46   31 105  163    9   62  -64   62  -64  29  0  0 L3P F3
G25 FF 61140 015800  780 701 1892    -4311788     31          14      4   15  44   78   -4   54   -8   54   -8  13  0  0 L3P B6
G28 FF 61140 015800  780 213 2385     5589222    -87          13      3   28 206  201  -24  120    0  120    0  22  0  0 L3P D3
G29 FF 61140 015800  780 446 2105     3431224    -35          14     37   20  93  105   -2   60  -30   60  -30  19  0  0 L3P DC
G05 FF 61140 021400  780 436  955     2315353    -28          14    -33   35  28  107    0   56   26   56   26  32  0  0 L3P C3
G12 FF 61140 021400  780 531  639     6079932    -77          26    -77   19  17   92    6   55   60   55   60  15  0  0 L3P CD
G18 FF 61140 021400  780 439 3002     3805721   -103          17     -9   48 149  106  -11   88   -3   88   -3  31  0  0 L3P FF
G21 FF 61140 021400  780 246 1199    -4137899    -22          17     -8   25 106  176   18   53   18   53   18  20  0  0 L3P 04
G25 FF 61140 021400  780 777 1812    -4311761     59          10     32   12  49   75   -2   48  -33   48  -33  10  0  0 L3P DE
G28 FF 61140 021400  780 234 2457     5589142   -104          25    -15   29 207  184  -12  118   18  118   18  26  0  0 L3P 46
G29 FF 61140 021400  780 458 2005     3431147    -82           8    -11   21  94  102   -2   61    8   61    8  17  0  0 L3P A4
G05 FF 61140 023000  780 428 1062     2315352     -5           9    -10   23  28  108    3   62   11   62   11  22  0  0 L3P 8F
G12 FF 61140 023000  780 477  544     6079930      2          23      2   17  17   99   10   59    7   59    7  14  0  0 L3P 71
G18 FF 61140 023000  780 489 2907     3805629    -99          16     -4   18 149   98   -7   79  -12   79  -12  15  0  0 L3P 1C
G21 FF 61140 023000  780 215 1266    -4137915     15          14     29   25 106  199   32   58  -21   58  -21  22  0  0 L3P 01
G25 FF 61140 023000  780 850 1547    -4311743     95           3     67   37  49   74   -1   55  -59   55  -59  37  0  0 L3P ED
G28 FF 61140 023000  780 245 2535     5589054    -76          23     14   29 207  176   -4  120  -14  120  -14  27  0  0 L3P 24
G29 FF 61140 023000  780 468 1904     3431081    -66          11      5   20  94  101   -2   55   -7   55   -7  17  0  0 L3P B5
G05 FF 61140 024600  780 406 1160     2315364    -14          17    -18   28  28  113    7   56   16   56   16  26  0  0 L3P D4
G12 FF 61140 024600  780 416  470     6079942     10          35     10   18  17  111   14   56  -12   56  -12  13  0  0 L3P C4
G18 FF 61140 024600  780 531 2793     3805537   -128          15    -33   21 149   92   -5   69   13   69   13  18  0  0 L3P 0D
G23 FF 61140 024600  780 209 3520    -6343437    -33          46     12   25 126  205  -66  146  -86  146  -86  18  0  0 L3P 53
G25 FF 61140 024600  780 846  478    -4311713     37           6      9   15  49   74    1   52  -11   52  -11  13  0  0 L3P 9E
G28 FF 61140 024600  780 246 2615     5588976   -186          31    -96   42 207  176    3  113   84  113   84  37  0  0 L3P 45
G29 FF 61140 024600  780 478 1801     3431022    -77          20     -6   20  94   99   -2   46    1   46    1  18  0  0 L3P 9F
G05 FF 61140 030200  780 371 1243     2315378      4          26      0   24  28  122   12   44    0   44    0  19  0  0 L3P 67
G12 FF 61140 030200  780 352  413     6079925      0          18      0   26  17  127   21   73   -4   73   -4  22  0  0 L3P 7D
G18 FF 61140 030200  780 561 2659     3805444    -79          13     16   15 149   89   -3   57  -20   57  -20  14  0  0 L3P 01
G23 FF 61140 030200  780 280 3531    -6343483    -60          43    -16   21 126  156  -39   98  -31   98  -31  18  0  0 L3P 35
G25 FF 61140 030200  780 768  248    -4311688     29           5      1   15  49   76    3   51    4   51    4  13  0  0 L3P 64
G28 FF 61140 030200  780 237 2696     5588784    -95         -75     -6   37 207  182   10  222    2  222    2  32  0  0 L3P 07
G29 FF 61140 030200  780 487 1696     3430941    -68           8      4   15  94   98   -1   54   -4   54   -4  12  0  0 L3P AE
G05 FF 61140 031800  780 325 1310     2315375    -22          19    -27   25  28  137   19   52   19   52   19  22  0  0 L3P E4
G12 FF 61140 031800  780 286  369     6079949     32          42     32   24  17  153   34   59  -14   59  -14  17  0  0 L3P F0
G18 FF 61140 031800  780 578 2510     3805345    -69           4     25   15 149   87   -1   55  -24   55  -24  11  0  0 L3P EE
G23 FF 61140 031800  780 355 3537    -6343532    -73          36    -29   17 126  126  -25   77   15   77   15  14  0  0 L3P 27
G25 FF 61140 031800  780 685  183    -4311651     19          16     -9   18  49   79    5   45   14   45   14  13  0  0 L3P B3
G28 FF 61140 031800  780 219 2775     5588848   -231          75   -141   68 207  195   18   80  155   80  155  66  0  0 L3P 75
G29 FF 61140 031800  780 494 1588     3430882    -99          18    -27   19  94   97   -1   43   15   43   15  16  0  0 L3P FB
G05 FF 61140 033400  780 273 1360     2315377    -26          17    -30   26  28  160   30   53   25   53   25  21  0  0 L3P D8
G12 FF 61140 033400  780 219  336     6079944    -22          38    -22   30  17  196   58   72   37   72   37  24  0  0 L3P EA
G18 FF 61140 033400  780 581 2357     3805259   -107           9    -12   13 149   87    0   46    6   46    6  11  0  0 L3P C0
G23 FF 61140 033400  780 434 3539    -6343582    -27          29     17   20 126  107  -17   65  -32   65  -32  13  0  0 L3P 26
G25 FF 61140 033400  780 601  152    -4311639      0           2    -27   24  49   85    7   55   23   55   23  22  0  0 L3P 86
G26 FF 61140 033400  780 228 2237     3517834    -31          51    -79   43  55  189  -46   56   50   56   50  39  0  0 L3P 12
G28 FF 61140 033400  780 196 2850     5588707    -99          21     -9   26 207  218   29  151   25  151   25  23  0  0 L3P 28
G29 FF 61140 033400  780 499 1476     3430827    -56          32     16   15  94   96    0   30  -14   30  -14  11  0  0 L3P D7
G05 FF 61140 035000  780 217 1396     2315385    -23          20    -28   42  28  198   52   51   33   51   33  36  0  0 L3P E7
G15 FF 61140 035000  780 204  768    -4017688    -52          22    -19   32  16  209  -24   63   22   63   22  27  0  0 L3P F1
G18 FF 61140 035000  780 572 2209     3805164   -104           3     -9   12 149   87    1   44   11   44   11  11  0  0 L3P B6
G23 FF 61140 035000  780 516 3538    -6343632    -45          22     -1   23 126   94  -11   58   -6   58   -6  18  0  0 L3P EC
G25 FF 61140 035000  780 518  134    -4311613     15           2    -12   19  49   94   11   52   13   52   13  17  0  0 L3P 9E
G26 FF 61140 035000  780 283 2273     3517852     93          23     45   24  55  155  -28   64  -46   64  -46  19  0  0 L3P 0F
G29 FF 61140 035000  780 500 1361     3430732    -61           5     10   17  94   96    0   56  -15   56  -15  14  0  0 L3P B5
G10 FF 61140 040600  780 219 3370     5897146     -7          17      1   53  25  196  -61  123  -35  123  -35  50  0  0 L3P 04
G15 FF 61140 040600  780 225  843    -4017734    -81           8    -48   40  17  191  -15   69   29   69   29  34  0  0 L3P F8
G18 FF 61140 040600  780 553 2073     3805061    -84         -12     10   17 150   89    2   53  -15   53  -15  13  0  0 L3P E5
G23 FF 61140 040600  780 601 3533    -6343677    -44          21      0   19 127   85   -8   50  -11   50  -11  19  0  0 L3P E2
G25 FF 61140 040600  780 438  125    -4311582     62           7     35   39  50  106   16   54  -22   54  -22  35  0  0 L3P CC
G26 FF 61140 040600  780 334 2322     3517894    -16          18    -63   24  56  133  -18   58   49   58   49  20  0  0 L3P 0E
G29 FF 61140 040600  780 496 1244     3430670   -104           8    -32   15  95   96    1   48   34   48   34  13  0  0 L3P D1
G10 FF 61140 042200  780 290 3351     5897127    -31           5    -23   27  25  151  -35   90   -6   90   -6  25  0  0 L3P D7
G15 FF 61140 042200  780 240  921    -4017751     60          23     93   34  17  180   -8   55  -82   55  -82  30  0  0 L3P DC
G18 FF 61140 042200  780 529 1951     3804974    -76          -9     19   23 150   92    3   45  -17   45  -17  20  0  0 L3P F2
G23 FF 61140 042200  780 688 3523    -6343739    -94           1    -50   21 127   79   -5   60   40   60   40  20  0  0 L3P DF
G25 FF 61140 042200  780 359  121    -4311560     23           3     -4   25  50  125   24   62    6   62    6  20  0  0 L3P 73
G26 FF 61140 042200  780 380 2388     3517930     46           9     -2   16  56  119  -11   61   -5   61   -5  14  0  0 L3P BE
G29 FF 61140 042200  780 486 1128     3430604    -92          12    -20   22  95   98    2   44   12   44   12  20  0  0 L3P B9
G10 FF 61140 043800  780 363 3322     5897110     27          -5     35   55  25  124  -22   77  -48   77  -48  53  0  0 L3P 04
G15 FF 61140 043800  780 246  999    -4017775    -29          30      4   26  17  176   -1   52   -5   52   -5  22  0  0 L3P C6
G18 FF 61140 043800  780 501 1840     3804890   -103          -3     -8   23 150   96    4   40   12   40   12  21  0  0 L3P BD
G23 FF 61140 043800  780 776 3505    -6343783    -82           0    -38   30 127   75   -3   55   38   55   38  28  0  0 L3P FD
G25 FF 61140 043800  780 284  123    -4311526     68          11     41   26  50  154   38   68    1   68    1  23  0  0 L3P A4
G26 FF 61140 043800  780 416 2471     3517965     40          -2     -8   17  56  111   -7   66   10   66   10  15  0  0 L3P C3
G29 FF 61140 043800  780 469 1016     3430528    -74           0     -3   24   9  101    4   50   18   50   18  20  0  0 L3P 96
G10 FF 61140 045400  780 436 3281     5897093    -17         -14     -9   19  25  107  -15   75    9   75    9  17  0  0 L3P EA
G15 FF 61140 045400  780 243 1077    -4017798    -26          39      7   32  17  177    5   36    0   36    0  29  0  0 L3P AF
G16 FF 61140 045400  780 237 2256    -2421779    -96          -9    -25   45  63  182  -38   76   17   76   17  39  0  0 L3P 2A
G18 FF 61140 045400  780 473 1740     3804804   -108           2    -13   17 150  100    5   41   10   41   10  14  0  0 L3P C6
G23 FF 61140 045400  780 864 3450    -6343801    -44          25      0   20 127   74   -1   29    4   29    4  18  0  0 L3P AB
G25 FF 61140 045400  780 213  130    -4311488     64          22     36   29  50  202   65   73  -29   73  -29  24  0  0 L3P E5
G26 FF 61140 045400  780 439 2569     3518011     55          -2      7   24  56  106   -3   68   -3   68   -3  22  0  0 L3P B3
G29 FF 61140 045400  780 444  909     3430466    -95           7    -23   17   9  105    5   45   13   45   13  16  0  0 L3P AE
G10 FF 61140 051000  780 509 3222     5897097    -14          -2     -6   16  25   95  -10   62    2   62    2  14  0  0 L3P 9F
G15 FF 61140 051000  780 231 1151    -4017849    -24          19      9   25  17  186   13   57  -17   57  -17  20  0  0 L3P F1
G16 FF 61140 051000  780 285 2306    -2421828   -107          10    -36   30  63  154  -23   64   33   64   33  27  0  0 L3P 09
G18 FF 61140 051000  780 444 1647     3804721   -112          10    -18   23 150  105    5   42   21   42   21  19  0  0 L3P DD
G23 FF 61140 051000  780 849 1736    -6343851    -40          18      4   16 127   74    1   38   -8   38   -8  14  0  0 L3P C9
G26 FF 61140 051000  780 448 2677     3518068     42           9     -6   26  56  104    0   63    3   63    3  22  0  0 L3P 86
G29 FF 61140 051000  780 413  811     3430418    -61          28     11   22   9  111    8   36   -9   36   -9  18  0  0 L3P 96
G10 FF 61140 052600  780 580 3138     5897083    -28          -9    -20   15  25   87   -7   62   14   62   14  13  0  0 L3P D9
G15 FF 61140 052600  780 210 1219    -4017871   -119          29    -86   31  17  204   25   48   74   48   74  25  0  0 L3P 15
G16 FF 61140 052600  780 327 2369    -2421909    -34          -3     36   26  63  136  -14   75  -28   75  -28  21  0  0 L3P 1C
G18 FF 61140 052600  780 417 1558     3804640    -83          19     11   23 150  110    6   37  -10   37  -10  20  0  0 L3P E4
G23 FF 61140 052600  780 764 1690    -6343911    -18           0     27   13 127   76    3   52  -27   52  -27  12  0  0 L3P E2
G26 FF 61140 052600  780 441 2787     3518107     50           2      2   17  56  106    3   68   -4   68   -4  16  0  0 L3P 97
G29 FF 61140 052600  780 374  723     3430340    -94          19    -22   22   9  121   12   47   32   47   32  20  0  0 L3P BB
G10 FF 61140 054200  780 643 3013     5897081    -28          -3    -20   12  25   82   -4   49   13   49   13  10  0  0 L3P C1
G15 FF 61140 054200  780 180 1279    -4017908   -106          23    -73   32  17  236   42   53   57   53   57  25  0  0 L3P 11
G16 FF 61140 054200  780 360 2447    -2421974   -107           0    -36   22  63  125   -8   74   31   74   31  19  0  0 L3P F0
G18 FF 61140 054200  780 390 1473     3804536    -70           5     24   16 150  116    7   51  -20   51  -20  14  0  0 L3P D3
G23 FF 61140 054200  780 681 1662    -6343958    -42          -5      2   16 127   79    5   51  -12   51  -12  14  0  0 L3P DC
G26 FF 61140 054200  780 420 2892     3518153     56           3      8   26  56  110    6   68   -6   68   -6  21  0  0 L3P 9B
G29 FF 61140 054200  780 330  645     3430276    -86          23    -14   35   9  135   17   46   20   46   20  31  0  0 L3P C1
G10 FF 61140 055800  780 691 2827     5897067     -3          -9      5   13  25   79   -2   56    0   56    0  12  0  0 L3P 8B
G16 FF 61140 055800  780 381 2537    -2422033    -58           8     13   24  63  119   -4   73    1   73    1  20  0  0 L3P A9
G18 FF 61140 055800  780 365 1390     3804457    -86          18      8   13 150  123    7   42   -1   42   -1  12  0  0 L3P C0
G23 FF 61140 055800  780 602 1634    -6343992    -66           4    -21   17 127   85    7   44   25   44   25  15  0  0 L3P E2
G26 FF 61140 055800  780 388 2988     3518200     63           3     15   24  56  117   10   76   -4   76   -4  19  0  0 L3P CB
G27 FF 61140 055800  780 236 2175     1006660    126          18    -31   45  66  183  -45   59   22   59   22  38  0  0 L3P 0E
G29 FF 61140 055800  780 281  578     3430212    -17          28     55   28   9  156   27   54  -35   54  -35  26  0  0 L3P ED
G32 FF 61140 055800  780 216   34       53115   -167          14     27   26  15  199  -56   93  -32   93  -32  21  0  0 L3P D4
G10 FF 61140 061400  780 714 2575     5897060     -3          -6      5   13  26   78    0   52   -8   52   -8  10  0  0 L3P 87
G16 FF 61140 061400  780 388 2635    -2422096    -63          17      7   21  65  117    0   75   -1   75   -1  19  0  0 L3P C2
G18 FF 61140 061400  780 341 1309     3804365   -131          12    -37   17 151  131    8   52   33   52   33  14  0  0 L3P EA
G23 FF 61140 061400  780 527 1605    -6344027    -31          19     14   19 128   92    9   44  -10   44  -10  16  0  0 L3P EA
G26 FF 61140 061400  780 348 3072     3518251     16          13    -32   34  92  129   14   79   28   79   28  22  0  0 L3P EC
G27 FF 61140 061400  780 297 2167     1006796    125           2    -32   30  67  148  -29   65   19   65   19  25  0  0 L3P 02
G29 FF 61140 061400  780 229  520     3430145      0          31     72   37  10  188   43   62  -46   62  -46  32  0  0 L3P BE
G32 FF 61140 061400  780 281   64       52936   -145          21     49   24  16  156  -35   68  -59   68  -59  19  0  0 L3P EC
G10 FF 61140 063000  780 704 2311     5897058     10           1     18   14  26   78    1   44  -16   44  -16  12  0  0 L3P A6
G16 FF 61140 063000  780 382 2735    -2422160    -56          21     14   29  65  119    3   79   -7   79   -7  25  0  0 L3P DC
G18 FF 61140 063000  780 317 1229     3804278    -71          16     23   19 151  139   10   56  -21   56  -21  15  0  0 L3P 04
G23 FF 61140 063000  780 456 1572    -6344076    -44          12      1   21 128  103   12   52    6   52    6  19  0  0 L3P B6
G26 FF 61140 063000  780 303 3147     3518296     52          12      5   21  92  145   20   86   -3   86   -3  16  0  0 L3P B1
G27 FF 61140 063000  780 362 2167     1006957    151          12     -6   18  67  124  -20   56   -4   56   -4  15  0  0 L3P DD
G32 FF 61140 063000  780 350   94       52736   -206           7    -12   16  16  128  -23   72   -1   72   -1  15  0  0 L3P 92
G10 FF 61140 064600  780 668 2100     5897050    -16           0     -8   15  26   80    3   42    4   42    4  14  0  0 L3P 72
G16 FF 61140 064600  780 363 2833    -2422230    -78          19     -8   21  65  124    7   83   11   83   11  18  0  0 L3P D6
G18 FF 61140 064600  780 293 1150     3804206   -129          34    -34   24 151  149   12   42   37   42   37  22  0  0 L3P 08
G23 FF 61140 064600  780 390 1537    -6344108    -64          22    -20   22 128  117   17   45   18   45   18  18  0  0 L3P 0C
G26 FF 61140 064600  780 257 3214     3518340     29          10    -18   22  92  169   29   91   16   91   16  18  0  0 L3P EC
G27 FF 61140 064600  780 428 2180     1007100    164           4      8   29  67  108  -14   57   -8   57   -8  25  0  0 L3P CB
G32 FF 61140 064600  780 422  127       52564   -205          22    -10   36  16  109  -16   53    3   53    3  33  0  0 L3P 9A
G10 FF 61140 070200  780 618 1949     5897038    -19          -4    -11   15  26   83    4   45    9   45    9  14  0  0 L3P B2
G16 FF 61140 070200  780 334 2923    -2422292    -79          25     -9   27  65  133   12   79   14   79   14  22  0  0 L3P F1
G18 FF 61140 070200  780 269 1073     3804107    -66          25     29   42 151  162   14   51  -29   51  -29  41  0  0 L3P 09
G23 FF 61140 070200  780 329 1500    -6344150    -36          22      8   21 128  135   22   43   -7   43   -7  19  0  0 L3P D0
G26 FF 61140 070200  780 212 3276     3518401    -10          25    -57   43  92  202   42   87   60   87   60  40  0  0 L3P E3
G27 FF 61140 070200  780 495 2210     1007263    149          17     -8   21  67   97  -10   42    4   42    4  20  0  0 L3P A8
G32 FF 61140 070200  780 497  168       52378   -190          23      4   17  16   96  -11   49   -4   49   -4  13  0  0 L3P A4
G08 FF 61140 071800  780 240 2211    -4641109     54          -3    -12   33  31  180  -44   79    4   79    4  28  0  0 L3P CA
G10 FF 61140 071800  780 563 1836     5897029    -10          -6     -2   12  26   88    6   42   -2   42   -2  12  0  0 L3P A4
G16 FF 61140 071800  780 298 3005    -2422349    -46          36     25   24  65  147   18   72  -22   72  -22  19  0  0 L3P 11
G18 FF 61140 071800  780 243  997     3804017    -51          27     43   38 151  178   19   56  -35   56  -35  30  0  0 L3P 11
G23 FF 61140 071800  780 272 1459    -6344209    -72           7    -27   28 128  160   31   58   22   58   22  22  0  0 L3P 02
G27 FF 61140 071800  780 561 2265     1007414    162          17      5   16  67   89   -7   39   -9   39   -9  15  0  0 L3P CB
G32 FF 61140 071800  780 573  224       52194   -216          26    -21   15  16   87   -8   43   17   43   17  12  0  0 L3P AE
G08 FF 61140 073400  780 299 2238    -4641038     76           5     10   33  31  147  -27   60  -13   60  -13  29  0  0 L3P F5
G10 FF 61140 073400  780 508 1745     5897022    -37          -5    -29   18  26   95    8   42   20   42   20  14  0  0 L3P C8
G16 FF 61140 073400  780 257 3079    -2422414    -66          38      5   30  65  169   26   72    1   72    1  23  0  0 L3P BB
G18 FF 61140 073400  780 215  924     3803938    -24          38     71   41 151  199   26   52  -42   52  -42  36  0  0 L3P 07
G23 FF 61140 073400  780 219 1415    -6344219    -17          39     28   29 128  196   44   35    1   35    1  22  0  0 L3P E0
G27 FF 61140 073400  780 621 2360     1007562    163          14      6   13  67   83   -4   42   -8   42   -8  11  0  0 L3P A7
G32 FF 61140 073400  780 647  311       52011   -195          29     -1   16  16   81   -5   37   -1   37   -1  14  0  0 L3P 82
G08 FF 61140 075000  780 357 2279    -4640969     42          10    -24   25  31  126  -18   50   28   50   28  21  0  0 L3P FC
G10 FF 61140 075000  780 455 1666     5897013     -7          -7      1   12  26  103    9   43    1   43    1  13  0  0 L3P 71
G16 FF 61140 075000  780 215 3148    -2422482    -60          38     10   26  65  199   38   76    5   76    5  21  0  0 L3P D4
G18 FF 61140 075000  780 186  853     3803837    -11          32     84   38 152  229   38   56  -79   56  -79  32  0  0 L3P 21
G27 FF 61140 075000  780 667 2514     1007711    139          13    -18   12  67   80   -2   43   18   43   18  10  0  0 L3P D1
G32 FF 61140 075000  780 712  466       51818   -204          22     -9   11  16   78   -3   41    3   41    3  11  0  0 L3P 66
G08 FF 61140 080600  780 411 2338    -4640913     63           7     -3   20  32  112  -12   52    3   52    3  18  0  0 L3P 99
G10 FF 61140 080600  780 405 1595     5897005    -39          -9    -31   26  27  113   12   49   37   49   37  23  0  0 L3P F7
G27 FF 61140 080600  780 687 2727     1007867    168          21     11   16  71   79    0   41   -1   41   -1  14  0  0 L3P B6
G32 FF 61140 080600  780 750  736       51646    -99          34     96   40  17   76   -1   33  -53   33  -53  26  0  0 L3P BC
G02 FF 61140 082200  780 229 2187     -757731    -24          11     55   30  35  188  -44   51  -68   51  -68  28  0  0 L3P 11
G08 FF 61140 082200  780 457 2418    -4640848     62           9     -4   17  32  103   -7   49   -2   49   -2  14  0  0 L3P C3
G10 FF 61140 082200  780 358 1527     5896991      1         -14      9   24  27  125   14   49   -6   49   -6  21  0  0 L3P C3
G27 FF 61140 082200  780 672 2950     1008023    181          26     24   15  71   80    2   38  -26   38  -26  14  0  0 L3P D4
G32 FF 61140 082200  780 740 1060       51424   -306          -1   -111   22  17   77    1   55   66   55   66  15  0  0 L3P B1
G02 FF 61140 083800  780 286 2149     -757817    -85           0     -6   26  35  153  -30   53   -2   53   -2  25  0  0 L3P CD
G08 FF 61140 083800  780 491 2520    -4640791     75           3      9   16  32   97   -4   47  -10   47  -10  14  0  0 L3P C7
G10 FF 61140 083800  780 315 1460     5896998     16           0     24   22  27  140   17   38  -13   38  -13  18  0  0 L3P E3
G27 FF 61140 083800  780 628 3124     1008172    170          25     13   12  71   83    4   39   -6   39   -6  10  0  0 L3P B2
G28 FF 61140 083800  780 226  379     5587068   -103          26    -13   38 211  190  -38   63   32   63   32  31  0  0 L3P 19
G32 FF 61140 083800  780 690 1276       51234   -198          -5     -3   14  17   79    3   53    5   53    5  12  0  0 L3P 81
G02 FF 61140 085400  780 348 2115     -757881   -111          12    -32   21  35  129  -21   40   42   40   42  18  0  0 L3P F2
G08 FF 61140 085400  780 508 2640    -4640724     70           7      4   17  32   95   -1   46   -3   46   -3  16  0  0 L3P 9D
G10 FF 61140 085400  780 275 1395     5896978     37         -12     45   24  27  159   21   69  -19   69  -19  21  0  0 L3P 26
G27 FF 61140 085400  780 568 3243     1008323    158          25      1   14  71   88    7   46   12   46   12  12  0  0 L3P AE
G28 FF 61140 085400  780 273  441     5586971    -73          16     17   40 211  160  -26   77    2   77    2  35  0  0 L3P D8
G32 FF 61140 085400  780 621 1386       51060   -174           8     21   13  17   83    6   47  -16   47  -16  11  0  0 L3P AB
G02 FF 61140 091000  780 414 2084     -757970    -71          -2      7   14  35  111  -16   51   -5   51   -5  11  0  0 L3P B1
G08 FF 61140 091000  780 507 2769    -4640669     47          -2    -19   18  32   95    2   54   20   54   20  16  0  0 L3P CF
G10 FF 61140 091000  780 239 1330     5896983     -3           1      5   29  27  181   26   80   27   80   27  21  0  0 L3P AE
G27 FF 61140 091000  780 499 3325     1008474    139          26    -18   27  71   96   10   56   28   56   28  25  0  0 L3P F8
G28 FF 61140 091000  780 319  509     5586895    -48          26     42   38 211  139  -18   75  -39   75  -39  29  0  0 L3P 38
G31 FF 61140 091000  780 222  226     1563176    -45          10    -22   26  29  193  -45   91   31   91   31  20  0  0 L3P D4
G32 FF 61140 091000  780 548 1440       50882   -183          17     11   29  17   90    9   48   -1   48   -1  28  0  0 L3P A3
G01 FF 61140 092600  780 194 2195    -3007107     71          30     -8   43  95  220  -62   60   12   60   12  37  0  0 L3P D7
G02 FF 61140 092600  780 485 2059     -758040    -21           3     57   20  35   98  -12   56  -36   56  -36  15  0  0 L3P E8
G08 FF 61140 092600  780 487 2892    -4640598     33           6    -32   21  32   98    4   60   38   60   38  17  0  0 L3P D4
G10 FF 61140 092600  780 205 1264     5896955    -56         -20    -48   24  27  208   32  129   88  129   88  19  0  0 L3P 42
G27 FF 61140 092600  780 429 3386     1008638    167          38     10   29  71  108   15   67   20   67   20  28  0  0 L3P F8
G28 FF 61140 092600  780 363  587     5586801    -64          18     25   22 211  124  -13   91   -8   91   -8  18  0  0 L3P F7
G31 FF 61140 092600  780 277  277     1563129    -67         -13    -44   30  29  158  -30  118   49  118   49  27  0  0 L3P 30
G32 FF 61140 092600  780 473 1463       50697   -189          18      5   18  17  100   12   63   13   63   13  17  0  0 L3P BE
G01 FF 61140 094200  780 252 2167    -3007039    105          22     25   42  95  172  -39   80    0   80    0  38  0  0 L3P CC
G02 FF 61140 094200  780 561 2039     -758115   -100           4    -22   13  35   89   -8   63   28   63   28  12  0  0 L3P CE
G08 FF 61140 094200  780 453 3002    -4640520     49          21    -17   46  32  103    7   67   28   67   28  32  0  0 L3P D9
G27 FF 61140 094200  780 359 3435     1008795    167          45     10   45  71  125   22   84   12   84   12  44  0  0 L3P EE
G28 FF 61140 094200  780 401  675     5586708    -89          12      0   24 211  114   -8  103    3  103    3  21  0  0 L3P BB
G31 FF 61140 094200  780 333  333     1563116      2          -4     26   31  29  134  -21  115  -10  115  -10  26  0  0 L3P CD
G32 FF 61140 094200  780 401 1468       50508   -207          16    -12   18  17  114   17   83   30   83   30  16  0  0 L3P CA
G01 FF 61140 095800  780 313 2144    -3007000     38         -15    -41   16  95  141  -27  120   40  120   40  13  0  0 L3P 00
G02 FF 61140 095800  780 640 2028     -758195    -91          -2    -12   14  35   82   -6   74   19   74   19  11  0  0 L3P D7
G03 FF 61140 095800  780 187 2461    -5087328     57          21    -84   39   6  227  -32  108   88  108   88  34  0  0 L3P 31
G08 FF 61140 095800  780 408 3095    -4640469     56           8    -10   17  32  112   11   98   31   98   31  13  0  0 L3P E8
G27 FF 61140 095800  780 291 3477     1008953    179          53     23   22  71  151   32  109   10  109   10  18  0  0 L3P 0C
G28 FF 61140 095800  780 430  774     5586631    -88          21      2   18 211  108   -5  107   11  107   11  16  0  0 L3P ED
G31 FF 61140 095800  780 389  397     1563099     -9           2     15   17  29  117  -15  116  -10  116  -10  14  0  0 L3P FD
G32 FF 61140 095800  780 331 1462       50324   -144          18     51   30  17  134   25  111  -18  111  -18  23  0  0 L3P F0
G01 FF 61140 101400  780 379 2128    -3006903     80           6      1   24  96  120  -19  111   13  111   13  22  0  0 L3P C6
G02 FF 61140 101400  780 723 2035     -758262    -75           6      4   12  37   77   -4   82   11   82   11  10  0  0 L3P 8E
G03 FF 61140 101400  780 214 2392    -5087198    151          15     10   29   9  200  -25  126   12  126   12  25  0  0 L3P F7
G04 FF 61140 101400  780 212 3087     -526998      2          45     18   58 129  203  -51  124  -20  124  -20  41  0  0 L3P 08
G08 FF 61140 101400  780 358 3174    -4640406     66          13      0   19  33  126   16  118   25  118   25  16  0  0 L3P E8
G27 FF 61140 101400  780 227 3516     1009095    214          43     57   27  74  190   50  159    1  159    1  20  0  0 L3P DD
G28 FF 61140 101400  780 446  882     5586535   -135          10    -44   19 212  105   -2  121   45  121   45  15  0  0 L3P 12
G31 FF 61140 101400  780 443  472     1563074    -20          -5      4   16  35  105  -10  124   -2  124   -2  13  0  0 L3P B1
G32 FF 61140 101400  780 265 1446       50125   -158          -1     36   22  18  164   38  158   19  158   19  18  0  0 L3P EF
G01 FF 61140 103000  780 448 2121    -3006812     44          20    -35   13  96  104  -13  105   27  105   27  12  0  0 L3P F2
G02 FF 61140 103000  780 807 2101     -758336    -75           7      3   14  37   75   -2   94    8   94    8  12  0  0 L3P 7D
G03 FF 61140 103000  780 242 2324    -5087055    176          23     35   42   9  178  -21  130  -18  130  -18  39  0  0 L3P 1C
G04 FF 61140 103000  780 265 3030     -527036    -23          23     -7   25 129  164  -31  146   14  146   14  21  0  0 L3P F9
G08 FF 61140 103000  780 305 3242    -4640336    113          19     47   24  33  144   23  143   -6  143   -6  20  0  0 L3P EF
G28 FF 61140 103000  780 446  994     5586456    -81          18     10   31 212  105    1  126    4  126    4  26  0  0 L3P C8
G31 FF 61140 103000  780 492  564     1563055     -9          -1     14   14  35   97   -7  123   -3  123   -3  12  0  0 L3P A5
G32 FF 61140 103000  780 203 1424       49944   -222           5    -28   49  18  211   61  204  102  204  102  36  0  0 L3P EF
G01 FF 61140 104600  780 519 2127    -3006745     79          11      0   15  96   93  -10  117   -1  117   -1  15  0  0 L3P CF
G02 FF 61140 104600  780 872 2811     -758419    -45          -1     33   11  37   74    0  112  -17  112  -17  11  0  0 L3P DB
G03 FF 61140 104600  780 273 2256    -5086921    129          21    -12   36   9  160  -17  145   24  145   24  35  0  0 L3P 17
G04 FF 61140 104600  780 315 2963     -527050    -46          23    -30   20 129  141  -20  153   34  153   34  17  0  0 L3P 10
G08 FF 61140 104600  780 253 3302    -4640265     69          27      3   46  33  171   34  180   47  180   47  40  0  0 L3P F1
G28 FF 61140 104600  780 431 1099     5586353   -128           2    -37   24 212  108    5  154   43  154   43  20  0  0 L3P 0E
G31 FF 61140 104600  780 531  676     1563034    -43           1    -19   21  35   92   -4  126   13  126   13  18  0  0 L3P C4
G01 FF 61140 110200  780 593 2151    -3006663     59          17    -20   13  96   86   -7  120   25  120   25  12  0  0 L3P E2
G02 FF 61140 110200  780 806 3522     -758478   -131          15    -52   41  37   75    2  114   63  114   63  41  0  0 L3P ED
G03 FF 61140 110200  780 305 2188    -5086785    162          22     21   26   9  144  -15  154  -13  154  -13  23  0  0 L3P 1B
G04 FF 61140 110200  780 360 2886     -527055     -9          34      7   31 129  125  -13  149   -7  149   -7  25  0  0 L3P F3
G08 FF 61140 110200  780 202 3358    -4640201     99          28     33   51  33  211   50  229   33  229   33  41  0  0 L3P F0
G28 FF 61140 110200  780 400 1192     5586276   -108          12    -17   24 212  114    9  167   43  167   43  20  0  0 L3P 17
G31 FF 61140 110200  780 555  808     1563016    -45           6    -21   17  35   89   -2  133   33  133   33  15  0  0 L3P C6
G01 FF 61140 111800  780 666 2212    -3006587     84          16      4   12  96   80   -4  127   11  127   11  10  0  0 L3P C7
G02 FF 61140 111800  780 719 3597     -758553    -57          16     22   13  37   77    4  135    0  135    0  11  0  0 L3P B9
G03 FF 61140 111800  780 340 2120    -5086653    205          19     64   25   9  131  -13  168  -39  168  -39  22  0  0 L3P 2A
G04 FF 61140 111800  780 400 2798     -527086     -4          18     12   24 129  114   -9  164    4  164    4  20  0  0 L3P CE
G28 FF 61140 111800  780 358 1267     5586199    -91          22      0   35 212  125   15  192   48  192   48  30  0  0 L3P 16
G31 FF 61140 111800  780 559  950     1562981    -14          -6     10   16  35   89    1  154    1  154    1  15  0  0 L3P A0
G01 FF 61140 113400  780 733 2347    -3006503     67          24    -13   14  96   77   -2  132   23  132   23  12  0  0 L3P E0
G02 FF 61140 113400  780 632   19     -758609    -73          35      5   22  37   82    7  145   26  145   26  20  0  0 L3P A6
G03 FF 61140 113400  780 379 2050    -5086512    148          24      7   27   9  120  -11  171    0  171    0  24  0  0 L3P C1
G04 FF 61140 113400  780 433 2700     -527085    -16          38      0   24 130  107   -6  154   -2  154   -2  18  0  0 L3P D4
G28 FF 61140 113400  780 308 1326     5586126    -90          37      1   31 212  143   23  225   50  225   50  26  0  0 L3P F3
G31 FF 61140 113400  780 542 1083     1562963    -15          -1      9   19  35   91    3  169    6  169    6  17  0  0 L3P AE
G01 FF 61140 115000  780 777 2637    -3006422     87          28      8   15  96   75   -1  137   10  137   10  13  0  0 L3P D6
G02 FF 61140 115000  780 547   29     -758676   -100          44    -21   16  37   90   10  166   53  166   53  14  0  0 L3P E5
G03 FF 61140 115000  780 420 1979    -5086364    155          37     14   19   9  110   -9  164  -17  164  -17  15  0  0 L3P 1F
G04 FF 61140 115000  780 459 2594     -527104     -9          34      7   13 130  102   -4  165   -9  165   -9   9  0  0 L3P CB
G09 FF 61140 115000  780 187 2806    -7608653     14          21    -16   54  22  227  -42  273   -1  273   -1  54  0  0 L3P 11
G28 FF 61140 115000  780 253 1369     5586025    -60          23     31   30 212  172   37  287   29  287   29  24  0  0 L3P 20
G31 FF 61140 115000  780 508 1194     1562950    -29           9     -5   22  35   95    6  177   21  177   21  20  0  0 L3P C9
G01 FF 61140 120600  780 767 3023    -3006345     75          29     -5   15  97   76    1  153   26  153   26  13  0  0 L3P D8
G02 FF 61140 120600  780 464   37     -758749    -62          40     17   19  38  101   14  199   27  199   27  15  0  0 L3P F0
G03 FF 61140 120600  780 464 1903    -5086229    150          39      9   17  82  101   -8  164   -8  164   -8  17  0  0 L3P FD
G04 FF 61140 120600  780 477 2481     -527124    -29          28    -13   19 131   99   -2  172   31  172   31  17  0  0 L3P 04
G09 FF 61140 120600  780 221 2736    -7608682   -245         -38   -275   37  23  195  -28  328  298  328  298  33  0  0 L3P AE
G26 FF 61140 120600  780 196  817     3519270     95          30     48   32  17  217  -21  378  -52  378  -52  27  0  0 L3P 22
G28 FF 61140 120600  780 194 1398     5585954   -124          36    -33   50 213  220   64  349  141  349  141  35  0  0 L3P 69
G31 FF 61140 120600  780 460 1279     1562933    -15          15      9   35  43  102    9  188   19  188   19  32  0  0 L3P EC
G01 FF 61140 122200  780 712 3263    -3006251     90          47     10   26  97   78    3  157   12  157   12  20  0  0 L3P CC
G02 FF 61140 122200  780 385   45     -758823    -26          41     52   19  38  118   21  242    1  242    1  15  0  0 L3P A8
G03 FF 61140 122200  780 510 1820    -5086094    151          38     10   16  82   95   -7  168   -1  168   -1  14  0  0 L3P EA
G04 FF 61140 122200  780 488 2365     -527135     -7          32      9   19 131   98   -1  180   -4  180   -4  17  0  0 L3P CC
G09 FF 61140 122200  780 251 2662    -7608595    173          20    144   38  23  172  -19  274 -150  274 -150  34  0  0 L3P 78
G26 FF 61140 122200  780 213  890     3519350     30          64    -17   30  17  201  -12  335   12  335   12  27  0  0 L3P E2
G31 FF 61140 122200  780 405 1338     1562919    -25          24     -1   30  43  113   14  214   35  214   35  27  0  0 L3P E4
G01 FF 61140 123800  780 639 3381    -3006180     48          42    -32   23  97   82    6  181   56  181   56  21  0  0 L3P F2
G02 FF 61140 123800  780 310   55     -758903    -12          36     67   35  38  143   31  299    5  299    5  30  0  0 L3P C2
G03 FF 61140 123800  780 558 1726    -5085964    176          33     35   14  82   89   -5  180  -30  180  -30  12  0  0 L3P 25
G04 FF 61140 123800  780 493 2247     -527145     -7          37      9   21 131   97    0  181   -6  181   -6  17  0  0 L3P C4
G09 FF 61140 123800  780 279 2585    -7608556     12          31    -17   26  23  156  -14  258    1  258    1  21  0  0 L3P 06
G16 FF 61140 123800  780 196  642    -2423713    -73          39     -3   44  12  218  -35  406  -32  406  -32  36  0  0 L3P 20
G26 FF 61140 123800  780 223  966     3519373     73          41     25   32  17  193   -5  356  -14  356  -14  27  0  0 L3P 09
G31 FF 61140 123800  780 345 1378     1562889    -30          17     -6   13  43  130   21  255   43  255   43  11  0  0 L3P FA
G01 FF 61140 125400  780 562 3446    -3006101     87          44      7   39  97   89    8  206   25  206   25  38  0  0 L3P DC
G02 FF 61140 125400  780 239   68     -758972    -75          43      3   35  38  181   50  373  100  373  100  31  0  0 L3P EF
G03 FF 61140 125400  780 605 1612    -5085825    132          37     -9   14  82   85   -4  178   18  178   18  12  0  0 L3P 07
G04 FF 61140 125400  780 492 2132     -527160     23          37     38   18 131   97    0  185  -26  185  -26  16  0  0 L3P FB
G09 FF 61140 125400  780 305 2505    -7608533     71          26     41   24  23  144  -11  256  -43  256  -43  20  0  0 L3P 1F
G16 FF 61140 125400  780 227  713    -2423792   -105          27    -35   33  12  190  -24  397   15  397   15  30  0  0 L3P 2C
G26 FF 61140 125400  780 224 1041     3519457     21          80    -27   38  17  192    3  318   36  318   36  34  0  0 L3P F5
G31 FF 61140 125400  780 284 1402     1562877    -72          29    -48   25  43  154   32  291   92  291   92  19  0  0 L3P 25
G01 FF 61140 131000  780 484 3488    -3006018     55          50    -25   42  97   98   12  231   57  231   57  36  0  0 L3P 03
G03 FF 61140 131000  780 646 1466    -5085688    158          39     17   14  82   81   -3  180  -12  180  -12  12  0  0 L3P 1A
G04 FF 61140 131000  780 487 2020     -527179      1          34     17   17 131   98    1  193  -13  193  -13  14  0  0 L3P D9
G07 FF 61140 131000  780 244 3206     1714777     34          23    -11   25  42  178  -44  348  -24  348  -24  21  0  0 L3P 24
G09 FF 61140 131000  780 329 2424    -7608500     25          31     -4   33  23  135   -9  246    6  246    6  30  0  0 L3P C9
G16 FF 61140 131000  780 253  787    -2423836   -143          51    -72   36  12  171  -16  350   47  350   47  33  0  0 L3P 28
G26 FF 61140 131000  780 216 1114     3519455     69          31     21   25  17  198   11  371  -11  371  -11  20  0  0 L3P F9
G31 FF 61140 131000  780 222 1414     1562857    -78          32    -54   36  43  194   52  331  109  331  109  27  0  0 L3P 2F
G01 FF 61140 132600  780 408 3520    -3005943     53          50    -26   16  97  112   17  270   65  270   65  14  0  0 L3P 07
G03 FF 61140 132600  780 677 1279    -5085556    161          36     20   13  82   80   -1  189  -12  189  -12  11  0  0 L3P 1F
G04 FF 61140 132600  780 480 1911     -527194    -13          35      3   23 131   99    1  202    3  202    3  18  0  0 L3P 9E
G07 FF 61140 132600  780 306 3163     1714833     77          35     31   23  42  144  -27  308  -58  308  -58  19  0  0 L3P 29
G09 FF 61140 132600  780 351 2341    -7608477     45          25     15   26  23  127   -7  252  -16  252  -16  24  0  0 L3P 1A
G16 FF 61140 132600  780 274  866    -2423936    -50          19     20   29  12  159   -9  361  -27  361  -27  24  0  0 L3P 22
G26 FF 61140 132600  780 200 1183     3519511     74          42     26   29  17  214   22  367  -21  367  -21  23  0  0 L3P 05
G01 FF 61140 134200  780 336 3548    -3005867     66          49    -14   26  97  133   26  328   78  328   78  20  0  0 L3P 2E
G03 FF 61140 134200  780 686 1056    -5085424    124          32    -17   13  82   79    0  198   28  198   28  11  0  0 L3P 0C
G04 FF 61140 134200  780 472 1805     -527214     -7          29      8   24 131  100    2  219    2  219    2  19  0  0 L3P A3
G06 FF 61140 134200  780 208 2308     6110938     37          50     53   29  39  206  -36  333  -53  333  -53  25  0  0 L3P 1F
G07 FF 61140 134200  780 368 3109     1714871     57          30     12   21  42  123  -18  293  -24  293  -24  16  0  0 L3P 19
G09 FF 61140 134200  780 373 2257    -7608442     50          32     21   20  23  121   -6  248  -24  248  -24  17  0  0 L3P 0E
G16 FF 61140 134200  780 286  948    -2423964      3          59     74   37  12  153   -4  317  -53  317  -53  31  0  0 L3P 05
G01 FF 61140 135800  780 266 3575    -3005797     78          43     -2   22  97  164   39  400   83  400   83  19  0  0 L3P 15
G03 FF 61140 135800  780 669  835    -5085294    135          26     -6   16  82   80    2  211   11  211   11  15  0  0 L3P D5
G04 FF 61140 135800  780 462 1703     -527227      1          32     17   19 131  102    2  227   -2  227   -2  17  0  0 L3P BD
G06 FF 61140 135800  780 241 2375     6110918      1          45     17   38  39  179  -20  328  -14  328  -14  31  0  0 L3P 11
G07 FF 61140 135800  780 427 3040     1714912     54          27      9   26  42  108  -12  278  -23  278  -23  17  0  0 L3P 12
G09 FF 61140 135800  780 395 2171    -7608411     15          34    -15   31  23  115   -6  246   10  246   10  29  0  0 L3P 03
G16 FF 61140 135800  780 289 1031    -2424041   -156          49    -85   28  12  152    1  322   81  322   81  24  0  0 L3P 17
G01 FF 61140 141400  780 201    2    -3005688    162          75     83   24  98  212   65  475   44  475   44  21  0  0 L3P E2
G03 FF 61140 141400  780 629  656    -5085156    138          29     -3   17  90   83    4  224   24  224   24  15  0  0 L3P E0
G04 FF 61140 141400  780 452 1602     -527234     39          42     55   29 132  103    2  226  -39  226  -39  25  0  0 L3P 03
G06 FF 61140 141400  780 264 2450     6110910    -26          50    -10   23  40  164  -11  324    6  324    6  20  0  0 L3P D1
G07 FF 61140 141400  780 482 2953     1714966     47          34      1   16  47   99   -8  251  -15  251  -15  13  0  0 L3P F7
G09 FF 61140 141400  780 418 2084    -7608390     87          26     58   22  24  110   -5  248  -52  248  -52  19  0  0 L3P 29
G16 FF 61140 141400  780 281 1111    -2424117    -68          45      2   51  42  156    7  323   -5  323   -5  48  0  0 L3P D4
G03 FF 61140 143000  780 574  524    -5085012    152          38     11   12  90   87    6  228    2  228    2  12  0  0 L3P AA
G04 FF 61140 143000  780 441 1503     -527253    -14          38      2   23 132  105    2  233  -11  233  -11  21  0  0 L3P D3
G06 FF 61140 143000  780 276 2533     6110897    -11          52      5   29  40  158   -3  323   -4  323   -4  23  0  0 L3P D6
G07 FF 61140 143000  780 530 2846     1715002     56          26     11   10  47   92   -5  238  -21  238  -21   9  0  0 L3P D9
G09 FF 61140 143000  780 441 1994    -7608357     68          31     38   20  24  106   -5  234  -40  234  -40  17  0  0 L3P 19
G16 FF 61140 143000  780 262 1186    -2424178    -19          52     52   26  42  166   14  326  -37  326  -37  22  0  0 L3P 2C
G30 FF 61140 143000  780 206 3014    -1827647   -143          52    -10   24  21  208  -49  444  -67  444  -67  19  0  0 L3P 55
G03 FF 61140 144600  780 509  431    -5084882    149          33      8   14  90   95    9  247   16  247   16  13  0  0 L3P E2
G04 FF 61140 144600  780 429 1405     -527284     -6          22     10   14 132  108    3  254   -1  254   -1  12  0  0 L3P C6
G06 FF 61140 144600  780 277 2619     6110873    -28          43    -12   29  40  158    3  339   21  339   21  22  0  0 L3P 04
G07 FF 61140 144600  780 568 2715     1715066     66          47     21   15  47   88   -3  212  -26  212  -26  13  0  0 L3P 02
G09 FF 61140 144600  780 464 1901    -7608328     27          31     -3   14  24  101   -4  231    9  231    9  13  0  0 L3P CA
G16 FF 61140 144600  780 234 1252    -2424243   -168          55    -98   25  42  184   25  340  102  340  102  20  0  0 L3P 43
G30 FF 61140 144600  780 255 2954    -1827778   -121          49     12   23  21  170  -30  382  -73  382  -73  19  0  0 L3P 57
G03 FF 61140 150200  780 440  364    -5084757    125          22    -16   20  90  106   14  272   40  272   40  17  0  0 L3P FB
G04 FF 61140 150200  780 416 1308     -527274    -21          48     -5   22 132  111    3  234   10  234   10  17  0  0 L3P D2
G06 FF 61140 150200  780 266 2704     6110833    -13          18      3   26  40  163    9  375   13  375   13  23  0  0 L3P D3
G07 FF 61140 150200  780 592 2563     1715097     54          33      8   20  47   86   -2  211   -9  211   -9  15  0  0 L3P C5
G09 FF 61140 150200  780 488 1803    -7608296     14          34    -16   15  24   98   -4  224   15  224   15  12  0  0 L3P FE
G16 FF 61140 150200  780 198 1309    -2424316    -83          50    -12   32  42  216   43  365   51  365   51  25  0  0 L3P 15
G30 FF 61140 150200  780 300 2886    -1827904   -140          50     -7   19  21  147  -20  327  -41  327  -41  15  0  0 L3P 34
G03 FF 61140 151800  780 368  315    -5084622    155          21     14   22  90  123   21  311   34  311   34  19  0  0 L3P EC
G04 FF 61140 151800  780 401 1212     -527315    -44          23    -29   22 132  114    4  265   50  265   50  16  0  0 L3P F0
G06 FF 61140 151800  780 246 2787     6110868     25          68     41   36  40  175   16  351   -8  351   -8  33  0  0 L3P 01
G07 FF 61140 151800  780 601 2397     1715137     53          30      7   15  47   85    0  212   -8  212   -8  14  0  0 L3P B1
G09 FF 61140 151800  780 511 1698    -7608266     48          36     18   13  24   94   -3  226  -16  226  -16  12  0  0 L3P 18
G30 FF 61140 151800  780 342 2810    -1828029   -130          54      3   24  21  131  -14  289  -29  289  -29  21  0  0 L3P 34
G03 FF 61140 153400  780 296  280    -5084479    120          29    -21   25  90  149   34  359   87  359   87  19  0  0 L3P 37
G04 FF 61140 153400  780 383 1118     -527320    -59          32    -43   24 132  118    5  275   43  275   43  21  0  0 L3P 03
G06 FF 61140 153400  780 220 2865     6110846    -27          62    -11   30  40  195   26  393   52  393   52  28  0  0 L3P 14
G07 FF 61140 153400  780 595 2233     1715184     39          33     -6    8  47   85    1  213    9  213    9   8  0  0 L3P 95
G09 FF 61140 153400  780 532 1585    -7608230     53          44     23   11  24   92   -2  223  -21  223  -21   9  0  0 L3P E5
G30 FF 61140 153400  780 378 2725    -1828162   -112          48     21   21  21  120  -10  274  -30  274  -30  19  0  0 L3P 33
G03 FF 61140 155000  780 225  256    -5084340    181          34     40   22  90  191   58  436   58  436   58  17  0  0 L3P 0C
G04 FF 61140 155000  780 361 1027     -527341    -53          27    -37   15 132  124    7  300   70  300   70  14  0  0 L3P EB
G06 FF 61140 155000  780 188 2938     6110821    -10          52      6   29  40  226   39  451   63  451   63  23  0  0 L3P F3
G07 FF 61140 155000  780 577 2081     1715231     32          36    -13   13  47   87    2  215   28  215   28  11  0  0 L3P D6
G09 FF 61140 155000  780 549 1461    -7608214     32          31      3   14  24   90   -2  233   -1  233   -1  12  0  0 L3P B6
G14 FF 61140 155000  780 253 3392    -7427586    -26          49    -12   23 114  172  -46  417  -46  417  -46  17  0  0 L3P 68
G30 FF 61140 155000  780 410 2633    -1828306   -156          32    -23   15  21  112   -7  276   24  276   24  13  0  0 L3P 16
G04 FF 61140 160600  780 336  940     -527351    -69          29    -53   25 133  133   10  330   87  330   87  22  0  0 L3P 0B
G07 FF 61140 160600  780 550 1947     1715274     79          33     34   20  50   90    3  240    3  240    3  18  0  0 L3P A6
G09 FF 61140 160600  780 560 1329    -7608190     27          26     -2   17  25   89   -1  249   34  249   34  14  0  0 L3P F8
G14 FF 61140 160600  780 325 3380    -7427598     30          50     44   41 115  137  -28  361  -86  361  -86  37  0  0 L3P 50
G30 FF 61140 160600  780 436 2533    -1828416   -125          47      8   23  22  107   -5  258   -6  258   -6  19  0  0 L3P 0B
G04 FF 61140 162200  780 306  857     -527354    -36          42    -20   25 133  144   14  362   66  362   66  23  0  0 L3P 0A
G07 FF 61140 162200  780 518 1828     1715317     38          32     -7   18  50   93    4  270   29  270   29  17  0  0 L3P DB
G09 FF 61140 162200  780 562 1189    -7608151      7          36    -23   11  25   88    0  263   38  263   38   9  0  0 L3P DA
G14 FF 61140 162200  780 399 3361    -7427619      8          42     21   27 115  115  -19  339  -35  339  -35  25  0  0 L3P 3E
G21 FF 61140 162200  780 233 2235    -4138584    -39          41    -26   37 114  185  -43  377    9  377    9  34  0  0 L3P 2D
G22 FF 61140 162200  780 231 3357      207664   -129          61    -70   56   1  187  -53  449   -4  449   -4  47  0  0 L3P 11
G30 FF 61140 162200  780 456 2429    -1828549   -118          41     15   17  22  103   -3  275    1  275    1  15  0  0 L3P F3
G04 FF 61140 163800  780 273  779     -527385     47          26     63   27 133  160   20  429    6  429    6  23  0  0 L3P E5
G07 FF 61140 163800  780 485 1722     1715365     67          37     21   12  50   98    5  292   11  292   11  11  0  0 L3P D7
G08 FF 61140 163800  780 178 1023    -4638858    133          44     67   35   6  237   -4  512  -38  512  -38  31  0  0 L3P 2F
G09 FF 61140 163800  780 554 1049    -7608122     41          36     11   20  25   89    2  280    7  280    7  19  0  0 L3P C3
G14 FF 61140 163800  780 475 3331    -7427617    -68          57    -55   39 115  100  -13  307   34  307   34  36  0  0 L3P 4B
G21 FF 61140 163800  780 287 2280    -4138598     17          40     30   27 114  153  -26  369  -26  369  -26  25  0  0 L3P 53
G22 FF 61140 163800  780 299 3339      207595     12          50     71   25   1  147  -32  407  -90  407  -90  20  0  0 L3P FF
G30 FF 61140 163800  780 471 2320    -1828683   -128          35      5   17  22  100   -2  292   12  292   12  14  0  0 L3P FC
G04 FF 61140 165400  780 235  708     -527413     59          13     75   36 133  184   30  504    1  504    1  30  0  0 L3P C2
G07 FF 61140 165400  780 451 1626     1715413     30          41    -16   20  50  104    6  310   35  310   35  18  0  0 L3P D2
G08 FF 61140 165400  780 177 1095    -4638779     68          60      2   37   6  239    7  520   16  520   16  33  0  0 L3P E9
G09 FF 61140 165400  780 533  915    -7608093     22          38     -8   14  25   92    3  304   27  304   27  11  0  0 L3P CE
G14 FF 61140 165400  780 552 3285    -7427635    -33          52    -19   19 115   90   -9  304    7  304    7  17  0  0 L3P 04
G21 FF 61140 165400  780 334 2340    -4138621    -11          30      3   31 114  133  -16  375   -5  375   -5  28  0  0 L3P FF
G22 FF 61140 165400  780 368 3312      207537   -104          48    -45   34   1  123  -21  375   18  375   18  34  0  0 L3P 0C
G30 FF 61140 165400  780 482 2210    -1828811   -158          35    -25   17  22   99   -1  304   28  304   28  15  0  0 L3P 18
G04 FF 61140 171000  780 193  643     -527405    -81          36    -65   36 133  221   49  554  144  554  144  30  0  0 L3P 32
G07 FF 61140 171000  780 417 1536     1715446     38          31     -7   18  50  110    7  343   30  343   30  17  0  0 L3P D0
G09 FF 61140 171000  780 502  795    -7608074     59          28     29   15  25   96    5  337    6  337    6  15  0  0 L3P C8
G14 FF 61140 171000  780 627 3215    -7427656    -41          44    -27   16 115   83   -6  301   17  301   17  13  0  0 L3P 0F
G21 FF 61140 171000  780 373 2415    -4138630    -13          35      0   19 114  121  -10  373    1  373    1  15  0  0 L3P D5
G22 FF 61140 171000  780 438 3273      207462    -73          30    -14   15   1  106  -14  371    9  371    9  13  0  0 L3P C5
G30 FF 61140 171000  780 489 2099    -1828932   -139          41     -6   13  22   98   -1  305   13  305   13  12  0  0 L3P 04
G05 FF 61140 172600  780 188 2296     2315645     50          35     45   26  38  226  -44  533  -45  533  -45  24  0  0 L3P 30
G07 FF 61140 172600  780 385 1451     1715496     44          37     -2   15  50  118    8  365   21  365   21  14  0  0 L3P E5
G09 FF 61140 172600  780 461  691    -7608038     -3          35    -32   24  25  102    8  358   68  358   68  20  0  0 L3P FE
G14 FF 61140 172600  780 698 3098    -7427673      6          40     20   14 115   78   -3  299  -22  299  -22  11  0  0 L3P 21
G21 FF 61140 172600  780 401 2504    -4138636    -21          42     -8   18 114  114   -5  376   12  376   12  16  0  0 L3P 0B
G22 FF 61140 172600  780 508 3219      207407    -69          31    -10   15   1   95  -10  355  -12  355  -12  12  0  0 L3P EF
G30 FF 61140 172600  780 492 1988    -1829067   -163          34    -30   18  22   97    0  321   32  321   32  14  0  0 L3P 0D
G05 FF 61140 174200  780 221 2358     2315655    -36          40    -41   32  38  194  -25  529   23  529   23  26  0  0 L3P 22
G07 FF 61140 174200  780 355 1369     1715544     15          42    -31   19  50  126   10  379   37  379   37  16  0  0 L3P 14
G09 FF 61140 174200  780 412  603    -7608005     56          40     27   28  25  112   12  386   10  386   10  24  0  0 L3P E5
G14 FF 61140 174200  780 756 2884    -7427686    -25          41    -12   15 115   76   -2  296    6  296    6  11  0  0 L3P 0F
G17 FF 61140 174200  780 230  135     1096247    108          43     17   37  40  187  -45  572  -79  572  -79  28  0  0 L3P 3A
G21 FF 61140 174200  780 415 2605    -4138647    -57          44    -43   32 114  111   -1  387   48  387   48  29  0  0 L3P 3B
G22 FF 61140 174200  780 575 3142      207353    -65          34     -6   17   1   87   -7  337   -4  337   -4  14  0  0 L3P BD
G30 FF 61140 174200  780 493 1878    -1829198   -170          31    -37   16  22   97    0  326   26  326   26  14  0  0 L3P 1F
G05 FF 61140 175800  780 245 2430     2315663      6          44      1   25  38  176  -13  530   18  530   18  21  0  0 L3P DA
G07 FF 61140 175800  780 326 1290     1715589     32          43    -14   18  50  136   11  395   27  395   27  16  0  0 L3P 17
G09 FF 61140 175800  780 358  530    -7607978     -2          39    -32   27  25  126   18  423   66  423   66  21  0  0 L3P 18
G14 FF 61140 175800  780 782 2520    -7427699    -15          40     -2   14 115   75    0  296    4  296    4  12  0  0 L3P E5
G17 FF 61140 175800  780 289  175     1096319     58          29    -33   39  40  152  -30  520  -24  520  -24  37  0  0 L3P 28
G21 FF 61140 175800  780 413 2709    -4138664    -15          39     -2   18 114  111    2  408   14  408   14  15  0  0 L3P 06
G22 FF 61140 175800  780 637 3030      207303    -53          41      7   12   1   82   -4  322  -19  322  -19  10  0  0 L3P B8
G30 FF 61140 175800  780 492 1768    -1829323   -128          33      5   16  22   97    0  325    7  325    7  13  0  0 L3P D7
G05 FF 61140 181400  780 259 2508     2315667     30          40     26   26  43  167   -5  538  -13  538  -13  24  0  0 L3P 13
G07 FF 61140 181400  780 297 1212     1715619     25          26    -21   22  55  148   13  417   27  417   27  18  0  0 L3P 09
G09 FF 61140 181400  780 300  470    -7607954     46          33     16   26  28  147   27  473   45  473   45  23  0  0 L3P 06
G13 FF 61140 181400  780 220 2163    -6800883      8          50     -8   22  65  195  -51  532  -73  532  -73  18  0  0 L3P 1B
G14 FF 61140 181400  780 758 2158    -7427716    -18          41     -4   11 116   76    1  301    4  301    4  10  0  0 L3P C8
G17 FF 61140 181400  780 351  219     1096401     61          21    -30   29  41  128  -21  464  -30  464  -30  25  0  0 L3P 05
G21 FF 61140 181400  780 397 2812    -4138676    -22          40     -9   20 115  115    5  433   34  433   34  17  0  0 L3P 08
G22 FF 61140 181400  780 687 2864      207241    -67          38     -8   18   5   79   -2  315   -6  315   -6  15  0  0 L3P CD
G30 FF 61140 181400  780 489 1659    -1829460   -141          26     -8   14  23   97    1  339    7  339    7  12  0  0 L3P ED
G05 FF 61140 183000  780 262 2590     2315683    -34          51    -38   25  43  166    1  547   57  547   57  22  0  0 L3P 0E
G07 FF 61140 183000  780 269 1136     1715685     71          48     25   26  55  162   16  409  -14  409  -14  26  0  0 L3P 20
G09 FF 61140 183000  780 240  422    -7607918     33          41      3   21  28  181   45  533   88  533   88  18  0  0 L3P F0
G13 FF 61140 183000  780 281 2145    -6800883     -6          35    -22   26  65  156  -33  474  -45  474  -45  23  0  0 L3P 3F
G14 FF 61140 183000  780 705 1941    -7427733    -29          37    -16   19 116   78    3  302   11  302   11  16  0  0 L3P 06
G17 FF 61140 183000  780 415  269     1096498     88          31     -3   13  41  111  -15  410  -41  410  -41  10  0  0 L3P F3
G19 FF 61140 183000  780 229   20    -6966460     38          79     50   20  70  188  -52  611 -147  611 -147  16  0  0 L3P 3B
G20 FF 61140 183000  780 233 2175    -1010520   -116          36     81   35 182  185  -49  531 -144  531 -144  31  0  0 L3P 6C
G21 FF 61140 183000  780 370 2907    -4138690     10          39     24   22 115  122    9  469   29  469   29  19  0  0 L3P 16
G22 FF 61140 183000  780 717 2632      207175    -76          28    -17   13   5   77   -1  311    6  311    6  12  0  0 L3P A6
G30 FF 61140 183000  780 485 1551    -1829579   -175          34    -42   18  23   98    1  315   26  315   26  16  0  0 L3P 1C
G05 FF 61140 184600  780 255 2673     2315731     46          94     41   21  43  170    8  534  -13  534  -13  17  0  0 L3P 01
G07 FF 61140 184600  780 242 1062     1715729     62          49     16   35  55  179   20  405  -19  405  -19  31  0  0 L3P 1D
G13 FF 61140 184600  780 345 2135    -6800862     37          41     21   16  65  130  -22  407  -80  407  -80  13  0  0 L3P 23
G14 FF 61140 184600  780 643 1812    -7427743    -38          40    -24   17 116   82    4  293   10  293   10  16  0  0 L3P 0F
G17 FF 61140 184600  780 480  331     1096589    121          34     30   13  41   99  -10  372  -60  372  -60  11  0  0 L3P 08
G19 FF 61140 184600  780 297   49    -6966484      1          65     13   30  70  148  -33  532 -109  532 -109  26  0  0 L3P 35
G20 FF 61140 184600  780 298 2180    -1010693   -222          52    -25   31 182  148  -31  444  -49  444  -49  27  0  0 L3P 71
G21 FF 61140 184600  780 334 2992    -4138694     15          49     29   19 115  133   14  512   34  512   34  15  0  0 L3P 22
G22 FF 61140 184600  780 717 2368      207127    -21          37     38   20   5   77    1  294  -44  294  -44  17  0  0 L3P E4
G30 FF 61140 184600  780 478 1443    -1829692   -147          49    -14   23  23   99    1  286   -2  286   -2  21  0  0 L3P 1A
G05 FF 61140 190200  780 238 2754     2315738   -188          98   -193   38  43  181   15  565  229  565  229  39  0  0 L3P 8B
G07 FF 61140 190200  780 213  990     1715793     50          69      4   36  55  201   26  385    3  385    3  35  0  0 L3P BD
G13 FF 61140 190200  780 412 2135    -6800837     11          51     -5   18  65  111  -16  344  -48  344  -48  16  0  0 L3P 20
G14 FF 61140 190200  780 581 1722    -7427761      0          35     13   19 116   87    6  283  -27  283  -27  18  0  0 L3P 09
G17 FF 61140 190200  780 542  413     1096672    100          30      9   13  41   91   -7  336  -49  336  -49  10  0  0 L3P E4
G19 FF 61140 190200  780 368   79    -6966521      2          39     13   19  70  123  -22  470 -107  470 -107  16  0  0 L3P 25
G20 FF 61140 190200  780 364 2196    -1010889   -230          44    -33   24 182  124  -20  384  -32  384  -32  22  0  0 L3P 5C
G21 FF 61140 190200  780 293 3068    -4138703    -12          53      2   30 115  150   21  567   66  567   66  21  0  0 L3P 0E
G22 FF 61140 190200  780 689 2140      207061    -93          28    -34   17   5   79    2  285    6  285    6  15  0  0 L3P B1
G30 FF 61140 190200  780 468 1337    -1829843   -130          25      3   25  23  101    2  291  -38  291  -38  22  0  0 L3P 13
G05 FF 61140 191800  780 214 2831     2315705      8          60      3   27  43  200   25  657   72  657   72  24  0  0 L3P D7
G07 FF 61140 191800  780 184  921     1715821     26          53    -20   28  55  231   37  420   38  420   38  23  0  0 L3P F3
G13 FF 61140 191800  780 482 2148    -6800823     20          50      4   22  65   99  -11  310  -39  310  -39  19  0  0 L3P 08
G14 FF 61140 191800  780 519 1650    -7427776    -17          33     -4   21 116   93    8  273   -8  273   -8  17  0  0 L3P 0A
G15 FF 61140 191800  780 195 2220    -4019474     23          82     56   43  42  219  -60  466 -143  466 -143  38  0  0 L3P 60
G17 FF 61140 191800  780 597  525     1096761     77          32    -14   16  41   85   -4  301  -27  301  -27  15  0  0 L3P 00
G19 FF 61140 191800  780 443  113    -6966527      8          45     20   21  70  105  -15  391  -76  391  -76  21  0  0 L3P 17
G20 FF 61140 191800  780 430 2228    -1011087   -180          35     17   19 182  108  -14  349  -52  349  -52  16  0  0 L3P 5B
G21 FF 61140 191800  780 249 3136    -4138726    -18          42     -5   27 115  174   30  652   95  652   95  20  0  0 L3P 30
G22 FF 61140 191800  780 644 1972      207011    -40          35     19   12   5   82    3  263  -28  263  -28  11  0  0 L3P CE
G30 FF 61140 191800  780 455 1232    -1829991    -99           5     34   21  23  103    3  300  -47  300  -47  18  0  0 L3P 06
G05 FF 61140 193400  780 185 2905     2315712     35          63     31   39  43  230   38  721   49  721   49  31  0  0 L3P 00
G13 FF 61140 193400  780 553 2181    -6800809      6          48    -10   11  65   89   -8  274  -28  274  -28  10  0  0 L3P 13
G14 FF 61140 193400  780 461 1587    -7427776     11          46     25   29 116  102   10  251  -38  251  -38  28  0  0 L3P 3C
G15 FF 61140 193400  780 249 2251    -4019530    -51          57    -18   35  42  174  -35  411  -56  411  -56  29  0  0 L3P 4B
G17 FF 61140 193400  780 637  679     1096852     84          35     -6   11  41   82   -2  265  -35  265  -35  10  0  0 L3P F7
G19 FF 61140 193400  780 521  156    -6966540     -3          42      9   13  70   93  -10  332  -69  332  -69  12  0  0 L3P FC
G20 FF 61140 193400  780 493 2283    -1011275   -212          36    -15   18 182   97   -9  313  -22  313  -22  16  0  0 L3P 3C
G21 FF 61140 193400  780 205 3199    -4138720     40          62     54   31 115  209   44  743   93  743   93  24  0  0 L3P 21
G22 FF 61140 193400  780 593 1848      206954    -15          35     44   14   5   86    5  246  -67  246  -67  13  0  0 L3P F2
G30 FF 61140 193400  780 437 1130    -1830084   -130          39      3   25  23  106    4  259   -5  259   -5  22  0  0 L3P E8
G13 FF 61140 195000  780 622 2249    -6800801     30          41     14   20  65   83   -5  245  -43  245  -43  18  0  0 L3P FD
G14 FF 61140 195000  780 407 1528    -7427796    -11          39      2   15 116  113   12  235  -18  235  -18  13  0  0 L3P 2A
G15 FF 61140 195000  780 299 2296    -4019561     -6          58     27   25  42  147  -22  355  -84  355  -84  21  0  0 L3P 42
G17 FF 61140 195000  780 652  870     1096932     85          28     -6   19  41   81    0  233  -29  233  -29  18  0  0 L3P E9
G19 FF 61140 195000  780 599  216    -6966550      3          43     14   20  70   85   -7  274  -57  274  -57  15  0  0 L3P 03
G20 FF 61140 195000  780 550 2367    -1011468   -208          32    -11   22 182   90   -6  284  -21  284  -21  20  0  0 L3P 30
G22 FF 61140 195000  780 540 1751      206901    -75          38    -16   20   5   91    6  222   -8  222   -8  19  0  0 L3P B8
G30 FF 61140 195000  780 415 1031    -1830229   -145          22    -12   27  23  111    5  265    7  265    7  25  0  0 L3P E4
G13 FF 61140 200600  780 683 2374    -6800780     14          50     -2   17  76   79   -3  217  -17  217  -17  15  0  0 L3P 06
G14 FF 61140 200600  780 356 1471    -7427815    -52          32    -38   25 117  126   15  221    5  221    5  20  0  0 L3P FA
G15 FF 61140 200600  780 344 2354    -4019602    -28          48      5   24  48  130  -14  311  -36  311  -36  21  0  0 L3P 10
G17 FF 61140 200600  780 637 1059     1097026     93          33      2   17  55   82    2  196  -30  196  -30  14  0  0 L3P DC
G19 FF 61140 200600  780 673  317    -6966562     -4          49      7   14  71   80   -4  225  -54  225  -54  12  0  0 L3P EB
G20 FF 61140 200600  780 594 2489    -1011656   -203          28     -7   13 183   85   -3  258   -8  258   -8  11  0  0 L3P 18
G22 FF 61140 200600  780 487 1668      206845    -86          46    -27   21  26   98    8  197   -4  197   -4  18  0  0 L3P F6
G30 FF 61140 200600  780 389  938    -1830336   -135          41     -2   22  24  117    8  226  -19  226  -19  19  0  0 L3P 16
G13 FF 61140 202200  780 723 2592    -6800764     20          50      4   14  76   77   -1  198  -24  198  -24  13  0  0 L3P F8
G14 FF 61140 202200  780 309 1414    -7427818     -3          42     11   24 117  143   19  181  -44  181  -44  20  0  0 L3P 19
G15 FF 61140 202200  780 381 2427    -4019636    -28          46      5   18  48  119   -9  274  -40  274  -40  16  0  0 L3P 1D
G17 FF 61140 202200  780 597 1207     1097110     90          30     -1   15  55   85    5  172  -32  172  -32  14  0  0 L3P D6
G19 FF 61140 202200  780 734  502    -6966561      2          61     13   25  71   77   -2  179  -50  179  -50  16  0  0 L3P EC
G20 FF 61140 202200  780 617 2648    -1011828   -211          44    -15   49 183   84   -1  231   -9  231   -9  32  0  0 L3P 15
G22 FF 61140 202200  780 436 1594      206789    -53          47      6   26  26  106   10  168  -37  168  -37  25  0  0 L3P 08
G30 FF 61140 202200  780 357  851    -1830473   -157          30    -24   23  24  126   11  218   10  218   10  19  0  0 L3P 02
G06 FF 61140 203800  780 203  401     6110565    -33          62    -17   40  49  210  -46  374 -138  374 -138  33  0  0 L3P 41
G13 FF 61140 203800  780 725 2876    -6800747     16          52      1   11  76   77    1  178  -20  178  -20   9  0  0 L3P E4
G14 FF 61140 203800  780 266 1357    -7427849    -56          25    -42   25 117  163   24  172   13  172   13  18  0  0 L3P 3A
G15 FF 61140 203800  780 407 2514    -4019669    -16          46     17   21  48  113   -5  250  -29  250  -29  18  0  0 L3P 2A
G17 FF 61140 203800  780 540 1307     1097194    108          27     17   17  55   91    7  150  -41  150  -41  15  0  0 L3P F8
G19 FF 61140 203800  780 762  821    -6966595    -22          37    -11   23  71   76    0  159  -21  159  -21  16  0  0 L3P 12
G20 FF 61140 203800  780 614 2822    -1012022   -213          39    -16   13 183   84    1  220    6  220    6  10  0  0 L3P CF
G22 FF 61140 203800  780 389 1524      206726    -51          41      8   19  26  117   12  146  -29  146  -29  17  0  0 L3P 01
G30 FF 61140 203800  780 321  772    -1830594   -120          37     13   31  24  138   15  196  -27  196  -27  29  0  0 L3P 2F
G06 FF 61140 205400  780 250  462     6110539    -26          51    -10   26  49  173  -31  280  -83  280  -83  17  0  0 L3P 20
G13 FF 61140 205400  780 685 3109    -6800741    -15          43    -31   13  76   79    3  172   14  172   14  12  0  0 L3P F3
G14 FF 61140 205400  780 226 1300    -7427845      2          42     15   32 117  190   31  128  -41  128  -41  23  0  0 L3P 06
G15 FF 61140 205400  780 420 2613    -4019697    -26          48      7   36  48  110   -1  234  -23  234  -23  32  0  0 L3P 09
G17 FF 61140 205400  780 475 1370     1097286     93          31      2   27  55  100   11  124  -30  124  -30  24  0  0 L3P E8
G19 FF 61140 205400  780 737 1141    -6966627     22          17     33   11  71   77    2  146  -52  146  -52   8  0  0 L3P F3
G20 FF 61140 205400  780 586 2979    -1012216   -191          34      5   12 183   86    4  215  -14  215  -14  11  0  0 L3P 0D
G22 FF 61140 205400  780 344 1457      206656    -87          27    -28   21  26  130   15  135   -8  135   -8  18  0  0 L3P F7
G24 FF 61140 205400  780 229 2194      419723    -83          33     92   29  67  188  -44  224 -132  224 -132  26  0  0 L3P 4A
G30 FF 61140 205400  780 281  699    -1830721    -47          38     86   26  24  156   22  193  -76  193  -76  23  0  0 L3P 33
G06 FF 61140 211000  780 296  529     6110515    -40          43    -24   33  49  149  -21  206  -47  206  -47  26  0  0 L3P 1F
G12 FF 61140 211000  780 204 2623     6079916    -47          33    -47   28  27  209  -29  408  -78  408  -78  25  0  0 L3P 50
G13 FF 61140 211000  780 623 3253    -6800732     -8          36    -24   15  76   83    5  176   19  176   19  12  0  0 L3P EB
G14 FF 61140 211000  780 189 1242    -7427891    -22           9     -8   29 117  225   42  132  -10  132  -10  22  0  0 L3P 12
G15 FF 61140 211000  780 419 2716    -4019745    -43          32    -10   22  48  110    2  243    6  243    6  20  0  0 L3P CB
G17 FF 61140 211000  780 407 1406     1097372     91          30      0   21  55  113   16  106  -21  106  -21  20  0  0 L3P D2
G19 FF 61140 211000  780 678 1322    -6966625     -9          29      3   14  71   79    4  115  -29  115  -29  13  0  0 L3P F4
G20 FF 61140 211000  780 540 3104    -1012410   -198          29     -1   19 183   91    6  222    4  222    4  16  0  0 L3P C3
G22 FF 61140 211000  780 302 1391      206615    -57          44      2   18  26  146   18  101  -21  101  -21  14  0  0 L3P CD
G24 FF 61140 211000  780 286 2173      419560   -246          39    -71   31  67  153  -30  166   16  166   16  27  0  0 L3P 22
G30 FF 61140 211000  780 237  635    -1830838   -103          49     30   39  24  182   34  185  -22  185  -22  33  0  0 L3P 23
G06 FF 61140 212600  780 339  604     6110503    -21          47     -5   33  49  131  -15  150  -37  150  -37  27  0  0 L3P 02
G11 FF 61140 212600  780 212  156     3774308   -161          92    -34   25 196  202  -52  410 -188  410 -188  20  0  0 L3P 66
G12 FF 61140 212600  780 232 2552     6079925    -25          42    -25   31  27  186  -21  301  -59  301  -59  28  0  0 L3P 38
G13 FF 61140 212600  780 551 3341    -6800720     30          33     14   20  76   90    8  186    8  186    8  18  0  0 L3P BB
G15 FF 61140 212600  780 404 2817    -4019777     -9          32     24   21  48  113    5  252    4  252    4  19  0  0 L3P C6
G17 FF 61140 212600  780 338 1424     1097457     99          28      8   19  55  132   24   94  -12   94  -12  16  0  0 L3P EF
G19 FF 61140 212600  780 608 1409    -6966626     -8          39      4   19  71   84    6   92  -15   92  -15  17  0  0 L3P E1
G20 FF 61140 212600  780 484 3198    -1012604   -191          23      6   21 183   98    9  240   26  240   26  17  0  0 L3P FA
G22 FF 61140 212600  780 263 1325      206553    -47          38     13   18  26  165   23   96   -6   96   -6  14  0  0 L3P C9
G24 FF 61140 212600  780 346 2157      419383   -136          30     39   12  67  129  -21  142  -62  142  -62   9  0  0 L3P 19
G30 FF 61140 212600  780 190  578    -1830960   -126          55      7   41  24  224   56  191   23  191   23  37  0  0 L3P 00
G06 FF 61140 214200  780 378  689     6110478      6          37     22   26  49  120  -10  124  -57  124  -57  22  0  0 L3P FE
G11 FF 61140 214200  780 270  201     3774153    -99          60     28   26 196  161  -34  284 -147  284 -147  23  0  0 L3P 58
G12 FF 61140 214200  780 258 2480     6079913    -15          29    -15   27  27  168  -16  240  -56  240  -56  24  0  0 L3P 41
G13 FF 61140 214200  780 476 3401    -6800711    -17          27    -33   25  76  100   12  209   58  209   58  24  0  0 L3P 16
G15 FF 61140 214200  780 378 2912    -4019806    -60          35    -28   19  48  120    9  277   53  277   53  15  0  0 L3P 1F
G17 FF 61140 214200  780 270 1429     1097544     75          27    -16   22  55  162   38   83   11   83   11  18  0  0 L3P E3
G19 FF 61140 214200  780 534 1449    -6966642     -9          35      2   22  71   92    9   82  -11   82  -11  21  0  0 L3P C7
G20 FF 61140 214200  780 422 3271    -1012803   -199          36     -2   17 184  109   14  275   34  275   34  16  0  0 L3P 26
G22 FF 61140 214200  780 226 1260      206483    -18          25     41   21  26  190   29  100  -47  100  -47  17  0  0 L3P F0
G24 FF 61140 214200  780 410 2150      419215   -176          30     -1   23  67  112  -15  121  -14  121  -14  20  0  0 L3P F2
G06 FF 61140 215800  780 408  785     6110459     -9          32      6   21  49  112   -6  107  -28  107  -28  18  0  0 L3P EC
G11 FF 61140 215800  780 331  250     3774044   -132          73     -4   21 196  134  -23  184  -66  184  -66  19  0  0 L3P 3B
G12 FF 61140 215800  780 285 2406     6079909    -26          26    -26   27  27  154  -13  193  -23  193  -23  24  0  0 L3P 46
G13 FF 61140 215800  780 401 3446    -6800701     55          26     39   46  35  114   18  252   13  252   13  41  0  0 L3P F8
G15 FF 61140 215800  780 343 2998    -4019835    -29          37      4   24  48  130   13  326   68  326   68  20  0  0 L3P 18
G17 FF 61140 215800  780 204 1423     1097644    167          40     76   38  55  209   64   72  -61   72  -61  28  0  0 L3P 11
G19 FF 61140 215800  780 462 1465    -6966654    -12          33      0   18  71  102   13   76   -5   76   -5  17  0  0 L3P DE
G20 FF 61140 215800  780 360 3330    -1012985   -220          43    -24   50 184  125   19  321   99  321   99  47  0  0 L3P 42
G22 FF 61140 215800  780 192 1194      206453   -143          51    -84   28  26  221   38   70   64   70   64  22  0  0 L3P EC
G24 FF 61140 215800  780 476 2153      419042   -181          25     -6   18  67   99  -11  104  -15  104  -15  15  0  0 L3P 11
G06 FF 61140 221400  780 426  889     6110432     23          19     39   27  50  109   -2  100  -50  100  -50  23  0  0 L3P DF
G11 FF 61140 221400  780 394  305     3773907   -152          64    -25   23 197  116  -16  136  -29  136  -29  19  0  0 L3P 57
G12 FF 61140 221400  780 311 2332     6079914     18          35     18   28  28  142  -11  148  -51  148  -51  27  0  0 L3P 19
G13 FF 61140 221400  780 329 3484    -6800681     12          34     -4   16  36  135   27  308  102  308  102  11  0  0 L3P 10
G15 FF 61140 221400  780 302 3075    -4019866    -44          38    -11   31  91  146   19  411  129  411  129  23  0  0 L3P 3A
G19 FF 61140 221400  780 392 1465    -6966667     -9          33      2   20  72  116   18   70  -20   70  -20  17  0  0 L3P E7
G20 FF 61140 221400  780 298 3380    -1013169   -139          47     58   44 185  148   28  418   90  418   90  41  0  0 L3P 4B
G24 FF 61140 221400  780 545 2172      418867   -172          20      3   16  68   90   -8   96  -17   96  -17  15  0  0 L3P E5
G06 FF 61140 223000  780 429  997     6110423    -33          25    -17   19  50  108    1   78    8   78    8  17  0  0 L3P B1
G11 FF 61140 223000  780 456  371     3773778   -125          56      3   17 197  103  -11  108  -26  108  -26  16  0  0 L3P 2C
G12 FF 61140 223000  780 338 2257     6079907    -16          28    -16   20  28  132  -10  122  -12  122  -12  20  0  0 L3P 19
G13 FF 61140 223000  780 260 3518    -6800670     15          29     -1   32  36  167   41  453  230  453  230  27  0  0 L3P 14
G15 FF 61140 223000  780 259 3145    -4019903    -77          33    -44   28  91  168   27  585  276  585  276  25  0  0 L3P 69
G19 FF 61140 223000  780 325 1455    -6966675     44          36     55   31  72  137   25   59  -51   59  -51  26  0  0 L3P 15
G20 FF 61140 223000  780 239 3426    -1013358   -147          48     50   27 185  181   42  618  252  618  252  24  0  0 L3P 5C
G24 FF 61140 223000  780 615 2217      418698   -195          19    -19   15  68   84   -6   86   11   86   11  13  0  0 L3P EA
G06 FF 61140 224600  780 416 1102     6110399      0          16     16   20  50  111    5   75  -22   75  -22  17  0  0 L3P AC
G11 FF 61140 224600  780 515  456     3773645   -148          46    -21   13 197   94   -8   94   -5   94   -5  11  0  0 L3P F5
G12 FF 61140 224600  780 366 2181     6079905     12          27     12   15  28  123   -9  100  -36  100  -36  15  0  0 L3P FC
G13 FF 61140 224600  780 196 3552    -6800644    -21          40    -37   25  36  218   68  736  434  736  434  18  0  0 L3P 5A
G15 FF 61140 224600  780 215 3210    -4019952     -9          26     24   19   0  200   40  881  300  881  300  15  0  0 L3P FC
G19 FF 61140 224600  780 262 1438    -6966688    -33          34    -22   24  11  166   37   65    8   65    8  19  0  0 L3P F7
G20 FF 61140 224600  780 184 3470    -1013570   -169          24     28   32 185  231   64  966  347  966  347  22  0  0 L3P 70
G24 FF 61140 224600  780 681 2309      418526   -187          15    -12   13  68   79   -4   83    2   83    2  13  0  0 L3P BC
G06 FF 61140 230200  780 388 1195     6110384    -53          16    -37   28  50  117    9   67   30   67   30  25  0  0 L3P DF
G11 FF 61140 230200  780 567  568     3773509   -146          32    -19   20 197   88   -5   86    3   86    3  18  0  0 L3P E1
G12 FF 61140 230200  780 396 2104     6079895     -5          16     -5   27  28  115   -8   88   -9   88   -9  24  0  0 L3P D8
G19 FF 61140 230200  780 204 1413    -6966700    -57          33    -46   24  11  210   57   69   47   69   47  17  0  0 L3P 05
G24 FF 61140 230200  780 734 2489      418349   -171           5      4   15  68   77   -2   85   -5   85   -5  13  0  0 L3P AE
G06 FF 61140 233000  780 312 1320     6110371     -5          30     11   22  50  141   21   52  -10   52  -10  19  0  0 L3P A7
G11 FF 61140 233000  780 616  840     3773297   -131          34     -4   19 197   84   -1   65   -8   65   -8  16  0  0 L3P DC
G12 FF 61140 233000  780 452 1963     6079895     23          16     23   18  28  104   -6   70  -24   70  -24  16  0  0 L3P E9
G24 FF 61140 233000  780 741 3023      418067   -170          18      5   16  68   77    1   77    4   77    4  13  0  0 L3P 88
G29 FF 61140 233000  780 225 2898     3425709    -87          32    -16   23  34  191  -34  482 -293  482 -293  24  0  0 L3P 7A
