CGGTTS     GENERIC DATA FORMAT VERSION = 2E
REV DATE = 2025-11-01
RCVR = PolaRx5TR (5.6.0)     sbf2cggtts-1.5.0
CH = 80
IMS = PolaRx5TR
LAB = LRTE
X = 3967035.920 m
Y = -4390028.540 m
Z = -2375644.640 m
FRAME = ITRF
COMMENTS = LS=18; ElMask=10deg; 'Generated from the SBF in 2026-05-03 at 16:42:00'
INT DLY = 24.9 ns (GPS P1),  15.7 ns (GPS P2)     CAL_ID = 1201-2025
CAB DLY = 103.1 ns
REF DLY = 47.2 ns
REF = UTC(LRTE)
CKSUM = fa

SAT CL  MJD  STTIME TRKL ELV AZTH   REFSV      SRSV     REFSYS    SRSYS  DSG IOE MDTR SMDT MDIO SMDI MSIO SMSI ISG FR HC FRC CK
             hhmmss  s  .1dg .1dg    .1ns     .1ps/s     .1ns    .1ps/s .1ns     .1ns.1ps/s.1ns.1ps/s.1ns.1ps/s.1ns
G05 FF 61163 001000  780 409  746     2325022     -3          13     -8   21  76  112   -7   74   12   74   12  20  0  0 L3P 95
G12 FF 61163 001000  780 613  900     6078377      0          10      2   19  40   84    2   67   -4   67   -4  16  0  0 L3P 61
G18 FF 61163 001000  780 334 3133     3620568    -79          23     15   30 205  133  -22  132  -47  132  -47  23  0  0 L3P 29
G21 FF 61163 001000  780 281 1043    -4149823    -18          11    -21   35 165  155    2   73   19   73   19  30  0  0 L3P E9
G25 FF 61163 001000  780 634 1941    -4256243     51           3     23   14  18   82   -5   60  -25   60  -25  12  0  0 L3P BC
G29 FF 61163 001000  780 432 2199     3288570   -103          36    -29   22 101  107   -3   65    7   65    7  20  0  0 L3P E3
G05 FF 61163 002600  780 431  850     2325027     17          14     12   20  76  107   -3   78  -17   78  -17  17  0  0 L3P D0
G12 FF 61163 002600  780 579  751     6078372    -19           6    -18   16  40   87    4   74   10   74   10  12  0  0 L3P AC
G18 FF 61163 002600  780 394 3068     3620469   -145          14    -52   27 205  116  -15  116   18  116   18  22  0  0 L3P 43
G21 FF 61163 002600  780 271 1125    -4149814    -81          17    -83   41 165  161    9   66   64   66   64  37  0  0 L3P 0A
G25 FF 61163 002600  780 708 1891    -4256209     37          10      8   13  18   78   -4   54  -16   54  -16  11  0  0 L3P D8
G28 FF 61163 002600  780 224 2403     5400497    -88          39     12   28  23  192  -20  135  -20  135  -20  25  0  0 L3P 1F
G29 FF 61163 002600  780 445 2101     3288484    -88          21    -14   17 101  105   -2   74    8   74    8  14  0  0 L3P D7
G05 FF 61163 004200  780 439  960     2325031     13          13      9   25  76  106    0   66  -27   66  -27  23  0  0 L3P B1
G12 FF 61163 004200  780 533  631     6078361     53          -4     55   27  40   92    6   74  -46   74  -46  22  0  0 L3P B8
G18 FF 61163 004200  780 450 2988     3620380   -130          15    -37   39 205  104  -10   97   -5   97   -5  25  0  0 L3P 1A
G21 FF 61163 004200  780 250 1200    -4149811     41          18     39   26 165  173   18   62  -45   62  -45  23  0  0 L3P 01
G25 FF 61163 004200  780 784 1809    -4256185     59           6     30   12  18   75   -2   46  -38   46  -38  10  0  0 L3P E3
G28 FF 61163 004200  780 243 2477     5400404    -94          43      6   35  23  178  -10  128   -6  128   -6  33  0  0 L3P F4
G29 FF 61163 004200  780 457 2002     3288415    -79          23     -5   18 101  103   -2   62   -3   62   -3  15  0  0 L3P CE
G05 FF 61163 005800  780 431 1067     2325023     -4           1     -8   18  76  108    3   64  -11   64  -11  18  0  0 L3P AF
G12 FF 61163 005800  780 477  537     6078362     -6          -2     -5   17  40   99   10   70   -4   70   -4  14  0  0 L3P 9B
G18 FF 61163 005800  780 499 2890     3620289    -89          13      5   18 205   96   -7   77  -30   77  -30  14  0  0 L3P 0A
G21 FF 61163 005800  780 219 1267    -4149813    -16          15    -18   32 165  196   31   55   -1   55   -1  26  0  0 L3P 06
G25 FF 61163 005800  780 857 1501    -4256177     50         -13     22   42  18   74   -1   56  -30   56  -30  42  0  0 L3P EC
G28 FF 61163 005800  780 251 2556     5400301    -75          36     25   30  23  172   -2  130  -35  130  -35  27  0  0 L3P 05
G29 FF 61163 005800  780 469 1901     3288348    -51          27     23   22 101  101   -2   48  -38   48  -38  19  0  0 L3P 16
G05 FF 61163 011400  780 407 1165     2325046      5          19      0   25  76  113    7   43   -3   43   -3  23  0  0 L3P 7D
G12 FF 61163 011400  780 416  464     6078369     14           6     15   19  40  111   14   62  -12   62  -12  16  0  0 L3P B9
G18 FF 61163 011400  780 539 2771     3620204   -100          17     -7   12 205   91   -4   59  -11   59  -11  11  0  0 L3P EF
G25 FF 61163 011400  780 840  421    -4256148     52         -11     24   14  18   74    1   47  -27   47  -27  12  0  0 L3P C8
G28 FF 61163 011400  780 250 2638     5400214   -154          45    -54   43  23  173    5  121   58  121   58  41  0  0 L3P 05
G29 FF 61163 011400  780 479 1798     3288277    -58          27     16   16 101   99   -2   45  -21   45  -21  15  0  0 L3P 11
G05 FF 61163 013000  780 371 1248     2325047     35          16     31   28  76  122   12   46  -30   46  -30  23  0  0 L3P D7
G12 FF 61163 013000  780 352  407     6078374     36          12     37   33  40  128   21   56  -23   56  -23  24  0  0 L3P CF
G18 FF 61163 013000  780 567 2634     3620128   -109          31    -16   12 205   88   -2   37    6   37    6  11  0  0 L3P D0
G23 FF 61163 013000  780 285 3529    -6430785    -56          31    -13   26 179  154  -38   94  -62   94  -62  21  0  0 L3P 4A
G25 FF 61163 013000  780 761  232    -4256118     29          -8      0   14  18   76    3   40    3   40    3  12  0  0 L3P 59
G28 FF 61163 013000  780 238 2719     5400122    172          49    272   34  23  181   11  123 -266  123 -266  30  0  0 L3P 4D
G29 FF 61163 013000  780 488 1692     3288199    -76          20     -2   16 101   98   -1   49    0   49    0  13  0  0 L3P C0
G05 FF 61163 014600  780 325 1313     2325051     20          15     15   22  76  137   19   45   -7   45   -7  19  0  0 L3P BE
G12 FF 61163 014600  780 285  364     6078371    -46          10    -45   28  40  154   34   60   56   60   56  26  0  0 L3P E3
G18 FF 61163 014600  780 582 2482     3620021   -130          14    -37   18 205   87   -1   44   21   44   21  14  0  0 L3P E8
G23 FF 61163 014600  780 360 3535    -6430842    -57          15    -14   25 179  125  -24   63  -13   63  -13  20  0  0 L3P 2D
G25 FF 61163 014600  780 677  175    -4256084      2          -2    -26   20  18   80    5   36   25   36   25  16  0  0 L3P A4
G28 FF 61163 014600  780 219 2797     5400011    -57          34     43   41  23  196   20  162   -8  162   -8  36  0  0 L3P FF
G29 FF 61163 014600  780 496 1584     3288133    -82          25     -8   18 101   96   -1   38   -1   38   -1  16  0  0 L3P DD
G05 FF 61163 020200  780 272 1363     2325071    -34          31    -39   31  94  160   31   34   36   34   36  23  0  0 L3P D9
G12 FF 61163 020200  780 219  332     6078369    -84          10    -83   34  41  197   56   67   78   67   78  27  0  0 L3P FF
G18 FF 61163 020200  780 582 2328     3619934   -112          15    -19   18 206   86    1   33   12   33   12  16  0  0 L3P E7
G23 FF 61163 020200  780 440 3536    -6430879    -12          20     31   17 180  106  -16   45  -48   45  -48  12  0  0 L3P 1F
G25 FF 61163 020200  780 594  146    -4256063      3          -8    -26   24  20   85    8   42   23   42   23  22  0  0 L3P 95
G26 FF 61163 020200  780 228 2239     3607639     38          25     -5   32  41  189  -45   60   -9   60   -9  31  0  0 L3P DE
G29 FF 61163 020200  780 501 1471     3288060   -119          17    -45   17 103   96    0   38   48   38   48  15  0  0 L3P F4
G05 FF 61163 021800  780 216 1398     2325096    -14          52    -19   30  94  199   50   22    6   22    6  25  0  0 L3P CE
G18 FF 61163 021800  780 571 2182     3619846    -93          17      0   15 206   88    2   29  -10   29  -10  14  0  0 L3P DD
G23 FF 61163 021800  780 522 3534    -6430930    -38          11      5   18 180   93  -11   39   -9   39   -9  14  0  0 L3P E5
G25 FF 61163 021800  780 511  130    -4256025     17           2    -12   23  20   94   11   34   12   34   12  19  0  0 L3P 92
G26 FF 61163 021800  780 283 2276     3607684     53          29     10   33  41  155  -28   51  -12   51  -12  30  0  0 L3P F5
G29 FF 61163 021800  780 503 1356     3287973    -38           1     36   17 103   96    0   54  -33   54  -33  14  0  0 L3P E0
G10 FF 61163 023400  780 230 3369     5871521    -49          28    -31   51  23  188  -56  107  -67  107  -67  50  0  0 L3P 45
G15 FF 61163 023400  780 229  849    -4082897   -135          14   -102   34  35  188  -14   63   81   63   81  30  0  0 L3P 2A
G18 FF 61163 023400  780 551 2048     3619755    -90          15      3   22 206   90    3   27  -14   27  -14  21  0  0 L3P D1
G23 FF 61163 023400  780 607 3527    -6430984    -57          -1    -14   13 180   84   -7   45    4   45    4  13  0  0 L3P D1
G25 FF 61163 023400  780 430  122    -4255996     12           4    -17   42  20  108   17   39   20   39   20  38  0  0 L3P BF
G26 FF 61163 023400  780 334 2326     3607720      5          24    -38   27  41  133  -18   48   23   48   23  22  0  0 L3P D7
G29 FF 61163 023400  780 499 1238     3287933   -101          32    -28   16 103   96    1   25   19   25   19  14  0  0 L3P FA
G10 FF 61163 025000  780 301 3349     5871476     -6           0     13   19  23  146  -33   74  -33   74  -33  16  0  0 L3P DE
G15 FF 61163 025000  780 243  927    -4082915     17          27     50   35  35  178   -7   41  -37   41  -37  32  0  0 L3P EB
G18 FF 61163 025000  780 525 1928     3619656   -100           6     -7   21 206   93    4   31    9   31    9  18  0  0 L3P AC
G23 FF 61163 025000  780 694 3515    -6431032    -26          -9     17   21 180   79   -5   41  -11   41  -11  19  0  0 L3P F2
G25 FF 61163 025000  780 352  119    -4255974     31          -1      3   22  20  127   25   49   16   49   16  19  0  0 L3P B4
G26 FF 61163 025000  780 379 2392     3607750     45          12      2   16  41  120  -11   48   -2   48   -2  13  0  0 L3P B6
G29 FF 61163 025000  780 488 1122     3287859   -113          28    -39   23 103   98    2   28   47   28   47  21  0  0 L3P 06
G10 FF 61163 030600  780 374 3319     5871451      1          -7     19   40  23  121  -21   63  -24   63  -24  35  0  0 L3P D5
G15 FF 61163 030600  780 249 1006    -4082952    -82          22    -49   30  35  174   -1   46   48   46   48  25  0  0 L3P FF
G18 FF 61163 030600  780 497 1820     3619562    -96           2     -2   25 206   96    4   35    4   35    4  21  0  0 L3P 9D
G23 FF 61163 030600  780 782 3491    -6431076    -73         -11    -30   18 180   75   -3   42   30   42   30  17  0  0 L3P F8
G25 FF 61163 030600  780 278  122    -4255950     20          -4     -8   20  20  158   39   63   29   63   29  17  0  0 L3P C9
G26 FF 61163 030600  780 414 2476     3607791     14          12    -29   22  41  111   -7   46   20   46   20  17  0  0 L3P D0
G29 FF 61163 030600  780 471 1009     3287797    -52          37     22   27 103  100    4   24  -17   24  -17  23  0  0 L3P F6
G10 FF 61163 032200  780 448 3275     5871433    -26          -8     -8   19  23  104  -14   56    3   56    3  16  0  0 L3P C2
G15 FF 61163 032200  780 245 1083    -4082974     44          31     77   32  35  176    6   34  -72   34  -72  27  0  0 L3P F3
G16 FF 61163 032200  780 244 2261    -2560961     -6          23     63   36  46  177  -35   51  -54   51  -54  33  0  0 L3P 05
G18 FF 61163 032200  780 468 1721     3619480   -109           9    -16   22 206  101    5   27    8   27    8  19  0  0 L3P D1
G23 FF 61163 032200  780 869 3391    -6431101    -69           5    -25   17 180   74   -1   24   26   24   26  16  0  0 L3P E4
G26 FF 61163 032200  780 436 2574     3607823     39           2     -4   25  41  106   -3   52   -7   52   -7  24  0  0 L3P AB
G29 FF 61163 032200  780 446  902     3287721    -75          33     -1   26 103  105    6   31   -1   31   -1  21  0  0 L3P A7
G10 FF 61163 033800  780 520 3214     5871418    -43          -5    -25   12  23   93   -9   50   17   50   17  11  0  0 L3P C4
G15 FF 61163 033800  780 232 1157    -4083007    -46          31    -13   26  35  186   14   40   15   40   15  21  0  0 L3P E5
G16 FF 61163 033800  780 291 2313    -2561030    -72          21     -2   32  46  151  -22   49    0   49    0  28  0  0 L3P BD
G18 FF 61163 033800  780 439 1629     3619390   -115           9    -21   27 206  106    6   29   16   29   16  23  0  0 L3P FE
G23 FF 61163 033800  780 843 1754    -6431150    -48          -1     -4   15 180   74    1   27   -6   27   -6  13  0  0 L3P C5
G26 FF 61163 033800  780 444 2681     3607868     43           5      0   24  41  105    0   51    4   51    4  19  0  0 L3P 76
G29 FF 61163 033800  780 414  804     3287655    -53          38     21   21 103  111    8   34  -15   34  -15  18  0  0 L3P E6
G10 FF 61163 035400  780 590 3125     5871397    -37          -9    -19   14  23   86   -6   49   10   49   10  12  0  0 L3P DE
G15 FF 61163 035400  780 209 1224    -4083030   -131          39    -98   34  35  204   25   33   83   33   83  30  0  0 L3P 04
G16 FF 61163 035400  780 332 2379    -2561112    -78           5     -9   22  46  134  -14   60    1   60    1  17  0  0 L3P B6
G18 FF 61163 035400  780 411 1541     3619312   -127          20    -34   17 206  112    6   20   31   20   31  16  0  0 L3P DB
G23 FF 61163 035400  780 758 1697    -6431209    -37         -20      6   18 180   76    3   41  -18   41  -18  18  0  0 L3P 01
G26 FF 61163 035400  780 437 2791     3607901     18          -2    -26   22  41  106    3   57   19   57   19  19  0  0 L3P D7
G29 FF 61163 035400  780 375  716     3287594    -46          47     27   22 103  121   12   33  -13   33  -13  19  0  0 L3P FE
G10 FF 61163 041000  780 652 2992     5871377    -39         -12    -21   14  24   81   -4   46   13   46   13  13  0  0 L3P DF
G16 FF 61163 041000  780 363 2458    -2561186    -66          -4      3   22  81  124   -8   63    0   63    0  19  0  0 L3P A9
G18 FF 61163 041000  780 385 1457     3619210    -61           6     32   22 207  118    7   30  -35   30  -35  19  0  0 L3P DE
G23 FF 61163 041000  780 676 1666    -6431254    -37         -22      6   18 181   80    5   41  -12   41  -12  16  0  0 L3P E7
G26 FF 61163 041000  780 415 2895     3607938     36          -3     -7   15  69  111    6   64    3   64    3  11  0  0 L3P 9C
G29 FF 61163 041000  780 330  639     3287511   -107          34    -33   32 107  135   18   41   23   41   23  25  0  0 L3P EE
G10 FF 61163 042600  780 698 2795     5871358     -8         -14     10   13  24   78   -2   45   -8   45   -8  12  0  0 L3P D1
G16 FF 61163 042600  780 383 2550    -2561253   -107          -4    -38   24  81  119   -3   67   34   67   34  21  0  0 L3P 07
G18 FF 61163 042600  780 360 1375     3619128   -115          15    -22   21 207  125    8   25   30   25   30  16  0  0 L3P F0
G23 FF 61163 042600  780 597 1636    -6431289    -32         -15     12   21 181   85    7   35   -5   35   -5  17  0  0 L3P EB
G26 FF 61163 042600  780 383 2990     3607975     69          -8     26   30  69  119   10   74   -7   74   -7  23  0  0 L3P EA
G27 FF 61163 042600  780 244 2174     1341828    140          15    -32   31  45  177  -42   41   26   41   26  28  0  0 L3P FA
G29 FF 61163 042600  780 281  572     3287438    -56          11     17   25   9  156   27   47    0   47    0  19  0  0 L3P AC
G10 FF 61163 044200  780 716 2535     5871340    -42         -14    -23   13  24   78    0   44   17   44   17  11  0  0 L3P C8
G16 FF 61163 044200  780 389 2648    -2561308    -71           7     -1   21  81  117    0   63    9   63    9  18  0  0 L3P AD
G18 FF 61163 044200  780 335 1294     3619035   -103          11    -10   18 207  133    9   36   20   36   20  13  0  0 L3P E8
G23 FF 61163 044200  780 522 1605    -6431332    -45         -17     -2   18 181   93    9   39    4   39    4  15  0  0 L3P C1
G26 FF 61163 044200  780 343 3073     3608022      8          -3    -36   38  69  130   15   85   49   85   49  28  0  0 L3P E0
G27 FF 61163 044200  780 306 2166     1342003    159          25    -13   21  45  144  -28   22    5   22    5  20  0  0 L3P C1
G29 FF 61163 044200  780 228  515     3287385    -64          29      9   32   9  189   44   48    6   48    6  23  0  0 L3P AE
G32 FF 61163 044200  780 284   61     -337529   -178           2     22   23  45  154  -35   66  -28   66  -28  19  0  0 L3P F0
G10 FF 61163 045800  780 701 2274     5871332     12          -4     30   16  24   78    2   32  -26   32  -26  14  0  0 L3P B6
G16 FF 61163 045800  780 381 2748    -2561373    -65          10      5   15  81  119    4   66   -6   66   -6  12  0  0 L3P D0
G18 FF 61163 045800  780 311 1215     3618950    -50          16     43   16 207  142   10   39  -31   39  -31  14  0  0 L3P 01
G23 FF 61163 045800  780 452 1572    -6431370    -53         -13    -10   26 181  104   13   40   11   40   11  23  0  0 L3P F7
G26 FF 61163 045800  780 298 3147     3608059     57          -7     14   20  69  147   21  108   21  108   21  15  0  0 L3P FF
G27 FF 61163 045800  780 371 2168     1342135    131          -7    -41   19  45  122  -19   47   26   47   26  17  0  0 L3P 03
G32 FF 61163 045800  780 353   91     -337722   -191           1      9   24  45  127  -23   54   -7   54   -7  19  0  0 L3P B3
G10 FF 61163 051400  780 661 2073     5871309    -13         -10      5   14  24   80    3   38   -2   38   -2  12  0  0 L3P 98
G16 FF 61163 051400  780 360 2845    -2561442    -19           7     50   19  81  125    8   74  -29   74  -29  16  0  0 L3P F7
G18 FF 61163 051400  780 287 1136     3618877    -81          32     12   40 207  152   12   33   -4   33   -4  37  0  0 L3P E7
G23 FF 61163 051400  780 386 1536    -6431404    -55          -6    -12   29 181  118   17   36    6   36    6  26  0  0 L3P EB
G26 FF 61163 051400  780 253 3214     3608113     32           6    -11   19  69  172   30  124   42  124   42  15  0  0 L3P DE
G27 FF 61163 051400  780 438 2183     1342308    161           1    -11   25  45  106  -14   38   10   38   10  21  0  0 L3P D3
G32 FF 61163 051400  780 426  123     -337911   -193           4      7   34  45  109  -16   47   -9   47   -9  30  0  0 L3P C0
G10 FF 61163 053000  780 610 1929     5871291    -17         -10      1   18  24   84    5   40    0   40    0  16  0  0 L3P 7B
G16 FF 61163 053000  780 330 2934    -2561502    -52          13     17   24  81  135   13   78   -5   78   -5  21  0  0 L3P DC
G18 FF 61163 053000  780 263 1060     3618788    -86          33      7   34 207  165   15   37    2   37    2  33  0  0 L3P C6
G23 FF 61163 053000  780 325 1498    -6431440    -69          -1    -26   24 181  136   23   31   26   31   26  19  0  0 L3P 02
G27 FF 61163 053000  780 505 2216     1342471    199          -2     28   22  45   95  -10   39  -29   39  -29  21  0  0 L3P FE
G32 FF 61163 053000  780 502  163     -338113   -202          -6     -2   16  45   96  -11   50   -2   50   -2  14  0  0 L3P 9E
G08 FF 61163 054600  780 244 2214    -4504105     82          -6      9   37  64  177  -42   64  -10   64  -10  32  0  0 L3P ED
G10 FF 61163 054600  780 555 1820     5871277    -22          -8     -4   15  24   89    6   39    9   39    9  15  0  0 L3P AB
G16 FF 61163 054600  780 293 3015    -2561573    -57           9     12   33  81  150   19   97   18   97   18  28  0  0 L3P F9
G18 FF 61163 054600  780 236  985     3618695    -87          29      6   33 207  182   20   44    1   44    1  27  0  0 L3P C5
G23 FF 61163 054600  780 269 1456    -6431497    -22         -17     21   25 181  162   31   49  -15   49  -15  20  0  0 L3P 2F
G27 FF 61163 054600  780 570 2276     1342637    146           0    -26   16  45   88   -7   36   29   36   29  15  0  0 L3P E3
G32 FF 61163 054600  780 578  218     -338299   -239           0    -39   13  45   87   -8   40   31   40   31  11  0  0 L3P CB
G08 FF 61163 060200  780 304 2241    -4504042     47         -11    -26   24  65  145  -26   62   25   62   25  20  0  0 L3P F1
G10 FF 61163 060200  780 500 1732     5871256    -47         -16    -28   18  33   96    8   45   19   45   19  16  0  0 L3P E5
G16 FF 61163 060200  780 252 3089    -2561639   -121          13    -52   40  83  172   28  118   62  118   62  31  0  0 L3P 2F
G18 FF 61163 060200  780 208  912     3618608    -26          30     67   20 208  205   27   50  -55   50  -55  16  0  0 L3P F9
G23 FF 61163 060200  780 217 1412    -6431502    -22          21     21   32 182  198   44   24    4   24    4  26  0  0 L3P C0
G27 FF 61163 060200  780 629 2378     1342801    146          -3    -26   14  54   83   -4   42   15   42   15  12  0  0 L3P D0
G32 FF 61163 060200  780 652  306     -338494   -211          -4    -10   17  47   81   -5   43    5   43    5  14  0  0 L3P 9C
G08 FF 61163 061800  780 361 2284    -4503957     68           4     -5   23  65  125  -17   53   11   53   11  21  0  0 L3P D9
G10 FF 61163 061800  780 447 1655     5871242    -12         -13      6   19  33  104   10   46    5   46    5  16  0  0 L3P B1
G27 FF 61163 061800  780 672 2541     1342962    166          -7     -6   13  54   80   -2   47   10   47   10  11  0  0 L3P C2
G32 FF 61163 061800  780 717  463     -338682   -176           1     24   13  47   77   -3   40  -15   40  -15  12  0  0 L3P CD
G08 FF 61163 063400  780 414 2345    -4503890     57           1    -16   19  65  111  -11   50   13   50   13  16  0  0 L3P D9
G10 FF 61163 063400  780 397 1584     5871230    -13          -7      5   23  33  115   12   45    0   45    0  21  0  0 L3P 93
G27 FF 61163 063400  780 687 2760     1343134    179           0      8   13  54   79    0   42    1   42    1  10  0  0 L3P 74
G32 FF 61163 063400  780 755  744     -338869   -242           6    -42   30  47   76   -1   35   28   35   28  19  0  0 L3P DB
G02 FF 61163 065000  780 227 2187     -910811    -26          32     51   34  91  189  -44   50  -57   50  -57  32  0  0 L3P 06
G08 FF 61163 065000  780 459 2427    -4503820     65           1     -7   22  65  102   -7   45    1   45    1  19  0  0 L3P 9D
G10 FF 61163 065000  780 351 1517     5871224      8           4     26   29  33  128   15   39  -15   39  -15  24  0  0 L3P CC
G27 FF 61163 065000  780 668 2979     1343308    208           9     36   17  54   80    2   37  -29   37  -29  13  0  0 L3P EA
G32 FF 61163 065000  780 743 1075     -339033   -180          34     20   16  47   76    1   16   -9   16   -9  13  0  0 L3P BC
G02 FF 61163 070600  780 285 2150     -910895    -87          20    -11   31  91  154  -30   44   -7   44   -7  28  0  0 L3P EC
G08 FF 61163 070600  780 491 2531    -4503756     87          -5     14   16  65   97   -4   44  -17   44  -17  15  0  0 L3P F4
G10 FF 61163 070600  780 308 1451     5871229    -16          27      2   14  33  143   18   24   -2   24   -2  12  0  0 L3P B0
G27 FF 61163 070600  780 621 3144     1343483    187          20     16   11  54   83    5   36  -12   36  -12   9  0  0 L3P C6
G28 FF 61163 070600  780 235  399     5398082   -119          37    -19   31  27  184  -35   41   16   41   16  23  0  0 L3P 10
G32 FF 61163 070600  780 691 1289     -339242   -227          17    -27   16  47   79    3   28   23   28   23  14  0  0 L3P EA
G02 FF 61163 072200  780 346 2116     -910971   -113          18    -37   21  91  129  -22   37   28   37   28  17  0  0 L3P 0A
G08 FF 61163 072200  780 507 2652    -4503679     77           2      5   13  65   95   -1   42    2   42    2  11  0  0 L3P 81
G10 FF 61163 072200  780 269 1386     5871203     18          18     36   19  33  162   22   38  -20   38  -20  16  0  0 L3P EE
G27 FF 61163 072200  780 558 3257     1343660    191          32     19   14  54   89    7   33  -10   33  -10  12  0  0 L3P DB
G28 FF 61163 072200  780 281  462     5397985   -115          36    -15   37  27  156  -24   39   18   39   18  28  0  0 L3P 22
G32 FF 61163 072200  780 621 1395     -339430   -195          21      5   13  47   83    6   24   -7   24   -7  12  0  0 L3P AB
G02 FF 61163 073800  780 413 2087     -911034    -50          28     26   18  91  111  -16   26  -26   26  -26  14  0  0 L3P FB
G08 FF 61163 073800  780 503 2780    -4503616     77          -4      4   16  65   95    2   48   -1   48   -1  13  0  0 L3P A8
G10 FF 61163 073800  780 233 1321     5871205     -4          38     14   13  33  185   27   23   -7   23   -7  10  0  0 L3P B5
G27 FF 61163 073800  780 490 3335     1343827    207          34     36   33  54   97   11   33  -33   33  -33  33  0  0 L3P F6
G28 FF 61163 073800  780 327  533     5397885   -126          32    -26   25  27  136  -17   39   11   39   11  22  0  0 L3P 11
G31 FF 61163 073800  780 233  242     1515714     -7          39     17   28  62  185  -41   33  -29   33  -29  24  0  0 L3P EC
G32 FF 61163 073800  780 547 1446     -339628   -187          15     13   20  47   90    9   28  -16   28  -16  18  0  0 L3P FF
G02 FF 61163 075400  780 484 2063     -911115    -69          20      7   20  91   98  -12   28   -4   28   -4  17  0  0 L3P BE
G08 FF 61163 075400  780 482 2902    -4503534     65           8     -8   16  65   99    5   41    3   41    3  14  0  0 L3P 90
G27 FF 61163 075400  780 419 3393     1343979    129          21    -43   31  54  110   16   43   35   43   35  28  0  0 L3P 00
G28 FF 61163 075400  780 369  613     5397776   -109          19     -9   15  27  122  -12   45    5   45    5  12  0  0 L3P DE
G31 FF 61163 075400  780 288  294     1515678     -8          26     16   21  62  152  -28   37  -16   37  -16  17  0  0 L3P FA
G32 FF 61163 075400  780 473 1467     -339831   -215           5    -15   25  47  100   12   32    9   32    9  24  0  0 L3P C4
G01 FF 61163 081000  780 265 2162    -2838884     83           8     -7   35 153  164  -36   41    4   41    4  30  0  0 L3P C8
G02 FF 61163 081000  780 560 2046     -911192    -71          18      5   14  92   89   -8   32   -1   32   -1  12  0  0 L3P 9A
G08 FF 61163 081000  780 447 3009    -4503453     82          16     10   39  75  104    8   35   -9   35   -9  25  0  0 L3P CD
G27 FF 61163 081000  780 349 3441     1344166    172          41      0   31  60  128   23   30   15   30   15  30  0  0 L3P B7
G28 FF 61163 081000  780 404  703     5397685    -37          23     63   19  28  113   -7   42  -48   42  -48  14  0  0 L3P F7
G31 FF 61163 081000  780 344  352     1515653    -25          29     -1   18  63  130  -19   42    0   42    0  14  0  0 L3P 99
G32 FF 61163 081000  780 400 1471     -340011   -200          19      0   21  72  114   17   28    6   28    6  20  0  0 L3P 8C
G01 FF 61163 082600  780 327 2140    -2838816    120         -10     30   19 153  136  -24   57  -11   57  -11  16  0  0 L3P 28
G02 FF 61163 082600  780 640 2038     -911259    -67          24      9   14  92   82   -6   31    0   31    0  11  0  0 L3P 83
G08 FF 61163 082600  780 402 3101    -4503387     68          13     -5   18  75  114   12   42   11   42   11  13  0  0 L3P C6
G27 FF 61163 082600  780 282 3482     1344345    215          55     43   22  60  155   34   29  -29   29  -29  16  0  0 L3P 12
G28 FF 61163 082600  780 430  804     5397607    -58          41     42   23  28  108   -4   26  -33   26  -33  20  0  0 L3P EA
G31 FF 61163 082600  780 399  418     1515630    -14          29     10   17  63  114  -14   43   -5   43   -5  15  0  0 L3P CC
G32 FF 61163 082600  780 331 1463     -340204   -193          18      7   22  72  135   25   34  -11   34  -11  18  0  0 L3P E2
G01 FF 61163 084200  780 393 2125    -2838704     88          16     -2   23 153  116  -17   34    9   34    9  20  0  0 L3P DA
G02 FF 61163 084200  780 722 2051     -911335    -75          21      1   14  92   77   -4   30   -7   30   -7  12  0  0 L3P 95
G03 FF 61163 084200  780 222 2378    -4796816    106           7    -48   25  70  193  -23   42   24   42   24  24  0  0 L3P 05
G08 FF 61163 084200  780 352 3178    -4503306     65          24     -7   14  75  127   17   38    7   38    7  11  0  0 L3P C5
G27 FF 61163 084200  780 219 3522     1344510    247          55     76   22  60  196   53   33  -60   33  -60  17  0  0 L3P 03
G28 FF 61163 084200  780 442  913     5397496   -135          27    -35   24  28  105   -1   37   34   37   34  22  0  0 L3P FA
G31 FF 61163 084200  780 452  497     1515606    -55          28    -31   18  63  104   -9   44   17   44   17  15  0  0 L3P E0
G32 FF 61163 084200  780 265 1447     -340408   -166           6     34   23  72  164   38   47  -27   47  -27  20  0  0 L3P 01
G01 FF 61163 085800  780 463 2120    -2838613     98          21      9   18 153  102  -13   31   -2   31   -2  16  0  0 L3P D6
G02 FF 61163 085800  780 806 2133     -911403    -66          25     10   12  92   75   -2   31   -1   31   -1  11  0  0 L3P 9F
G03 FF 61163 085800  780 251 2310    -4796682    156          -7      3   24  70  172  -19   48   -9   48   -9  21  0  0 L3P F7
G04 FF 61163 085800  780 268 3023     -556509     -3          28     10   23 183  163  -30   43   -5   43   -5  18  0  0 L3P DF
G08 FF 61163 085800  780 299 3246    -4503223     93          37     20   21  75  147   24   38    3   38    3  16  0  0 L3P CE
G28 FF 61163 085800  780 438 1022     5397393   -113          20    -13   24  28  106    2   45   16   45   16  21  0  0 L3P ED
G31 FF 61163 085800  780 499  593     1515594    -12          39     12   21  63   96   -6   41   -4   41   -4  16  0  0 L3P C0
G01 FF 61163 091400  780 535 2127    -2838529    108          18     18   18 153   91   -9   36   -7   36   -7  15  0  0 L3P F9
G02 FF 61163 091400  780 866 2818     -911486    -60          16     17   14  92   74    0   48   -5   48   -5  12  0  0 L3P BF
G03 FF 61163 091400  780 281 2241    -4796540    177         -12     23   28  70  155  -16   47  -10   47  -10  23  0  0 L3P 22
G04 FF 61163 091400  780 317 2955     -556527      0          23     13   23 183  139  -19   46   -2   46   -2  20  0  0 L3P D1
G08 FF 61163 091400  780 247 3306    -4503155     91          36     18   43  75  175   35   54   20   54   20  41  0  0 L3P E4
G28 FF 61163 091400  780 419 1124     5397296    -77          19     23   15  28  110    6   55   -4   55   -4  12  0  0 L3P D4
G31 FF 61163 091400  780 534  710     1515567      5          35     29   15  63   92   -3   50   -5   50   -5  15  0  0 L3P 8C
G01 FF 61163 093000  780 609 2157    -2838436     76          25    -14   14 153   84   -6   43   26   43   26  12  0  0 L3P F0
G02 FF 61163 093000  780 804 3489     -911538    -82          36     -6   31  92   75    2   42   21   42   21  30  0  0 L3P B1
G03 FF 61163 093000  780 314 2173    -4796369    170          11     16   26  70  141  -14   39    7   39    7  20  0  0 L3P DF
G04 FF 61163 093000  780 362 2877     -556537    -16          26     -2   27 183  124  -13   52   14   52   14  21  0  0 L3P F4
G28 FF 61163 093000  780 386 1211     5397199    -78          17     22   24  28  118   10   72   -4   72   -4  22  0  0 L3P E4
G31 FF 61163 093000  780 553  844     1515554    -61          45    -37   17  63   89   -1   56   44   56   44  14  0  0 L3P D8
G01 FF 61163 094600  780 682 2226    -2838351     90          24      1   14 153   79   -4   54   11   54   11  13  0  0 L3P C6
G02 FF 61163 094600  780 718 3578     -911620    -96          28    -20   14  92   77    4   65   28   65   28  13  0  0 L3P E3
G03 FF 61163 094600  780 350 2104    -4796232    134           1    -19   17  70  128  -12   62   28   62   28  15  0  0 L3P F9
G04 FF 61163 094600  780 401 2789     -556559     28          17     41   19 183  114   -9   71  -23   71  -23  16  0  0 L3P 0C
G28 FF 61163 094600  780 342 1283     5397097    -96          11      4   18  28  131   17   91   13   91   13  14  0  0 L3P E1
G31 FF 61163 094600  780 552  983     1515525    -41          39    -17   19  63   90    1   73   24   73   24  16  0  0 L3P C8
G01 FF 61163 100200  780 747 2385    -2838273     85          11     -5   12 154   76   -2   70   26   70   26   9  0  0 L3P C9
G02 FF 61163 100200  780 631    6     -911695    -65          32     12   19  93   83    7   79    7   79    7  15  0  0 L3P 6F
G03 FF 61163 100200  780 388 2034    -4796097    170         -10     16   29  71  117  -11   84  -12   84  -12  24  0  0 L3P 21
G04 FF 61163 100200  780 434 2691     -556575    -21          13     -7   22 184  107   -6   86   24   86   24  17  0  0 L3P E8
G28 FF 61163 100200  780 290 1337     5397009    -68          25     32   19  29  151   27  112   11  112   11  16  0  0 L3P F8
G31 FF 61163 100200  780 531 1110     1515500    -40          41    -16   16  64   92    4   85   30   85   30  15  0  0 L3P A6
G01 FF 61163 101800  780 782 2716    -2838179     87          18     -3   14 154   75    0   80   17   80   17  12  0  0 L3P D7
G02 FF 61163 101800  780 545   19     -911768   -105          32    -29   19  93   90   10  101   37  101   37  15  0  0 L3P E1
G03 FF 61163 101800  780 429 1961    -4795948    133          -8    -20   18  71  108   -9   89   29   89   29  16  0  0 L3P 24
G04 FF 61163 101800  780 459 2584     -556576    -49          26    -36   18 184  102   -4   91   38   91   38  15  0  0 L3P 16
G28 FF 61163 101800  780 234 1376     5396916    -99          29      1   34  29  184   44  141   33  141   33  28  0  0 L3P 0B
G31 FF 61163 101800  780 493 1214     1515480    -25          45     -1   22  64   97    7  100   15  100   15  20  0  0 L3P C0
G01 FF 61163 103400  780 761 3093    -2838105     90           5      0   12 154   76    2  102   13  102   13  10  0  0 L3P A9
G02 FF 61163 103400  780 463   29     -911854    -67          19      9   14  93  102   14  130   18  130   18  11  0  0 L3P BF
G03 FF 61163 103400  780 474 1883    -4795802    162          -9      8   20  71  100   -8  103    4  103    4  16  0  0 L3P CE
G04 FF 61163 103400  780 476 2471     -556604    -38          10    -24   14 184   99   -2  109   33  109   33  12  0  0 L3P 06
G09 FF 61163 103400  780 218 2731    -7541052   -113         -66   -152   38  16  196  -28  267  166  267  166  34  0  0 L3P 98
G31 FF 61163 103400  780 444 1293     1515452    -30          39     -7   19  64  105   10  121   34  121   34  17  0  0 L3P E9
G01 FF 61163 105000  780 700 3301    -2838016     62           9    -28   15 154   78    4  113   48  113   48  12  0  0 L3P E0
G02 FF 61163 105000  780 384   39     -911933    -72          13      4   12  93  118   21  165   45  165   45  11  0  0 L3P C2
G03 FF 61163 105000  780 520 1798    -4795662    140         -17    -13   16  71   93   -6  122   30  122   30  13  0  0 L3P 0C
G04 FF 61163 105000  780 487 2355     -556624    -48           4    -34   15 184   98   -1  124   36  124   36  13  0  0 L3P FE
G09 FF 61163 105000  780 249 2657    -7540942    222           7    183   37  16  174  -20  201 -170  201 -170  34  0  0 L3P 5C
G26 FF 61163 105000  780 217  893     3608993     29          20    -14   25  11  197  -11  234   32  234   32  19  0  0 L3P 02
G31 FF 61163 105000  780 388 1347     1515424     -2          35     22   15  64  117   15  147    5  147    5  14  0  0 L3P C5
G01 FF 61163 110600  780 625 3403    -2837930     29           9    -60   44 154   83    6  137   90  137   90  43  0  0 L3P F8
G02 FF 61163 110600  780 309   50     -912001    -97          18    -21   20  93  143   31  209   74  209   74  16  0  0 L3P DA
G03 FF 61163 110600  780 567 1699    -4795499    196          -1     43   20  71   88   -5  126  -16  126  -16  18  0  0 L3P 38
G04 FF 61163 110600  780 491 2238     -556639     -1           2     13   23 184   97    0  141   12  141   12  19  0  0 L3P BC
G09 FF 61163 110600  780 277 2580    -7540878     44          34      5   24  16  158  -14  188   13  188   13  20  0  0 L3P 13
G26 FF 61163 110600  780 226  968     3609039    -20          24    -63   41  11  190   -4  244   69  244   69  37  0  0 L3P 0A
G31 FF 61163 110600  780 328 1384     1515399      3          32     27   20  64  136   23  185   20  185   20  16  0  0 L3P DF
G01 FF 61163 112200  780 547 3461    -2837837    111          15     21   20 154   90    9  158   15  158   15  16  0  0 L3P 03
G02 FF 61163 112200  780 238   64     -912070    -37          23     40   19  93  181   50  268   56  268   56  17  0  0 L3P E4
G03 FF 61163 112200  780 612 1579    -4795354    180          -3     27   12  71   84   -4  141   -4  141   -4  11  0  0 L3P E6
G04 FF 61163 112200  780 490 2123     -556642    -24          12    -10   15 184   97    0  150   31  150   31  12  0  0 L3P D8
G09 FF 61163 112200  780 302 2501    -7540853     36          22     -3   17  16  145  -11  207   20  207   20  17  0  0 L3P EE
G16 FF 61163 112200  780 230  722    -2562983    -37           4     33   28  33  187  -23  312  -13  312  -13  24  0  0 L3P 06
G26 FF 61163 112200  780 227 1044     3609037    100         -18     57   29  11  189    3  308  -10  308  -10  23  0  0 L3P 0C
G31 FF 61163 112200  780 266 1405     1515371    -28          28     -4   22  64  164   36  230   51  230   51  17  0  0 L3P ED
G01 FF 61163 113800  780 470 3500    -2837745     88          21     -2   34 154  101   13  196   51  196   51  30  0  0 L3P 0C
G03 FF 61163 113800  780 651 1426    -4795198    160           5      7   15  71   81   -2  152   10  152   10  13  0  0 L3P D2
G04 FF 61163 113800  780 486 2012     -556657     28          10     42   17 184   98    1  173  -13  173  -13  14  0  0 L3P FE
G07 FF 61163 113800  780 259 3201     1803548     72          26     28   17  34  168  -39  263  -27  263  -27  13  0  0 L3P 31
G09 FF 61163 113800  780 326 2420    -7540810     52          28     14   25  16  136   -9  219    3  219    3  23  0  0 L3P D8
G16 FF 61163 113800  780 256  797    -2563039   -161          14    -92   42  33  169  -15  316   97  316   97  37  0  0 L3P 52
G26 FF 61163 113800  780 219 1117     3609110     34          13    -10   38  11  196   11  310   45  310   45  31  0  0 L3P E7
G01 FF 61163 115400  780 394 3530    -2837653     90          26      1   14 154  116   19  240   49  240   49  11  0  0 L3P 03
G03 FF 61163 115400  780 677 1232    -4795060    153          -4     -1   14  71   79   -1  171    9  171    9  13  0  0 L3P D3
G04 FF 61163 115400  780 479 1903     -556659    -35          22    -22   20 184   99    1  180   35  180   35  16  0  0 L3P 08
G07 FF 61163 115400  780 322 3156     1803590     55          25     10   23  34  138  -25  257  -23  257  -23  19  0  0 L3P 1C
G09 FF 61163 115400  780 349 2338    -7540768     27          33    -12   22  16  128   -7  222   17  222   17  19  0  0 L3P 17
G16 FF 61163 115400  780 276  877    -2563124    -52          -4     18   22  33  158   -9  335  -23  335  -23  18  0  0 L3P 1C
G01 FF 61163 121000  780 322 3557    -2837565    150          30     59   21 155  138   28  288    7  288    7  16  0  0 L3P 17
G03 FF 61163 121000  780 681 1010    -4794914    165          -4     11   15  89   79    1  186    5  186    5  13  0  0 L3P D0
G04 FF 61163 121000  780 471 1798     -556691      7           6     20   20 185  100    2  209   -4  209   -4  19  0  0 L3P C0
G07 FF 61163 121000  780 383 3099     1803616     27           9    -17   19  39  118  -16  251   -4  251   -4  14  0  0 L3P FB
G09 FF 61163 121000  780 372 2254    -7540739     -5          28    -43   24  52  121   -6  227   42  227   42  20  0  0 L3P 00
G16 FF 61163 121000  780 287  959    -2563159    -72          26     -3   27  34  152   -3  308   14  308   14  25  0  0 L3P FE
G01 FF 61163 122600  780 253 3583    -2837477     46          31    -45   24 155  171   43  353  116  353  116  20  0  0 L3P 4B
G03 FF 61163 122600  780 659  798    -4794774    161         -11      8   15  89   81    2  210   13  210   13  13  0  0 L3P E6
G04 FF 61163 122600  780 461 1695     -556699    -43           8    -30   18 186  102    2  217   41  217   41  16  0  0 L3P 04
G06 FF 61163 122600  780 245 2384     6066233      5          35     35   38  63  177  -19  307  -11  307  -11  33  0  0 L3P 10
G07 FF 61163 122600  780 442 3026     1803651     82           3     38   48  39  105  -11  246  -39  246  -39  33  0  0 L3P 16
G09 FF 61163 122600  780 394 2169    -7540705     22          25    -17   25  52  116   -6  235   17  235   17  23  0  0 L3P 13
G16 FF 61163 122600  780 288 1041    -2563247   -104           4    -35   23  34  152    2  341   35  341   35  18  0  0 L3P 00
G03 FF 61163 124200  780 616  631    -4794632    139         -17    -14   16  89   84    4  235   30  235   30  13  0  0 L3P FF
G04 FF 61163 124200  780 452 1595     -556702     26          19     39   26 186  104    2  225  -15  225  -15  24  0  0 L3P 0E
G06 FF 61163 124200  780 267 2461     6066200    -11          29     19   25  63  163  -10  324   -4  324   -4  21  0  0 L3P F4
G07 FF 61163 124200  780 496 2936     1803694     30           4    -13   18  39   97   -8  239    6  239    6  15  0  0 L3P D8
G09 FF 61163 124200  780 417 2082    -7540664     47          29      8   19  52  110   -5  240    8  240    8  18  0  0 L3P D1
G16 FF 61163 124200  780 279 1121    -2563311   -114           7    -45   42  34  156    8  354   65  354   65  38  0  0 L3P 15
G03 FF 61163 125800  780 558  508    -4794478    164         -10     11   15  89   89    7  248   12  248   12  14  0  0 L3P 0D
G04 FF 61163 125800  780 441 1495     -556720      2          14     15   21 186  106    2  245   -3  245   -3  19  0  0 L3P D0
G06 FF 61163 125800  780 277 2544     6066177    -23          35      7   15  63  158   -3  327   14  327   14  13  0  0 L3P FC
G07 FF 61163 125800  780 542 2823     1803722     56         -10     13   14  39   91   -5  238  -20  238  -20  11  0  0 L3P FE
G09 FF 61163 125800  780 440 1993    -7540632     70          24     31   13  52  106   -5  243  -26  243  -26  11  0  0 L3P 14
G16 FF 61163 125800  780 259 1195    -2563378    -19           7     51   29  34  167   15  373   -7  373   -7  24  0  0 L3P 1A
G03 FF 61163 131400  780 493  420    -4794330    155         -10      2   14  89   97   10  268   22  268   22  13  0  0 L3P ED
G04 FF 61163 131400  780 429 1397     -556754      4          -7     18   21 186  108    3  280   -6  280   -6  19  0  0 L3P E2
G06 FF 61163 131400  780 276 2630     6066147    -43          33    -13   25  63  158    4  341   28  341   28  22  0  0 L3P FE
G07 FF 61163 131400  780 578 2685     1803776     32           3    -11   11  39   87   -3  222   -1  222   -1  11  0  0 L3P C9
G09 FF 61163 131400  780 464 1900    -7540602     33          17     -6   21  52  101   -4  246   -5  246   -5  18  0  0 L3P E4
G16 FF 61163 131400  780 230 1260    -2563451   -165           1    -95   32  34  187   27  410  116  410  116  25  0  0 L3P 32
G30 FF 61163 131400  780 256 2948    -2093242   -109          20     27   19  84  170  -30  366  -62  366  -62  17  0  0 L3P 55
G03 FF 61163 133000  780 423  357    -4794177    148          -3     -5   17  89  109   15  294   41  294   41  16  0  0 L3P 0F
G04 FF 61163 133000  780 416 1300     -556760    -33           0    -19   23 186  111    3  282   23  282   23  16  0  0 L3P E3
G06 FF 61163 133000  780 264 2715     6066096      8          11     37   32  63  164   10  377  -16  377  -16  26  0  0 L3P 0B
G07 FF 61163 133000  780 599 2527     1803803     76         -12     32   16  39   85   -1  227  -28  227  -28  13  0  0 L3P 16
G09 FF 61163 133000  780 489 1802    -7540570      2          12    -37   13  52   98   -4  249   27  249   27  11  0  0 L3P F6
G30 FF 61163 133000  780 301 2880    -2093374   -116          11     20   19   3  146  -20  336  -42  336  -42  17  0  0 L3P 21
G03 FF 61163 134600  780 352  311    -4794031    186          -5     32   19  89  128   23  348   36  348   36  17  0  0 L3P 14
G04 FF 61163 134600  780 401 1204     -556773    -23           1     -9   23 186  114    4  295   32  295   32  17  0  0 L3P E7
G06 FF 61163 134600  780 243 2797     6066083    -12          26     17   38  63  177   17  387   30  387   30  33  0  0 L3P 20
G07 FF 61163 134600  780 605 2359     1803850     74          -6     31    8  39   85    0  220  -23  220  -23   8  0  0 L3P C5
G09 FF 61163 134600  780 512 1697    -7540536     69           9     30   15  52   94   -3  250  -27  250  -27  13  0  0 L3P 06
G30 FF 61163 134600  780 341 2803    -2093511   -152           4    -17   17   3  131  -13  313   -2  313   -2  15  0  0 L3P EB
G03 FF 61163 140200  780 280  278    -4793890    119          -6    -34   21  90  156   38  431  106  431  106  18  0  0 L3P 38
G04 FF 61163 140200  780 383 1110     -556784    -20           5     -6   19 187  118    5  309    8  309    8  15  0  0 L3P CC
G06 FF 61163 140200  780 216 2875     6066064    -50          37    -20   25  64  198   27  429   73  429   73  23  0  0 L3P 28
G07 FF 61163 140200  780 595 2195     1803899     22          -4    -21    8  40   85    1  217   24  217   24   7  0  0 L3P C0
G09 FF 61163 140200  780 534 1584    -7540491     16          16    -23   14  53   92   -2  242   32  242   32  12  0  0 L3P EF
G30 FF 61163 140200  780 378 2718    -2093626   -176          18    -41   16  60  120   -9  286   14  286   14  14  0  0 L3P 34
G04 FF 61163 141800  780 361 1019     -556794    -38           8    -25   23 187  125    7  329   49  329   49  21  0  0 L3P 1B
G07 FF 61163 141800  780 574 2047     1803937     23          -7    -20   18  40   87    3  228   20  228   20  16  0  0 L3P DD
G09 FF 61163 141800  780 552 1460    -7540457      2          12    -37   13  53   90   -2  252   35  252   35  12  0  0 L3P E2
G14 FF 61163 141800  780 264 3391    -7452445     14          17     26   27 168  165  -42  436 -105  436 -105  27  0  0 L3P 72
G30 FF 61163 141800  780 409 2625    -2093765   -120           9     15   20  60  112   -7  286  -35  286  -35  17  0  0 L3P 2D
G04 FF 61163 143400  780 335  932     -556818    -20          -3     -6   26 187  133   10  368   40  368   40  22  0  0 L3P F9
G07 FF 61163 143400  780 545 1916     1803977     62          -9     18   18  40   90    4  241   -6  241   -6  15  0  0 L3P D2
G09 FF 61163 143400  780 563 1326    -7540426     36           6     -2   11  53   88   -1  263   13  263   13  10  0  0 L3P CF
G14 FF 61163 143400  780 336 3379    -7452455    -35          18    -23   28 168  133  -27  379  -24  379  -24  25  0  0 L3P 7B
G30 FF 61163 143400  780 435 2526    -2093897   -130           7      6   14  60  107   -5  272  -13  272  -13  11  0  0 L3P 0C
G04 FF 61163 145000  780 305  849     -556810    -34          18    -20   34 187  144   14  386   65  386   65  31  0  0 L3P 20
G07 FF 61163 145000  780 512 1800     1804017     29         -10    -14   20  40   94    5  250   15  250   15  18  0  0 L3P CF
G09 FF 61163 145000  780 566 1185    -7540390     20           5    -19   18  53   88    0  274   30  274   30  15  0  0 L3P E3
G14 FF 61163 145000  780 410 3358    -7452482    -41           2    -29   29 168  112  -18  357   -1  357   -1  28  0  0 L3P 2A
G21 FF 61163 145000  780 232 2236    -4149678    -47          38    -50   37 173  186  -43  345    0  345    0  32  0  0 L3P 21
G22 FF 61163 145000  780 240 3356       84941    -67          11     -3   33   0  180  -49  481  -66  481  -66  32  0  0 L3P F7
G30 FF 61163 145000  780 455 2422    -2094039   -129          -5      6   18  60  103   -3  275  -11  275  -11  16  0  0 L3P 14
G04 FF 61163 150600  780 271  772     -556830     13          11     27   28 187  161   21  443   21  443   21  21  0  0 L3P E7
G07 FF 61163 150600  780 477 1697     1804055     47         -14      4   16  40   99    6  270   11  270   11  15  0  0 L3P D5
G09 FF 61163 150600  780 557 1043    -7540354     26           4    -13   17  53   89    2  285   18  285   18  14  0  0 L3P EE
G14 FF 61163 150600  780 487 3326    -7452494     -8           1      3   24 168   98  -12  326  -39  326  -39  21  0  0 L3P 1E
G21 FF 61163 150600  780 284 2282    -4149692     -9          22    -11   23 173  154  -26  329  -19  329  -19  20  0  0 L3P 51
G22 FF 61163 150600  780 308 3336       84869   -109           0    -46   32   0  143  -30  422  -24  422  -24  28  0  0 L3P FA
G30 FF 61163 150600  780 470 2314    -2094158   -145           5    -10   21  60  100   -2  257   -2  257   -2  19  0  0 L3P F7
G04 FF 61163 152200  780 233  701     -556867    -37         -13    -23   35 187  185   31  508   69  508   69  28  0  0 L3P 38
G07 FF 61163 152200  780 442 1603     1804100      5         -10    -38   24  40  105    7  281   53  281   53  23  0  0 L3P D2
G09 FF 61163 152200  780 536  909    -7540312     67           8     28   20  53   91    3  289  -10  289  -10  16  0  0 L3P E7
G14 FF 61163 152200  780 563 3278    -7452505    -34           1    -23   16 168   88   -8  296   -3  296   -3  13  0  0 L3P 14
G21 FF 61163 152200  780 332 2341    -4149695     23          18     21   22 173  134  -16  309  -27  309  -27  18  0  0 L3P 3D
G22 FF 61163 152200  780 378 3308       84795    -60         -13      4   28   0  120  -20  378  -54  378  -54  26  0  0 L3P FD
G30 FF 61163 152200  780 481 2204    -2094299   -143          -6     -7   17  60   99   -1  260   -1  260   -1  16  0  0 L3P F1
G07 FF 61163 153800  780 409 1515     1804140     27         -12    -16   16  40  112    8  294   38  294   38  14  0  0 L3P 02
G09 FF 61163 153800  780 504  788    -7540285     59          -1     20   18  53   95    5  312    2  312    2  18  0  0 L3P B3
G14 FF 61163 153800  780 639 3203    -7452509    -22           7    -11   18 168   82   -5  269   -4  269   -4  15  0  0 L3P 14
G21 FF 61163 153800  780 370 2417    -4149696     -2          14     -4   20 173  122  -10  295   -9  295   -9  17  0  0 L3P 1B
G22 FF 61163 153800  780 448 3267       84737    -98         -10    -34   16   0  104  -13  332    4  332    4  13  0  0 L3P CF
G30 FF 61163 153800  780 488 2094    -2094420   -134           3      2   18  60   98   -1  241  -11  241  -11  15  0  0 L3P F5
G07 FF 61163 155400  780 377 1431     1804199     83           6     39   17  40  120    9  291  -31  291  -31  15  0  0 L3P F7
G09 FF 61163 155400  780 462  683    -7540234     35          12     -4   19  53  102    8  316   23  316   23  16  0  0 L3P DB
G14 FF 61163 155400  780 709 3076    -7452520    -17           7     -6   17 168   78   -3  251  -12  251  -12  15  0  0 L3P 17
G21 FF 61163 155400  780 397 2506    -4149695      2          13      0   15 173  115   -5  289   -6  289   -6  13  0  0 L3P F7
G22 FF 61163 155400  780 518 3210       84680    -51          -6     12   14   0   94   -9  299  -47  299  -47  13  0  0 L3P E0
G30 FF 61163 155400  780 492 1983    -2094564   -184         -11    -49   14  60   97    0  252   38  252   38  11  0  0 L3P 2B
G05 FF 61163 161000  780 220 2361     2325288     10           4      5   19  30  195  -24  351  -19  351  -19  20  0  0 L3P E8
G07 FF 61163 161000  780 346 1351     1804243     22           3    -21   15  82  129   10  302   36  302   36  14  0  0 L3P D3
G09 FF 61163 161000  780 413  596    -7540193     58          15     19   22  59  111   12  330    3  330    3  19  0  0 L3P CA
G14 FF 61163 161000  780 764 2840    -7452531    -16           5     -5   16 169   76   -1  239  -10  239  -10  12  0  0 L3P 0E
G17 FF 61163 161000  780 241  145     1270137     23          22    -61   20  33  179  -42  521  -68  521  -68  15  0  0 L3P 0D
G21 FF 61163 161000  780 410 2606    -4149678     27          25     24   27 174  112   -1  284  -14  284  -14  25  0  0 L3P 28
G22 FF 61163 161000  780 585 3129       84612    -71         -10     -8   11   4   86   -6  272  -19  272  -19  10  0  0 L3P D8
G30 FF 61163 161000  780 493 1873    -2094687   -158          -7    -23   17  77   97    0  243   16  243   16  16  0  0 L3P 1F
G05 FF 61163 162600  780 244 2433     2325301     19          13     14   26  30  177  -13  341  -21  341  -21  20  0  0 L3P FC
G07 FF 61163 162600  780 317 1272     1804266     16         -16    -27   19  82  140   12  332   41  332   41  15  0  0 L3P 07
G09 FF 61163 162600  780 358  524    -7540148     54          23     15   24  59  125   18  353   17  353   17  19  0  0 L3P 08
G14 FF 61163 162600  780 782 2457    -7452535    -26          12    -15   13 169   75    0  222    5  222    5  11  0  0 L3P E8
G17 FF 61163 162600  780 300  186     1270211     94          15     10   31  33  147  -28  433  -83  433  -83  27  0  0 L3P 07
G21 FF 61163 162600  780 408 2710    -4149675     11          26      9   28 174  112    2  289   -2  289   -2  25  0  0 L3P F5
G22 FF 61163 162600  780 645 3011       84560    -73          -1     -9   18   4   81   -4  243   -5  243   -5  15  0  0 L3P 9E
G30 FF 61163 162600  780 493 1763    -2094811   -104          -1     32   14  77   97    0  237  -29  237  -29  12  0  0 L3P 1E
