CGGTTS     GENERIC DATA FORMAT VERSION = 2E
REV DATE = 2025-11-01
RCVR = PolaRx5TR (5.6.0)     sbf2cggtts-1.5.0
CH = 80
IMS = PolaRx5TR
LAB = LRTE
X = 3967035.920 m
Y = -4390028.540 m
Z = -2375644.640 m
FRAME = ITRF
COMMENTS = LS=18; ElMask=10deg; 'Generated from the SBF in 2025-12-16 at 23:46:00'
INT DLY = 24.9 ns (GPS P1),  15.7 ns (GPS P2)     CAL_ID = 1201-2025
CAB DLY = 103.1 ns
REF DLY = 47.2 ns
REF = UTC(LRTE)
CKSUM = fd

SAT CL  MJD  STTIME TRKL ELV AZTH   REFSV      SRSV     REFSYS    SRSYS  DSG IOE MDTR SMDT MDIO SMDI MSIO SMSI ISG FR HC FRC CK
             hhmmss  s  .1dg .1dg    .1ns     .1ps/s     .1ns    .1ps/s .1ns     .1ns.1ps/s.1ns.1ps/s.1ns.1ps/s.1ns
G04 FF 61025 000600  780 298  883     -317142    -71          37    -45   29  86  148   14  384   72  384   72  25  0  0 L3P 15
G07 FF 61025 000600  780 545 1953     1215744     53          -2     -1   19  83   90    3  298   -6  298   -6  17  0  0 L3P CE
G09 FF 61025 000600  780 560 1266    -7676795    -50          18    -34   19 155   89    0  291   22  291   22  18  0  0 L3P 22
G14 FF 61025 000600  780 334 3370    -7221449    -20          51      7   30  54  134  -27  650 -202  650 -202  28  0  0 L3P 33
G20 FF 61025 000600  780 237 2282    -3620334    -41          50    -42   24  98  182  -35  442   38  442   38  21  0  0 L3P 21
G21 FF 61025 000600  780 239 2228    -3566650    -76          48     29   27  57  181  -42  432  -43  432  -43  23  0  0 L3P 42
G30 FF 61025 000600  780 477 2437     -564621    -98          26     21   15  86   99   -3  361  -45  361  -45  14  0  0 L3P 13
G04 FF 61025 002200  780 265  806     -317195     55          10     81   31  86  164   20  435  -27  435  -27  27  0  0 L3P F9
G07 FF 61025 002200  780 516 1834     1215799     58           0      4   13  83   94    4  293    4  293    4  12  0  0 L3P 90
G09 FF 61025 002200  780 557 1127    -7676806     -7          22      9   17 155   89    1  283   10  283   10  14  0  0 L3P E4
G14 FF 61025 002200  780 408 3348    -7221493      5          33     32   47  54  113  -18  532 -124  532 -124  44  0  0 L3P 32
G20 FF 61025 002200  780 281 2341    -3620346    -26          37    -27   26  98  156  -21  445   32  445   32  24  0  0 L3P 23
G21 FF 61025 002200  780 294 2269    -3566744   -112          54     -8   26  57  149  -25  405   -9  405   -9  24  0  0 L3P 31
G22 FF 61025 002200  780 228 3345      691505      6          30     43   81  32  189  -54  887 -102  887 -102  78  0  0 L3P 2F
G30 FF 61025 002200  780 490 2323     -564739   -106          23     13   17  86   97   -2  328  -57  328  -57  15  0  0 L3P 20
G04 FF 61025 003800  780 229  734     -317200    -51          30    -25   35  86  188   30  453   82  453   82  29  0  0 L3P FE
G07 FF 61025 003800  780 485 1727     1215854     74           3     19   19  83   98    5  283  -19  283  -19  15  0  0 L3P FE
G09 FF 61025 003800  780 543  990    -7676805    -27          38    -11   17 155   91    2  291   29  291   29  14  0  0 L3P 17
G14 FF 61025 003800  780 484 3314    -7221531     48          22     75   65  54   98  -12  401 -424  401 -424  69  0  0 L3P 44
G20 FF 61025 003800  780 317 2412    -3620343     10          39      9   24  98  140  -12  459    1  459    1  21  0  0 L3P CD
G21 FF 61025 003800  780 345 2326    -3566843   -121          55    -16   17  57  130  -16  396   -6  396   -6  17  0  0 L3P 43
G22 FF 61025 003800  780 295 3325      691465    139          26    177  196  32  149  -32  454  227  454  227 214  0  0 L3P 7A
G30 FF 61025 003800  780 498 2208     -564849   -137          27    -18   24  86   96   -1  302    3  302    3  23  0  0 L3P EC
G04 FF 61025 005400  780 189  668     -317207    -10          48     16   48  86  225   49  503   76  503   76  41  0  0 L3P 03
G07 FF 61025 005400  780 453 1630     1215914     65          10     10   16  83  103    6  274  -11  274  -11  13  0  0 L3P E1
G09 FF 61025 005400  780 517  863    -7676822    -46          36    -30   19 155   94    4  308   36  308   36  17  0  0 L3P 18
G14 FF 61025 005400  780 560 3263    -7221545    -47          34    -19   36  54   89   -8  338    5  338    5  49  0  0 L3P FE
G20 FF 61025 005400  780 341 2494    -3620349    -12          32    -13   23  98  131   -7  410  -44  410  -44  45  0  0 L3P 1F
G21 FF 61025 005400  780 387 2399    -3566954   -152          45    -47   18  57  117  -10  390   27  390   27  17  0  0 L3P 5B
G22 FF 61025 005400  780 363 3295      691493    -89          90    -51   64  32  124  -21  569  353  569  353  66  0  0 L3P 55
G30 FF 61025 005400  780 501 2093     -564961   -114          30      6   16  86   96    0  286  -22  286  -22  14  0  0 L3P F2
G07 FF 61025 011000  780 421 1538     1215974     62          18      7   19  83  109    7  270  -11  270  -11  16  0  0 L3P E2
G09 FF 61025 011000  780 481  751    -7676853    -15          21      1   26 155   99    6  335   13  335   13  22  0  0 L3P DF
G14 FF 61025 011000  780 634 3186    -7221581    -64          24    -37   21  54   82   -5  387  -19  387  -19  18  0  0 L3P 33
G20 FF 61025 011000  780 354 2584    -3620345     22          35     21   27  98  127   -2  511   97  511   97  36  0  0 L3P FF
G21 FF 61025 011000  780 418 2489    -3567065   -134          34    -29   24  57  110   -5  336  246  336  246  38  0  0 L3P 5A
G22 FF 61025 011000  780 433 3254      691428     -9          61     28   70  32  107  -14  537 -132  537 -132  82  0  0 L3P 26
G30 FF 61025 011000  780 501 1979     -565083   -127          23     -8   18  86   96    0  285   -3  285   -3  16  0  0 L3P E8
G05 FF 61025 012600  780 210 2326     2255678      9          54      3   38  19  204  -32  397   51  397   51  35  0  0 L3P EC
G07 FF 61025 012600  780 391 1451     1216023     62          15      7   20  83  116    8  278   -6  278   -6  17  0  0 L3P C8
G09 FF 61025 012600  780 437  654    -7676855    -14          34      2   23 155  106   10  342   21  342   21  20  0  0 L3P F4
G14 FF 61025 012600  780 702 3057    -7221602    -17          29     11   16  54   78   -3  324 -213  324 -213  29  0  0 L3P 2A
G20 FF 61025 012600  780 353 2678    -3620331    -40          47    -41   31  98  127    2  444   58  444   58  59  0  0 L3P 1A
G21 FF 61025 012600  780 436 2592    -3567173   -119          27    -15   25  57  107   -2  453  130  453  130  35  0  0 L3P 4D
G22 FF 61025 012600  780 501 3197      691380    -48          49    -11   44  32   96  -10  331 -441  331 -441 113  0  0 L3P 3F
G30 FF 61025 012600  780 497 1867     -565195   -135          25    -15   20  86   96    1  281    8  281    8  17  0  0 L3P EF
G05 FF 61025 014200  780 239 2394     2255692    -52          62    -58   33  19  180  -18  396   14  396   14  36  0  0 L3P 36
G07 FF 61025 014200  780 362 1368     1216077     42          16    -12   15  83  124    9  285   30  285   30  12  0  0 L3P E7
G09 FF 61025 014200  780 386  573    -7676876    -89          29    -73   22 155  118   14  381  107  381  107  19  0  0 L3P 6B
G14 FF 61025 014200  780 755 2827    -7221633    -40          24    -13   10  54   76   -1  222  -65  222  -65  24  0  0 L3P 13
G17 FF 61025 014200  780 221  103       16847    191          31     68   51  78  195  -49  548  110  548  110  42  0  0 L3P 08
G20 FF 61025 014200  780 340 2771    -3620335    -26          43    -27   21  98  131    6  413  -12  413  -12  38  0  0 L3P 0F
G21 FF 61025 014200  780 437 2701    -3567270    -74          30     30   20  57  106    1  378   76  378   76  29  0  0 L3P 09
G22 FF 61025 014200  780 566 3117      691342    -62          47    -24   29  32   88   -7  355 -116  355 -116  37  0  0 L3P 35
G30 FF 61025 014200  780 492 1757     -565315   -113          20      6   16  86   97    1  295   12  295   12  13  0  0 L3P DC
G05 FF 61025 015800  780 259 2469     2255690    -18          53    -25   33  19  168   -9  484 -157  484 -157  46  0  0 L3P 79
G07 FF 61025 015800  780 334 1287     1216134     79          20     24   23  83  133   10  307    1  307    1  17  0  0 L3P C0
G09 FF 61025 015800  780 330  506    -7676876     -5          44     11   33 155  135   21  418   47  418   47  27  0  0 L3P 15
G14 FF 61025 015800  780 774 2469    -7221648    -32          35     -5   17  54   75    0  286   81  286   81  24  0  0 L3P 05
G17 FF 61025 015800  780 281  141       16958     93          24    -31   31  78  156  -33  561   25  561   25  36  0  0 L3P E7
G20 FF 61025 015800  780 317 2858    -3620308     48          69     47   33  98  140   11  476 -246  476 -246  40  0  0 L3P 60
G21 FF 61025 015800  780 423 2808    -3567361   -107          40     -2   26  57  109    5  364 -191  364 -191  40  0  0 L3P 50
G22 FF 61025 015800  780 626 3005      691315    -18          56     20   25  32   83   -4  327 -315  327 -315  27  0  0 L3P 18
G30 FF 61025 015800  780 485 1650     -565424    -84          26     35   18  86   98    1  287  -92  287  -92  16  0  0 L3P 1F
G05 FF 61025 021400  780 268 2550     2255712    -51          66    -58   26  83  163   -2  380  309  380  309  22  0  0 L3P 36
G07 FF 61025 021400  780 307 1208     1216186     48          22     -6   18  94  144   12  317   15  317   15  16  0  0 L3P E9
G09 FF 61025 021400  780 272  452    -7676903     -7          29      9   29 156  161   34  433  -16  433  -16  23  0  0 L3P 17
G13 FF 61025 021400  780 241 2156    -6920417     63          49     54   35 145  180  -43  369 -105  369 -105  34  0  0 L3P 68
G14 FF 61025 021400  780 747 2139    -7221675    -33          39     -5   19  55   76    2  255 -166  255 -166  24  0  0 L3P 3D
G17 FF 61025 021400  780 344  180       17066    112          10    -12   32  79  130  -22  455 -242  455 -242  29  0  0 L3P 16
G19 FF 61025 021400  780 202   19    -6806570    -76          47    -56   34  42  212  -65  487  -49  487  -49  33  0  0 L3P 42
G20 FF 61025 021400  780 286 2939    -3620295      7          74      6   51 101  153   17  334   79  334   79  58  0  0 L3P 09
G21 FF 61025 021400  780 396 2907    -3567462   -132          40    -27   22  58  115    8  416 -102  416 -102  24  0  0 L3P 54
G22 FF 61025 021400  780 674 2843      691270    -54          47    -16   20  53   80   -2  213  228  213  228  23  0  0 L3P 04
G30 FF 61025 021400  780 476 1544     -565539   -118          32      1   13  89  100    2  240  -34  240  -34  14  0  0 L3P F4
G05 FF 61025 023000  780 265 2633     2255692     48          39     41   25  83  164    4  535  -52  535  -52  24  0  0 L3P 09
G07 FF 61025 023000  780 279 1131     1216235     35          19    -20   47  94  156   14  322   33  322   33  44  0  0 L3P F3
G09 FF 61025 023000  780 211  408    -7676925    -82          22    -66   41 156  204   58  473  122  473  122  32  0  0 L3P 47
G13 FF 61025 023000  780 303 2141    -6920432    -12          25    -21   29 145  145  -29  320  -81  320  -81  23  0  0 L3P 36
G14 FF 61025 023000  780 694 1937    -7221707     -5          33     22   20  55   79    3  232   30  232   30  19  0  0 L3P D0
G17 FF 61025 023000  780 410  225       17192    132          18      8   26  79  112  -16  389  -19  389  -19  26  0  0 L3P F3
G19 FF 61025 023000  780 267   50    -6806571    -83          65    -63   37  42  163  -39  315  -79  315  -79  41  0  0 L3P 3D
G20 FF 61025 023000  780 250 3013    -3620330     16          39     15   21 101  173   25  704  203  704  203  27  0  0 L3P 0B
G21 FF 61025 023000  780 360 2996    -3567570    -82          33     23   28  58  125   12  309  -87  309  -87  25  0  0 L3P 43
G22 FF 61025 023000  780 702 2625      691222    -31          36      6   19  53   78   -1  312  -87  312  -87  21  0  0 L3P DC
G30 FF 61025 023000  780 465 1440     -565664   -138          21    -19   23  89  101    2  242   34  242   34  20  0  0 L3P F9
G05 FF 61025 024600  780 253 2716     2255769    -88         110    -94   29  83  171   11  419   73  419   73  27  0  0 L3P 41
G07 FF 61025 024600  780 252 1056     1216296     95          27     41   35  94  172   18  324  -26  324  -26  32  0  0 L3P 17
G13 FF 61025 024600  780 368 2134    -6920436     65          12     56   25 145  123  -20  304  -31  304  -31  20  0  0 L3P 26
G14 FF 61025 024600  780 634 1811    -7221720    -37          46    -10   17  55   82    5  231   77  231   77  18  0  0 L3P FB
G17 FF 61025 024600  780 477  280       17306    122          13     -2   19  79   99  -11  315 -141  315 -141  19  0  0 L3P 05
G19 FF 61025 024600  780 337   81    -6806583    -60          73    -40   38  42  132  -26  268   82  268   82  36  0  0 L3P 23
G20 FF 61025 024600  780 212 3081    -3620289     23          79     22   58 101  202   36  610 -198  610 -198  41  0  0 L3P 4F
G21 FF 61025 024600  780 318 3074    -3567652    -84          51     20   41  58  139   18  315  409  315  409  34  0  0 L3P 43
G22 FF 61025 024600  780 703 2379      691198    -20          47     18   13  53   78    1  245   25  245   25  13  0  0 L3P D7
G30 FF 61025 024600  780 452 1338     -565772   -148          28    -29   24  89  103    3  256   42  256   42  26  0  0 L3P 1D
G05 FF 61025 030200  780 233 2796     2255730    -72          65    -79   29  83  185   19  592  305  592  305  30  0  0 L3P 50
G07 FF 61025 030200  780 224  983     1216359     32          38    -22   24  94  192   24  316   31  316   31  21  0  0 L3P E7
G13 FF 61025 030200  780 437 2138    -6920422      0          17     -9   20 145  106  -14  286  -24  286  -24  16  0  0 L3P 1A
G14 FF 61025 030200  780 572 1721    -7221749      5          43     32   17  55   87    6  277  -17  277  -17  15  0  0 L3P F7
G17 FF 61025 030200  780 544  352       17431    129          19      5   19  79   90   -8  244  -21  244  -21  18  0  0 L3P C3
G19 FF 61025 030200  780 410  115    -6806631    -25          45     -5   34  42  112  -17  326  -51  326  -51  30  0  0 L3P 09
G21 FF 61025 030200  780 272 3144    -3567744    -46          60     58   27  58  160   26  565  -87  565  -87  23  0  0 L3P 4B
G22 FF 61025 030200  780 679 2161      691164    -59          49    -22   15  53   79    2  246  -22  246  -22  15  0  0 L3P FC
G30 FF 61025 030200  780 437 1238     -565869   -165          46    -46   16  89  106    3  242   51  242   51  14  0  0 L3P 14
G05 FF 61025 031800  780 206 2872     2255731     20          59     13   38  83  208   29  607 -137  607 -137  35  0  0 L3P 45
G07 FF 61025 031800  780 195  913     1216410     -7          37    -62   32  94  219   33  321   53  321   53  26  0  0 L3P E8
G13 FF 61025 031800  780 507 2158    -6920411     24          20     15   16 145   95  -10  245  -66  245  -66  14  0  0 L3P 27
G14 FF 61025 031800  780 513 1648    -7221768    -35          50     -7   16  55   94    8  264    0  264    0  15  0  0 L3P CC
G15 FF 61025 031800  780 219 2231    -3675684      0          55     36   39  99  197  -48  398  -36  398  -36  37  0  0 L3P 52
G17 FF 61025 031800  780 605  454       17541    149          10     25   21  79   85   -5  232  -68  232  -68  18  0  0 L3P E2
G19 FF 61025 031800  780 486  156    -6806650      5          45     26   22  42   98  -12  277  -91  277  -91  19  0  0 L3P 18
G21 FF 61025 031800  780 226 3207    -3567862    -81          42     23   40  58  190   37  497 -251  497 -251  36  0  0 L3P 67
G22 FF 61025 031800  780 638 1993      691130    -44          52     -6   14  53   82    3  215  -14  215  -14  13  0  0 L3P DB
G30 FF 61025 031800  780 418 1140     -565992    -96          37     23   13  89  110    5  254   -8  254   -8  11  0  0 L3P EB
G13 FF 61025 033400  780 578 2202    -6920404    -16          18    -25   15 145   87   -7  203    9  203    9  12  0  0 L3P F0
G14 FF 61025 033400  780 456 1584    -7221797    -48          47    -21   27  55  103   10  247    2  247    2  24  0  0 L3P FF
G15 FF 61025 033400  780 271 2267    -3675729    -29          44      6   29  99  161  -29  365  -75  365  -75  27  0  0 L3P 58
G17 FF 61025 033400  780 654  604       17664    119          14     -5   20  79   81   -3  197  -34  197  -34  19  0  0 L3P E3
G19 FF 61025 033400  780 563  211    -6806675    -25          40     -5   17  42   88   -8  226  -31  226  -31  15  0  0 L3P 01
G21 FF 61025 033400  780 181 3266    -3567949   -110          55     -6   40  58  234   54  360   26  360   26  30  0  0 L3P 23
G22 FF 61025 033400  780 590 1866      691083    -60          40    -23   12  53   86    5  179  -34  179  -34  11  0  0 L3P FE
G30 FF 61025 033400  780 396 1046     -566118   -117          26      2   19  89  115    6  243  -42  243  -42  15  0  0 L3P 07
G13 FF 61025 035000  780 645 2286    -6920388     25          25     16   20 145   82   -4  193  -27  193  -27  19  0  0 L3P 29
G14 FF 61025 035000  780 403 1524    -7221817    -58          53    -30   25  55  114   12  226   16  226   16  20  0  0 L3P 08
G15 FF 61025 035000  780 320 2316    -3675756    -21          51     14   22  99  138  -18  313  -61  313  -61  18  0  0 L3P 34
G17 FF 61025 035000  780 679  807       17776     97           7    -27   13  79   79   -1  192   -9  192   -9  12  0  0 L3P C6
G19 FF 61025 035000  780 638  296    -6806697      2          38     22   18  42   82   -5  193  -40  193  -40  15  0  0 L3P F8
G22 FF 61025 035000  780 539 1765      691047    -31          41      6   13  53   91    6  165    9  165    9  12  0  0 L3P 9F
G30 FF 61025 035000  780 369  956     -566218   -106          41     13   18  89  122    8  212  -18  212  -18  19  0  0 L3P 0D
G13 FF 61025 040600  780 700 2441    -6920388     18          17      9   16 146   78   -2  177  -21  177  -21  14  0  0 L3P 0D
G14 FF 61025 040600  780 353 1466    -7221864    -45          32    -18   28  56  127   15  219    0  219    0  22  0  0 L3P F7
G15 FF 61025 040600  780 362 2381    -3675806    -51          38    -16   15 101  124  -12  291    2  291    2  15  0  0 L3P 0B
G17 FF 61025 040600  780 670 1024       17886    134          -4     10   16  91   80    2  190   -4  190   -4  14  0  0 L3P A3
G19 FF 61025 040600  780 704  442    -6806723    -18          29      2   18   0   78   -3  171  -15  171  -15  15  0  0 L3P DE
G22 FF 61025 040600  780 488 1679      691006    -31          35      6   15  54   98    8  178    5  178    5  14  0  0 L3P B4
G30 FF 61025 040600  780 339  872     -566356   -152          19    -32   30  90  132   12  224   31  224   31  23  0  0 L3P FB
G13 FF 61025 042200  780 728 2691    -6920385     16          11      7   11 146   77    0  143  -27  143  -27  10  0  0 L3P F4
G14 FF 61025 042200  780 308 1408    -7221871     14          46     42   25  57  143   19  195  -36  195  -36  21  0  0 L3P 24
G15 FF 61025 042200  780 396 2460    -3675843    -25          34     10   22 101  115   -7  277  -21  277  -21  20  0  0 L3P 2B
G17 FF 61025 042200  780 632 1197       18011    142           2     18   14  91   82    4  185    0  185    0  13  0  0 L3P 76
G19 FF 61025 042200  780 746  698    -6806735    -37          37    -16   23   0   76   -1  156   13  156   13  17  0  0 L3P F6
G22 FF 61025 042200  780 439 1601      690972    -34          37      4   25  54  106    9  186   13  186   13  22  0  0 L3P D0
G30 FF 61025 042200  780 304  794     -566447   -194          43    -74   32  90  145   16  210   99  210   99  30  0  0 L3P 18
G06 FF 61025 043800  780 217  406     5900987     28          43    -29   34   3  198  -41  242    4  242    4  29  0  0 L3P D8
G13 FF 61025 043800  780 714 2968    -6920370     -2          17    -11   12 146   78    2  139    4  139    4  10  0  0 L3P D7
G14 FF 61025 043800  780 265 1350    -7221907     -7          35     20   28  57  164   24  189  -24  189  -24  21  0  0 L3P 24
G15 FF 61025 043800  780 417 2552    -3675869    -22          42     14   20 101  110   -3  258  -28  258  -28  17  0  0 L3P 3D
G17 FF 61025 043800  780 574 1309       18137    102           9    -22   19  91   87    6  181    7  181    7  18  0  0 L3P A8
G19 FF 61025 043800  780 742 1020    -6806749     39          42     60   21   0   76    1  144  -37  144  -37  16  0  0 L3P ED
G22 FF 61025 043800  780 393 1529      690941    -55          42    -17   21  54  116   11  183   -5  183   -5  18  0  0 L3P FC
G30 FF 61025 043800  780 265  722     -566572   -135          32    -16   31  90  164   24  242    8  242    8  25  0  0 L3P E9
G06 FF 61025 045400  780 264  468     5901040     71          42     14   35   3  165  -28  230  -69  230  -69  31  0  0 L3P FA
G12 FF 61025 045400  780 192 2663     6052513     13          40      7   35  50  222  -34  377  -55  377  -55  31  0  0 L3P 0C
G13 FF 61025 045400  780 665 3167    -6920364     10          14      1   13 146   80    4  144  -10  144  -10  12  0  0 L3P E0
G14 FF 61025 045400  780 226 1292    -7221912     12          57     39   24  57  190   31  172  -28  172  -28  20  0  0 L3P 1D
G15 FF 61025 045400  780 425 2654    -3675896     -8          49     27   22 101  109    0  251  -12  251  -12  21  0  0 L3P 15
G17 FF 61025 045400  780 508 1377       18266    152          19     28   20  91   95   10  176  -30  176  -30  18  0  0 L3P F6
G19 FF 61025 045400  780 696 1249    -6806755    -28          56     -8   15   0   79    3  133   -6  133   -6  11  0  0 L3P E3
G22 FF 61025 045400  780 350 1460      690888    -60          26    -23   21  54  128   14  199   25  199   25  19  0  0 L3P 11
G30 FF 61025 045400  780 223  658     -566689    -83          30     36   29  90  193   37  276    7  276    7  26  0  0 L3P F1
G06 FF 61025 051000  780 311  537     5901098     75          45     19   35   3  142  -19  209   -8  209   -8  28  0  0 L3P E1
G12 FF 61025 051000  780 220 2593     6052532     56          54     50   21  50  195  -24  397  -54  397  -54  24  0  0 L3P 21
G13 FF 61025 051000  780 598 3288    -6920352      9          18      0   24 146   85    6  159   48  159   48  21  0  0 L3P EB
G14 FF 61025 051000  780 190 1233    -7221955     51          40     78   25  57  224   41  193  -61  193  -61  18  0  0 L3P 1D
G15 FF 61025 051000  780 418 2758    -3675922    -63          57    -28   20 101  110    3  243    8  243    8  17  0  0 L3P F9
G17 FF 61025 051000  780 438 1415       18391    112          25    -12   24  91  106   14  173    7  173    7  23  0  0 L3P BD
G19 FF 61025 051000  780 630 1368    -6806773    -30          58     -9   13   0   83    5  137   15  137   15  11  0  0 L3P D7
G22 FF 61025 051000  780 309 1392      690883     -3          56     35   21  54  143   17  176  -36  176  -36  17  0  0 L3P 05
G24 FF 61025 051000  780 291 2172     2001248   -161          20    -20   40 103  151  -29  251    8  251    8  34  0  0 L3P F8
G06 FF 61025 052600  780 354  614     5901153     58          45      1   20   3  127  -13  193  -17  193  -17  16  0  0 L3P E3
G11 FF 61025 052600  780 223  156     5084416   -186          35    -50   42 134  193  -48  229  -16  229  -16  32  0  0 L3P 4E
G12 FF 61025 052600  780 248 2521     6052538     -4          54    -10   22  50  175  -18  360  -61  360  -61  21  0  0 L3P 15
G13 FF 61025 052600  780 524 3364    -6920344     31          17     22   38 146   93   10  172  -35  172  -35  37  0  0 L3P 1F
G15 FF 61025 052600  780 399 2858    -3675955      0          57     35   21 101  115    6  224  -29  224  -29  18  0  0 L3P 22
G17 FF 61025 052600  780 367 1433       18511    139          38     15   17  20  123   21  169  -22  169  -22  15  0  0 L3P F8
G19 FF 61025 052600  780 558 1427    -6806801    -27          49     -7   15   0   89    8  147    1  147    1  14  0  0 L3P C5
G22 FF 61025 052600  780 271 1324      690851    -93          60    -55   22  54  161   21  169   30  169   30  18  0  0 L3P FE
G24 FF 61025 052600  780 352 2159     2001139   -110          47     31   18 103  127  -20  220  -38  220  -38  16  0  0 L3P 30
G06 FF 61025 054200  780 392  702     5901220    139          58     82   28   3  116   -9  180  -77  180  -77  23  0  0 L3P 06
G11 FF 61025 054200  780 282  200     5084294    -99          43     37   34 134  155  -32  202  -32  202  -32  29  0  0 L3P 1D
G12 FF 61025 054200  780 274 2447     6052548      2          58     -3   27  50  159  -14  305  -25  305  -25  24  0  0 L3P 05
G13 FF 61025 054200  780 449 3417    -6920343     34           9     25   24 146  104   14  186   15  186   15  21  0  0 L3P 05
G15 FF 61025 054200  780 368 2950    -3675982     -4          65     31   16 101  122   10  210  -25  210  -25  12  0  0 L3P 16
G17 FF 61025 054200  780 299 1437       18642    112          50    -12   16  20  147   31  159   19  159   19  15  0  0 L3P F4
G19 FF 61025 054200  780 485 1455    -6806816      5          53     25   20   0   98   11  151    6  151    6  19  0  0 L3P B1
G22 FF 61025 054200  780 235 1257      690824    -12          69     26   24  54  183   26  157  -18  157  -18  17  0  0 L3P 1C
G24 FF 61025 054200  780 417 2154     2001012   -112          54     29   19 103  111  -15  210  -19  210  -19  18  0  0 L3P 24
G06 FF 61025 055800  780 420  800     5901281     54          64     -3   23   3  110   -5  173   -8  173   -8  19  0  0 L3P B8
G11 FF 61025 055800  780 344  249     5084170   -154          49    -19   18 134  130  -22  170   -9  170   -9  14  0  0 L3P 28
G12 FF 61025 055800  780 300 2373     6052551    -12          56    -18   25  50  147  -12  270  -20  270  -20  25  0  0 L3P 1E
G13 FF 61025 055800  780 376 3459    -6920321     59          22     50   31 146  121   21  203   -9  203   -9  28  0  0 L3P 0B
G15 FF 61025 055800  780 331 3033    -3676008      2          72     37   28 101  134   15  225   27  225   27  23  0  0 L3P FA
G17 FF 61025 055800  780 232 1430       18776    136          66     12   26  20  186   50  141  -13  141  -13  26  0  0 L3P F2
G19 FF 61025 055800  780 414 1463    -6806831    -41          58    -20   22   0  111   16  150   11  150   11  21  0  0 L3P EE
G22 FF 61025 055800  780 202 1190      690780    -79          61    -42   28  54  212   34  158   46  158   46  22  0  0 L3P 0C
G24 FF 61025 055800  780 483 2161     2000884    -95          62     46   19 103   98  -11  184  -64  184  -64  17  0  0 L3P 41
G06 FF 61025 061400  780 436  908     5901340     63          68      7   21  10  107   -2  166   -7  166   -7  19  0  0 L3P C9
G11 FF 61025 061400  780 408  304     5084047   -132          50      3   18 135  113  -15  169    2  169    2  14  0  0 L3P D9
G12 FF 61025 061400  780 326 2298     6052578     13          77      7   20  51  136  -10  232  -61  232  -61  18  0  0 L3P 06
G13 FF 61025 061400  780 305 3496    -6920300     19          40     10   21 147  145   31  226   14  226   14  18  0  0 L3P 00
G15 FF 61025 061400  780 288 3107    -3676036      6          85     42   30 104  152   22  277  -12  277  -12  23  0  0 L3P 1B
G19 FF 61025 061400  780 346 1458    -6806855     -8          51     13   25  43  129   22  155   -3  155   -3  21  0  0 L3P FC
G24 FF 61025 061400  780 552 2185     2000764   -136          77      4   14 103   90   -8  161  -17  161  -17  12  0  0 L3P 0C
G06 FF 61025 063000  780 436 1018     5901401     81          74     24   19  10  107    2  161  -11  161  -11  18  0  0 L3P DF
G11 FF 61025 063000  780 471  372     5083921   -132          54      3   19 135  100  -10  163    8  163    8  16  0  0 L3P DA
G12 FF 61025 063000  780 353 2222     6052572     25          66     19   26  51  127   -9  206  -20  206  -20  21  0  0 L3P F5
G13 FF 61025 063000  780 237 3530    -6920285     29          46     20   24 147  182   49  256   34  256   34  19  0  0 L3P 23
G15 FF 61025 063000  780 244 3175    -3676066    -65          89    -29   19 104  177   31  279   27  279   27  17  0  0 L3P 58
G19 FF 61025 063000  780 282 1445    -6806869     43          57     63   23  43  155   32  158  -24  158  -24  18  0  0 L3P 37
G24 FF 61025 063000  780 621 2237     2000639   -160          87    -19   17 103   83   -5  144    5  144    5  15  0  0 L3P EE
G06 FF 61025 064600  780 419 1122     5901464     59          83      2   22  10  110    5  151   -3  151   -3  18  0  0 L3P B4
G11 FF 61025 064600  780 530  460     5083794   -145          57    -10   18 135   92   -7  158  -10  158  -10  14  0  0 L3P 26
G12 FF 61025 064600  780 381 2146     6052574    -34          62    -40   25  51  119   -8  199   21  199   21  21  0  0 L3P 11
G15 FF 61025 064600  780 200 3237    -3676107    -60          82    -25   31 104  213   45  270   -4  270   -4  24  0  0 L3P 14
G19 FF 61025 064600  780 222 1424    -6806857    -56          88    -35   24  43  194   50  146   66  146   66  17  0  0 L3P 42
G24 FF 61025 064600  780 685 2341     2000481   -138          72      3   18  10   79   -3  141   -8  141   -8  16  0  0 L3P DD
G06 FF 61025 071400  780 357 1271     5901565     49          88     -8   21  10  126   14  153   20  153   20  19  0  0 L3P EE
G11 FF 61025 071400  780 609  689     5083571   -125          61     10   11 135   84   -3  146  -10  146  -10   8  0  0 L3P FE
G12 FF 61025 071400  780 435 2006     6052597     -6          75    -12   18  51  107   -6  173    2  173    2  17  0  0 L3P CF
G24 FF 61025 071400  780 748 2756     2000241   -134          69      7   11  10   76    0  141   -1  141   -1   9  0  0 L3P AD
G29 FF 61025 071400  780 242 2919     4090395    -46         129     15   26 128  179  -31  250  -52  250  -52  21  0  0 L3P 58
G06 FF 61025 073000  780 308 1333     5901609     90          78     33   16  10  143   23  160  -33  160  -33  14  0  0 L3P FE
G11 FF 61025 073000  780 626  863     5083430   -128          55      7   12 136   83    0  146  -17  146  -17  11  0  0 L3P F4
G12 FF 61025 073000  780 468 1922     6052588    -10          61    -16   18  51  101   -6  167  -18  167  -18  16  0  0 L3P 2A
G20 FF 61025 073000  780 197  524    -3620275      4          67      3   31 122  216  -41  223  -41  223  -41  24  0  0 L3P ED
G24 FF 61025 073000  780 728 3050     2000102   -148          66     -7   13  10   77    2  140   -2  140   -2  12  0  0 L3P B7
G25 FF 61025 073000  780 220 2257    -4557915     -3          78    -24   36   7  195  -36  267  -36  267  -36  30  0  0 L3P 39
G29 FF 61025 073000  780 283 2847     4090329    -92         121    -31   28 128  154  -20  239   27  239   27  24  0  0 L3P 50
G06 FF 61025 074600  780 252 1379     5901668    130          82     73   34  10  172   38  170  -30  170  -30  24  0  0 L3P 21
G11 FF 61025 074600  780 615 1039     5083315   -137          70     -2   16 136   84    2  138   12  138   12  15  0  0 L3P F5
G12 FF 61025 074600  780 501 1831     6052604     35          72     30   14  51   96   -5  149  -29  149  -29  12  0  0 L3P FC
G20 FF 61025 074600  780 234  592    -3620274      4          66      3   36 122  184  -28  213  -15  213  -15  31  0  0 L3P FB
G24 FF 61025 074600  780 674 3243     1999967   -117          66     24   12  10   80    4  145   -6  145   -6  11  0  0 L3P F9
G25 FF 61025 074600  780 264 2207    -4557897     12          74    -10   38   7  165  -27  223  -21  223  -21  33  0  0 L3P 2C
G29 FF 61025 074600  780 320 2769     4090260    -76         111    -14   21 128  138  -14  252   14  252   14  18  0  0 L3P 3D
G06 FF 61025 080200  780 194 1410     5901704     46          59    -11   34  11  220   66  237   88  237   88  28  0  0 L3P 0F
G11 FF 61025 080200  780 579 1183     5083174   -117          58     18   14 137   87    4  157    5  157    5  13  0  0 L3P F0
G12 FF 61025 080200  780 535 1731     6052608      6          69      1   17  52   91   -4  147    1  147    1  15  0  0 L3P 90
G20 FF 61025 080200  780 269  666    -3620270     -8          68     -9   23 123  162  -19  209   34  209   34  20  0  0 L3P 09
G24 FF 61025 080200  780 605 3355     1999839   -156          72    -15   19  11   85    6  152   38  152   38  16  0  0 L3P 1B
G25 FF 61025 080200  780 311 2160    -4557868     -1          80    -23   28   8  142  -21  203   -2  203   -2  25  0  0 L3P E6
G29 FF 61025 080200  780 353 2684     4090205    -61         116      1   23 139  127  -10  232   -7  232   -7  20  0  0 L3P 06
G05 FF 61025 081800  780 211  404     2255871    -32          74    -39   43  88  203  -43  244   42  244   42  38  0  0 L3P 10
G11 FF 61025 081800  780 527 1286     5083059   -108          73     27   23 137   92    7  165    0  165    0  21  0  0 L3P E5
G12 FF 61025 081800  780 568 1618     6052615     59          71     53   15  52   88   -3  164  -28  164  -28  13  0  0 L3P 12
G20 FF 61025 081800  780 299  746    -3620275     63          61     62   29 123  147  -12  229  -39  229  -39  26  0  0 L3P 46
G21 FF 61025 081800  780 194  719    -3569676   -184         100    -80   52  61  219  -31  244   76  244   76  48  0  0 L3P 5E
G24 FF 61025 081800  780 530 3424     1999703   -142          72     -1   37  11   92    9  180   33  180   33  35  0  0 L3P F2
G25 FF 61025 081800  780 362 2114    -4557855     24          73      2   23   8  124  -16  206    6  206    6  19  0  0 L3P CE
G29 FF 61025 081800  780 380 2594     4090155    -77         125    -16   22 139  119   -7  225   13  225   13  20  0  0 L3P 35
G05 FF 61025 083400  780 257  467     2255874     46          70     39   34  88  169  -29  261  -18  261  -18  28  0  0 L3P 37
G11 FF 61025 083400  780 465 1354     5082925   -145          69     -9   33 137  101   11  192   37  192   37  31  0  0 L3P 2C
G12 FF 61025 083400  780 596 1488     6052623      8          73      2   17  52   85   -2  175   23  175   23  15  0  0 L3P CB
G20 FF 61025 083400  780 322  832    -3620252    -27          83    -28   23 123  138   -7  223   40  223   40  21  0  0 L3P 01
G21 FF 61025 083400  780 220  793    -3569795    -64          82     41   38  61  195  -20  277  -29  277  -29  30  0  0 L3P 4A
G24 FF 61025 083400  780 455 3472     1999573   -115          77     26   39  11  103   14  199   -4  199   -4  36  0  0 L3P 2F
G25 FF 61025 083400  780 417 2070    -4557843     27          64      5   21   8  110  -13  215  -12  215  -12  18  0  0 L3P FA
G29 FF 61025 083400  780 403 2499     4090064    -79          79    -17   15   3  114   -5  219   -7  219   -7  13  0  0 L3P 06
G05 FF 61025 085000  780 303  536     2255888     31          79     24   28  88  145  -20  266   -2  266   -2  24  0  0 L3P F8
G11 FF 61025 085000  780 400 1396     5082797   -135          71      0   16 137  114   16  230   51  230   51  14  0  0 L3P 03
G12 FF 61025 085000  780 617 1337     6052631     17          76     12   16  52   84   -1  194   13  194   13  14  0  0 L3P DB
G20 FF 61025 085000  780 335  923    -3620273     43          61     42   24 123  133   -3  260   -9  260   -9  19  0  0 L3P E8
G21 FF 61025 085000  780 240  870    -3569883   -145          94    -40   31  61  180  -12  279   71  279   71  28  0  0 L3P 42
G24 FF 61025 085000  780 381 3511     1999441   -123          81     18   15  11  119   20  226   28  226   28  11  0  0 L3P 11
G25 FF 61025 085000  780 477 2026    -4557804     20          83     -1   16   8   99  -10  208   14  208   14  13  0  0 L3P E9
G29 FF 61025 085000  780 421 2401     4090003    -38          78     23   18   3  110   -4  229   11  229   11  15  0  0 L3P D4
G05 FF 61025 090600  780 346  613     2255896     -4          79    -11   21  88  129  -14  275   11  275   11  18  0  0 L3P 09
G11 FF 61025 090600  780 333 1419     5082673   -126          77      9   20 137  134   24  278   45  278   45  15  0  0 L3P 29
G12 FF 61025 090600  780 625 1170     6052639     22          78     17   16  52   83    0  207   -9  207   -9  13  0  0 L3P CC
G18 FF 61025 090600  780 204 3216     4758722    -10          78     89   22 102  210  -64  271  -45  271  -45  17  0  0 L3P 43
G20 FF 61025 090600  780 337 1015    -3620269    -23          65    -25   23 123  132    2  279   53  279   53  17  0  0 L3P 1D
G21 FF 61025 090600  780 253  951    -3570011   -159          67    -54   30  61  171   -5  330   67  330   67  25  0  0 L3P 19
G24 FF 61025 090600  780 310 3545     1999320   -160          96    -19   17  11  143   30  250   43  250   43  13  0  0 L3P 19
G25 FF 61025 090600  780 540 1981    -4557768    -10          97    -31   15   8   91   -8  203   22  203   22  13  0  0 L3P FA
G29 FF 61025 090600  780 435 2301     4089951    -43          85     18   16   3  107   -3  244   -7  244   -7  13  0  0 L3P EB
G05 FF 61025 092200  780 383  700     2255892      7          69      0   19  88  119   -9  285   -5  285   -5  17  0  0 L3P D2
G11 FF 61025 092200  780 267 1428     5082547   -133          80      3   27 137  163   38  347   82  347   82  18  0  0 L3P 2C
G12 FF 61025 092200  780 617  999     6052648      5          82      0   18  52   83    1  214    0  214    0  15  0  0 L3P 76
G18 FF 61025 092200  780 267 3175     4758652   -123         103    -24   24 102  163  -36  284   21  284   21  18  0  0 L3P 57
G20 FF 61025 092200  780 325 1104    -3620271    -33          62    -34   41 123  136    7  310   56  310   56  35  0  0 L3P 01
G21 FF 61025 092200  780 256 1033    -3570117   -151          62    -47   28  61  169    1  360   73  360   73  22  0  0 L3P 18
G24 FF 61025 092200  780 242 3577     1999194   -163         104    -22   21  11  179   47  276   56  276   56  16  0  0 L3P 53
G25 FF 61025 092200  780 608 1934    -4557756      2          89    -20   13   8   84   -6  216   20  216   20  12  0  0 L3P DC
G28 FF 61025 092200  780 189 2309     6228510    -80         111    -41   35 165  225  -44  408   10  408   10  33  0  0 L3P 3A
G29 FF 61025 092200  780 447 2200     4089895    -71          87    -10   19   3  104   -2  254    9  254    9  16  0  0 L3P E7
G05 FF 61025 093800  780 411  797     2255909    -14          80    -21   25  88  112   -5  281   20  281   20  21  0  0 L3P F9
G11 FF 61025 093800  780 203 1426     5082442   -159         105    -24   31 137  211   64  426  116  426  116  28  0  0 L3P 64
G12 FF 61025 093800  780 593  841     6052644     41          72     35   21  52   86    3  237   -9  237   -9  17  0  0 L3P CC
G18 FF 61025 093800  780 329 3123     4758544   -103          89     -4   31 102  135  -23  263    5  263    5  22  0  0 L3P 11
G20 FF 61025 093800  780 302 1186    -3620265     18          70     17   24   0  146   13  349   30  349   30  20  0  0 L3P E4
G21 FF 61025 093800  780 248 1113    -3570204   -235          75   -131   36  61  174    9  380  148  380  148  30  0  0 L3P 59
G25 FF 61025 093800  780 679 1876    -4557732      8          92    -13   16   8   79   -4  217   13  217   13  15  0  0 L3P FA
G28 FF 61025 093800  780 222 2372     6228471    -53         109    -14   30 165  193  -25  394  -10  394  -10  26  0  0 L3P 64
G29 FF 61025 093800  780 456 2098     4089825    -76          77    -15   18   3  103   -2  270    3  270    3  17  0  0 L3P EE
G05 FF 61025 095400  780 427  902     2255905     60          69     54   26  88  108   -2  288  -40  288  -40  24  0  0 L3P 14
G12 FF 61025 095400  780 554  706     6052626    -14          49    -20   21  52   89    5  264   37  264   37  19  0  0 L3P EE
G18 FF 61025 095400  780 388 3058     4758443   -122          83    -23   42 102  117  -15  274   24  274   24  29  0  0 L3P 55
G20 FF 61025 095400  780 268 1257    -3620263     43          72     42   23   0  163   22  389    6  389    6  18  0  0 L3P DB
G21 FF 61025 095400  780 231 1188    -3570295    -50          84     55   30  61  187   18  412    0  412    0  22  0  0 L3P E5
G25 FF 61025 095400  780 752 1790    -4557724     -6          80    -28   15   8   76   -3  220   17  220   17  13  0  0 L3P EF
G28 FF 61025 095400  780 247 2443     6228420      3          95     41   28 165  175  -13  386  -50  386  -50  22  0  0 L3P 31
G29 FF 61025 095400  780 464 1996     4089761    -60          72      2   20   3  101   -1  278    7  278    7  18  0  0 L3P D2
G05 FF 61025 101000  780 427 1010     2255906     21          62     15   27  97  108    1  302    9  302    9  24  0  0 L3P A8
G12 FF 61025 101000  780 504  598     6052648      2          69     -4   20  56   95    8  273   18  273   18  12  0  0 L3P B4
G18 FF 61025 101000  780 442 2978     4758354    -99          85     -1   17 103  105  -10  257  -14  257  -14  15  0  0 L3P 42
G20 FF 61025 101000  780 225 1315    -3620249     44          84     43   23   1  191   38  425   23  425   23  20  0  0 L3P D6
G21 FF 61025 101000  780 203 1256    -3570390    -50          86     55   28  62  210   33  442  -15  442  -15  23  0  0 L3P 13
G25 FF 61025 101000  780 822 1579    -4557699     52          76     30   30  10   74   -1  216  -28  216  -28  28  0  0 L3P 12
G28 FF 61025 101000  780 261 2521     6228387      1          97     41   28 166  167   -5  367  -45  367  -45  25  0  0 L3P 22
G29 FF 61025 101000  780 470 1893     4089704    -73          74    -11   13   4  100   -1  282   20  282   20   9  0  0 L3P D9
G05 FF 61025 102600  780 413 1112     2255924     49          73     42   31  97  111    5  307  -28  307  -28  27  0  0 L3P FB
G12 FF 61025 102600  780 447  514     6052661     29          77     23   27  56  105   12  290   10  290   10  23  0  0 L3P D6
G18 FF 61025 102600  780 491 2881     4758258    -77          84     22   15 103   97   -7  249  -19  249  -19  13  0  0 L3P 42
G25 FF 61025 102600  780 849  806    -4557683     18          71     -4   14  10   74    0  222    8  222    8  11  0  0 L3P A6
G28 FF 61025 102600  780 264 2603     6228349    -80          98    -40   29 166  165    1  362   32  362   32  27  0  0 L3P 20
G29 FF 61025 102600  780 476 1789     4089648    -63          77     -2   19   4   99   -1  280   -6  280   -6  17  0  0 L3P F7
G05 FF 61025 104200  780 384 1202     2255934     30          76     23   23  97  118    9  326    7  326    7  21  0  0 L3P C1
G12 FF 61025 104200  780 384  447     6052673     29          83     24   17  56  118   17  323   21  323   21  14  0  0 L3P E0
G18 FF 61025 104200  780 530 2764     4758163    -99          83     -1   15 103   92   -4  250   -2  250   -2  13  0  0 L3P EA
G23 FF 61025 104200  780 250 3534    -5864923    -71          85    -19   20 103  174  -48  326   23  326   23  18  0  0 L3P 40
G25 FF 61025 104200  780 786  365    -4557669     54          64     32   12  10   75    2  236   -2  236   -2   9  0  0 L3P BE
G28 FF 61025 104200  780 257 2686     6228363     -1         150     39   23 166  169    7  309  -43  309  -43  19  0  0 L3P 35
G29 FF 61025 104200  780 480 1684     4089585    -28          72     33   10   4   99   -1  286  -23  286  -23   9  0  0 L3P FF
G05 FF 61025 105800  780 343 1276     2255939      6          70     -1   22   0  130   15  361   54  361   54  18  0  0 L3P C7
G12 FF 61025 105800  780 319  396     6052685     29          89     24   21  56  139   26  366   38  366   38  19  0  0 L3P 12
G18 FF 61025 105800  780 558 2630     4758076    -79          91     20   17 103   89   -2  250    4  250    4  15  0  0 L3P E9
G23 FF 61025 105800  780 323 3544    -5864973    -58          86     -5   24 103  137  -30  312  -10  312  -10  18  0  0 L3P 41
G25 FF 61025 105800  780 707  248    -4557644     20          69     -1   16  10   78    4  248   18  248   18  14  0  0 L3P DD
G28 FF 61025 105800  780 241 2767     6228293      5         118     45   27 166  179   14  362  -14  362  -14  25  0  0 L3P 39
G29 FF 61025 105800  780 483 1578     4089526    -94          72    -32   20   4   98    0  293   42  293   42  17  0  0 L3P FA
G05 FF 61025 111400  780 295 1335     2255946     33          71     27   25   0  149   25  404   30  404   30  21  0  0 L3P D4
G12 FF 61025 111400  780 253  357     6052692     22          91     17   23  56  171   43  422   43  422   43  20  0  0 L3P D6
G18 FF 61025 111400  780 572 2483     4757971    -91          81      8   20 103   87   -1  264   -7  264   -7  15  0  0 L3P F7
G23 FF 61025 111400  780 400 3550    -5865027    -69          82    -17   13 103  114  -19  302   -1  302   -1  11  0  0 L3P 12
G25 FF 61025 111400  780 624  196    -4557628      7          64    -14   11  10   83    6  261   33  261   33   9  0  0 L3P B9
G26 FF 61025 111400  780 203 2224     2955584     44         109    -19   40 109  211  -59  436  -50  436  -50  35  0  0 L3P 4F
G28 FF 61025 111400  780 218 2844     6228244     -9         107     31   20 166  197   23  391  -16  391  -16  17  0  0 L3P 3A
G29 FF 61025 111400  780 484 1469     4089462    -41          68     21   13   4   98    0  302  -15  302  -15  11  0  0 L3P E4
G05 FF 61025 113000  780 241 1378     2255971     34          89     27   21   0  180   40  442   42  442   42  15  0  0 L3P D9
G12 FF 61025 113000  780 187  327     6052701      8          95      2   27  56  228   75  480   65  480   65  19  0  0 L3P D4
G15 FF 61025 113000  780 185  726    -3676677     40         103     75   46  12  229  -32  509  -91  509  -91  41  0  0 L3P 3D
G18 FF 61025 113000  780 574 2333     4757881   -109          87    -10   12 103   87    0  262   14  262   14  10  0  0 L3P 09
G23 FF 61025 113000  780 481 3552    -5865082    -20          78     32   18 103   99  -13  290  -42  290  -42  13  0  0 L3P 37
G25 FF 61025 113000  780 542  167    -4557602     40          70     19   20  10   91   10  283   16  283   16  17  0  0 L3P D1
G26 FF 61025 113000  780 260 2252     2955635     44         100    -19   35 109  167  -34  401  -33  401  -33  29  0  0 L3P 41
G28 FF 61025 113000  780 190 2917     6228205    -38         107      2   25 166  224   35  394    9  394    9  21  0  0 L3P FF
G29 FF 61025 113000  780 482 1358     4089407    -55          71      7   20   4   99    1  306    6  306    6  18  0  0 L3P A4
G05 FF 61025 114600  780 183 1408     2255952    -34          64    -41   43   0  232   69  534  103  534  103  29  0  0 L3P 1F
G15 FF 61025 114600  780 209  799    -3676737     -4          77     31   33  12  204  -21  518  -43  518  -43  25  0  0 L3P 26
G18 FF 61025 114600  780 564 2189     4757788    -89          88     10   11 103   88    2  267   -2  267   -2  10  0  0 L3P 09
G23 FF 61025 114600  780 565 3553    -5865119    -19          91     34   17 103   88   -9  271  -36  271  -36  13  0  0 L3P 3E
G25 FF 61025 114600  780 461  150    -4557565     30          86      9   15  10  102   14  307   26  307   26  12  0  0 L3P D5
G26 FF 61025 114600  780 314 2294     2955706     65         111      2   23 109  141  -22  363  -21  363  -21  21  0  0 L3P 1F
G29 FF 61025 114600  780 476 1247     4089357    -67          80     -6   13   4  100    1  310   18  310   18  11  0  0 L3P D4
G10 FF 61025 120200  780 235 3361     5740728     83          98     43   51  45  184  -53  394  -70  394  -70  46  0  0 L3P 33
G15 FF 61025 120200  780 228  875    -3676775      6          75     41   34  32  189  -12  511  -53  511  -53  28  0  0 L3P 17
G18 FF 61025 120200  780 545 2057     4757690   -103          81     -4   12 104   90    2  280   14  280   14   9  0  0 L3P E4
G23 FF 61025 120200  780 651 3551    -5865177    -48          79      5   15 104   81   -6  265   -6  265   -6  12  0  0 L3P FF
G25 FF 61025 120200  780 382  141    -4557554    -30          73    -52   28  11  119   21  356   93  356   93  25  0  0 L3P 11
G26 FF 61025 120200  780 364 2351     2955756     76          95     14   18 110  124  -14  353  -19  353  -19  16  0  0 L3P 3A
G29 FF 61025 120200  780 464 1137     4089298    -81          80    -20   14  49  101    3  323   29  323   29  10  0  0 L3P FC
G10 FF 61025 121800  780 306 3339     5740769     19         101    -20   27  45  144  -32  364   -5  364   -5  25  0  0 L3P 1A
G15 FF 61025 121800  780 240  953    -3676784      1          99     37   36  32  180   -5  481  -29  481  -29  31  0  0 L3P 12
G18 FF 61025 121800  780 522 1937     4757592   -128          78    -29   25 104   93    3  299   54  299   54  23  0  0 L3P 41
G23 FF 61025 121800  780 738 3550    -5865233    -92          73    -39   22 104   77   -4  276   47  276   47  22  0  0 L3P 37
G25 FF 61025 121800  780 306  138    -4557522     64          84     43   26  11  144   33  399   22  399   22  21  0  0 L3P FD
G26 FF 61025 121800  780 406 2425     2955815     62          94      0   15 110  113   -9  345   -1  345   -1  13  0  0 L3P DD
G29 FF 61025 121800  780 446 1030     4089248    -57          89      5   25  49  105    4  330   21  330   21  24  0  0 L3P E0
G10 FF 61025 123400  780 379 3306     5740755   -138          49   -177   30  45  120  -20  360    0  360    0  28  0  0 L3P 16
G15 FF 61025 123400  780 242 1031    -3676883   -224          34   -189   26  32  178    1  506   35  506   35  24  0  0 L3P 37
G18 FF 61025 123400  780 495 1828     4757458   -237          39   -138   28 104   97    4  315    1  315    1  15  0  0 L3P 1A
G23 FF 61025 123400  780 826 3563    -5865342   -171          14   -119   31 104   74   -2  294  -34  294  -34  31  0  0 L3P 5D
G25 FF 61025 123400  780 233  141    -4557540   -158          45   -180   25  11  185   55  456   96  456   96  22  0  0 L3P 44
G26 FF 61025 123400  780 437 2516     2955838    -95          51   -157   27  24  106   -5  344    2  344    2  19  0  0 L3P 0C
G29 FF 61025 123400  780 422  928     4089143   -222          43   -161   28  49  109    6  358   34  358   34  18  0  0 L3P 29
G10 FF 61025 125000  780 452 3260     5740749     59           4     19   15  45  104  -14  351  -17  351  -17  15  0  0 L3P 06
G15 FF 61025 125000  780 236 1107    -3676946     28           6     63   26  32  183    8  509  -32  509  -32  22  0  0 L3P 05
G16 FF 61025 125000  780 235 2261    -1683576    -89          13    -10   29  19  183  -38  472  -21  472  -21  23  0  0 L3P 4C
G18 FF 61025 125000  780 468 1729     4757327   -111           3    -13   17 104  101    5  332   37  332   37  14  0  0 L3P 09
G23 FF 61025 125000  780 885 1484    -5865396   -103          11    -50   19 104   74    0  265   57  265   57  17  0  0 L3P 32
G26 FF 61025 125000  780 454 2622     2955864     50          17    -13   22  24  103   -2  347   22  347   22  18  0  0 L3P F7
G29 FF 61025 125000  780 392  833     4089045   -111           4    -50   21  49  116    9  399   84  399   84  17  0  0 L3P 0D
G10 FF 61025 130600  780 524 3195     5740793     46          10      6   15  45   93   -9  337   -9  337   -9  13  0  0 L3P D6
G15 FF 61025 130600  780 220 1178    -3676970    -18          16     17   27  32  195   18  522   18  522   18  21  0  0 L3P 19
G16 FF 61025 130600  780 282 2313    -1683641   -106          24    -28   24  19  155  -23  447   20  447   20  19  0  0 L3P 39
G18 FF 61025 130600  780 441 1635     4757233    -97           4      1   25 104  106    5  360   35  360   35  21  0  0 L3P D8
G23 FF 61025 130600  780 799 1653    -5865465     20          -9     72   20 104   75    2  294  -47  294  -47  18  0  0 L3P 27
G26 FF 61025 130600  780 455 2734     2955923     58          16     -5   21  24  103    1  359   17  359   17  19  0  0 L3P F2
G29 FF 61025 130600  780 355  747     4088997      9          14     71   21  49  126   13  433   -2  433   -2  18  0  0 L3P DE
G10 FF 61025 132200  780 592 3102     5740835     46          13      6   14  45   86   -6  331  -12  331  -12  11  0  0 L3P D1
G15 FF 61025 132200  780 195 1243    -3677012     27           7     62   32  32  218   32  567   -5  567   -5  26  0  0 L3P EF
G16 FF 61025 132200  780 323 2378    -1683712   -103          28    -25   19  19  137  -14  437    3  437    3  15  0  0 L3P 1B
G18 FF 61025 132200  780 414 1546     4757148   -113          14    -14   20 104  111    6  377   43  377   43  17  0  0 L3P 1E
G23 FF 61025 132200  780 715 1648    -5865503    -61           4     -9   14 104   78    4  302   26  302   26  12  0  0 L3P E1
G26 FF 61025 132200  780 440 2845     2955984     79          17     16   17  24  106    4  373    2  373    2  13  0  0 L3P CE
G29 FF 61025 132200  780 313  669     4088957    -63          33     -1   30  49  141   19  474   66  474   66  25  0  0 L3P 0E
G10 FF 61025 133800  780 652 2965     5740860      6           1    -34   14  45   81   -4  331    9  331    9  13  0  0 L3P A7
G16 FF 61025 133800  780 353 2457    -1683804   -115          12    -37   25  19  127   -8  431    0  431    0  21  0  0 L3P FE
G18 FF 61025 133800  780 389 1461     4757038    -98          -1      1   23 104  117    6  411   -1  411   -1  18  0  0 L3P E0
G23 FF 61025 133800  780 634 1630    -5865558    -68          -2    -16    9 104   82    6  321   20  321   20   8  0  0 L3P E5
G26 FF 61025 133800  780 413 2947     2956031     40           4    -23   18  24  111    8  394   32  394   32  14  0  0 L3P E1
G29 FF 61025 133800  780 267  601     4088884    -94          19    -32   29  49  163   28  533   72  533   72  26  0  0 L3P 29
G10 FF 61025 135400  780 695 2765     5740886     47         -12      7   13  45   79   -2  335   -7  335   -7  12  0  0 L3P EA
G16 FF 61025 135400  780 372 2547    -1683889    -48           2     30   21  19  121   -4  432  -23  432  -23  18  0  0 L3P 18
G18 FF 61025 135400  780 365 1377     4756945   -102           1     -4   17 104  123    7  432   40  432   40  13  0  0 L3P F7
G23 FF 61025 135400  780 557 1606    -5865607    -59           0     -7   24 104   89    8  343   41  343   41  20  0  0 L3P F4
G26 FF 61025 135400  780 376 3038     2956096     71           9      8   29  24  120   12  416   26  416   26  17  0  0 L3P E5
G29 FF 61025 135400  780 216  542     4088825    -73          19    -12   27  49  199   46  598   66  598   66  22  0  0 L3P 3A
G32 FF 61025 135400  780 257   67     2050742   -217           1    -56   24  12  169  -41  491   18  491   18  23  0  0 L3P FE
G10 FF 61025 141000  780 710 2509     5740920     34         -13     -6   11  47   78    0  336    2  336    2  10  0  0 L3P 9D
G16 FF 61025 141000  780 378 2644    -1683962    -62           3     16   17  20  120    0  436  -17  436  -17  16  0  0 L3P 05
G18 FF 61025 141000  780 342 1295     4756852   -116          -2    -18   14 105  131    8  464   54  464   54  11  0  0 L3P 1F
G23 FF 61025 141000  780 484 1578    -5865664    -37         -10     15   20 105   98   11  382   23  382   23  19  0  0 L3P 28
G26 FF 61025 141000  780 332 3117     2956149     32          -4    -31   26  25  134   17  447   50  447   50  21  0  0 L3P F6
G32 FF 61025 141000  780 324   99     2050569   -171         -11     -9   21  78  137  -27  480  -30  480  -30  16  0  0 L3P 1D
G10 FF 61025 142600  780 693 2260     5740956     25         -16    -14   13  47   79    2  339   33  339   33  11  0  0 L3P F7
G16 FF 61025 142600  780 370 2742    -1684040    -63           0     15   20  20  122    4  443    5  443    5  17  0  0 L3P B1
G18 FF 61025 142600  780 318 1214     4756765    -96           7      3   24 105  139    9  489   45  489   45  20  0  0 L3P 07
G23 FF 61025 142600  780 416 1547    -5865706    -46          -3      6   20 105  111   15  417   55  417   55  18  0  0 L3P 12
G26 FF 61025 142600  780 286 3188     2956211     92          -2     29   19  25  153   24  475   23  475   23  15  0  0 L3P 07
G32 FF 61025 142600  780 395  134     2050409   -134         -16     28   32  78  116  -18  452  -51  452  -51  31  0  0 L3P 33
G10 FF 61025 144200  780 654 2066     5740992     47         -18      8   13  47   81    3  356   10  356   10  10  0  0 L3P CF
G16 FF 61025 144200  780 351 2837    -1684120    -70          -4      9   16  20  128    8  468   31  468   31  12  0  0 L3P EA
G18 FF 61025 144200  780 295 1135     4756672    -71           8     27   30 105  149   11  527   18  527   18  29  0  0 L3P 1A
G23 FF 61025 144200  780 352 1512    -5865749    -23           5     29   25 105  127   20  460   28  460   28  22  0  0 L3P 12
G26 FF 61025 144200  780 239 3252     2956286    125          12     63   21  25  180   34  512    0  512    0  16  0  0 L3P D7
G32 FF 61025 144200  780 468  174     2050260   -152         -10     10   17  78  101  -13  424  -29  424  -29  15  0  0 L3P 24
G08 FF 61025 145800  780 202 2199    -5140481      4          28    -31   35  26  212  -62  605  -28  605  -28  31  0  0 L3P 27
G10 FF 61025 145800  780 604 1925     5741035     98         -13     58   15  47   85    5  373  -26  373  -26  13  0  0 L3P 10
G16 FF 61025 145800  780 321 2926    -1684189    -46           2     33   22  20  138   13  500   10  500   10  17  0  0 L3P EC
G18 FF 61025 145800  780 270 1057     4756582    -75          14     24   28 105  161   14  566   35  566   35  26  0  0 L3P 30
G23 FF 61025 145800  780 292 1474    -5865811    -72          -7    -20   19 105  150   27  524   82  524   82  14  0  0 L3P 39
G26 FF 61025 145800  780 194 3311     2956342     64           8      1   50  25  220   49  582   84  582   84  40  0  0 L3P E8
G32 FF 61025 145800  780 543  228     2050099   -138         -16     24   12  78   91   -9  408  -30  408  -30  10  0  0 L3P 15
G08 FF 61025 151400  780 262 2217    -5140465     27          11     -9   33  26  166  -37  573  -36  573  -36  28  0  0 L3P 35
G10 FF 61025 151400  780 550 1817     5741077     34         -10     -6   15  47   90    6  398   31  398   31  14  0  0 L3P E2
G16 FF 61025 151400  780 285 3006    -1684259   -122           7    -43   22  20  154   20  533   65  533   65  17  0  0 L3P 1C
G18 FF 61025 151400  780 244  981     4756489   -142          15    -43   39 105  177   19  615   87  615   87  35  0  0 L3P 51
G23 FF 61025 151400  780 238 1433    -5865826    -26          28     26   26 105  182   39  544   19  544   19  20  0  0 L3P 38
G32 FF 61025 151400  780 616  307     2049956   -165          -4     -3   14  78   84   -6  389   -5  389   -5  13  0  0 L3P F6
G08 FF 61025 153000  780 322 2248    -5140428     18          14    -17   29  26  138  -23  534  -18  534  -18  26  0  0 L3P 3C
G10 FF 61025 153000  780 496 1728     5741114     14         -11    -26   20  47   97    8  426   55  426   55  18  0  0 L3P F8
G16 FF 61025 153000  780 245 3080    -1684318    -62          23     17   29  20  176   29  566   45  566   45  21  0  0 L3P 20
G18 FF 61025 153000  780 216  908     4756400    -26          21     73   29 105  198   26  669   11  669   11  25  0  0 L3P 17
G23 FF 61025 153000  780 187 1388    -5865891    -31          13     21   40 105  227   57  608   24  608   24  28  0  0 L3P 33
G32 FF 61025 153000  780 682  437     2049800   -179          -5    -17   14  78   79   -3  380   13  380   13  13  0  0 L3P FD
G08 FF 61025 154600  780 379 2295    -5140387     49          21     14   17  26  120  -15  504  -35  504  -35  15  0  0 L3P 32
G10 FF 61025 154600  780 444 1651     5741155     31          -8     -9   18  47  105   10  450   39  450   39  16  0  0 L3P F0
G16 FF 61025 154600  780 203 3148    -1684400    -87          17     -9   27  20  210   42  631   72  631   72  20  0  0 L3P 05
G18 FF 61025 154600  780 186  837     4756342    -17          58     82   54 105  228   38  705  -29  705  -29  46  0  0 L3P 4C
G32 FF 61025 154600  780 728  659     2049652   -148           2     14   13  78   77   -1  372  -10  372  -10  12  0  0 L3P FC
G08 FF 61025 160200  780 430 2362    -5140357     40          19      5   15  27  108  -10  481  -16  481  -16  12  0  0 L3P 08
G10 FF 61025 160200  780 395 1579     5741194     32           0     -8   27  60  115   12  474   36  474   36  24  0  0 L3P E8
G32 FF 61025 160200  780 734  957     2049489   -162         -12      1   14  81   77    1  380    8  380    8  12  0  0 L3P C1
G02 FF 61025 161800  780 216 2191       42870    -72          23     13   55  44  199  -50  661  -62  661  -62  48  0  0 L3P 12
G08 FF 61025 161800  780 473 2450    -5140324     15          18    -20   15  27  100   -6  465    1  465    1  13  0  0 L3P D5
G10 FF 61025 161800  780 350 1511     5741235     17           3    -23   26  60  128   14  508   54  508   54  21  0  0 L3P E5
G28 FF 61025 161800  780 206  382     6227437    -52          15    -12   30 170  207  -44  683  -45  683  -45  25  0  0 L3P 45
G32 FF 61025 161800  780 697 1200     2049344   -170          -1     -8   13  81   78    3  381   18  381   18  12  0  0 L3P EB
G02 FF 61025 163400  780 273 2154       42772    -56           7     28   35  44  160  -33  615  -87  615  -87  34  0  0 L3P 07
G08 FF 61025 163400  780 501 2561    -5140297     30          12     -5   14  27   96   -3  451   -8  451   -8  12  0  0 L3P D8
G10 FF 61025 163400  780 308 1444     5741290     56          20     16   25  60  143   17  522   20  522   20  20  0  0 L3P DB
G28 FF 61025 163400  780 251  444     6227388    -99           4    -59   28 170  172  -30  643   -9  643   -9  22  0  0 L3P 23
G32 FF 61025 163400  780 635 1339     2049193   -159           4      4   16  81   82    5  388   17  388   17  16  0  0 L3P EC
G02 FF 61025 165000  780 335 2122       42692   -133           7    -49   17  44  133  -23  548  -38  548  -38  15  0  0 L3P 1C
G08 FF 61025 165000  780 512 2686    -5140270     24           5    -12   17  27   94    0  438  -19  438  -19  14  0  0 L3P FB
G10 FF 61025 165000  780 270 1379     5741297     20         -11    -20   22  60  161   21  584   42  584   42  16  0  0 L3P 06
G28 FF 61025 165000  780 296  511     6227348    -26           1     14   32 170  148  -21  591  -82  591  -82  26  0  0 L3P 26
G31 FF 61025 165000  780 193  203     1776751    -37          17    -17   30  10  220  -57  656  -59  656  -59  24  0  0 L3P 36
G32 FF 61025 165000  780 564 1411     2049034   -177           1    -14   23  81   88    8  403   15  403   15  21  0  0 L3P DE
G02 FF 61025 170600  780 402 2095       42609    -93           5     -9   15  44  114  -17  479  -56  479  -56  15  0  0 L3P 05
G08 FF 61025 170600  780 504 2815    -5140232     69          10     34   12  27   95    3  423  -30  423  -30   9  0  0 L3P DB
G10 FF 61025 170600  780 234 1313     5741350     25           3    -15   26  60  184   26  586   15  586   15  19  0  0 L3P F4
G28 FF 61025 170600  780 339  586     6227300    -57          -8    -17   19 170  132  -14  545  -31  545  -31  16  0  0 L3P 3F
G31 FF 61025 170600  780 246  253     1776704    -33         -11    -14   26  10  176  -37  610  -54  610  -54  21  0  0 L3P 26
G32 FF 61025 170600  780 490 1446     2048873   -178          -4    -15   24  81   97   11  423   40  423   40  23  0  0 L3P 0F
G02 FF 61025 172200  780 474 2073       42528    -56           4     28   16  44  100  -12  423  -67  423  -67  13  0  0 L3P ED
G08 FF 61025 172200  780 478 2935    -5140195     80          13     45   15  27   99    5  426  -20  426  -20  11  0  0 L3P 02
G10 FF 61025 172200  780 202 1247     5741359    107         -31     67   26  10  212   32  625  -29  625  -29  20  0  0 L3P 25
G28 FF 61025 172200  780 377  671     6227271     -3           1     37   25 170  120  -10  499  -67  499  -67  20  0  0 L3P 1C
G31 FF 61025 172200  780 300  307     1776698    -20           1     -1   22  10  146  -25  551  -49  551  -49  17  0  0 L3P FC
G32 FF 61025 172200  780 417 1460     2048722   -145           1     18   19  81  110   16  440    9  440    9  18  0  0 L3P D8
G01 FF 61025 173800  780 252 2166    -3511207     -4          32    -25   44  52  172  -40  548  -81  548  -81  38  0  0 L3P 38
G02 FF 61025 173800  780 549 2059       42450    -89           8     -5   13  44   90   -9  378  -40  378  -40  10  0  0 L3P DF
G08 FF 61025 173800  780 439 3039    -5140151     -8          23    -44   48  27  106    9  438   56  438   56  33  0  0 L3P 15
G28 FF 61025 173800  780 406  765     6227243    -47          11     -8   28 170  113   -6  461  -30  461  -30  25  0  0 L3P 18
G31 FF 61025 173800  780 356  366     1776686    -12           8      7   23  10  126  -18  503  -58  503  -58  18  0  0 L3P 0D
G32 FF 61025 173800  780 347 1459     2048574   -149           9     14   23  81  129   23  457   16  457   16  20  0  0 L3P 1E
G01 FF 61025 175400  780 314 2145    -3511213      9           7    -11   20  52  141  -27  497  -64  497  -64  16  0  0 L3P 13
G02 FF 61025 175400  780 629 2057       42369    -78           7      6   16  44   83   -6  353  -25  353  -25  13  0  0 L3P D1
G03 FF 61025 175400  780 184 2448    -6222180    203          19    116   32 133  230  -34  634 -148  634 -148  26  0  0 L3P 86
G04 FF 61025 175400  780 211 3112     -318854     -6          13     20   37  95  204  -53  628  -67  628  -67  25  0  0 L3P 20
G08 FF 61025 175400  780 392 3126    -5140118     34          22     -1   19  27  116   13  472   40  472   40  16  0  0 L3P F4
G28 FF 61025 175400  780 424  869     6227216    -50          23    -11   19 170  109   -2  430  -13  430  -13  16  0  0 L3P 1D
G31 FF 61025 175400  780 412  435     1776673     -8          14     11   15  10  112  -12  463  -45  463  -45  12  0  0 L3P FC
G32 FF 61025 175400  780 280 1449     2048426   -175          18    -13   23  81  156   35  484   52  484   52  18  0  0 L3P 38
G01 FF 61025 181000  780 380 2132    -3511179     37          20     16   18  53  119  -19  430  -37  430  -37  15  0  0 L3P 1D
G02 FF 61025 181000  780 711 2079       42294    -46          12     38   15  64   78   -4  338  -25  338  -25  12  0  0 L3P E7
G03 FF 61025 181000  780 212 2381    -6222120     70          -3    -18   25 134  202  -26  587  -47  587  -47  20  0  0 L3P 3A
G04 FF 61025 181000  780 266 3057     -318859    -69          36    -43   32  96  164  -32  554   -1  554   -1  21  0  0 L3P 1E
G08 FF 61025 181000  780 340 3201    -5140084     43          25      8   25  28  131   19  515   53  515   53  19  0  0 L3P E7
G28 FF 61025 181000  780 428  976     6227169    -35          11      5   25 171  108    1  416    8  416    8  23  0  0 L3P C9
G31 FF 61025 181000  780 463  517     1776649      4           9     23   22  11  102   -9  436  -38  436  -38  18  0  0 L3P E3
G32 FF 61025 181000  780 216 1430     2048279   -205          25    -43   31  85  198   55  504   88  504   88  21  0  0 L3P 30
G01 FF 61025 182600  780 449 2128    -3511140      0          39    -20   17  53  104  -13  377   -7  377   -7  14  0  0 L3P FB
G02 FF 61025 182600  780 793 2176       42225    -82          24      2   11  64   75   -2  331   -2  331   -2   9  0  0 L3P 8F
G03 FF 61025 182600  780 242 2313    -6222025     79           7     -8   20 134  179  -22  532  -24  532  -24  17  0  0 L3P 1E
G04 FF 61025 182600  780 318 2993     -318883    -34          38     -8   23  96  139  -20  523  -25  523  -25  18  0  0 L3P 3C
G08 FF 61025 182600  780 287 3266    -5140034     48          41     13   31  28  153   27  557   44  557   44  27  0  0 L3P 18
G28 FF 61025 182600  780 416 1079     6227141    -40          21      0   27 171  111    4  407  -13  407  -13  21  0  0 L3P F5
G31 FF 61025 182600  780 508  618     1776639    -35          17    -15   17  11   95   -6  407  -17  407  -17  13  0  0 L3P 16
G01 FF 61025 184200  780 521 2137    -3511141     24          19      3   17  53   93  -10  373  -32  373  -32  14  0  0 L3P F1
G02 FF 61025 184200  780 853 2713       42124   -108           4    -23   13  64   74    0  345   10  345   10  11  0  0 L3P AB
G03 FF 61025 184200  780 273 2246    -6221946     58           3    -29   28 134  160  -18  500   -3  500   -3  24  0  0 L3P 0D
G04 FF 61025 184200  780 366 2917     -318927    -37          19    -11   17  96  123  -14  498  -34  498  -34  12  0  0 L3P 53
G08 FF 61025 184200  780 235 3324    -5140029     -2          12    -37   36  28  184   39  640  103  640  103  32  0  0 L3P 24
G28 FF 61025 184200  780 390 1172     6227081    -65           0    -25   31 171  117    9  418   28  418   28  29  0  0 L3P 0D
G31 FF 61025 184200  780 540  739     1776619    -18          15      2   21  11   91   -3  384  -26  384  -26  19  0  0 L3P F2
G01 FF 61025 185800  780 594 2168    -3511120     30          20     10   11  53   85   -7  354  -29  354  -29   9  0  0 L3P F5
G02 FF 61025 185800  780 805 3396       42042   -136           3    -52   14  64   75    2  337   43  337   43  13  0  0 L3P CC
G03 FF 61025 185800  780 307 2179    -6221866     91          -2      3   35 134  144  -15  477  -44  477  -44  29  0  0 L3P 42
G04 FF 61025 185800  780 408 2830     -318959    -48          11    -22   21  96  112   -9  462  -10  462  -10  18  0  0 L3P 27
G08 FF 61025 185800  780 185 3378    -5139984      4          23    -31   32  28  230   58  708  112  708  112  25  0  0 L3P 3C
G28 FF 61025 185800  780 352 1250     6227056    -71          13    -31   22 171  127   14  417   38  417   38  19  0  0 L3P 2B
G31 FF 61025 185800  780 555  875     1776591    -28           6     -8   22  11   89   -1  372  -17  372  -17  20  0  0 L3P FB
G01 FF 61025 191400  780 666 2237    -3511108     -5          13    -25   16  53   80   -4  336   -1  336   -1  16  0  0 L3P DC
G02 FF 61025 191400  780 722 3529       41951    -51          -7     33   33  64   77    4  344  -27  344  -27  32  0  0 L3P D8
G03 FF 61025 191400  780 343 2112    -6221784     66          -3    -21   22 134  130  -13  444   -9  444   -9  19  0  0 L3P 17
G04 FF 61025 191400  780 444 2732     -318985    -31          11     -5   20  96  105   -6  431  -30  431  -30  16  0  0 L3P 01
G28 FF 61025 191400  780 305 1312     6227014    -66           9    -26   32 171  145   22  433   37  433   37  26  0  0 L3P 10
G31 FF 61025 191400  780 549 1013     1776565    -50          -1    -30   15  11   90    2  360    6  360    6  14  0  0 L3P B4
G01 FF 61025 193000  780 730 2384    -3511091     10          10    -10   15  53   77   -2  321   -7  321   -7  14  0  0 L3P CD
G02 FF 61025 193000  780 636 3573       41877   -101          -1    -17   12  64   82    6  348   33  348   33   9  0  0 L3P CC
G03 FF 61025 193000  780 383 2043    -6221710     80         -13     -7   25 134  118  -11  414  -33  414  -33  21  0  0 L3P 26
G04 FF 61025 193000  780 471 2624     -319009     -2          12     24   19  96  100   -4  402  -48  402  -48  17  0  0 L3P F6
G28 FF 61025 193000  780 251 1358     6226975     23           9     62   34 171  173   37  449  -46  449  -46  24  0  0 L3P 35
G31 FF 61025 193000  780 524 1136     1776546    -34          -2    -15   16  11   93    4  348    1  348    1  15  0  0 L3P BF
G01 FF 61025 194600  780 767 2673    -3511094    -35         -13    -55   16  53   76    0  307  -10  307  -10  11  0  0 L3P 19
G02 FF 61025 194600  780 551 3594       41784   -167         -13    -83   28  64   90    9  356   39  356   39  22  0  0 L3P 0F
G03 FF 61025 194600  780 426 1972    -6221646     43         -33    -44   25 134  108   -9  376  -50  376  -50  21  0  0 L3P 51
G04 FF 61025 194600  780 491 2507     -319063    -61         -17    -35   20  96   97   -2  381  -43  381  -43  15  0  0 L3P 2A
G09 FF 61025 194600  780 206 2777    -7677889    149          35    165   62  63  208  -34  607 -298  607 -298  65  0  0 L3P C2
G28 FF 61025 194600  780 194 1391     6226911   -104         -18    -65   52 171  220   64  456   21  456   21  38  0  0 L3P 51
G31 FF 61025 194600  780 483 1234     1776505   -112         -25    -92   20  11   98    7  347   30  347   30  19  0  0 L3P 14
G01 FF 61025 200200  780 753 3025    -3511087     27         -27      6   13  54   76    1  298  -11  298  -11  12  0  0 L3P EA
G02 FF 61025 200200  780 469    8       41677    -48         -44     36   18  65  101   14  380  -22  380  -22  14  0  0 L3P C8
G03 FF 61025 200200  780 472 1897    -6221559    100         -33     12   18 135  100   -8  324  -43  324  -43  16  0  0 L3P 37
G04 FF 61025 200200  780 502 2387     -319091    -34         -22     -8   15  97   96   -1  341  -20  341  -20  13  0  0 L3P F5
G09 FF 61025 200200  780 238 2705    -7678030    124         -94    140   39  64  181  -23  641 -206  641 -206  34  0  0 L3P 82
G26 FF 61025 200200  780 198  855     2957476     69          -3      6   33  32  215  -18  517  -70  517  -70  27  0  0 L3P 10
G31 FF 61025 200200  780 432 1307     1776477    -27         -33     -8   23  14  107   11  341    9  341    9  20  0  0 L3P D8
G01 FF 61025 201800  780 699 3247    -3511056     35         -16     14   18  54   78    3  280  -23  280  -23  12  0  0 L3P 05
G02 FF 61025 201800  780 390   21       41604    -31         -36     53   18  65  117   20  388  -17  388  -17  16  0  0 L3P DF
G03 FF 61025 201800  780 520 1815    -6221489     67         -47    -20   11 135   93   -6  303  -13  303  -13   8  0  0 L3P 14
G04 FF 61025 201800  780 506 2265     -319113    -16         -19     10   19  97   95    0  318  -43  318  -43  15  0  0 L3P 01
G09 FF 61025 201800  780 268 2629    -7677946    -88           5    -72   29  64  162  -16  481  -10  481  -10  25  0  0 L3P 58
G26 FF 61025 201800  780 211  929     2957537     82          -3     18   28  32  202   -9  473  -64  473  -64  24  0  0 L3P 0C
G31 FF 61025 201800  780 375 1357     1776460    -20         -32     -1   15  14  121   17  338    6  338    6  12  0  0 L3P DD
G01 FF 61025 203400  780 627 3363    -3511039      7         -19    -13   18  54   83    6  279   17  279   17  18  0  0 L3P F9
G02 FF 61025 203400  780 316   34       41511    -91         -42     -7   36  30  140   30  423   50  423   50  30  0  0 L3P 98
G03 FF 61025 203400  780 569 1720    -6221403     48         -46    -39   19 135   88   -5  265    4  265    4  17  0  0 L3P 03
G04 FF 61025 203400  780 503 2146     -319142    -14         -23     12   20  97   95    1  288  -38  288  -38  17  0  0 L3P 06
G09 FF 61025 203400  780 295 2551    -7677970    -14          -3      2   21  64  149  -12  426  -57  426  -57  17  0  0 L3P 37
G16 FF 61025 203400  780 208  643    -1685770    -87          -6     -8   41  63  205  -32  501  -99  501  -99  37  0  0 L3P 34
G26 FF 61025 203400  780 217 1004     2957608    145           7     81   38  32  197   -2  414 -100  414 -100  32  0  0 L3P 21
G31 FF 61025 203400  780 314 1389     1776441      7         -32     27   30  14  141   25  350  -10  350  -10  25  0  0 L3P F1
G01 FF 61025 205000  780 551 3430    -3511023     74         -22     53   55  54   90    9  287  -46  287  -46  50  0  0 L3P 06
G02 FF 61025 205000  780 245   50       41436   -116         -37    -32   28  30  177   48  458   97  458   97  23  0  0 L3P F7
G03 FF 61025 205000  780 617 1602    -6221325     90         -52      3   14 135   84   -4  243  -24  243  -24  12  0  0 L3P F8
G04 FF 61025 205000  780 497 2031     -319167    -46         -23    -20   24  97   96    1  265   -7  265   -7  21  0  0 L3P EF
G09 FF 61025 205000  780 319 2470    -7677987      2          -5     18   21  64  139  -10  368  -77  368  -77  15  0  0 L3P 3C
G16 FF 61025 205000  780 239  715    -1685862    -61         -23     17   38  63  180  -21  438  -88  438  -88  31  0  0 L3P 50
G26 FF 61025 205000  780 214 1078     2957663     17           1    -47   32  32  200    6  399    5  399    5  25  0  0 L3P C9
G31 FF 61025 205000  780 253 1408     1776432     -1         -22     19   24  14  172   40  342  -33  342  -33  19  0  0 L3P 03
G01 FF 61025 210600  780 475 3474    -3511004     10         -23    -10   36  54  100   13  296   27  296   27  34  0  0 L3P 09
G03 FF 61025 210600  780 659 1450    -6221242     82         -53     -6   11 135   81   -2  225   -7  225   -7   8  0  0 L3P E0
G04 FF 61025 210600  780 487 1921     -319202     -7         -33     19   17  97   98    2  255  -23  255  -23  15  0  0 L3P F8
G07 FF 61025 210600  780 241 3193     1219819     70         -27     15   23  54  179  -45  429 -109  429 -109  18  0  0 L3P 62
G09 FF 61025 210600  780 343 2387    -7677996     19           1     35   20  64  130   -8  318  -60  318  -60  19  0  0 L3P 1F
G16 FF 61025 210600  780 266  791    -1685939   -177         -24    -98   22  63  164  -14  387   42  387   42  21  0  0 L3P 5E
G26 FF 61025 210600  780 203 1149     2957716      3          -7    -61   26  32  210   16  371    9  371    9  22  0  0 L3P C7
G31 FF 61025 210600  780 192 1415     1776392    -26         -44     -7   48  14  223   68  359  -10  359  -10  35  0  0 L3P 30
G01 FF 61025 212200  780 400 3508    -3510992     32         -30     12   19  54  114   18  321   17  321   17  14  0  0 L3P F0
G03 FF 61025 212200  780 689 1251    -6221159     88         -54      1   12 135   79   -1  214   -9  214   -9  10  0  0 L3P EC
G04 FF 61025 212200  780 475 1814     -319232    -24         -38      3   14  97  100    2  246  -11  246  -11  11  0  0 L3P E7
G07 FF 61025 212200  780 303 3148     1219867     57         -31      2   23  54  145  -28  361  -55  361  -55  20  0  0 L3P 17
G09 FF 61025 212200  780 365 2303    -7678031    -17         -19     -1   20  64  123   -7  307  -25  307  -25  18  0  0 L3P 27
G16 FF 61025 212200  780 286  871    -1686031    -46         -41     33   28  63  153   -8  354  -77  354  -77  22  0  0 L3P 35
G26 FF 61025 212200  780 182 1215     2957773     23         -11    -40   22  32  233   31  346   19  346   19  17  0  0 L3P 0A
G01 FF 61025 213800  780 328 3538    -3510948     27          -6      7   22  54  136   27  328   30  328   30  15  0  0 L3P F2
G03 FF 61025 213800  780 695 1015    -6221076    101         -54     14   13 135   79    0  205  -20  205  -20  10  0  0 L3P 07
G04 FF 61025 213800  780 463 1712     -319245    -17         -26     10   25  97  102    2  227  -25  227  -25  20  0  0 L3P 05
G06 FF 61025 213800  780 211 2321     5904442     23           6    -34   33  59  203  -33  373   10  373   10  32  0  0 L3P E7
G07 FF 61025 213800  780 364 3092     1219916     64         -34     10   17  54  124  -18  317  -51  317  -51  13  0  0 L3P 29
G09 FF 61025 213800  780 386 2218    -7678037     16          -9     32   20  64  118   -6  269  -52  269  -52  19  0  0 L3P 36
G16 FF 61025 213800  780 297  954    -1686086    -89         -22    -10   37  63  148   -3  299  -29  299  -29  32  0  0 L3P 62
G01 FF 61025 215400  780 260 3566    -3510923     61          -1     41   20  54  167   41  361   12  361   12  15  0  0 L3P E4
G03 FF 61025 215400  780 673  791    -6221001     84         -64     -4   13 135   80    2  207   -1  207   -1  12  0  0 L3P C4
G04 FF 61025 215400  780 450 1612     -319273     35         -28     61   20  97  104    2  211  -69  211  -69  18  0  0 L3P 00
G06 FF 61025 215400  780 241 2390     5904490     54           0     -3   23  59  179  -19  351   -7  351   -7  19  0  0 L3P ED
G07 FF 61025 215400  780 421 3022     1219975     25         -28    -30   41  54  109  -12  278   -4  278   -4  26  0  0 L3P 14
G09 FF 61025 215400  780 408 2131    -7678050    -19          -7     -3   26  64  112   -5  238  -27  238  -27  24  0  0 L3P 24
G16 FF 61025 215400  780 299 1038    -1686154   -110         -14    -31   33  63  147    2  256   -3  256   -3  31  0  0 L3P 1B
G01 FF 61025 221000  780 196 3594    -3510918     55         -22     35   23  55  218   68  421   35  421   35  17  0  0 L3P 13
G03 FF 61025 221000  780 629  616    -6220909     77         -59    -11   18 136   83    4  200   15  200   15  17  0  0 L3P F0
G04 FF 61025 221000  780 436 1515     -319309    -26         -36      1   23  98  106    3  209  -12  209  -12  21  0  0 L3P EC
G06 FF 61025 221000  780 262 2467     5904542     49          -3     -8   31  60  166   -9  337    3  337    3  25  0  0 L3P CA
G07 FF 61025 221000  780 475 2935     1220009     50         -44     -5   17  55  100   -8  255  -27  255  -27  16  0  0 L3P 0B
G09 FF 61025 221000  780 430 2042    -7678080    -10         -24      6   19  65  108   -5  228  -27  228  -27  18  0  0 L3P 21
G16 FF 61025 221000  780 289 1118    -1686241    -71         -32      7   28  70  152    7  243  -24  243  -24  29  0  0 L3P 13
G03 FF 61025 222600  780 570  492    -6220820    116         -53     28   13 136   88    7  204   -7  204   -7  11  0  0 L3P EC
G04 FF 61025 222600  780 422 1419     -319306     18          -8     44   21  98  109    3  181  -40  181  -40  17  0  0 L3P EE
G06 FF 61025 222600  780 271 2550     5904611     69          12     12   34  60  161   -2  322  -13  322  -13  27  0  0 L3P F3
G07 FF 61025 222600  780 521 2828     1220070     63         -36      8   12  55   93   -6  231  -20  231  -20  10  0  0 L3P D8
G09 FF 61025 222600  780 453 1950    -7678080    -24          -9     -8   18  65  103   -4  198  -19  198  -19  15  0  0 L3P 3F
G16 FF 61025 222600  780 269 1193    -1686312    -84         -27     -5   20  70  162   15  232   -2  232   -2  15  0  0 L3P 04
G03 FF 61025 224200  780 503  405    -6220741     93         -59      5   15 136   96   10  223    9  223    9  13  0  0 L3P C0
G04 FF 61025 224200  780 407 1325     -319353    -32         -30     -6   23  98  112    4  198    3  198    3  21  0  0 L3P C8
G06 FF 61025 224200  780 268 2635     5904655     43           1    -14   22  60  162    4  332   19  332   19  19  0  0 L3P E0
G07 FF 61025 224200  780 558 2699     1220124     69         -34     14   15  55   89   -3  217  -27  217  -27  13  0  0 L3P 15
G09 FF 61025 224200  780 476 1854    -7678109      8         -23     24   17  65  100   -4  194  -39  194  -39  14  0  0 L3P 30
G16 FF 61025 224200  780 239 1259    -1686390   -166         -30    -88   31  70  181   25  220   65  220   65  25  0  0 L3P 45
G03 FF 61025 225800  780 432  343    -6220670     73         -72    -15   21 136  107   15  264   66  264   66  16  0  0 L3P 1F
G04 FF 61025 225800  780 391 1232     -319372    -25         -25      1   18  98  116    5  194   -4  194   -4  16  0  0 L3P E4
G06 FF 61025 225800  780 256 2719     5904711    -66           2   -123   32  60  170   11  339  120  339  120  28  0  0 L3P 32
G07 FF 61025 225800  780 582 2551     1220169     67         -41     12   18  55   87   -2  207  -21  207  -21  16  0  0 L3P 04
G09 FF 61025 225800  780 498 1753    -7678134    -13         -33      3   13  65   96   -3  188   -8  188   -8  11  0  0 L3P 12
G16 FF 61025 225800  780 201 1315    -1686461    -64         -26     14   30  70  213   43  214    4  214    4  25  0  0 L3P E6
G03 FF 61025 231400  780 360  298    -6220572    119         -58     31   18 136  125   23  320   41  320   41  17  0  0 L3P 12
G04 FF 61025 231400  780 372 1140     -319398    -12         -25     15   20  98  121    6  209   -4  209   -4  17  0  0 L3P E4
G06 FF 61025 231400  780 234 2800     5904761     -5          -3    -62   38  60  184   19  349  123  349  123  38  0  0 L3P 28
G07 FF 61025 231400  780 591 2392     1220216     20         -47    -35   18  55   86    0  210   33  210   33  16  0  0 L3P D6
G09 FF 61025 231400  780 520 1645    -7678147    -33         -30    -17   15  65   93   -3  179   15  179   15  13  0  0 L3P 25
G03 FF 61025 233000  780 287  267    -6220499    126         -69     39   23 136  153   36  349   -2  349   -2  17  0  0 L3P 2F
G04 FF 61025 233000  780 351 1051     -319430      2         -32     28   33  98  128    8  233    3  233    3  29  0  0 L3P A5
G06 FF 61025 233000  780 207 2877     5904804     22         -14    -35   41  60  207   30  455  239  455  239  38  0  0 L3P 41
G07 FF 61025 233000  780 586 2233     1220268     49         -47     -6   16  55   86    1  211    5  211    5  15  0  0 L3P B0
G08 FF 61025 233000  780 123  766    -5139452    -99          -7   -134   32  34  337  -63  327   78  327   78  30  0  0 L3P 42
G09 FF 61025 233000  780 539 1527    -7678169    -47         -38    -31   13  65   91   -2  189   41  189   41  11  0  0 L3P 32
G11 FF 61025 233000  780 101 2480     5075624   -132          17      4   32 144  406   -8  393   -9  393   -9  24  0  0 L3P 02
G20 FF 61025 233000  780 133 2203    -3620272    -38         -10    -39   35  41  315 -130  321   11  321   11  33  0  0 L3P 16
G21 FF 61025 233000  780 122 2183    -3575476   -146          -3    -42   35  69  345 -167  322  -14  322  -14  27  0  0 L3P 63
