CGGTTS     GENERIC DATA FORMAT VERSION = 2E
REV DATE = 2025-11-01
RCVR = PolaRx5TR (5.6.0)     sbf2cggtts-1.5.0
CH = 80
IMS = PolaRx5TR
LAB = LRTE
X = 3967035.920 m
Y = -4390028.540 m
Z = -2375644.640 m
FRAME = ITRF
COMMENTS = LS=18; ElMask=10deg; 'Generated from the SBF in 2026-04-25 at 23:50:01'
INT DLY = 24.9 ns (GPS P1),  15.7 ns (GPS P2)     CAL_ID = 1201-2025
CAB DLY = 103.1 ns
REF DLY = 47.2 ns
REF = UTC(LRTE)
CKSUM = fb

SAT CL  MJD  STTIME TRKL ELV AZTH   REFSV      SRSV     REFSYS    SRSYS  DSG IOE MDTR SMDT MDIO SMDI MSIO SMSI ISG FR HC FRC CK
             hhmmss  s  .1dg .1dg    .1ns     .1ps/s     .1ns    .1ps/s .1ns     .1ns.1ps/s.1ns.1ps/s.1ns.1ps/s.1ns
G05 FF 61155 001000  780 333  570     2321708    -18           0    -23   27  76  134  -16  103    4  103    4  25  0  0 L3P B6
G11 FF 61155 001000  780 328 1414     3619222    -85           1     41   18 139  135   25   67  -38   67  -38  13  0  0 L3P FA
G12 FF 61155 001000  780 629 1247     6079168     20           4     21   14  40   83   -1   71  -28   71  -28  12  0  0 L3P B7
G18 FF 61155 001000  780 204 3225     3685052    -91          33      2   25 101  210  -65  496 -162  496 -162  16  0  0 L3P 48
G21 FF 61155 001000  780 268  873    -4149242    -17          -7    -14   31  58  162   -9  109   -2  109   -2  25  0  0 L3P F4
G24 FF 61155 001000  780 314 3551      202957   -184           4     -5   20  61  141   29  240   94  240   94  16  0  0 L3P E0
G25 FF 61155 001000  780 496 2023    -4275876     65          21     37   16  18   97  -10   70  -42   70  -42  14  0  0 L3P F8
G29 FF 61155 001000  780 401 2393     3338937    -70          -7      2   21 103  114   -4  117  -24  117  -24  18  0  0 L3P 02
G05 FF 61155 002600  780 374  652     2321719     27           7     22   24  76  121  -11   91  -32   91  -32  20  0  0 L3P C8
G11 FF 61155 002600  780 263 1425     3619102    -50           2     76   26 139  166   39   65  -55   65  -55  23  0  0 L3P 02
G12 FF 61155 002600  780 629 1072     6079175     12          12     13   10  40   83    1   65   -6   65   -6   8  0  0 L3P 8B
G18 FF 61155 002600  780 268 3186     3684957    -66          26     28   19 101  163  -37  366 -142  366 -142  16  0  0 L3P 85
G21 FF 61155 002600  780 279  957    -4149214     60          24     64   26  58  156   -3   69  -72   69  -72  21  0  0 L3P FF
G24 FF 61155 002600  780 246 3582      202795   -197          14    -17   19  61  176   46  329  128  329  128  16  0  0 L3P 52
G25 FF 61155 002600  780 562 1983    -4275855     14          15    -15   14  18   88   -7   67   10   67   10  11  0  0 L3P E3
G29 FF 61155 002600  780 418 2297     3338874    -79           0     -6   18 103  110   -3   97   -5   97   -5  16  0  0 L3P E5
G05 FF 61155 004200  780 407  746     2321735     -4          18     -9   20  76  113   -7   78    8   78    8  17  0  0 L3P 9F
G11 FF 61155 004200  780 199 1425     3618976   -181          -2    -55   26 139  215   66   69   43   69   43  20  0  0 L3P 26
G12 FF 61155 004200  780 612  902     6079179      8          17     10   20  40   84    2   69   -4   69   -4  16  0  0 L3P 83
G18 FF 61155 004200  780 330 3135     3684863    -75          22     18   22 101  135  -23  263 -109  263 -109  16  0  0 L3P 5C
G21 FF 61155 004200  780 280 1041    -4149240     15           2     19   36  58  156    2   86   -9   86   -9  30  0  0 L3P B2
G25 FF 61155 004200  780 632 1941    -4275837     48           5     19   16  18   82   -5   72  -27   72  -27  14  0  0 L3P E5
G28 FF 61155 004200  780 191 2331     5468539    -58          38     39   37 161  223  -38  169  -42  169  -42  30  0  0 L3P 5A
G29 FF 61155 004200  780 433 2200     3338799   -121          -5    -48   19 103  107   -3   92   19   92   19  17  0  0 L3P 10
G05 FF 61155 005800  780 430  849     2321732     16          11     12   23  76  108   -3   76  -14   76  -14  20  0  0 L3P CC
G12 FF 61155 005800  780 579  754     6079165     25           4     26   17  40   87    4   77  -21   77  -21  15  0  0 L3P BE
G18 FF 61155 005800  780 390 3072     3684761   -103          10    -10   28 101  117  -15  192  -65  192  -65  22  0  0 L3P 58
G21 FF 61155 005800  780 270 1123    -4149228    -67          17    -64   41  58  161    9   63   51   63   51  36  0  0 L3P F1
G25 FF 61155 005800  780 706 1891    -4275809     32           5      4   11  18   78   -4   63  -15   63  -15  10  0  0 L3P C9
G28 FF 61155 005800  780 220 2397     5468436   -126          28    -29   30 161  195  -21  180   23  180   23  26  0  0 L3P 4D
G29 FF 61155 005800  780 446 2102     3338728    -62          -6     11   26 103  105   -2   78  -15   78  -15  23  0  0 L3P 04
G05 FF 61155 011400  780 438  958     2321745     -4          20     -8   28  76  106    0   63    2   63    2  25  0  0 L3P 7E
G12 FF 61155 011400  780 532  634     6079172    -14          13    -13   22  40   92    6   75   14   75   14  15  0  0 L3P AB
G18 FF 61155 011400  780 446 2993     3684673    -66          11     28   48 101  105  -10  146  -57  146  -57  32  0  0 L3P 50
G21 FF 61155 011400  780 249 1198    -4149242     42           6     45   21  58  174   17   68  -42   68  -42  19  0  0 L3P FA
G25 FF 61155 011400  780 782 1810    -4275778     76           9     47   11  18   75   -2   54  -45   54  -45  11  0  0 L3P E7
G28 FF 61155 011400  780 240 2470     5468346    -93          31      4   26 161  180  -11  189   12  189   12  23  0  0 L3P 12
G29 FF 61155 011400  780 457 2003     3338653    -94         -12    -21   16 103  103   -2   76   17   76   17  14  0  0 L3P FF
G05 FF 61155 013000  780 430 1065     2321744     16          15     12   24  76  108    3   65   -8   65   -8  22  0  0 L3P A9
G12 FF 61155 013000  780 477  539     6079171    -34          13    -32   15  40   99   10   78   34   78   34  14  0  0 L3P D4
G18 FF 61155 013000  780 496 2896     3684584    -90          12      4   15 101   97   -7  120  -23  120  -23  12  0  0 L3P 08
G21 FF 61155 013000  780 219 1266    -4149245     27           6     31   34  58  196   31   66  -19   66  -19  28  0  0 L3P FA
G25 FF 61155 013000  780 855 1518    -4275768     65          -8     37   42  18   74   -1   69  -33   69  -33  41  0  0 L3P FE
G28 FF 61155 013000  780 250 2549     5468260    -97          37      0   33 161  173   -3  207   37  207   37  31  0  0 L3P 05
G29 FF 61155 013000  780 468 1902     3338583    -84         -11    -12   23 103  101   -2   69   -4   69   -4  20  0  0 L3P F5
G05 FF 61155 014600  780 407 1163     2321755     -6          21    -10   26  76  113    7   61   10   61   10  22  0  0 L3P AB
G12 FF 61155 014600  780 416  466     6079176     -2          19     -1   22  40  111   14   81   10   81   10  17  0  0 L3P A3
G18 FF 61155 014600  780 536 2779     3684495    -88          12      5   16 101   91   -4  108  -16  108  -16  13  0  0 L3P 1C
G23 FF 61155 014600  780 212 3520    -6400677   -107          51    -63   33  75  202  -65  315  -82  315  -82  23  0  0 L3P 51
G25 FF 61155 014600  780 842  440    -4275732     48           1     20   12  18   74    1   64  -10   64  -10  10  0  0 L3P 9E
G28 FF 61155 014600  780 249 2630     5468166   -148          37    -51   26 161  174    4  245  100  245  100  25  0  0 L3P 4C
G29 FF 61155 014600  780 479 1800     3338514    -66         -10      7   17 103   99   -2   65  -14   65  -14  14  0  0 L3P FB
G05 FF 61155 020200  780 371 1246     2321766     38          23     33   25  77  122   12   59  -15   59  -15  21  0  0 L3P E7
G12 FF 61155 020200  780 352  409     6079179     24          19     25   23  41  128   21   90  -11   90  -11  18  0  0 L3P D0
G18 FF 61155 020200  780 565 2642     3684415   -108          26    -14   17 102   88   -2   85   -4   85   -4  15  0  0 L3P F9
G23 FF 61155 020200  780 283 3530    -6400747    -45          21     -1   23  76  155  -38  234 -108  234 -108  19  0  0 L3P 51
G25 FF 61155 020200  780 763  237    -4275701     36           9      7   20  20   76    3   69    5   69    5  16  0  0 L3P 6D
G28 FF 61155 020200  780 238 2711     5468035    114          -4    211   40 162  181   11  334 -142  334 -142  39  0  0 L3P 54
G29 FF 61155 020200  780 488 1694     3338443    -75         -14     -2   13 113   98   -1   68    8   68    8  11  0  0 L3P D6
G05 FF 61155 021800  780 325 1312     2321772     -3          25     -7   24  77  137   19   62    6   62    6  22  0  0 L3P A0
G12 FF 61155 021800  780 285  366     6079182    -55          23    -54   33  41  154   34  103   77  103   77  27  0  0 L3P 0B
G18 FF 61155 021800  780 580 2492     3684316   -118          16    -25   15 102   87   -1   79   13   79   13  11  0  0 L3P 06
G23 FF 61155 021800  780 359 3535    -6400802    -91           8    -47   19  76  125  -24  173   -9  173   -9  14  0  0 L3P 25
G25 FF 61155 021800  780 680  178    -4275668     21          14     -7   21  20   79    5   71   14   71   14  17  0  0 L3P AE
G28 FF 61155 021800  780 219 2789     5467985   -164          39    -67   40 162  196   19  357  129  357  129  40  0  0 L3P 99
G29 FF 61155 021800  780 496 1585     3338384   -106          -3    -33   18 113   97   -1   58   27   58   27  16  0  0 L3P 15
G05 FF 61155 023400  780 272 1362     2321785    -22          33    -27   28  77  160   31   53   24   53   24  23  0  0 L3P E5
G12 FF 61155 023400  780 219  333     6079202   -126          44   -125   48  41  197   58  122  127  122  127  37  0  0 L3P 48
G18 FF 61155 023400  780 582 2338     3684234   -108          24    -15   16 102   87    0   68   14   68   14  14  0  0 L3P F5
G23 FF 61155 023400  780 438 3537    -6400852     17           1     61   24  76  106  -16  141  -75  141  -75  19  0  0 L3P 1E
G25 FF 61155 023400  780 596  148    -4275641     26          14     -2   24  20   85    8   80   16   80   16  22  0  0 L3P A9
G26 FF 61155 023400  780 228 2239     3577402     56          16     11   31  41  189  -45  110   -9  110   -9  29  0  0 L3P FC
G28 FF 61155 023400  780 195 2864     5467880   -157          26    -60   22 162  219   30  422   90  422   90  18  0  0 L3P 4B
G29 FF 61155 023400  780 501 1473     3338325   -120           7    -47   17 113   96    0   51   40   51   40  14  0  0 L3P CB
G05 FF 61155 025000  780 216 1397     2321788    -27          28    -31   36  17  199   52   44   31   44   31  34  0  0 L3P F6
G15 FF 61155 025000  780 207  772    -4060312     -9          27     24   27  35  207  -23   76   -8   76   -8  24  0  0 L3P D1
G18 FF 61155 025000  780 571 2191     3684143    -85          22      8   16 102   88    2   67   -5   67   -5  14  0  0 L3P BF
G23 FF 61155 025000  780 520 3535    -6400883     -8          13     36   19  76   93  -11  109  -45  109  -45  14  0  0 L3P 19
G25 FF 61155 025000  780 514  132    -4275609     20          19     -9   19  20   94   11   88   19   88   19  18  0  0 L3P C9
G26 FF 61155 025000  780 283 2275     3577439     52          10      8   36  41  155  -28  111  -10  111  -10  32  0  0 L3P FC
G29 FF 61155 025000  780 502 1358     3338231    -22         -17     51   16 113   96    0   73  -36   73  -36  14  0  0 L3P F0
G10 FF 61155 030600  780 226 3370     5882631    -28          25    -13   60  23  191  -57  270  -63  270  -63  55  0  0 L3P 3B
G15 FF 61155 030600  780 227  847    -4060351    -98          20    -65   41  35  189  -14   74   54   74   54  36  0  0 L3P 0A
G18 FF 61155 030600  780 552 2057     3684051    -76          20     17   21 102   90    3   67  -17   67  -17  19  0  0 L3P EE
G23 FF 61155 030600  780 605 3529    -6400926    -40          12      4   17  76   85   -7   95  -16   95  -16  17  0  0 L3P F1
G25 FF 61155 030600  780 433  123    -4275574      2          27    -26   41  20  107   16   97   41   97   41  38  0  0 L3P CD
G26 FF 61155 030600  780 334 2325     3577492     13          22    -31   26  41  133  -18   97   14   97   14  21  0  0 L3P EF
G29 FF 61155 030600  780 498 1241     3338185   -104           7    -31   22 113   96    1   55   28   55   28  18  0  0 L3P E7
G10 FF 61155 032200  780 297 3350     5882599    -41           8    -26   21  23  148  -34  211  -48  211  -48  17  0  0 L3P 30
G15 FF 61155 032200  780 242  925    -4060364     37          38     70   29  35  179   -7   54  -70   54  -70  28  0  0 L3P F4
G18 FF 61155 032200  780 526 1936     3683965   -108          23    -14   21 102   92    3   58    6   58    6  18  0  0 L3P DB
G23 FF 61155 032200  780 692 3517    -6400960    -55          21    -10   24  76   79   -5   78   -1   78   -1  22  0  0 L3P E1
G25 FF 61155 032200  780 355  120    -4275550     50          23     22   24  20  127   25  116    0  116    0  19  0  0 L3P AB
G26 FF 61155 032200  780 379 2391     3577533     40          20     -4   21  41  119  -11   94   -1   94   -1  17  0  0 L3P CC
G29 FF 61155 032200  780 488 1124     3338129   -107          21    -34   24 113   98    2   45   42   45   42  21  0  0 L3P E9
G10 FF 61155 033800  780 370 3320     5882594     -5          17      9   51  23  122  -22  148  -61  148  -61  48  0  0 L3P 0F
G15 FF 61155 033800  780 248 1004    -4060390    -71          44    -38   29  35  175   -1   45   35   45   35  25  0  0 L3P F9
G18 FF 61155 033800  780 498 1827     3683867   -114          15    -21   16 102   96    4   54    2   54    2  15  0  0 L3P DC
G23 FF 61155 033800  780 780 3496    -6401009    -73          15    -28   18  76   75   -3   68   17   68   17  17  0  0 L3P 06
G25 FF 61155 033800  780 280  122    -4275527     33          19      4   17  20  156   39  134   18  134   18  13  0  0 L3P E0
G26 FF 61155 033800  780 415 2474     3577570     17          14    -28   21  41  111   -7   89   17   89   17  21  0  0 L3P EE
G29 FF 61155 033800  780 470 1011     3338063    -91          25    -19   27 113  100    4   43   17   43   17  25  0  0 L3P E1
G10 FF 61155 035400  780 444 3277     5882575     -4          11     11   18  23  105  -14  113  -33  113  -33  15  0  0 L3P 08
G15 FF 61155 035400  780 244 1081    -4060407     14          59     47   27  35  177    6   25  -43   25  -43  22  0  0 L3P E9
G16 FF 61155 035400  780 242 2260    -2512860    -88           6    -18   41  44  179  -36   95   11   95   11  36  0  0 L3P 03
G18 FF 61155 035400  780 469 1728     3683786   -106          23    -13   19 102  101    5   37   -5   37   -5  16  0  0 L3P 03
G23 FF 61155 035400  780 867 3413    -6401034    -74          32    -30   16  76   74   -1   40   23   40   23  15  0  0 L3P D5
G25 FF 61155 035400  780 209  129    -4275488     69          31     41   28  20  206   67  139  -39  139  -39  23  0  0 L3P 2A
G26 FF 61155 035400  780 438 2572     3577613     55          15     10   23  41  106   -3   84  -15   84  -15  19  0  0 L3P F0
G29 FF 61155 035400  780 446  905     3337996    -81          27     -8   29 113  105    6   43    6   43    6  23  0  0 L3P BD
G10 FF 61155 041000  780 517 3217     5882573    -23          20     -8   16  24   94  -10   78  -11   78  -11  14  0  0 L3P EB
G15 FF 61155 041000  780 231 1155    -4060453     -9          44     24   27  50  186   14   38  -14   38  -14  23  0  0 L3P E8
G16 FF 61155 041000  780 289 2311    -2512909    -95          19    -24   30  46  152  -22   74   18   74   18  26  0  0 L3P 10
G18 FF 61155 041000  780 441 1635     3683702   -100          28     -7   24 103  106    6   40    8   40    8  19  0  0 L3P BB
G23 FF 61155 041000  780 845 1748    -6401071    -18          31     26   11  77   74    1   38  -25   38  -25   9  0  0 L3P D7
G26 FF 61155 041000  780 446 2680     3577668     54          24     10   15  69  105    0   77   -9   77   -9  13  0  0 L3P CF
G29 FF 61155 041000  780 413  807     3337928    -61          27     12   23 114  111    8   46   -6   46   -6  22  0  0 L3P C1
G10 FF 61155 042600  780 586 3129     5882552    -32          13    -18   11  24   86   -6   68    0   68    0   9  0  0 L3P AF
G15 FF 61155 042600  780 209 1222    -4060481   -131          48    -98   38  50  204   25   33   78   33   78  32  0  0 L3P 13
G16 FF 61155 042600  780 331 2376    -2512988    -71           8      0   21  46  135  -14   78   -8   78   -8  19  0  0 L3P E6
G18 FF 61155 042600  780 413 1547     3683626   -113          41    -19   17 103  111    6   24   14   24   14  15  0  0 L3P F2
G23 FF 61155 042600  780 760 1695    -6401129    -31          15     13   20  77   76    3   48  -23   48  -23  19  0  0 L3P EB
G26 FF 61155 042600  780 438 2790     3577700     16          14    -28   22  69  106    3   80   14   80   14  19  0  0 L3P D9
G29 FF 61155 042600  780 375  719     3337873    -85          42    -12   28 114  121   12   37    7   37    7  23  0  0 L3P DA
G10 FF 61155 044200  780 649 3000     5882536    -28          11    -13   15  24   81   -4   54   -6   54   -6  14  0  0 L3P C6
G15 FF 61155 044200  780 179 1282    -4060522    -88          39    -55   21  50  237   43   35   42   35   42  19  0  0 L3P 02
G16 FF 61155 044200  780 362 2455    -2513065    -83          -1    -13   25  46  124   -8   78    2   78    2  22  0  0 L3P CC
G18 FF 61155 044200  780 387 1462     3683514    -76          19     17   20 103  117    7   37  -24   37  -24  16  0  0 L3P 06
G23 FF 61155 044200  780 678 1664    -6401187    -69          -1    -24   14  77   79    5   49    2   49    2  12  0  0 L3P C6
G26 FF 61155 044200  780 417 2895     3577739     25          10    -20   19  69  110    6   79    0   79    0  15  0  0 L3P C0
G29 FF 61155 044200  780 330  641     3337773   -107          17    -34   30  77  135   18   49   22   49   22  26  0  0 L3P F8
G10 FF 61155 045800  780 695 2806     5882516    -19           5     -4   12  24   79   -2   49   -1   49   -1  11  0  0 L3P B9
G16 FF 61155 045800  780 382 2546    -2513128    -79           4     -9   26  46  119   -4   72   16   72   16  23  0  0 L3P E6
G18 FF 61155 045800  780 362 1380     3683435    -87          29      7   18 103  124    8   25    1   25    1  15  0  0 L3P B4
G23 FF 61155 045800  780 599 1635    -6401227    -53           2     -8   18  77   85    7   40   10   40   10  15  0  0 L3P B9
G26 FF 61155 045800  780 384 2989     3577775     63           4     19   30  69  118   10   84   -8   84   -8  23  0  0 L3P EB
G27 FF 61155 045800  780 241 2174     1222794    143          41    -30   35  45  179  -43   35   24   35   24  31  0  0 L3P 00
G29 FF 61155 045800  780 281  574     3337717    -54          32     19   39  77  156   27   41   -8   41   -8  32  0  0 L3P E6
G32 FF 61155 045800  780 218   33     -200112   -197          -8      0   34  45  197  -56  120  -32  120  -32  29  0  0 L3P EE
G10 FF 61155 051400  780 715 2549     5882499    -11           3      4   13  24   78    0   47  -10   47  -10  10  0  0 L3P AE
G16 FF 61155 051400  780 389 2644    -2513183    -76          16     -6   18  46  117    0   70   15   70   15  13  0  0 L3P DA
G18 FF 61155 051400  780 337 1299     3683328   -114          12    -20   19 103  132    9   41   23   41   23  14  0  0 L3P F4
G23 FF 61155 051400  780 524 1605    -6401271    -52           1     -7   16  77   93    9   40    8   40    8  13  0  0 L3P 8A
G26 FF 61155 051400  780 344 3073     3577813      3           0    -41   44  69  130   15   93   39   93   39  31  0  0 L3P C9
G27 FF 61155 051400  780 303 2166     1222953    123          34    -50   28  45  145  -28   29   38   29   38  23  0  0 L3P 07
G29 FF 61155 051400  780 228  517     3337656    -47          41     26   27  77  189   43   43  -14   43  -14  21  0  0 L3P FC
G32 FF 61155 051400  780 283   62     -200293   -176           1     21   30  45  155  -35   85  -49   85  -49  24  0  0 L3P E3
G10 FF 61155 053000  780 702 2287     5882492      3          10     18   12  24   78    1   35  -18   35  -18  11  0  0 L3P B2
G16 FF 61155 053000  780 381 2744    -2513250    -52          17     18   20  46  119    4   77   -9   77   -9  16  0  0 L3P DD
G18 FF 61155 053000  780 313 1220     3683245    -69          18     24   21 103  141   10   42  -13   42  -13  16  0  0 L3P ED
G23 FF 61155 053000  780 453 1572    -6401315    -35           0      9   24  77  103   13   42   -2   42   -2  21  0  0 L3P A3
G26 FF 61155 053000  780 300 3148     3577855     68          -1     24   23  69  147   21  104   -4  104   -4  17  0  0 L3P E7
G27 FF 61155 053000  780 368 2168     1223092    152           7    -21   19  45  123  -20   53   13   53   13  16  0  0 L3P DF
G32 FF 61155 053000  780 352   92     -200478   -206           6     -8   16  45  127  -23   61    0   61    0  12  0  0 L3P 84
G10 FF 61155 054600  780 664 2082     5882480    -31          12    -17   12  24   80    3   33   12   33   12  11  0  0 L3P B3
G16 FF 61155 054600  780 361 2841    -2513316    -29          18     42   21  46  124    8   83  -28   83  -28  17  0  0 L3P 03
G18 FF 61155 054600  780 289 1141     3683176    -91          39      2   41 103  151   12   28    0   28    0  38  0  0 L3P BE
G23 FF 61155 054600  780 388 1537    -6401345    -34          12     11   31  77  117   17   35   -9   35   -9  27  0  0 L3P EF
G26 FF 61155 054600  780 254 3215     3577901     58           2     14   23  69  171   30  112   -1  112   -1  21  0  0 L3P CB
G27 FF 61155 054600  780 434 2182     1223261    173          11      1   23  45  107  -14   45   -8   45   -8  20  0  0 L3P C8
G32 FF 61155 054600  780 425  125     -200670   -168           4     30   33  45  109  -16   52  -39   52  -39  29  0  0 L3P F1
G10 FF 61155 060200  780 613 1936     5882468    -13          10      1   14  33   84    4   37    3   37    3  12  0  0 L3P 7D
G16 FF 61155 060200  780 332 2930    -2513375    -44          22     26   22  47  134   13   84  -10   84  -10  16  0  0 L3P F6
G18 FF 61155 060200  780 265 1064     3683094   -138          46    -45   39 104  164   15   27   44   27   44  34  0  0 L3P 21
G23 FF 61155 060200  780 326 1498    -6401379    -82          18    -37   24  78  136   23   30   27   30   27  20  0  0 L3P 01
G26 FF 61155 060200  780 209 3276     3577967    -32          24    -76   39 101  205   43  105   90  105   90  35  0  0 L3P 30
G27 FF 61155 060200  780 502 2213     1223438    186          19     13   19  54   96  -10   36  -16   36  -16  18  0  0 L3P FA
G32 FF 61155 060200  780 500  165     -200852   -222           9    -24   19  47   96  -11   44   21   44   21  17  0  0 L3P BF
G08 FF 61155 061800  780 243 2213    -4553595    109         -12     38   40  87  178  -43   74  -23   74  -23  33  0  0 L3P 38
G10 FF 61155 061800  780 558 1825     5882453    -10           9      5   14  33   89    6   36   -2   36   -2  12  0  0 L3P 99
G16 FF 61155 061800  780 295 3012    -2513443    -91          22    -21   29  47  149   19   91   29   91   29  26  0  0 L3P 0D
G18 FF 61155 061800  780 239  989     3682990   -109          32    -16   30 104  181   20   38    9   38    9  23  0  0 L3P F9
G23 FF 61155 061800  780 270 1457    -6401443    -34          -4     10   30  78  162   31   52   -7   52   -7  24  0  0 L3P D5
G27 FF 61155 061800  780 567 2272     1223608    185          23     12   17  54   88   -7   31   -9   31   -9  16  0  0 L3P D6
G32 FF 61155 061800  780 576  220     -201044   -184           7     14   18  47   87   -8   40  -13   40  -13  15  0  0 L3P C3
G08 FF 61155 063400  780 302 2240    -4553511     50           4    -20   30  87  146  -27   55    8   55    8  26  0  0 L3P C1
G10 FF 61155 063400  780 503 1736     5882442    -25          13    -10   16  33   96    8   32    7   32    7  12  0  0 L3P A0
G16 FF 61155 063400  780 254 3086    -2513501    -83          32    -12   36  47  171   27   92   13   92   13  27  0  0 L3P FB
G18 FF 61155 063400  780 211  916     3682913    -26          44     67   32 104  203   27   36  -46   36  -46  26  0  0 L3P 07
G23 FF 61155 063400  780 218 1413    -6401443      7          39     51   33  78  197   44   21  -26   21  -26  27  0  0 L3P EC
G27 FF 61155 063400  780 626 2372     1223764    167          13     -6   16  54   83   -4   37   -2   37   -2  13  0  0 L3P C5
G32 FF 61155 063400  780 650  308     -201237   -185           3     13   18  47   81   -5   38  -17   38  -17  15  0  0 L3P CE
G08 FF 61155 065000  780 360 2282    -4553433     30          14    -41   23  87  125  -17   42   41   42   41  19  0  0 L3P F0
G10 FF 61155 065000  780 450 1659     5882418    -34           3    -19   19  33  104   10   43   25   43   25  17  0  0 L3P D9
G16 FF 61155 065000  780 211 3154    -2513579   -100          21    -30   29  47  203   40  103   33  103   33  24  0  0 L3P 0D
G18 FF 61155 065000  780 181  846     3682824     11          44    104   40 104  234   39   42  -96   42  -96  33  0  0 L3P 0B
G27 FF 61155 065000  780 671 2531     1223926    165           9     -7   14  54   80   -2   40    8   40    8  12  0  0 L3P 92
G32 FF 61155 065000  780 715  464     -201428   -203           2     -5   12  47   78   -3   38    6   38    6  11  0  0 L3P 83
G08 FF 61155 070600  780 413 2342    -4553380     74           0      4   28  87  111  -11   50    0   50    0  24  0  0 L3P 8E
G10 FF 61155 070600  780 400 1588     5882403    -33           2    -18   24  33  114   12   45   23   45   23  22  0  0 L3P C9
G27 FF 61155 070600  780 687 2748     1224091    168           8     -5   13  54   79    0   38    7   38    7  11  0  0 L3P A2
G32 FF 61155 070600  780 753  741     -201613   -188           7     10   41  47   76   -1   35   -2   35   -2  27  0  0 L3P A2
G02 FF 61155 072200  780 228 2187     -857796    -44          36     33   39 114  189  -44   34  -48   34  -48  38  0  0 L3P 3D
G08 FF 61155 072200  780 458 2424    -4553309     43           3    -28   13  87  102   -7   46   22   46   22  11  0  0 L3P D6
G10 FF 61155 072200  780 353 1520     5882386      1          -1     16   23  33  127   14   46   -6   46   -6  19  0  0 L3P AE
G27 FF 61155 072200  780 669 2969     1224263    202          14     29   13  54   80    2   35  -26   35  -26  11  0  0 L3P E1
G32 FF 61155 072200  780 742 1070     -201780   -175          31     23   14  47   76    1   20  -15   20  -15  11  0  0 L3P C4
G02 FF 61155 073800  780 285 2150     -857892   -100          14    -22   25 114  154  -30   45    2   45    2  24  0  0 L3P E9
G08 FF 61155 073800  780 491 2527    -4553240     71           4      1   20  87   97   -4   46    0   46    0  18  0  0 L3P 8B
G10 FF 61155 073800  780 310 1454     5882404     18          32     33   22  33  142   18   24  -29   24  -29  17  0  0 L3P E9
G27 FF 61155 073800  780 623 3137     1224428    169          13     -3   13  54   83    4   40    2   40    2  11  0  0 L3P 8C
G28 FF 61155 073800  780 232  392     5466106   -117          22    -21   39 164  186  -36   57   12   57   12  28  0  0 L3P 1E
G32 FF 61155 073800  780 691 1284     -201987   -223          14    -25   15  47   79    3   33   15   33   15  13  0  0 L3P DE
G02 FF 61155 075400  780 347 2116     -857979   -127           1    -49   18 114  129  -22   42   38   42   38  16  0  0 L3P 1E
G08 FF 61155 075400  780 507 2648    -4553171     73           6      3   20  87   95   -1   48    4   48    4  16  0  0 L3P 99
G10 FF 61155 075400  780 271 1389     5882365      8           6     23   25  33  161   21   49  -23   49  -23  20  0  0 L3P D3
G27 FF 61155 075400  780 562 3252     1224603    182          22      9   23  54   89    7   36   -4   36   -4  20  0  0 L3P AB
G28 FF 61155 075400  780 278  455     5466003   -113          12    -16   31 164  157  -25   57   12   57   12  26  0  0 L3P 13
G32 FF 61155 075400  780 621 1392     -202180   -193          10      5   13  47   83    6   33   -9   33   -9  11  0  0 L3P A4
G02 FF 61155 081000  780 413 2086     -858036    -31          15     46   20 115  111  -16   34  -39   34  -39  16  0  0 L3P 09
G08 FF 61155 081000  780 505 2776    -4553115     73         -10      3   17  88   95    2   59    4   59    4  15  0  0 L3P A6
G10 FF 61155 081000  780 235 1324     5882361     -4          18     11   24  42  183   26   38   -3   38   -3  18  0  0 L3P BD
G27 FF 61155 081000  780 493 3332     1224760    194          14     21   39  60   97   11   45  -19   45  -19  38  0  0 L3P FB
G28 FF 61155 081000  780 324  525     5465916   -101          19     -5   37 165  137  -17   47  -11   47  -11  28  0  0 L3P 1E
G31 FF 61155 081000  780 230  236     1532382     56         -15     80   32  68  188  -42   77  -71   77  -71  27  0  0 L3P 04
G32 FF 61155 081000  780 547 1443     -202374   -195          11      3   23  73   90    9   34   -4   34   -4  21  0  0 L3P A1
G01 FF 61155 082600  780 202 2191    -2899880     73          22    -13   34  50  211  -58   54   13   54   13  30  0  0 L3P F4
G02 FF 61155 082600  780 484 2062     -858103    -68          22     10   21 115   98  -12   32   -9   32   -9  17  0  0 L3P DE
G08 FF 61155 082600  780 484 2899    -4553028     58           8    -12   18  88   98    4   52   15   52   15  15  0  0 L3P E2
G10 FF 61155 082600  780 201 1258     5882327    -81          -3    -66   27  42  212   33   63   78   63   78  22  0  0 L3P F7
G27 FF 61155 082600  780 422 3391     1224932    144          20    -29   25  60  109   15   49   41   49   41  23  0  0 L3P F4
G28 FF 61155 082600  780 367  604     5465812    -90           7      7   25 165  123  -12   58    3   58    3  22  0  0 L3P B7
G31 FF 61155 082600  780 284  288     1532378    -14           4     10   29  68  154  -28   61    3   61    3  25  0  0 L3P B0
G32 FF 61155 082600  780 473 1466     -202556   -197          19      0   24  73  100   12   33    6   33    6  23  0  0 L3P B1
G01 FF 61155 084200  780 260 2163    -2899808     86          11     -1   35  50  167  -37   55   -5   55   -5  30  0  0 L3P EA
G02 FF 61155 084200  780 560 2043     -858188    -87          12     -9   13 115   89   -8   35    4   35    4  10  0  0 L3P B9
G08 FF 61155 084200  780 449 3007    -4552948     94          22     24   40  88  104    8   48  -13   48  -13  26  0  0 L3P 00
G27 FF 61155 084200  780 353 3439     1225102    147          24    -26   42  60  127   22   56   36   56   36  40  0  0 L3P F2
G28 FF 61155 084200  780 403  693     5465722    -94          10      3   13 165  114   -8   57   15   57   15  11  0  0 L3P D2
G31 FF 61155 084200  780 340  346     1532354    -29           3     -6   20  68  131  -20   59    8   59    8  19  0  0 L3P A8
G32 FF 61155 084200  780 400 1470     -202749   -176          17     22   23  73  114   17   38  -11   38  -11  21  0  0 L3P F6
G01 FF 61155 085800  780 322 2141    -2899753     73         -18    -14   19  50  138  -25   70   17   70   17  15  0  0 L3P 15
G02 FF 61155 085800  780 640 2035     -858272    -75           3      2   15 115   82   -6   39    3   39    3  13  0  0 L3P 95
G03 FF 61155 085800  780 192 2452    -4900296    180         -11     33   30 156  221  -30   84  -42   84  -42  26  0  0 L3P 37
G08 FF 61155 085800  780 404 3099    -4552886     62          16     -8   17  88  113   12   59   22   59   22  13  0  0 L3P FC
G27 FF 61155 085800  780 285 3480     1225277    208          33     36   27  60  154   33   68  -10   68  -10  24  0  0 L3P 0F
G28 FF 61155 085800  780 430  794     5465648   -107          29    -10   27 165  108   -4   49   15   49   15  24  0  0 L3P 1C
G31 FF 61155 085800  780 396  411     1532332    -34           4    -10   22  68  115  -14   62   15   62   15  19  0  0 L3P CE
G32 FF 61155 085800  780 331 1463     -202939   -153          16     45   20  73  135   25   48  -29   48  -29  18  0  0 L3P 1B
G01 FF 61155 091400  780 388 2126    -2899660     81          -7     -6   24  50  117  -18   58   16   58   16  22  0  0 L3P FB
G02 FF 61155 091400  780 722 2046     -858353    -82          -5     -5   17 115   77   -4   48   19   48   19  15  0  0 L3P E2
G03 FF 61155 091400  780 219 2383    -4900148    138          -5    -10   33 156  195  -24   64   -2   64   -2  30  0  0 L3P 0C
G04 FF 61155 091400  780 214 3083     -546695    -21          31     -6   48  80  201  -50   83    9   83    9  34  0  0 L3P C9
G08 FF 61155 091400  780 354 3177    -4552811     87          23     17   19  88  127   17   73   11   73   11  15  0  0 L3P F4
G27 FF 61155 091400  780 222 3520     1225438    202          29     29   21  60  194   53  105   21  105   21  15  0  0 L3P F4
G28 FF 61155 091400  780 443  902     5465543    -84          16     12   26 165  105   -1   68    5   68    5  22  0  0 L3P C6
G31 FF 61155 091400  780 449  489     1532304    -50          -1    -26   23  68  104  -10   74   38   74   38  20  0  0 L3P E6
G32 FF 61155 091400  780 265 1447     -203150   -162          -5     36   22  73  164   38   89    2   89    2  17  0  0 L3P CE
G01 FF 61155 093000  780 458 2120    -2899579    102          -9     15   21  50  103  -13   68   -1   68   -1  18  0  0 L3P F1
G02 FF 61155 093000  780 806 2122     -858417    -82           6     -5   12 115   75   -2   55   18   55   18  10  0  0 L3P BF
G03 FF 61155 093000  780 248 2315    -4900008    152          -7      4   18 156  174  -20   72   16   72   16  15  0  0 L3P F3
G04 FF 61155 093000  780 267 3026     -546723     -4          17     11   30  80  163  -30   98    4   98    4  26  0  0 L3P B7
G08 FF 61155 093000  780 301 3244    -4552738    118          28     47   21  88  146   24  100    2  100    2  17  0  0 L3P E8
G28 FF 61155 093000  780 441 1012     5465445    -86          12     11   28 165  106    2   84    3   84    3  24  0  0 L3P BA
G31 FF 61155 093000  780 496  583     1532287    -30           5     -6   20  68   96   -6   79   20   79   20  15  0  0 L3P B6
G32 FF 61155 093000  780 203 1424     -203331   -199           4     -2   33  73  211   61  113   55  113   55  28  0  0 L3P E3
G01 FF 61155 094600  780 530 2127    -2899478     94           9      7   16  50   92   -9   69    9   69    9  14  0  0 L3P B6
G02 FF 61155 094600  780 868 2812     -858499    -59          -2     18   15 115   74    0   82    1   82    1  14  0  0 L3P B9
G03 FF 61155 094600  780 278 2247    -4899869    169         -10     21   31 156  157  -17   88    2   88    2  27  0  0 L3P 2B
G04 FF 61155 094600  780 316 2958     -546739      4          16     18   18  80  140  -19  109   -4  109   -4  15  0  0 L3P F8
G08 FF 61155 094600  780 249 3305    -4552664     37          34    -33   47  88  174   35  137   67  137   67  43  0  0 L3P 3F
G28 FF 61155 094600  780 423 1115     5465348    -75           8     22   24 165  109    6  100   -2  100   -2  21  0  0 L3P DE
G31 FF 61155 094600  780 533  698     1532269      5           9     29   18  68   92   -4   83  -15   83  -15  17  0  0 L3P C8
G01 FF 61155 100200  780 604 2155    -2899392     84           9     -2   12  51   85   -6   78    8   78    8   9  0  0 L3P 99
G02 FF 61155 100200  780 805 3500     -858548    -92          20    -15   32 116   75    2   75   20   75   20  32  0  0 L3P C9
G03 FF 61155 100200  780 311 2178    -4899712    171           8     23   27 157  142  -14   90   -2   90   -2  22  0  0 L3P EE
G04 FF 61155 100200  780 361 2881     -546747     -1          22     14   23  81  125  -13  110  -14  110  -14  19  0  0 L3P F5
G08 FF 61155 100200  780 199 3360    -4552595     94          35     23   41  89  215   52  180   39  180   39  36  0  0 L3P 1F
G28 FF 61155 100200  780 391 1205     5465263    -98          18     -1   26 166  117   10  109   32  109   32  23  0  0 L3P 0B
G31 FF 61155 100200  780 554  832     1532241    -25           1     -1   18  74   89   -1   94   18   94   18  16  0  0 L3P A0
G01 FF 61155 101800  780 677 2221    -2899311     71           8    -15   11  51   80   -4   84   19   84   19  10  0  0 L3P C8
G02 FF 61155 101800  780 718 3584     -858632    -89          11    -11   11 116   77    4   99   23   99   23  10  0  0 L3P EA
G03 FF 61155 101800  780 346 2109    -4899574    169           3     21   17 157  129  -12  104   -8  104   -8  16  0  0 L3P 26
G04 FF 61155 101800  780 401 2792     -546770    -35          13    -20   22  81  114   -9  118   15  118   15  19  0  0 L3P FF
G28 FF 61155 101800  780 347 1278     5465176    -93          23      4   31 166  129   16  129   23  129   23  25  0  0 L3P 18
G31 FF 61155 101800  780 555  972     1532228    -20          10      4   16  74   89    1   99   12   99   12  15  0  0 L3P A1
G01 FF 61155 103400  780 742 2371    -2899234     56           2    -31   14  51   76   -2   94   31   94   31  11  0  0 L3P C1
G02 FF 61155 103400  780 631   10     -858701    -78          16     -1   20 116   82    7  111   20  111   20  16  0  0 L3P 9F
G03 FF 61155 103400  780 385 2040    -4899440    134          -4    -14   22 157  118  -11  111   16  111   16  20  0  0 L3P 22
G04 FF 61155 103400  780 433 2694     -546782      4          16     19   22  81  107   -6  118  -15  118  -15  18  0  0 L3P FB
G28 FF 61155 103400  780 296 1333     5465084    -60          24     37   21 166  148   25  150   -9  150   -9  17  0  0 L3P 17
G31 FF 61155 103400  780 535 1101     1532191    -17          -4      7   22  74   91    4  116    2  116    2  20  0  0 L3P 85
G01 FF 61155 105000  780 781 2687    -2899153     80           0     -6   15  51   75    0  105   25  105   25  13  0  0 L3P C4
G02 FF 61155 105000  780 546   23     -858768    -44          23     34   18 116   90   10  129    1  129    1  14  0  0 L3P B1
G03 FF 61155 105000  780 426 1967    -4899293    190           1     42   19 157  108   -9  111  -21  111  -21  16  0  0 L3P 2C
G04 FF 61155 105000  780 459 2588     -546791    -12          21      3   22  81  102   -4  117    7  117    7  19  0  0 L3P C4
G09 FF 61155 105000  780 185 2803    -7566530    122          32     86   83  16  229  -43  207 -108  207 -108  82  0  0 L3P 6D
G28 FF 61155 105000  780 241 1374     5464988    -91          21      5   35 166  180   42  175   20  175   20  26  0  0 L3P 0E
G31 FF 61155 105000  780 498 1208     1532162    -39         -10    -15   24  74   96    6  130   25  130   25  21  0  0 L3P EA
G01 FF 61155 110600  780 763 3069    -2899069     91           1      4   13  51   76    1  116    9  116    9  10  0  0 L3P A0
G02 FF 61155 110600  780 464   32     -858843    -71          22      6   19 116  102   14  156   21  156   21  14  0  0 L3P CD
G03 FF 61155 110600  780 470 1890    -4899154    132          -2    -15   20 157  100   -8  121   21  121   21  18  0  0 L3P 14
G04 FF 61155 110600  780 477 2475     -546814    -29          12    -14   21  81   99   -2  124   17  124   17  18  0  0 L3P FD
G09 FF 61155 110600  780 219 2733    -7566609   -190         -81   -225   33  16  196  -28  306  206  306  206  31  0  0 L3P 90
G26 FF 61155 110600  780 199  819     3578748     62          -4     18   29  11  214  -20  296  -30  296  -30  26  0  0 L3P 21
G31 FF 61155 110600  780 450 1288     1532137      9         -12     33   19  74  104   10  143   -4  143   -4  17  0  0 L3P D5
G01 FF 61155 112200  780 704 3288    -2898976     51          11    -35   16  51   78    3  123   53  123   53  13  0  0 L3P F4
G02 FF 61155 112200  780 385   41     -858912    -85          27     -8   11 116  118   21  187   57  187   57   8  0  0 L3P ED
G03 FF 61155 112200  780 516 1806    -4899007    142           3     -6   11 157   94   -6  122   17  122   17   9  0  0 L3P E8
G04 FF 61155 112200  780 487 2359     -546827    -34          14    -19   19  81   98   -1  129   27  129   27  16  0  0 L3P 13
G09 FF 61155 112200  780 249 2659    -7566514    215         -20    180   30  16  173  -20  234 -185  234 -185  26  0  0 L3P 8A
G26 FF 61155 112200  780 216  892     3578808     48          13      4   35  11  199  -12  264  -15  264  -15  30  0  0 L3P 06
G31 FF 61155 112200  780 394 1344     1532116    -16         -10      8   23  74  116   15  160   28  160   28  21  0  0 L3P E9
G01 FF 61155 113800  780 630 3395    -2898889     61          15    -26   41  51   83    6  140   51  140   51  39  0  0 L3P FF
G02 FF 61155 113800  780 310   52     -858986    -95          28    -18   24 116  143   31  237   66  237   66  19  0  0 L3P 15
G03 FF 61155 113800  780 564 1709    -4898865    178           4     30   21 157   88   -5  132  -20  132  -20  19  0  0 L3P 2D
G04 FF 61155 113800  780 492 2242     -546836    -36          18    -21   17  81   97    0  134   30  134   30  14  0  0 L3P E5
G09 FF 61155 113800  780 277 2582    -7566431     38          29      3   21  16  157  -14  183    0  183    0  19  0  0 L3P EB
G16 FF 61155 113800  780 198  648    -2514782     -6          28     63   50  33  215  -34  318  -51  318  -51  41  0  0 L3P 25
G26 FF 61155 113800  780 225  968     3578843     43           6     -1   27  11  191   -4  270   13  270   13  23  0  0 L3P CF
G31 FF 61155 113800  780 334 1382     1532098    -43          -5    -19   21  74  134   22  189   49  189   49  17  0  0 L3P 25
G01 FF 61155 115400  780 552 3456    -2898815    143           6     57   28  51   90    9  169  -22  169  -22  27  0  0 L3P 1A
G02 FF 61155 115400  780 239   65     -859058    -92          30    -15   24 116  181   50  301   99  301   99  21  0  0 L3P 03
G03 FF 61155 115400  780 609 1591    -4898721    164           5     16   15 157   84   -4  140   -2  140   -2  13  0  0 L3P F7
G04 FF 61155 115400  780 491 2127     -546857    -10           3      5   15  82   97    0  144    6  144    6  14  0  0 L3P 95
G09 FF 61155 115400  780 303 2503    -7566404     51          22     16   20  16  145  -11  191   -8  191   -8  17  0  0 L3P FF
G16 FF 61155 115400  780 229  719    -2514877    -97           0    -28   33  33  188  -23  331    7  331    7  28  0  0 L3P FB
G26 FF 61155 115400  780 226 1043     3578893     46          13      2   28  11  190    3  286   21  286   21  22  0  0 L3P D6
G31 FF 61155 115400  780 272 1404     1532064     28         -16     52   29  74  160   35  236   10  236   10  22  0  0 L3P F1
G01 FF 61155 121000  780 475 3496    -2898721     79          15     -8   32  52  100   13  194   43  194   43  30  0  0 L3P 09
G03 FF 61155 121000  780 650 1441    -4898579    137           8    -11   14 159   81   -2  148   17  148   17  13  0  0 L3P 1A
G04 FF 61155 121000  780 487 2015     -546867     20           7     35   18  83   98    1  157  -12  157  -12  15  0  0 L3P DE
G07 FF 61155 121000  780 254 3203     1773068     50          15      5   21  39  171  -41  262  -34  262  -34  16  0  0 L3P FE
G09 FF 61155 121000  780 327 2422    -7566376     29          14     -7   21  52  136   -9  203    8  203    8  18  0  0 L3P DC
G16 FF 61155 121000  780 255  794    -2514927   -218          20   -149   27  34  170  -15  312  130  312  130  24  0  0 L3P 53
G26 FF 61155 121000  780 218 1117     3578931     83           7     39   26  12  197   11  313   -4  313   -4  22  0  0 L3P D8
G31 FF 61155 121000  780 211 1414     1532059    -10           2     14   31  76  204   57  279   79  279   79  26  0  0 L3P F6
G01 FF 61155 122600  780 399 3527    -2898641     95          12      9   13  52  115   18  242   43  242   43  10  0  0 L3P FC
G03 FF 61155 122600  780 677 1249    -4898438    163           7     15   12 159   79   -1  167   10  167   10  10  0  0 L3P 14
G04 FF 61155 122600  780 480 1906     -546873    -18          16     -4   19  83   99    1  172   26  172   26  17  0  0 L3P EE
G07 FF 61155 122600  780 317 3159     1773099     58           4     13   20  39  140  -26  249  -24  249  -24  17  0  0 L3P 1F
G09 FF 61155 122600  780 350 2339    -7566338     33          18     -2   20  52  128   -7  210   16  210   16  19  0  0 L3P F7
G16 FF 61155 122600  780 275  873    -2515021    -27          -7     43   26  34  158   -9  336  -39  336  -39  20  0  0 L3P 22
G26 FF 61155 122600  780 201 1185     3578980     72          14     28   26  12  213   22  337   16  337   16  20  0  0 L3P F7
G01 FF 61155 124200  780 327 3554    -2898555     57          16    -29   16  52  136   27  292   81  292   81  12  0  0 L3P 2C
G03 FF 61155 124200  780 683 1026    -4898293    143          10     -5   17 159   79    0  185   21  185   21  15  0  0 L3P 0B
G04 FF 61155 124200  780 471 1801     -546893     -5          10     10   21  83  100    2  198    7  198    7  17  0  0 L3P B5
G06 FF 61155 124200  780 211 2313     6085058    -10          30     15   38  63  203  -35  272  -16  272  -16  33  0  0 L3P 18
G07 FF 61155 124200  780 378 3102     1773142     38           4     -7   18  39  120  -17  241   -6  241   -6  12  0  0 L3P DB
G09 FF 61155 124200  780 372 2255    -7566308     32          14     -4   25  52  121   -6  225   13  225   13  22  0  0 L3P ED
G16 FF 61155 124200  780 287  955    -2515040    -72          40     -3   32  34  153   -3  302   16  302   16  27  0  0 L3P E5
G01 FF 61155 125800  780 258 3580    -2898472     42          16    -45   18  52  169   42  370  134  370  134  15  0  0 L3P 4B
G03 FF 61155 125800  780 663  811    -4898154    151           7      3   14 159   80    2  209   20  209   20  11  0  0 L3P CE
G04 FF 61155 125800  780 462 1698     -546906    -51          10    -37   19  83  102    2  217   46  217   46  16  0  0 L3P 0A
G06 FF 61155 125800  780 244 2381     6085032     -6          27     19   32  63  177  -19  281   -7  281   -7  28  0  0 L3P 0B
G07 FF 61155 125800  780 437 3031     1773204     75          24     31   42  39  106  -11  230  -12  230  -12  26  0  0 L3P 07
G09 FF 61155 125800  780 394 2170    -7566258     38          31      3   22  52  116   -6  224   13  224   13  20  0  0 L3P EC
G16 FF 61155 125800  780 289 1038    -2515134    -93          13    -23   26  34  152    2  342   40  342   40  20  0  0 L3P FF
G01 FF 61155 131400  780 193    7    -2898359     92          46      6   24  52  221   69  456  105  456  105  19  0  0 L3P FA
G03 FF 61155 131400  780 621  639    -4898007    140          12     -7   14 159   83    4  235   33  235   33  12  0  0 L3P ED
G04 FF 61155 131400  780 452 1597     -546908     19          23     34   28  83  104    2  227  -10  227  -10  25  0  0 L3P F9
G06 FF 61155 131400  780 266 2457     6085017    -12          37     13   21  63  164  -10  287   13  287   13  17  0  0 L3P 12
G07 FF 61155 131400  780 491 2942     1773242     31          19    -13   13  39   97   -8  236   19  236   19  10  0  0 L3P FB
G09 FF 61155 131400  780 417 2083    -7566221     41          33      6   16  52  110   -5  236   11  236   11  15  0  0 L3P DB
G16 FF 61155 131400  780 280 1118    -2515183   -102          30    -33   48  34  156    8  345   52  345   52  43  0  0 L3P 18
G03 FF 61155 133000  780 564  514    -4897855    131          22    -17   14 159   88    7  257   50  257   50  12  0  0 L3P 13
G04 FF 61155 133000  780 441 1498     -546921     33          24     48   23  83  105    2  249  -20  249  -20  21  0  0 L3P F4
G06 FF 61155 133000  780 277 2540     6084985    -21          29      4   22  63  158   -3  322   30  322   30  16  0  0 L3P E8
G07 FF 61155 133000  780 538 2831     1773283     62          17     17   12  39   91   -5  242   -7  242   -7  11  0  0 L3P DB
G09 FF 61155 133000  780 440 1993    -7566186     87          35     52   16  52  106   -5  250  -30  250  -30  15  0  0 L3P 1E
G16 FF 61155 133000  780 260 1192    -2515253    -59          27     11   21  34  167   15  373   27  373   27  18  0  0 L3P 13
G30 FF 61155 133000  780 207 3010    -2000257   -137          39     -3   33   3  207  -49  408  -23  408  -23  27  0  0 L3P 1C
G03 FF 61155 134600  780 499  424    -4897715    138          20    -10   13 159   96   10  296   56  296   56  10  0  0 L3P 32
G04 FF 61155 134600  780 429 1400     -546954     16           5     31   21  83  108    3  291  -11  291  -11  18  0  0 L3P E0
G06 FF 61155 134600  780 276 2626     6084960    -55          27    -30   20  63  158    3  355   64  355   64  17  0  0 L3P 19
G07 FF 61155 134600  780 574 2696     1773343     50          35      5   14  39   87   -3  235   -8  235   -8  12  0  0 L3P DE
G09 FF 61155 134600  780 464 1901    -7566161     27          26     -8   22  52  101   -4  264   13  264   13  19  0  0 L3P FE
G16 FF 61155 134600  780 231 1258    -2515317   -170          30   -101   27  34  186   26  408  126  408  126  22  0  0 L3P 5F
G30 FF 61155 134600  780 255 2950    -2000392   -124          33     10   23   3  170  -30  387  -42  387  -42  18  0  0 L3P 2B
G03 FF 61155 140200  780 429  359    -4897574    155          17      8   17 160  108   15  338   28  338   28  14  0  0 L3P 24
G04 FF 61155 140200  780 416 1303     -546952    -47          22    -32   22  84  110    3  293   37  293   37  16  0  0 L3P F6
G06 FF 61155 140200  780 265 2712     6084908    -21          -4      4   32  64  164   10  408    8  408    8  29  0  0 L3P CF
G07 FF 61155 140200  780 597 2540     1773356     40           4     -4   17  40   85   -1  252    7  252    7  13  0  0 L3P A5
G09 FF 61155 140200  780 488 1803    -7566135    -24          16    -59   12  53   98   -4  273   42  273   42   9  0  0 L3P 10
G16 FF 61155 140200  780 194 1314    -2515398   -121          19    -51   31  38  219   45  452   73  452   73  21  0  0 L3P 35
G30 FF 61155 140200  780 300 2882    -2000532   -167          25    -33   20  77  147  -20  366  -18  366  -18  16  0  0 L3P 4E
G03 FF 61155 141800  780 358  312    -4897442    161           7     14   20 160  126   23  397   44  397   44  16  0  0 L3P 15
G04 FF 61155 141800  780 401 1207     -546981    -16           7     -1   19  84  114    4  322   20  322   20  15  0  0 L3P C3
G06 FF 61155 141800  780 245 2794     6084898     -2          11     23   46  64  177   17  434   46  434   46  40  0  0 L3P 12
G07 FF 61155 141800  780 604 2373     1773406     39          12     -5   15  40   85    0  255   15  255   15  13  0  0 L3P CD
G09 FF 61155 141800  780 512 1698    -7566102     42          15      6   16  53   94   -3  282  -10  282  -10  13  0  0 L3P F8
G30 FF 61155 141800  780 341 2805    -2000676   -186          10    -51   13  77  131  -14  352   36  352   36  12  0  0 L3P 2F
G03 FF 61155 143400  780 286  278    -4897301    106           7    -42   17 160  153   36  473  126  473  126  14  0  0 L3P 45
G04 FF 61155 143400  780 383 1113     -546996    -14           7      1   19  84  118    5  340   14  340   14  13  0  0 L3P C6
G06 FF 61155 143400  780 217 2871     6084888    -19          25      6   23  64  197   27  495   70  495   70  20  0  0 L3P 1C
G07 FF 61155 143400  780 595 2209     1773457     67          20     22   16  40   85    1  253  -11  253  -11  14  0  0 L3P EB
G09 FF 61155 143400  780 533 1584    -7566061     59          22     24   16  53   92   -2  273  -10  273  -10  13  0  0 L3P 0A
G30 FF 61155 143400  780 378 2721    -2000785   -124          29     11   17  77  120   -9  326  -14  326  -14  16  0  0 L3P 34
G03 FF 61155 145000  780 215  255    -4897167    196          -1     48   30 160  200   63  588  104  588  104  22  0  0 L3P 42
G04 FF 61155 145000  780 361 1022     -547014    -24           3     -9   20  84  124    7  360   42  360   42  18  0  0 L3P C1
G06 FF 61155 145000  780 185 2944     6084858     -5          18     20   25  64  229   41  563   53  563   53  18  0  0 L3P 10
G07 FF 61155 145000  780 575 2059     1773487     18           7    -27   14  40   87    3  267   33  267   33  13  0  0 L3P E9
G09 FF 61155 145000  780 551 1461    -7566032     25          17    -10   21  53   90   -2  276   18  276   18  16  0  0 L3P FE
G14 FF 61155 145000  780 260 3392    -7444387    -38          18    -25   36  66  167  -44  527  -78  527  -78  34  0  0 L3P 75
G30 FF 61155 145000  780 409 2628    -2000934    -76           9     58   18  77  112   -7  336  -59  336  -59  15  0  0 L3P 31
G04 FF 61155 150600  780 336  935     -547028    -53           3    -38   30  84  133   10  385   63  385   63  25  0  0 L3P F7
G07 FF 61155 150600  780 547 1926     1773523     60           0     16   17  40   90    4  283    0  283    0  16  0  0 L3P 9B
G09 FF 61155 150600  780 562 1327    -7566009     14           7    -22   16  53   88   -1  291   31  291   31  13  0  0 L3P EE
G14 FF 61155 150600  780 332 3379    -7444397    -23          21    -11   30  66  134  -27  454  -50  454  -50  26  0  0 L3P 4C
G30 FF 61155 150600  780 435 2529    -2001050   -141          22     -7   17  77  107   -5  316    3  316    3  14  0  0 L3P DF
G04 FF 61155 152200  780 306  852     -547019    -31          27    -16   33  84  144   14  397   48  397   48  31  0  0 L3P 10
G07 FF 61155 152200  780 514 1810     1773565     40           0     -4   19  40   94    5  295   10  295   10  17  0  0 L3P B9
G09 FF 61155 152200  780 565 1187    -7565972     19           9    -16   18  53   88    0  296   23  296   23  14  0  0 L3P 06
G14 FF 61155 152200  780 407 3359    -7444422    -65           7    -53   32  66  113  -18  414    5  414    5  30  0  0 L3P F8
G21 FF 61155 152200  780 230 2235    -4149402    -21          24    -18   36  66  187  -44  419  -10  419  -10  32  0  0 L3P 39
G22 FF 61155 152200  780 239 3357      128632    -55           7      8   42   0  181  -49  581  -90  581  -90  42  0  0 L3P F5
G30 FF 61155 152200  780 455 2425    -2001186   -140          15     -6   15  77  103   -3  319    1  319    1  14  0  0 L3P DE
G04 FF 61155 153800  780 272  774     -547037     44          22     59   32  84  160   20  443   -7  443   -7  25  0  0 L3P E5
G07 FF 61155 153800  780 480 1706     1773610     54           2     10   16  40   99    6  313   13  313   13  14  0  0 L3P B8
G08 FF 61155 153800  780 180 1028    -4551149    194          61    124   43  91  236   -3  493 -107  493 -107  34  0  0 L3P 73
G09 FF 61155 153800  780 556 1046    -7565939     51           9     15   17  53   89    2  311    2  311    2  16  0  0 L3P BE
G14 FF 61155 153800  780 483 3328    -7444425     13          16     25   23  66   99  -12  371  -54  371  -54  20  0  0 L3P 2C
G21 FF 61155 153800  780 283 2280    -4149405    -24          25    -21   25  66  155  -26  403    8  403    8  23  0  0 L3P 08
G22 FF 61155 153800  780 307 3338      128575    -73          11    -10   29   0  144  -30  500  -47  500  -47  25  0  0 L3P 0B
G30 FF 61155 153800  780 470 2317    -2001316   -144          14    -10   16  77  100   -2  322   10  322   10  13  0  0 L3P FB
G04 FF 61155 155400  780 234  703     -547067    -37           6    -22   35  84  185   31  505   85  505   85  26  0  0 L3P FD
G07 FF 61155 155400  780 445 1611     1773655     44           5      0   28  40  105    7  328   17  328   17  26  0  0 L3P CB
G08 FF 61155 155400  780 178 1099    -4551086     84          56     14   29  91  238    8  494  -22  494  -22  25  0  0 L3P 38
G09 FF 61155 155400  780 535  911    -7565897     32          17     -3   18  53   91    3  316   15  316   15  16  0  0 L3P E1
G14 FF 61155 155400  780 559 3281    -7444435    -42          18    -30   15  66   89   -8  340    6  340    6  13  0  0 L3P F6
G21 FF 61155 155400  780 331 2339    -4149413    -28          21    -25   18  66  135  -16  395    6  395    6  14  0  0 L3P 17
G22 FF 61155 155400  780 377 3310      128513    -94           9    -32   38   0  120  -20  442  -30  442  -30  37  0  0 L3P F2
G30 FF 61155 155400  780 481 2207    -2001449   -123           9     11   20  77   99   -1  322  -21  322  -21  18  0  0 L3P 03
G04 FF 61155 161000  780 192  638     -547066    -75          18    -60   41  85  222   50  567  145  567  145  32  0  0 L3P 34
G07 FF 61155 161000  780 412 1523     1773699     23           4    -21   16  82  111    8  344   44  344   44  14  0  0 L3P DE
G09 FF 61155 161000  780 504  791    -7565882     42          -4      7   19  59   95    5  346   14  346   14  17  0  0 L3P D9
G14 FF 61155 161000  780 635 3207    -7444445    -48          19    -36   15  67   82   -5  319   16  319   16  13  0  0 L3P 1B
G21 FF 61155 161000  780 369 2414    -4149426     -1          10      2   17  67  122  -10  395   -2  395   -2  16  0  0 L3P E6
G22 FF 61155 161000  780 447 3269      128440    -71          -3     -8   13   4  104  -13  403  -26  403  -26  11  0  0 L3P E7
G30 FF 61155 161000  780 488 2096    -2001564   -134          23      0   13  80   98   -1  314    6  314    6  12  0  0 L3P C6
G05 FF 61155 162600  780 188 2298     2321979     42         -22     37   25  30  226  -44  522  -29  522  -29  22  0  0 L3P 3E
G07 FF 61155 162600  780 380 1438     1773739     68           2     23   15  82  119    9  362   -6  362   -6  13  0  0 L3P E2
G09 FF 61155 162600  780 462  686    -7565838     21           6    -15   16  59  102    8  364   50  364   50  15  0  0 L3P F8
G14 FF 61155 162600  780 705 3084    -7444463     -7          12      5   16  67   78   -3  313  -10  313  -10  15  0  0 L3P EE
G21 FF 61155 162600  780 397 2503    -4149424     -4          14      0   20  67  115   -5  396    5  396    5  16  0  0 L3P CE
G22 FF 61155 162600  780 517 3213      128388    -73           5    -11   16   4   94   -9  367  -20  367  -20  12  0  0 L3P E4
G30 FF 61155 162600  780 492 1985    -2001706   -150          10    -16   21  80   97    0  329   11  329   11  16  0  0 L3P 02
G05 FF 61155 164200  780 221 2360     2321989      6         -16      2   26  30  194  -24  521   -6  521   -6  22  0  0 L3P D9
G07 FF 61155 164200  780 349 1357     1773784     24           5    -21   16  82  128   10  381   38  381   38  14  0  0 L3P 07
G09 FF 61155 164200  780 413  598    -7565799     36          11      1   30  59  111   12  397   40  397   40  28  0  0 L3P FF
G14 FF 61155 164200  780 762 2856    -7444472     -8          15      4   19  67   76   -1  303  -12  303  -12  15  0  0 L3P F9
G17 FF 61155 164200  780 237  142     1211197     53          13    -34   26  33  182  -43  645  -73  645  -73  23  0  0 L3P 1F
G21 FF 61155 164200  780 410 2603    -4149419     18          23     21   27  67  112   -1  400  -10  400  -10  22  0  0 L3P F1
G22 FF 61155 164200  780 584 3133      128319    -56          -4      6   14   4   86   -6  349  -22  349  -22  12  0  0 L3P D5
G30 FF 61155 164200  780 493 1875    -2001841   -165           4    -31   15  80   97    0  326   20  326   20  13  0  0 L3P EF
G05 FF 61155 165800  780 244 2432     2321991     29         -19     24   32  30  177  -13  526  -15  526  -15  25  0  0 L3P 33
G07 FF 61155 165800  780 320 1278     1773818      4          -4    -40   16  82  138   12  407   53  407   53  13  0  0 L3P F8
G09 FF 61155 165800  780 359  526    -7565775     42           1      7   30  59  125   18  449   36  449   36  21  0  0 L3P FC
G14 FF 61155 165800  780 782 2478    -7444493     -8           6      4   12  67   75    0  297  -12  297  -12  11  0  0 L3P F3
G17 FF 61155 165800  780 296  183     1211271     75           4    -11   33  33  148  -29  556  -75  556  -75  31  0  0 L3P 21
G21 FF 61155 165800  780 409 2707    -4149432      6          13     10   36  67  112    2  419    6  419    6  32  0  0 L3P C3
G22 FF 61155 165800  780 645 3016      128269    -68           6     -6   13   4   81   -4  319  -20  319  -20  12  0  0 L3P D1
G30 FF 61155 165800  780 492 1765    -2001976   -112          -2     22   13  80   97    0  323  -21  323  -21  11  0  0 L3P 04
G05 FF 61155 171400  780 258 2510     2322004     18         -10     14   24  30  168   -5  525  -13  525  -13  20  0  0 L3P FB
G07 FF 61155 171400  780 291 1201     1773857     12          -8    -33   28  82  150   14  436   51  436   51  22  0  0 L3P 01
G09 FF 61155 171400  780 300  467    -7565744     61          -2     26   30  59  147   27  511   47  511   47  25  0  0 L3P FF
G14 FF 61155 171400  780 754 2128    -7444515    -15          -3     -2   11  67   76    2  302   -5  302   -5   9  0  0 L3P C4
G17 FF 61155 171400  780 359  227     1211341     98          -8     11   26  33  125  -20  496  -71  496  -71  24  0  0 L3P 14
G21 FF 61155 171400  780 394 2809    -4149437     -4          12      0   17  67  116    6  439   19  439   19  15  0  0 L3P F4
G22 FF 61155 171400  780 694 2842      128192    -74         -10    -12   15   4   79   -2  319    2  319    2  12  0  0 L3P BE
G30 FF 61155 171400  780 490 1656    -2002128   -156         -25    -22   18  80   97    1  333   11  333   11  15  0  0 L3P 0A
G05 FF 61155 173000  780 260 2592     2322013     -2          -5     -7   27  30  167    2  538   25  538   25  25  0  0 L3P D0
G07 FF 61155 173000  780 263 1126     1773918     62          11     18   45  82  165   17  447   14  447   14  43  0  0 L3P 07
G09 FF 61155 173000  780 240  419    -7565717      5          -8    -31   28  59  180   45  599  146  599  146  23  0  0 L3P 3C
G14 FF 61155 173000  780 699 1924    -7444524    -19           0     -7   15  67   78    3  298    8  298    8  12  0  0 L3P DF
G17 FF 61155 173000  780 423  279     1211432     80          -1     -6   15  33  109  -14  433  -39  433  -39  11  0  0 L3P F8
G19 FF 61155 173000  780 232   19    -6981069     28          31     38   24 100  186  -51  691 -173  691 -173  19  0  0 L3P 59
G20 FF 61155 173000  780 239 2175    -1255330   -178           7      4   36 140  181  -47  489  -75  489  -75  31  0  0 L3P 55
G21 FF 61155 173000  780 367 2903    -4149437    -19          14    -16   17  67  123   10  470   49  470   49  13  0  0 L3P 2C
G22 FF 61155 173000  780 720 2601      128131    -75         -12    -12   13   4   77   -1  311    1  311    1  10  0  0 L3P 8E
G30 FF 61155 173000  780 485 1548    -2002231   -151           0    -17   18  80   98    1  311   29  311   29  17  0  0 L3P EF
G05 FF 61155 174600  780 252 2675     2322056     43          33     38   32  30  172    8  536   11  536   11  27  0  0 L3P E6
G07 FF 61155 174600  780 235 1053     1773956     70           6     26   37  82  183   21  470   -5  470   -5  33  0  0 L3P ED
G14 FF 61155 174600  780 637 1800    -7444536    -28           0    -16   10  67   82    5  296   16  296   16   9  0  0 L3P F2
G17 FF 61155 174600  780 487  343     1211515     88          -1      2   15  33   98  -10  384  -50  384  -50  13  0  0 L3P EB
G19 FF 61155 174600  780 300   48    -6981082    -11          29      0   28 100  147  -32  571 -117  571 -117  24  0  0 L3P 3C
G20 FF 61155 174600  780 304 2180    -1255532   -196         -20    -14   24 140  145  -29  444  -37  444  -37  19  0  0 L3P 78
G21 FF 61155 174600  780 331 2988    -4149445    -11          10     -8   24  67  134   14  519   68  519   68  18  0  0 L3P 2E
G22 FF 61155 174600  780 716 2335      128080    -44          -3     19   12   4   78    1  293  -25  293  -25  11  0  0 L3P D3
G30 FF 61155 174600  780 479 1440    -2002365   -151          -5    -16   21  80   99    1  314   14  314   14  19  0  0 L3P 00
G05 FF 61155 180200  780 235 2756     2322063   -179          36   -184   39  31  183   16  580  245  580  245  37  0  0 L3P 71
G07 FF 61155 180200  780 207  981     1774016     66          21     22   31 103  206   28  470   -8  470   -8  28  0  0 L3P F1
G14 FF 61155 180200  780 574 1713    -7444550    -28          -9    -15   21  68   87    6  300   20  300   20  19  0  0 L3P F3
G17 FF 61155 180200  780 548  428     1211598     82          -3     -5   14  34   90   -7  345  -32  345  -32  12  0  0 L3P E4
G19 FF 61155 180200  780 372   78    -6981098     -6          24      4   18 106  122  -21  481  -94  481  -94  15  0  0 L3P 1F
G20 FF 61155 180200  780 370 2198    -1255709   -193         -19    -11   20 141  122  -19  402  -13  402  -13  18  0  0 L3P 63
G21 FF 61155 180200  780 290 3064    -4149442     11          11     14   45  68  151   21  591   86  591   86  32  0  0 L3P 0B
G22 FF 61155 180200  780 685 2114      128019    -52          -3     11   14  25   79    2  287  -12  287  -12  13  0  0 L3P DC
G30 FF 61155 180200  780 469 1333    -2002509    -95         -18     39   20  85  101    2  323  -59  323  -59  16  0  0 L3P 2A
G05 FF 61155 181800  780 211 2833     2322030    -21          -1    -26   29  31  203   25  694  111  694  111  23  0  0 L3P 19
G07 FF 61155 181800  780 178  912     1774056     52          19      8   27 103  238   39  488    3  488    3  22  0  0 L3P E7
G14 FF 61155 181800  780 513 1643    -7444556    -23          -2    -11   16  68   94    8  289   -5  289   -5  14  0  0 L3P 0A
G15 FF 61155 181800  780 197 2221    -4062148    -48          19    -16   39  66  216  -59  489  -69  489  -69  35  0  0 L3P 86
G17 FF 61155 181800  780 602  545     1211674     80          -9     -7   13  34   85   -4  313  -33  313  -33  11  0  0 L3P DA
G19 FF 61155 181800  780 447  112    -6981121    -29          10    -18   27 106  105  -15  419  -58  419  -58  27  0  0 L3P 5C
G20 FF 61155 181800  780 436 2232    -1255855   -174           9      8   19 141  107  -13  353  -37  353  -37  15  0  0 L3P 46
G21 FF 61155 181800  780 246 3132    -4149444    -38          12    -34   28  68  175   30  700  144  700  144  21  0  0 L3P 42
G22 FF 61155 181800  780 639 1953      127968    -66           5     -3   13  25   82    4  271  -12  271  -12  11  0  0 L3P DB
G30 FF 61155 181800  780 456 1228    -2002630   -125          -9      9   18  85  103    3  306  -24  306  -24  18  0  0 L3P 10
G05 FF 61155 183400  780 182 2906     2322034     36          -2     31   31  31  233   39  800  101  800  101  25  0  0 L3P F7
G14 FF 61155 183400  780 456 1580    -7444561    -18           5     -5   26  68  103   10  270   -6  270   -6  24  0  0 L3P F7
G15 FF 61155 183400  780 251 2254    -4062184    -44          14    -11   27  66  173  -35  427  -37  427  -37  23  0  0 L3P 4F
G17 FF 61155 183400  780 639  704     1211756     71         -11    -16   16  34   82   -2  282  -10  282  -10  14  0  0 L3P FA
G19 FF 61155 183400  780 524  154    -6981137     12           4     22   22  20   93  -10  358  -80  358  -80  19  0  0 L3P 01
G20 FF 61155 183400  780 499 2289    -1256032   -198           7    -17   15 141   96   -9  320  -18  320  -18  13  0  0 L3P 46
G21 FF 61155 183400  780 203 3195    -4149440     -5          19     -1   23  68  211   44  826  159  826  159  19  0  0 L3P 35
G22 FF 61155 183400  780 587 1833      127894    -74          -8    -11   14  25   86    5  266   -9  266   -9  11  0  0 L3P EE
G30 FF 61155 183400  780 438 1125    -2002742   -161           7    -27   19  85  106    4  275   12  275   12  15  0  0 L3P 08
G14 FF 61155 185000  780 401 1522    -7444578    -10           0      3   21  68  114   13  261  -16  261  -16  16  0  0 L3P F6
G15 FF 61155 185000  780 301 2299    -4062213     13          17     46   26  66  146  -22  380  -78  380  -78  23  0  0 L3P 39
G17 FF 61155 185000  780 650  896     1211836     79         -13     -7   20  34   81    0  251  -26  251  -26  18  0  0 L3P EB
G19 FF 61155 185000  780 602  215    -6981149     -9           2      1   21  20   85   -7  306  -56  306  -56  17  0  0 L3P D7
G20 FF 61155 185000  780 555 2376    -1256215   -192          -1    -10   18 141   89   -6  302  -12  302  -12  15  0  0 L3P 2F
G22 FF 61155 185000  780 533 1738      127832    -54         -11      8   19  25   92    7  251  -20  251  -20  17  0  0 L3P E0
G30 FF 61155 185000  780 416 1027    -2002880   -140          -3     -6   22  85  111    5  277    2  277    2  19  0  0 L3P D6
G14 FF 61155 190600  780 351 1465    -7444604     -7         -14      5   25  68  128   16  261  -13  261  -13  20  0  0 L3P 13
G15 FF 61155 190600  780 345 2358    -4062246    -39          15     -6   23  66  130  -14  350  -28  350  -28  19  0  0 L3P 3D
G17 FF 61155 190600  780 631 1080     1211917     81         -15     -5   12  34   82    2  230  -17  230  -17  11  0  0 L3P DE
G19 FF 61155 190600  780 677  316    -6981166    -22          -6    -12    9  20   80   -4  267  -34  267  -34   7  0  0 L3P 02
G20 FF 61155 190600  780 597 2502    -1256398   -183         -10     -1   17 141   85   -3  293  -11  293  -11  14  0  0 L3P 41
G22 FF 61155 190600  780 481 1657      127770    -77         -13    -14   21  25   99    8  239   -5  239   -5  20  0  0 L3P F3
G30 FF 61155 190600  780 389  934    -2003005    -90           1     44   21  85  117    8  275  -39  275  -39  18  0  0 L3P 08
G14 FF 61155 192200  780 304 1408    -7444591      3          10     16   23  68  145   20  232  -25  232  -25  19  0  0 L3P 03
G15 FF 61155 192200  780 381 2432    -4062280    -29          13      4   25  66  119   -9  328  -30  328  -30  22  0  0 L3P 13
G17 FF 61155 192200  780 588 1221     1211990     68         -25    -18   16  34   86    5  217   -4  217   -4  15  0  0 L3P F0
G19 FF 61155 192200  780 738  507    -6981166     -4           5      6   26  20   77   -2  226  -35  226  -35  19  0  0 L3P E6
G20 FF 61155 192200  780 618 2664    -1256561   -265           2    -83   39 141   83   -1  277   37  277   37  25  0  0 L3P 35
G22 FF 61155 192200  780 430 1584      127714    -59          -8      3   38  25  108   10  225  -17  225  -17  34  0  0 L3P F6
G30 FF 61155 192200  780 358  847    -2003142   -138          -7     -3   25  85  126   11  283    7  283    7  23  0  0 L3P E9
G06 FF 61155 193800  780 207  406     6084426    -41          16    -16   45  74  206  -45  504 -141  504 -141  37  0  0 L3P 50
G14 FF 61155 193800  780 261 1352    -7444614      0          -1     12   27  68  166   25  236  -18  236  -18  21  0  0 L3P 0D
G15 FF 61155 193800  780 407 2520    -4062310    -11          15     22   20  66  113   -5  312  -22  312  -22  18  0  0 L3P 04
G17 FF 61155 193800  780 530 1316     1212073     63         -25    -24   17  34   92    8  200    4  200    4  16  0  0 L3P B8
G19 FF 61155 193800  780 764  834    -6981185      5          -5     15   14  20   76    0  203  -38  203  -38  13  0  0 L3P E4
G20 FF 61155 193800  780 613 2838    -1256735   -203           3    -22   14 141   84    2  272   22  272   22  11  0  0 L3P 02
G22 FF 61155 193800  780 383 1515      127653    -71          -9     -9   23  25  119   13  215   -8  215   -8  20  0  0 L3P E6
G30 FF 61155 193800  780 321  767    -2003280   -145         -15    -11   28  85  138   15  292   -3  292   -3  23  0  0 L3P 22
G06 FF 61155 195400  780 254  468     6084400     25          15     50   36  74  171  -30  378 -150  378 -150  24  0  0 L3P 3E
G14 FF 61155 195400  780 222 1294    -7444620     -2           6     11   27  68  194   32  213  -33  213  -33  20  0  0 L3P FE
G15 FF 61155 195400  780 419 2618    -4062339     -8          17     25   24  66  110   -1  308  -17  308  -17  20  0  0 L3P 1B
G17 FF 61155 195400  780 465 1375     1212161     97         -20     10   32  34  101   12  184  -21  184  -21  30  0  0 L3P 09
G19 FF 61155 195400  780 737 1154    -6981200      8         -10     18   17  20   77    2  190  -31  190  -31  12  0  0 L3P F5
G20 FF 61155 195400  780 583 2993    -1256905   -184           8     -2   15 141   86    4  276   15  276   15  12  0  0 L3P 14
G22 FF 61155 195400  780 338 1448      127580    -24         -23     38   21  25  132   15  215  -44  215  -44  18  0  0 L3P 19
G24 FF 61155 195400  780 236 2191      190198   -156           7     24   31  57  183  -42  302  -81  302  -81  28  0  0 L3P 25
G30 FF 61155 195400  780 281  695    -2003415    -99         -22     36   34  85  156   22  305  -11  305  -11  28  0  0 L3P 29
G06 FF 61155 201000  780 299  536     6084368    -16           9      9   25  79  147  -21  300  -77  300  -77  21  0  0 L3P 09
G12 FF 61155 201000  780 202 2621     6079075    -59         -33    -58   33  11  211  -29  570  -72  570  -72  28  0  0 L3P 44
G14 FF 61155 201000  780 185 1236    -7444662     28         -26     40   26  69  230   43  222  -54  222  -54  20  0  0 L3P 23
G15 FF 61155 201000  780 417 2721    -4062373    -11          15     22   30  70  110    2  315   -9  315   -9  25  0  0 L3P D6
G17 FF 61155 201000  780 396 1408     1212247    100         -19     13   20  35  115   17  175  -22  175  -22  17  0  0 L3P 19
G19 FF 61155 201000  780 677 1330    -6981201      7          -1     17   12  21   79    4  169  -27  169  -27  11  0  0 L3P E8
G20 FF 61155 201000  780 535 3114    -1257084   -179           6      3   15 142   91    7  292   13  292   13  12  0  0 L3P E0
G22 FF 61155 201000  780 296 1383      127544    -50           4     13   18  45  148   19  182  -27  182  -27  13  0  0 L3P FA
G24 FF 61155 201000  780 293 2170      190016   -200          -1    -21   35  58  150  -28  254  -39  254  -39  27  0  0 L3P 25
G30 FF 61155 201000  780 237  631    -2003518   -169           7    -35   34  86  182   34  308   62  308   62  28  0  0 L3P 0F
G06 FF 61155 202600  780 343  611     6084340    -31           5     -6   31  79  130  -14  240  -52  240  -52  27  0  0 L3P EE
G11 FF 61155 202600  780 220  164     3610028    -72          55     54   25 150  195  -49  561 -298  561 -298  20  0  0 L3P 5B
G12 FF 61155 202600  780 230 2550     6079111    -17           4    -16   34  11  187  -22  428  -79  428  -79  30  0  0 L3P 2A
G15 FF 61155 202600  780 401 2822    -4062401    -46          18    -13   23  70  114    5  326   25  326   25  19  0  0 L3P FA
G17 FF 61155 202600  780 328 1425     1212339    125         -10     39   19  35  136   26  162  -46  162  -46  14  0  0 L3P 2E
G19 FF 61155 202600  780 606 1414    -6981202     -3           8      7   12  21   84    6  152  -17  152  -17  11  0  0 L3P C9
G20 FF 61155 202600  780 478 3206    -1257263   -177           2      5   17 142   99   10  318   18  318   18  13  0  0 L3P 07
G22 FF 61155 202600  780 258 1317      127472   -123          -8    -60   25  45  168   23  178   36  178   36  19  0  0 L3P 1E
G24 FF 61155 202600  780 354 2156      189840   -136          -4     43   21  58  127  -20  209  -79  209  -79  17  0  0 L3P 3B
G30 FF 61155 202600  780 189  574    -2003629   -164          24    -29   50  86  225   57  316   66  316   66  45  0  0 L3P 38
G06 FF 61155 204200  780 381  697     6084317     18           5     43   27  79  119   -9  190  -90  190  -90  23  0  0 L3P 04
G11 FF 61155 204200  780 278  210     3609880   -156          28    -29   34 150  157  -32  393 -144  393 -144  29  0  0 L3P 7F
G12 FF 61155 204200  780 257 2477     6079110     12           4     13   31  11  169  -17  332 -103  332 -103  26  0  0 L3P 18
G15 FF 61155 204200  780 375 2916    -4062434    -26          17      7   29  70  121    9  344   10  344   10  25  0  0 L3P E8
G17 FF 61155 204200  780 260 1428     1212422     87          -9      0   28  35  167   41  146  -32  146  -32  22  0  0 L3P F0
G19 FF 61155 204200  780 532 1452    -6981216     -8           4      3   18  21   92    9  136  -25  136  -25  15  0  0 L3P D7
G20 FF 61155 204200  780 416 3277    -1257437   -191           3     -9   16 142  111   14  344   40  344   40  14  0  0 L3P 0F
G22 FF 61155 204200  780 221 1252      127422     32           1     95   22  45  194   30  158 -106  158 -106  18  0  0 L3P FF
G24 FF 61155 204200  780 418 2149      189679   -175           7      5   18  58  110  -15  170  -36  170  -36  15  0  0 L3P 19
G06 FF 61155 205800  780 410  794     6084287    -37          -1    -12   22  79  112   -5  154  -39  154  -39  20  0  0 L3P 1B
G11 FF 61155 205800  780 339  260     3609758   -124          27      2   27 150  132  -22  264 -124  264 -124  22  0  0 L3P 4A
G12 FF 61155 205800  780 283 2404     6079108    -20           3    -19   21  11  154  -14  241  -73  241  -73  18  0  0 L3P 1A
G15 FF 61155 205800  780 339 3001    -4062463    -26          20      7   23  70  131   14  366   22  366   22  19  0  0 L3P F5
G17 FF 61155 205800  780 195 1422     1212524    165           9     79   46  35  219   70  109  -92  109  -92  36  0  0 L3P 2A
G19 FF 61155 205800  780 460 1467    -6981224    -56           6    -46   25  21  102   13  113    6  113    6  24  0  0 L3P E7
G20 FF 61155 205800  780 354 3335    -1257613   -197           1    -15   37 142  127   20  381   50  381   50  37  0  0 L3P 2F
G22 FF 61155 205800  780 187 1186      127377    -66          17     -3   26  45  227   40  118  -19  118  -19  21  0  0 L3P 17
G24 FF 61155 205800  780 485 2154      189503   -160           3     19   17  58   98  -11  141  -55  141  -55  14  0  0 L3P 14
G06 FF 61155 211400  780 426  899     6084248     -6         -15     19   24  79  108   -2  125  -50  125  -50  21  0  0 L3P 0C
G11 FF 61155 211400  780 401  316     3609628   -116          19     10   21 150  114  -15  178  -86  178  -86  18  0  0 L3P 3F
G12 FF 61155 211400  780 310 2330     6079098     30          -5     31   24  11  142  -11  172  -89  172  -89  21  0  0 L3P 0B
G15 FF 61155 211400  780 299 3078    -4062488    -54          27    -21   37  70  147   20  397   65  397   65  27  0  0 L3P 47
G19 FF 61155 211400  780 390 1466    -6981238     -3           2      7   18  21  117   18   90  -29   90  -29  17  0  0 L3P E5
G20 FF 61155 211400  780 292 3385    -1257775   -207          14    -25   49 142  150   29  427   98  427   98  45  0  0 L3P 65
G24 FF 61155 211400  780 554 2175      189326   -192          -1    -13   16  58   89   -8  114  -13  114  -13  13  0  0 L3P 0F
G06 FF 61155 213000  780 428 1007     6084233    -62          -7    -37   26  79  108    1   90   21   90   21  24  0  0 L3P CF
G11 FF 61155 213000  780 463  385     3609500   -135          12     -8   16 150  102  -11  128  -37  128  -37  14  0  0 L3P 25
G12 FF 61155 213000  780 337 2256     6079092     15         -10     16   21  11  132  -10  128  -59  128  -59  18  0  0 L3P 22
G15 FF 61155 213000  780 255 3148    -4062516    -48          30    -15   25  70  170   28  471  131  471  131  22  0  0 L3P 35
G19 FF 61155 213000  780 323 1455    -6981236      1          13     11   18  21  137   25   64  -26   64  -26  14  0  0 L3P E2
G20 FF 61155 213000  780 234 3431    -1257967   -188          -3     -7   31 142  185   44  554  172  554  172  23  0  0 L3P 59
G24 FF 61155 213000  780 623 2224      189159   -176           4      3   15  58   83   -5   89  -15   89  -15  15  0  0 L3P D5
G06 FF 61155 214600  780 414 1110     6084204     -8         -12     17   28  79  111    5   80  -29   80  -29  25  0  0 L3P E0
G11 FF 61155 214600  780 521  474     3609374   -158           7    -31   16 150   93   -7  103   -4  103   -4  12  0  0 L3P E6
G12 FF 61155 214600  780 365 2180     6079097     13          -5     14   20  11  123   -9   94  -47   94  -47  17  0  0 L3P EF
G15 FF 61155 214600  780 211 3212    -4062579    -43          -2    -10   23  70  203   41  656  202  656  202  18  0  0 L3P 2A
G19 FF 61155 214600  780 261 1437    -6981256     31           4     41   23  21  167   37   65  -44   65  -44  19  0  0 L3P FB
G24 FF 61155 214600  780 689 2323      188984   -216           1    -36   15  58   79   -3   81   15   81   15  13  0  0 L3P DF
G06 FF 61155 220200  780 385 1202     6084180    -13         -15     12   29  81  118    9   67  -19   67  -19  26  0  0 L3P FD
G11 FF 61155 220200  780 571  590     3609249   -153           7    -27   15 151   88   -4   87   -4   87   -4  12  0  0 L3P DB
G12 FF 61155 220200  780 395 2104     6079089      3         -15      5   19  15  115   -8   83  -12   83  -12  18  0  0 L3P D1
G19 FF 61155 220200  780 202 1412    -6981268     27           7     37   36  49  211   58   64   -9   64   -9  30  0  0 L3P D8
G24 FF 61155 220200  780 740 2517      188799   -175          -9      5   16  79   77   -2   83   -5   83   -5  15  0  0 L3P CC
G06 FF 61155 223000  780 308 1324     6084154    -27           2     -2   24  81  143   22   54    7   54    7  21  0  0 L3P 96
G11 FF 61155 223000  780 614  866     3609026   -129          -4     -3   15 151   84    0   73  -10   73  -10  13  0  0 L3P CC
G12 FF 61155 223000  780 452 1963     6079093     34          -9     35   19  15  103   -6   69  -37   69  -37  18  0  0 L3P FE
G24 FF 61155 223000  780 737 3057      188504   -181          -3     -2   17  79   77    2   82    5   82    5  12  0  0 L3P 99
G29 FF 61155 223000  780 225 2894     3333119    -53           8     20   29  89  191  -34  330 -189  330 -189  25  0  0 L3P 57
G06 FF 61155 224600  780 254 1372     6084115    -61         -14    -36   26  81  171   36   66   23   66   23  19  0  0 L3P 03
G11 FF 61155 224600  780 604 1035     3608913   -118           5      8   19 151   85    2   60  -12   60  -12  17  0  0 L3P CC
G12 FF 61155 224600  780 486 1876     6079092    -33          -8    -32   16  15   98   -5   62   23   62   23  13  0  0 L3P E5
G24 FF 61155 224600  780 682 3256      188332   -179          -3      1   14  79   79    4   80   -3   80   -3  12  0  0 L3P AB
G25 FF 61155 224600  780 227 2238    -4273574     27          21     -1   37  41  189  -36  101  -26  101  -26  31  0  0 L3P 22
G29 FF 61155 224600  780 265 2823     3333046    -77           6     -5   31  89  164  -22  216  -76  216  -76  29  0  0 L3P 33
G06 FF 61155 230200  780 196 1406     6084106    -77           1    -52   49  81  218   65   59   70   59   70  38  0  0 L3P F5
G11 FF 61155 230200  780 570 1176     3608792   -160           4    -34   16 151   88    5   61   37   61   37  14  0  0 L3P E0
G12 FF 61155 230200  780 522 1782     6079101     -8           2     -7   13  15   93   -5   54   19   54   19  13  0  0 L3P 9D
G24 FF 61155 230200  780 612 3367      188159   -132          -3     48   26  79   84    6   85  -27   85  -27  26  0  0 L3P F3
G25 FF 61155 230200  780 273 2191    -4273558     80          10     52   36  41  160  -26   99  -37   99  -37  34  0  0 L3P 1C
G29 FF 61155 230200  780 300 2746     3332980   -109           9    -36   29  89  147  -15  164    7  164    7  27  0  0 L3P 15
G05 FF 61155 231800  780 194  370     2322136     27          19     23   33  78  220  -51  143  -91  143  -91  27  0  0 L3P 0C
G11 FF 61155 231800  780 519 1278     3608670    -99           3     27   27 151   93    7   59  -26   59  -26  26  0  0 L3P FE
G12 FF 61155 231800  780 556 1676     6079091      2          -8      3   15  15   89   -4   65    3   65    3  12  0  0 L3P 7F
G21 FF 61155 231800  780 191  644    -4149481     94          34     97   39  70  223  -37   94  -85   94  -85  37  0  0 L3P 26
G24 FF 61155 231800  780 536 3435      187981   -202          -9    -22   30  79   91    9  101   34  101   34  29  0  0 L3P F1
G25 FF 61155 231800  780 323 2146    -4273533    -12           8    -40   21  41  137  -20   92   39   92   39  17  0  0 L3P F6
G29 FF 61155 231800  780 331 2664     3332914    -56          13     17   19  89  134  -11  134  -41  134  -41  18  0  0 L3P 31
G05 FF 61155 233400  780 241  431     2322123    -40           1    -44   33  78  180  -34  121    6  121    6  27  0  0 L3P B8
G11 FF 61155 233400  780 459 1347     3608545   -147           0    -21   37 151  102   11   55    6   55    6  33  0  0 L3P D6
G12 FF 61155 233400  780 588 1553     6079092     18          -5     20    9  15   86   -3   60  -21   60  -21   8  0  0 L3P B4
G21 FF 61155 233400  780 222  716    -4149508    -31          10    -27   30  70  193  -25  102   13  102   13  26  0  0 L3P FB
G24 FF 61155 233400  780 460 3482      187804   -230         -14    -51   34  79  102   13  115   60  115   60  31  0  0 L3P 0F
G25 FF 61155 233400  780 376 2103    -4273504    -19          10    -47   20  41  120  -16   80   34   80   34  16  0  0 L3P F5
G29 FF 61155 233400  780 359 2577     3332827    -48          -4     25   20  89  125   -8  128  -35  128  -35  17  0  0 L3P 35
