CGGTTS     GENERIC DATA FORMAT VERSION = 2E
REV DATE = 2025-11-01
RCVR = PolaRx5TR (5.6.0)     sbf2cggtts-1.5.0
CH = 80
IMS = PolaRx5TR
LAB = LRTE
X = 3967035.920 m
Y = -4390028.540 m
Z = -2375644.640 m
FRAME = ITRF
COMMENTS = LS=18; ElMask=10deg; 'Generated from the SBF in 2025-12-09 at 23:58:00'
INT DLY = 24.9 ns (GPS P1),  15.7 ns (GPS P2)     CAL_ID = 1201-2025
CAB DLY = 103.1 ns
REF DLY = 47.2 ns
REF = UTC(LRTE)
CKSUM = 02

SAT CL  MJD  STTIME TRKL ELV AZTH   REFSV      SRSV     REFSYS    SRSYS  DSG IOE MDTR SMDT MDIO SMDI MSIO SMSI ISG FR HC FRC CK
             hhmmss  s  .1dg .1dg    .1ns     .1ps/s     .1ns    .1ps/s .1ns     .1ns.1ps/s.1ns.1ps/s.1ns.1ps/s.1ns
G10 FF 61018 151000  780 656 2074     5716443     37         -41     -5   11  93   81    3  426   23  426   23   9  0  0 L3P C8
G16 FF 61018 151000  780 351 2831    -1636911    -60         -16     19   19  64  128    8  553   13  553   13  16  0  0 L3P 0F
G18 FF 61018 151000  780 296 1139     4816076    -65         -22     34   17  15  148   11  664   32  664   32  17  0  0 L3P 1F
G23 FF 61018 151000  780 353 1513    -5834371    -28         -17     24   24  16  127   20  586   52  586   52  21  0  0 L3P 20
G26 FF 61018 151000  780 241 3249     2919116    115         -23     55   22  40  179   33  606   17  606   17  18  0  0 L3P 19
G27 FF 61018 151000  780 443 2184      478775     49         -10     -8   22  40  105  -13  509  -32  509  -32  18  0  0 L3P 19
G32 FF 61018 151000  780 466  173     2147376   -151         -36      9   14  27  101  -13  480  -31  480  -31  13  0  0 L3P 18
G08 FF 61018 152600  780 199 2199    -5160868     62          17     29   38  58  215  -64  780 -116  780 -116  31  0  0 L3P 7C
G10 FF 61018 152600  780 606 1931     5716489     66         -35     24   12  93   84    5  440   -4  440   -4  10  0  0 L3P DC
G16 FF 61018 152600  780 322 2920    -1636971    -66          -2     13   16  64  138   13  564   10  564   10  11  0  0 L3P 07
G18 FF 61018 152600  780 272 1061     4816001   -118          -2    -20   28  15  160   14  697   65  697   65  25  0  0 L3P 29
G23 FF 61018 152600  780 294 1475    -5834435    -39         -31     13   15  16  149   27  671   68  671   68  10  0  0 L3P 3C
G26 FF 61018 152600  780 195 3309     2919172     89         -25     29   36  40  218   49  669   59  669   59  33  0  0 L3P 45
G27 FF 61018 152600  780 510 2220      478831     74          -9     18   18  40   95   -9  474  -50  474  -50  16  0  0 L3P F7
G32 FF 61018 152600  780 540  227     2147229   -151         -29      9   13  27   91   -9  451  -28  451  -28  11  0  0 L3P 09
G08 FF 61018 154200  780 259 2216    -5160862     42          -9      9   23  58  168  -38  715  -99  715  -99  18  0  0 L3P 48
G10 FF 61018 154200  780 552 1821     5716534     57         -31     15   12  93   90    6  464    8  464    8  10  0  0 L3P C3
G16 FF 61018 154200  780 287 3001    -1637041    -57           4     22   17  64  153   19  592   21  592   21  13  0  0 L3P FC
G18 FF 61018 154200  780 246  985     4815907    -89          -1     10   36  15  176   18  753   50  753   50  33  0  0 L3P 0B
G23 FF 61018 154200  780 239 1434    -5834448    -21           6     31   22  16  181   38  714   58  714   58  17  0  0 L3P 11
G27 FF 61018 154200  780 576 2283      478888     54          -7     -3   12  40   87   -6  447  -17  447  -17  10  0  0 L3P 01
G32 FF 61018 154200  780 613  305     2147086   -163         -19     -3   11  27   84   -6  427   -9  427   -9   9  0  0 L3P E7
G08 FF 61018 155800  780 319 2246    -5160832     27         -11     -6   20  58  139  -24  641  -61  641  -61  17  0  0 L3P 3D
G10 FF 61018 155800  780 498 1732     5716579     34         -26     -8   16  93   96    8  487   35  487   35  15  0  0 L3P 16
G16 FF 61018 155800  780 247 3075    -1637102    -57          18     21   24  64  175   28  624   36  624   36  17  0  0 L3P 26
G18 FF 61018 155800  780 218  911     4815822    -78           9     21   26  15  197   26  784   14  784   14  24  0  0 L3P 06
G23 FF 61018 155800  780 189 1389    -5834503     20           1     72   38  16  226   57  796   11  796   11  29  0  0 L3P 18
G27 FF 61018 155800  780 633 2391      478944     53          -5     -4   15  40   82   -4  427  -18  427  -18  12  0  0 L3P F5
G32 FF 61018 155800  780 680  433     2146934   -160         -16      0   12  27   79   -3  413   -7  413   -7  12  0  0 L3P DD
G08 FF 61018 161400  780 376 2293    -5160792     27           2     -6   15  60  120  -16  579  -55  579  -55  12  0  0 L3P 2C
G10 FF 61018 161400  780 446 1654     5716610     -1         -26    -43   22  15  105   10  520   53  520   53  19  0  0 L3P F6
G16 FF 61018 161400  780 205 3143    -1637188    -31           6     47   26  75  208   41  692   22  692   22  20  0  0 L3P 06
G18 FF 61018 161400  780 188  840     4815743   -103          26     -4   46  16  226   37  801    6  801    6  40  0  0 L3P E4
G27 FF 61018 161400  780 674 2561      478993     57         -11      0   15  42   80   -2  424  -20  424  -20  13  0  0 L3P E1
G32 FF 61018 161400  780 726  651     2146777   -168         -24     -7    9  30   77   -1  404  -10  404  -10   7  0  0 L3P ED
G08 FF 61018 163000  780 428 2358    -5160760     16           3    -17   16  60  108  -10  536  -26  536  -26  13  0  0 L3P 26
G10 FF 61018 163000  780 397 1582     5716661      8         -16    -34   22  15  115   12  544   65  544   65  20  0  0 L3P 05
G27 FF 61018 163000  780 686 2782      479053     57          -6      0   13  42   79    0  417    1  417    1  11  0  0 L3P 8C
G32 FF 61018 163000  780 734  948     2146618   -165         -28     -5    7  30   77    1  411    5  411    5   6  0  0 L3P A6
G02 FF 61018 164600  780 212 2193       93585   -101          16    -17   43 183  202  -51  768  -78  768  -78  36  0  0 L3P 56
G08 FF 61018 164600  780 471 2445    -5160729     16           2    -17   11  60  100   -6  504  -14  504  -14   9  0  0 L3P F9
G10 FF 61018 164600  780 352 1514     5716698     -5         -19    -47   22  15  127   14  582   81  582   81  20  0  0 L3P 1E
G27 FF 61018 164600  780 662 2996      479118     60           5      3   11  42   80    2  413    4  413    4  10  0  0 L3P 7A
G28 FF 61018 164600  780 205  382     6250265    -65          -6    -29   15  78  208  -44  737  -47  737  -47  11  0  0 L3P 45
G32 FF 61018 164600  780 698 1194     2146475   -161         -18      0    9  30   78    3  410   19  410   19   9  0  0 L3P DA
G02 FF 61018 170200  780 269 2156       93489    -48           0     36   31 183  162  -34  674 -125  674 -125  28  0  0 L3P 42
G08 FF 61018 170200  780 500 2555    -5160708     34          -9      2   14  60   96   -3  488  -14  488  -14  12  0  0 L3P F9
G10 FF 61018 170200  780 310 1448     5716772     34          14     -8   19  15  142   17  584   41  584   41  16  0  0 L3P F7
G27 FF 61018 170200  780 613 3156      479168     80           0     23   11  42   84    5  423   -4  423   -4   9  0  0 L3P 93
G28 FF 61018 170200  780 250  444     6250226    -48         -10    -11   22  78  173  -30  670  -52  670  -52  17  0  0 L3P 2D
G32 FF 61018 170200  780 637 1335     2146323   -154         -16      6   13  30   82    5  421   16  421   16  12  0  0 L3P D7
G02 FF 61018 171800  780 331 2124       93407    -69          -1     15   21 183  134  -24  589 -104  589 -104  16  0  0 L3P 3C
G08 FF 61018 171800  780 512 2680    -5160673     19          -6    -14    9  60   94    0  476    4  476    4   8  0  0 L3P B8
G10 FF 61018 171800  780 271 1382     5716773     47         -25      5   13  15  160   21  651   19  651   19  10  0  0 L3P F4
G27 FF 61018 171800  780 550 3264      479220     76          -3     20   12  42   90    8  443    8  443    8  11  0  0 L3P 9D
G28 FF 61018 171800  780 295  511     6250187    -34         -15      3   31  78  149  -21  619  -55  619  -55  22  0  0 L3P 2D
G31 FF 61018 171800  780 192  203     1788324     -9         -19     10   24  12  222  -57  743 -105  743 -105  17  0  0 L3P 38
G32 FF 61018 171800  780 566 1409     2146168   -169         -17     -8   15  30   88    8  437   24  437   24  13  0  0 L3P 16
G02 FF 61018 173400  780 398 2096       93320    -88          -7     -4   21 183  115  -17  523  -60  523  -60  18  0  0 L3P 18
G08 FF 61018 173400  780 505 2809    -5160650     77         -14     44   13  60   95    2  482  -27  482  -27  10  0  0 L3P 14
G10 FF 61018 173400  780 236 1316     5716838     14           0    -28   13  15  183   25  653   45  653   45   9  0  0 L3P ED
G27 FF 61018 173400  780 481 3339      479273     37          -4    -20   32  42   99   11  473   51  473   51  31  0  0 L3P ED
G28 FF 61018 173400  780 338  586     6250146    -26         -21     10   18  78  132  -15  576  -58  576  -58  15  0  0 L3P 48
G31 FF 61018 173400  780 245  254     1788299    -18         -25      2   19  12  177  -37  667  -84  667  -84  16  0  0 L3P 44
G32 FF 61018 173400  780 492 1445     2146008   -168         -23     -8   24  30   97   11  462   32  462   32  23  0  0 L3P 0C
G02 FF 61018 175000  780 469 2074       93224   -102         -22    -17   17 183  101  -13  486  -33  486  -33  13  0  0 L3P 3F
G08 FF 61018 175000  780 480 2929    -5160607     59          -2     26   13  60   99    5  487   -2  487   -2  10  0  0 L3P E9
G10 FF 61018 175000  780 203 1250     5716839     20         -40    -22   22  15  210   32  713   60  713   60  16  0  0 L3P F2
G27 FF 61018 175000  780 410 3396      479327    109          -5     52   18  42  112   16  516    5  516    5  16  0  0 L3P D7
G28 FF 61018 175000  780 375  670     6250116    -33         -10      3   17  79  120  -10  538  -45  538  -45  14  0  0 L3P 17
G31 FF 61018 175000  780 299  307     1788293     -2         -12     17   15  12  147  -26  596  -69  596  -69  12  0  0 L3P 3A
G32 FF 61018 175000  780 419 1459     2145846   -188         -31    -28   19  30  110   16  501   55  501   55  17  0  0 L3P 36
G01 FF 61018 180600  780 248 2167    -3522518     49          17     32   29 199  175  -41  684 -109  684 -109  26  0  0 L3P 87
G02 FF 61018 180600  780 545 2060       93146    -98         -20    -14   12 189   90   -9  451  -15  451  -15  10  0  0 L3P 0D
G08 FF 61018 180600  780 441 3034    -5160577     10          -4    -23   40  63  106    9  511   45  511   45  25  0  0 L3P EF
G27 FF 61018 180600  780 341 3443      479384     64          -2      7   25  43  131   24  575   71  575   71  25  0  0 L3P E4
G28 FF 61018 180600  780 405  764     6250077    -28         -16      8   18  80  113   -6  521  -25  521  -25  15  0  0 L3P 09
G31 FF 61018 180600  780 355  367     1788276    -27         -15     -7   16  16  126  -18  551  -41  551  -41  12  0  0 L3P 2F
G32 FF 61018 180600  780 349 1459     2145707   -129         -15     32   20  95  128   23  538   33  538   33  19  0  0 L3P 39
G01 FF 61018 182200  780 310 2146    -3522509     -3           9    -20   17 199  142  -27  621  -63  621  -63  13  0  0 L3P 29
G02 FF 61018 182200  780 624 2057       93063    -64         -22     20   12 189   83   -6  424  -45  424  -45  10  0  0 L3P FD
G03 FF 61018 182200  780 183 2451    -6274619    101          13     14   26  33  231  -34  798  -68  798  -68  22  0  0 L3P 56
G04 FF 61018 182200  780 211 3113     -302745    -38           0    -11   23   5  203  -53  757  -87  757  -87  15  0  0 L3P 0F
G08 FF 61018 182200  780 394 3122    -5160543     33          -2      0   18  63  116   13  544   43  544   43  12  0  0 L3P E1
G27 FF 61018 182200  780 274 3484      479458     27          17    -29   22  43  159   36  643  123  643  123  16  0  0 L3P 35
G28 FF 61018 182200  780 423  867     6250052    -47          -6    -11   16  80  109   -2  500    0  500    0  13  0  0 L3P BA
G31 FF 61018 182200  780 410  435     1788262    -12         -11      7   19  16  112  -13  509  -43  509  -43  14  0  0 L3P 0A
G32 FF 61018 182200  780 282 1449     2145549   -178         -20    -18   16  95  155   34  595   64  595   64  14  0  0 L3P 57
G01 FF 61018 183800  780 376 2132    -3522487      1          15    -16   11 199  120  -19  541  -57  541  -57   9  0  0 L3P 33
G02 FF 61018 183800  780 706 2078       92991    -79         -14      5   13 189   78   -4  394  -30  394  -30  10  0  0 L3P 0E
G03 FF 61018 183800  780 211 2383    -6274543     68           6    -19   30  33  203  -27  743  -60  743  -60  25  0  0 L3P 30
G04 FF 61018 183800  780 266 3059     -302760    -62          11    -35   32   5  164  -32  666  -54  666  -54  21  0  0 L3P 2D
G08 FF 61018 183800  780 343 3197    -5160504     41           6      8   16  63  130   18  586   36  586   36  12  0  0 L3P F8
G27 FF 61018 183800  780 211 3524      479513     38          18    -19   29  43  203   57  745  116  745  116  23  0  0 L3P 30
G28 FF 61018 183800  780 427  974     6250012    -52         -11    -15   20  80  108    1  491    1  491    1  17  0  0 L3P D0
G31 FF 61018 183800  780 462  518     1788245    -40         -10    -21   17  16  102   -9  476  -24  476  -24  13  0  0 L3P 29
G32 FF 61018 183800  780 218 1431     2145419   -325           4   -165   30  95  197   54  613  184  613  184  22  0  0 L3P 59
G01 FF 61018 185400  780 445 2128    -3522468     11          17     -6   17 199  105  -14  481  -42  481  -42  13  0  0 L3P 3D
G02 FF 61018 185400  780 788 2168       92915    -62          -8     23    9 189   75   -2  380  -26  380  -26   7  0  0 L3P F3
G03 FF 61018 185400  780 240 2316    -6274459     69           7    -17   29  33  179  -22  687  -31  687  -31  25  0  0 L3P 4B
G04 FF 61018 185400  780 319 2994     -302795    -49           2    -22   21   5  139  -20  607  -40  607  -40  13  0  0 L3P 14
G08 FF 61018 185400  780 289 3262    -5160466     46          12     13   22  63  152   26  644   63  644   63  18  0  0 L3P 19
G28 FF 61018 185400  780 416 1078     6249989    -14           1     22   27  80  111    4  480  -17  480  -17  23  0  0 L3P 0D
G31 FF 61018 185400  780 506  618     1788236    -12           0      8   16  16   95   -6  451  -23  451  -23  10  0  0 L3P D4
G01 FF 61018 191000  780 517 2137    -3522466     -2           3    -19   11 199   94  -10  442  -28  442  -28  10  0  0 L3P 1C
G02 FF 61018 191000  780 851 2656       92821    -86         -22     -2    8 189   74    0  382   -6  382   -6   7  0  0 L3P BC
G03 FF 61018 191000  780 272 2249    -6274389     88          -6      2   31  33  160  -18  635  -63  635  -63  25  0  0 L3P 2A
G04 FF 61018 191000  780 367 2919     -302834    -11         -11     16   14   5  123  -14  555  -62  555  -62  11  0  0 L3P 17
G08 FF 61018 191000  780 237 3321    -5160442     37           4      4   32  63  182   38  718   81  718   81  29  0  0 L3P EF
G28 FF 61018 191000  780 390 1171     6249953    -50           0    -14   30  80  117    8  483   30  483   30  26  0  0 L3P EE
G31 FF 61018 191000  780 538  738     1788218    -31           1    -12   13  16   91   -3  426  -14  426  -14  12  0  0 L3P EB
G01 FF 61018 192600  780 590 2166    -3522451      6           1    -11   13 199   86   -7  405  -29  405  -29  11  0  0 L3P 07
G02 FF 61018 192600  780 810 3376       92750   -106         -12    -22   15 189   75    2  367   18  367   18  14  0  0 L3P 0A
G03 FF 61018 192600  780 305 2181    -6274309    104          -9     17   22  33  144  -15  580  -78  580  -78  18  0  0 L3P 4A
G04 FF 61018 192600  780 409 2832     -302862    -54         -13    -27   11   5  112   -9  506  -25  506  -25   8  0  0 L3P 09
G08 FF 61018 192600  780 187 3375    -5160407     76           7     43   25  63  227   57  804   61  804   61  22  0  0 L3P 0D
G28 FF 61018 192600  780 352 1249     6249914    -73          -4    -37   26  80  127   14  497   43  497   43  21  0  0 L3P 31
G31 FF 61018 192600  780 554  874     1788192    -35          -6    -16   16  16   89   -1  415   -9  415   -9  14  0  0 L3P FA
G01 FF 61018 194200  780 662 2232    -3522433      7           4    -10   12 199   80   -4  374   -4  374   -4  11  0  0 L3P D4
G02 FF 61018 194200  780 727 3523       92665    -63         -16     21   28 189   77    4  370   -6  370   -6  27  0  0 L3P EA
G03 FF 61018 194200  780 342 2114    -6274242     56         -24    -30   26  33  130  -13  536  -23  536  -23  22  0  0 L3P 32
G04 FF 61018 194200  780 445 2734     -302886    -31         -10     -4   13   5  105   -6  472  -11  472  -11  10  0  0 L3P F5
G28 FF 61018 194200  780 305 1311     6249875    -23          -8     13   19  80  145   22  517   26  517   26  16  0  0 L3P 0E
G31 FF 61018 194200  780 548 1011     1788166    -32         -15    -13   13  16   90    2  407    7  407    7  11  0  0 L3P D0
G01 FF 61018 195800  780 726 2374    -3522416      1           4    -16   10 199   77   -2  354   -7  354   -7   8  0  0 L3P DE
G02 FF 61018 195800  780 641 3569       92591   -108          -9    -24   11 189   82    6  370   28  370   28   9  0  0 L3P FA
G03 FF 61018 195800  780 382 2046    -6274139     70          -5    -16   23  33  119  -11  470  -46  470  -46  20  0  0 L3P 39
G04 FF 61018 195800  780 472 2625     -302895    -28           7     -1   16   5  100   -4  433  -31  433  -31  13  0  0 L3P E4
G28 FF 61018 195800  780 252 1358     6249848      5           0     41   24  80  172   36  533  -17  533  -17  17  0  0 L3P 08
G31 FF 61018 195800  780 523 1134     1788158    -31          -4    -12   15  16   93    4  390    3  390    3  13  0  0 L3P C6
G01 FF 61018 201400  780 766 2655    -3522415      3         -10    -14   13 200   76   -1  335  -11  335  -11  10  0  0 L3P FA
G02 FF 61018 201400  780 556 3592       92509    -87          -1     -3   13  10   89    9  382   19  382   19   9  0  0 L3P B6
G03 FF 61018 201400  780 424 1975    -6274080     50         -33    -36   23  34  109  -10  425  -24  425  -24  18  0  0 L3P 3A
G04 FF 61018 201400  780 492 2508     -302941    -67         -14    -39   17   6   97   -2  407   -5  407   -5  14  0  0 L3P EB
G09 FF 61018 201400  780 202 2781    -7667612    212          40    231   69  92  211  -35  660 -333  660 -333  69  0  0 L3P 7C
G28 FF 61018 201400  780 195 1391     6249814    -98           4    -62   33  81  219   64  561   79  561   79  22  0  0 L3P 29
G31 FF 61018 201400  780 483 1233     1788131    -58         -12    -39   22  44   98    7  390   28  390   28  20  0  0 L3P 06
G01 FF 61018 203000  780 755 3008    -3522401     11         -12     -6    9 200   76    1  327   -3  327   -3   8  0  0 L3P AF
G02 FF 61018 203000  780 474    6       92412    -67         -17     17   12  10  100   13  411    7  411    7   8  0  0 L3P 61
G03 FF 61018 203000  780 470 1901    -6273988     88         -23      2   14  34  100   -8  368  -42  368  -42  11  0  0 L3P 17
G04 FF 61018 203000  780 503 2387     -302965    -26         -12      1   13   6   95   -1  378  -27  378  -27  10  0  0 L3P E9
G09 FF 61018 203000  780 235 2710    -7667762     55         -92     74   33  92  183  -24  709 -150  709 -150  31  0  0 L3P 70
G26 FF 61018 203000  780 197  852     2920276     88         -22     28   34  43  216  -18  603  -75  603  -75  28  0  0 L3P 30
G31 FF 61018 203000  780 432 1305     1788115    -37          -9    -18   12  44  107   11  384   18  384   18  11  0  0 L3P 05
G01 FF 61018 204600  780 702 3238    -3522370     51           2     34   15 200   78    3  312  -32  312  -32  10  0  0 L3P D4
G02 FF 61018 204600  780 395   19       92334    -53         -14     31   14  10  116   20  429   -3  429   -3  10  0  0 L3P A9
G03 FF 61018 204600  780 518 1818    -6273909     54         -27    -33   10  34   94   -7  334   -6  334   -6   9  0  0 L3P FF
G04 FF 61018 204600  780 507 2266     -302990    -34         -10     -6   16   6   95    0  353  -24  353  -24  12  0  0 L3P E0
G09 FF 61018 204600  780 265 2634    -7667670    -99          17    -81   24  92  164  -17  525   -3  525   -3  20  0  0 L3P 3E
G26 FF 61018 204600  780 211  926     2920350     47          -7    -13   28  43  203  -10  542  -43  542  -43  25  0  0 L3P 08
G31 FF 61018 204600  780 375 1356     1788092      1         -13     21   19  44  121   17  386  -20  386  -20  17  0  0 L3P 0D
G01 FF 61018 210200  780 631 3358    -3522346     22          10      5   19 200   82    6  311    6  311    6  17  0  0 L3P 9E
G02 FF 61018 210200  780 320   33       92237   -108         -30    -24   16  10  139   29  474   66  474   66  12  0  0 L3P DC
G03 FF 61018 210200  780 567 1724    -6273827    103         -28     17   12  34   88   -5  306  -36  306  -36  11  0  0 L3P 28
G04 FF 61018 210200  780 504 2146     -303016      4         -10     32   15   6   95    1  331  -47  331  -47  12  0  0 L3P AD
G09 FF 61018 210200  780 292 2556    -7667699     -3           6     15   27  92  150  -13  472  -65  472  -65  21  0  0 L3P 31
G16 FF 61018 210200  780 207  638    -1638546    -26           1     53   30  77  207  -32  549  -92  549  -92  25  0  0 L3P 2A
G26 FF 61018 210200  780 217 1001     2920420    190           5    129   29  43  197   -2  479 -150  479 -150  22  0  0 L3P 3C
G31 FF 61018 210200  780 314 1389     1788069      3         -18     23   15  44  141   25  396   -5  396   -5  12  0  0 L3P F2
G01 FF 61018 211800  780 555 3426    -3522337     25           3      8   54 200   89    9  324    7  324    7  49  0  0 L3P B6
G02 FF 61018 211800  780 249   48       92168   -114         -19    -30   19  10  174   46  527  120  527  120  15  0  0 L3P 07
G03 FF 61018 211800  780 615 1607    -6273743     93         -28      6   11  34   84   -4  280  -26  280  -26   9  0  0 L3P FD
G04 FF 61018 211800  780 497 2031     -303040    -35          -8     -8   20   6   96    1  306  -16  306  -16  17  0  0 L3P CB
G09 FF 61018 211800  780 317 2475    -7667724     27          -2     45   19  92  140  -10  425  -87  425  -87  16  0  0 L3P 45
G16 FF 61018 211800  780 238  710    -1638635    -57         -13     21   34  77  181  -22  495  -77  495  -77  27  0  0 L3P 56
G26 FF 61018 211800  780 215 1075     2920472     16           0    -44   19  43  199    6  443    4  443    4  17  0  0 L3P C0
G31 FF 61018 211800  780 253 1407     1788052     -9         -16     10   17  44  172   40  401    2  401    2  14  0  0 L3P C2
G01 FF 61018 213400  780 479 3472    -3522314      3           9    -14   35 200   99   12  334   41  334   41  34  0  0 L3P E3
G03 FF 61018 213400  780 658 1457    -6273664     58         -31    -28   14  34   81   -2  263    7  263    7  11  0  0 L3P F0
G04 FF 61018 213400  780 487 1920     -303073    -35         -15     -8   10   6   98    2  295  -16  295  -16   9  0  0 L3P E3
G07 FF 61018 213400  780 238 3195     1186922     54           0      0   13  73  181  -46  543 -111  543 -111   9  0  0 L3P 07
G09 FF 61018 213400  780 340 2393    -7667738    -56           2    -38   17  92  131   -8  381  -10  381  -10  15  0  0 L3P 2E
G16 FF 61018 213400  780 265  785    -1638715   -170         -17    -92   23  77  164  -14  442   22  442   22  19  0  0 L3P 47
G26 FF 61018 213400  780 203 1146     2920508     34         -22    -26   25  43  210   16  422  -15  422  -15  20  0  0 L3P 0B
G31 FF 61018 213400  780 192 1415     1788016   -108         -34    -88   33  44  223   68  429   76  429   76  25  0  0 L3P 4E
G01 FF 61018 215000  780 404 3506    -3522314      9          -7     -8   10 200  113   18  370   40  370   40   7  0  0 L3P C7
G03 FF 61018 215000  780 688 1259    -6273589     96         -39     10   11  34   79   -1  250  -23  250  -23   9  0  0 L3P 13
G04 FF 61018 215000  780 475 1814     -303108    -53         -24    -26   17   6  100    2  276   -5  276   -5  13  0  0 L3P DB
G07 FF 61018 215000  780 300 3151     1186977     65           3     11   19  73  147  -28  446  -89  446  -89  14  0  0 L3P 28
G09 FF 61018 215000  780 362 2309    -7667765    -16          -8      2   22  92  124   -7  346  -39  346  -39  19  0  0 L3P 2F
G16 FF 61018 215000  780 286  865    -1638805    -15         -32     63   20  77  153   -8  392 -111  392 -111  18  0  0 L3P 50
G26 FF 61018 215000  780 183 1212     2920554     21         -34    -39   29  43  232   30  392   10  392   10  22  0  0 L3P FC
G01 FF 61018 220600  780 332 3536    -3522275     62          18     45   10 201  134   26  408   45  408   45   8  0  0 L3P FC
G03 FF 61018 220600  780 695 1024    -6273503    103         -34     17    9  35   79    0  242   -6  242   -6   8  0  0 L3P CF
G04 FF 61018 220600  780 463 1712     -303130     -4         -21     24   13   7  102    2  262  -20  262  -20  11  0  0 L3P B9
G06 FF 61018 220600  780 210 2319     5868820     46           6    -15   33  71  204  -34  432  -19  432  -19  29  0  0 L3P 1E
G07 FF 61018 220600  780 360 3095     1187015     32          -9    -22   15  74  125  -18  388  -52  388  -52  11  0  0 L3P 2E
G09 FF 61018 220600  780 384 2224    -7667787    -11          -8      8   21  93  118   -6  317  -25  317  -25  19  0  0 L3P 2A
G16 FF 61018 220600  780 298  948    -1638872    -96         -25    -17   21  78  147   -3  347   -8  347   -8  18  0  0 L3P 3C
G01 FF 61018 222200  780 263 3564    -3522255     50          21     33   13 201  165   40  502   82  502   82  10  0  0 L3P F4
G03 FF 61018 222200  780 674  798    -6273418     85         -31     -2    9  35   80    2  243    9  243    9   7  0  0 L3P A4
G04 FF 61018 222200  780 449 1612     -303145     25          -9     52   17   7  104    3  244  -53  244  -53  17  0  0 L3P D6
G06 FF 61018 222200  780 241 2388     5868879     55           7     -7   20  71  179  -19  401  -13  401  -13  17  0  0 L3P 19
G07 FF 61018 222200  780 418 3026     1187067     54         -10      0   35  74  110  -13  341  -31  341  -31  21  0  0 L3P F8
G09 FF 61018 222200  780 406 2138    -7667802      7          -6     25   12  93  113   -5  292  -39  292  -39  11  0  0 L3P 10
G16 FF 61018 222200  780 300 1032    -1638945    -26         -23     52   33  78  147    2  321  -76  321  -76  30  0  0 L3P 1E
G01 FF 61018 223800  780 199 3593    -3522232     -2          28    -19   23 201  215   66  597   61  597   61  15  0  0 L3P 32
G03 FF 61018 223800  780 631  622    -6273325     77         -21     -9    8  35   83    4  256   34  256   34   8  0  0 L3P C3
G04 FF 61018 223800  780 436 1515     -303185    -37         -23    -10   22   7  107    3  258    8  258    8  19  0  0 L3P D3
G06 FF 61018 223800  780 262 2465     5868945     77          13     16   20  71  166   -9  383  -20  383  -20  17  0  0 L3P 26
G07 FF 61018 223800  780 472 2939     1187125     57          -4      2   16  74  100   -9  315  -12  315  -12  12  0  0 L3P F1
G09 FF 61018 223800  780 428 2049    -7667815    -39          -1    -21   17  93  108   -5  270    2  270    2  16  0  0 L3P FE
G16 FF 61018 223800  780 291 1113    -1638997    -69           0      9   29  78  151    7  291   -6  291   -6  27  0  0 L3P F5
G30 FF 61018 223800  780 214 3039     -501987   -106           6     14   16  69  200  -48  543  -85  543  -85  12  0  0 L3P 33
G03 FF 61018 225400  780 572  496    -6273236    105         -15     18    8  35   87    6  278   16  278   16   7  0  0 L3P EA
G04 FF 61018 225400  780 422 1419     -303187    -18           1     10   15   7  109    3  247   -1  247   -1  12  0  0 L3P A7
G06 FF 61018 225400  780 271 2547     5869013     92          22     30   18  71  161   -2  383  -16  383  -16  15  0  0 L3P 14
G07 FF 61018 225400  780 519 2834     1187195     64          13      9   10  74   93   -6  299   -6  299   -6   8  0  0 L3P DD
G09 FF 61018 225400  780 451 1958    -7667826    -11           5      7   13  93  104   -4  256  -17  256  -17   9  0  0 L3P 0D
G16 FF 61018 225400  780 271 1189    -1639076    -63          -3     15   19  78  161   14  295  -10  295  -10  14  0  0 L3P 32
G30 FF 61018 225400  780 265 2981     -502085   -122          23     -2   15  69  164  -29  450 -169  450 -169  18  0  0 L3P 66
G03 FF 61018 231000  780 505  408    -6273147    103          -9     17   12  35   95   10  303   14  303   14  10  0  0 L3P CE
G04 FF 61018 231000  780 407 1325     -303216    -89          -1    -62   16   7  113    4  259   61  259   61  15  0  0 L3P D9
G06 FF 61018 231000  780 269 2633     5869079     56          29     -5   25  71  162    4  413   96  413   96  20  0  0 L3P FC
G07 FF 61018 231000  780 556 2706     1187264     97          29     42   12  74   89   -3  283 -107  283 -107  23  0  0 L3P 33
G09 FF 61018 231000  780 474 1863    -7667835    -25          13     -6   16  93  100   -4  245   -2  245   -2  13  0  0 L3P 00
G16 FF 61018 231000  780 242 1255    -1639131   -131          17    -53   26  78  179   24  280   43  280   43  23  0  0 L3P 2C
G30 FF 61018 231000  780 313 2914     -502206   -127          17     -8   33  69  141  -19  339   -2  339   -2  49  0  0 L3P 0C
G03 FF 61018 232600  780 435  345    -6273056    113          -2     26   12  35  107   15  337   33  337   33  10  0  0 L3P EF
G04 FF 61018 232600  780 390 1232     -303221     10          20     38   18   7  117    5  254  -23  254  -23  12  0  0 L3P C7
G06 FF 61018 232600  780 257 2717     5869142     -3          33    -65   29  71  169   11  522  197  522  197  25  0  0 L3P 44
G07 FF 61018 232600  780 580 2559     1187319     35          32    -20   19  74   87   -2  232  -94  232  -94  30  0  0 L3P 19
G09 FF 61018 232600  780 497 1762    -7667843     21          23     39   12  93   96   -3  236  -29  236  -29  10  0  0 L3P 2A
G16 FF 61018 232600  780 204 1312    -1639204    -84          19     -5   24  78  209   41  275   13  275   13  18  0  0 L3P 0F
G30 FF 61018 232600  780 356 2838     -502306    -80          31     40   22  69  126  -13  247  -45  247  -45  22  0  0 L3P 25
G03 FF 61018 234200  780 362  300    -6272957     94          15      7   14  35  124   22  377   54  377   54  11  0  0 L3P E8
G04 FF 61018 234200  780 371 1141     -303250     -3          17     24   23   7  122    6  269   -8  269   -8  18  0  0 L3P B6
G06 FF 61018 234200  780 236 2798     5869208     31          40    -31   28  71  183   19  622  166  622  166  25  0  0 L3P 43
G07 FF 61018 234200  780 590 2400     1187375     48          36     -6   14  74   86    0  108   -4  108   -4  13  0  0 L3P C5
G09 FF 61018 234200  780 519 1654    -7667865    -30          18    -12    9  93   93   -3  233    8  233    8   8  0  0 L3P E0
G30 FF 61018 234200  780 395 2752     -502414   -118          38      1   18  69  116   -9  279   35  279   35  14  0  0 L3P 0F
