CGGTTS     GENERIC DATA FORMAT VERSION = 2E
REV DATE = 2025-11-01
RCVR = PolaRx5TR (5.6.0)     sbf2cggtts-1.5.0
CH = 80
IMS = PolaRx5TR
LAB = LRTE
X = 3967035.920 m
Y = -4390028.540 m
Z = -2375644.640 m
FRAME = ITRF
COMMENTS = LS=18; ElMask=10deg; 'Generated from the SBF in 2026-03-31 at 23:58:01'
INT DLY = 24.9 ns (GPS P1),  15.7 ns (GPS P2)     CAL_ID = 1201-2025
CAB DLY = 103.1 ns
REF DLY = 47.2 ns
REF = UTC(LRTE)
CKSUM = ff

SAT CL  MJD  STTIME TRKL ELV AZTH   REFSV      SRSV     REFSYS    SRSYS  DSG IOE MDTR SMDT MDIO SMDI MSIO SMSI ISG FR HC FRC CK
             hhmmss  s  .1dg .1dg    .1ns     .1ps/s     .1ns    .1ps/s .1ns     .1ns.1ps/s.1ns.1ps/s.1ns.1ps/s.1ns
G06 FF 61130 001400  780 316 1316     6121818    -11         -15     -2   29 109  140   21  138   -9  138   -9  24  0  0 L3P FF
G11 FF 61130 001400  780 617  819     3894451   -147          22    -18   10  56   84   -1  208  -17  208  -17  10  0  0 L3P 0D
G12 FF 61130 001400  780 452 1963     6079830     36           7     36   19 111  104   -6  209  -60  209  -60  18  0  0 L3P 06
G24 FF 61130 001400  780 743 2997      582756   -152          16     20   17  51   76    1  328   41  328   41  15  0  0 L3P E5
G29 FF 61130 001400  780 226 2900     3493048   -105          47    -35   25  64  190  -34  886   32  886   32  22  0  0 L3P 3C
G06 FF 61130 003000  780 263 1366     6121817     -4          -7      5   28 109  165   34  122  -22  122  -22  20  0  0 L3P E9
G11 FF 61130 003000  780 614  994     3894324   -132          18     -4   21  56   84    1  187  -24  187  -24  17  0  0 L3P F9
G12 FF 61130 003000  780 486 1876     6079824    -28           1    -28   19 111   98   -5  190   -3  190   -3  15  0  0 L3P F7
G24 FF 61130 003000  780 694 3220      582580   -157           5     14   20  51   79    3  391   44  391   44  17  0  0 L3P CC
G25 FF 61130 003000  780 224 2243    -4335479    -26          39    -54   34  39  192  -36  324  -16  324  -16  32  0  0 L3P 44
G29 FF 61130 003000  780 266 2830     3492972    -66          40      5   34  64  164  -22  855 -138  855 -138  34  0  0 L3P 55
G06 FF 61130 004600  780 206 1402     6121802   -138         -13   -129   35 109  208   58  123   96  123   96  26  0  0 L3P 4D
G11 FF 61130 004600  780 585 1146     3894195   -127          12      1   14  56   86    4  175  -19  175  -19  13  0  0 L3P 06
G12 FF 61130 004600  780 520 1781     6079839      7          16      7   13 111   93   -5  166  -15  166  -15  12  0  0 L3P E8
G24 FF 61130 004600  780 626 3345      582409   -179          -2     -7   19  51   83    6  467   87  467   87  17  0  0 L3P FF
G25 FF 61130 004600  780 270 2195    -4335464      2          27    -25   38  39  162  -27  292  -14  292  -14  33  0  0 L3P 2A
G29 FF 61130 004600  780 302 2753     3492905     18          41     88   35  64  146  -15  712 -295  712 -295  29  0  0 L3P 5E
G05 FF 61130 010200  780 189  369     2310846     52          24     46   39  18  225  -53  657 -304  657 -304  31  0  0 L3P 3A
G11 FF 61130 010200  780 537 1259     3894073   -129          14      0   20  56   91    7  157  -17  157  -17  17  0  0 L3P FB
G12 FF 61130 010200  780 554 1674     6079827      8           4      8   16 111   89   -4  166  -12  166  -12  14  0  0 L3P D8
G21 FF 61130 010200  780 186  649    -4122714    -17          13      5   40 216  229  -38  236  -42  236  -42  36  0  0 L3P 1B
G24 FF 61130 010200  780 551 3420      582228   -198         -17    -26   27  51   90    9  557  105  557  105  27  0  0 L3P 25
G25 FF 61130 010200  780 319 2150    -4335441    -32          24    -60   21  39  139  -21  263   26  263   26  19  0  0 L3P 17
G29 FF 61130 010200  780 333 2671     3492823    -80          26    -10   22  64  133  -11  592  -66  592  -66  21  0  0 L3P 36
G05 FF 61130 011800  780 236  429     2310838     31          11     25   43  18  183  -35  476 -168  476 -168  34  0  0 L3P 3D
G11 FF 61130 011800  780 478 1335     3893953   -127          18      1   24  56   99   10  139  -17  139  -17  22  0  0 L3P 1C
G12 FF 61130 011800  780 585 1553     6079825     31           2     31   17 111   86   -3  162  -29  162  -29  15  0  0 L3P F9
G21 FF 61130 011800  780 216  720    -4122736    -78          11    -56   36 216  198  -26  214   23  214   23  28  0  0 L3P 22
G24 FF 61130 011800  780 475 3471      582065   -194         -15    -22   31  51  100   13  630  100  630  100  31  0  0 L3P 1B
G25 FF 61130 011800  780 372 2107    -4335413    -18          26    -45   20  39  121  -16  235   23  235   23  16  0  0 L3P 16
G29 FF 61130 011800  780 361 2583     3492772    -64          42      7   19  64  125   -8  532  -18  532  -18  19  0  0 L3P 1E
G05 FF 61130 013400  780 282  495     2310872    -27          39    -33   35  18  155  -24  345  -70  345  -70  29  0  0 L3P 2D
G11 FF 61130 013400  780 413 1384     3893820   -131           8     -3   36  56  111   15  127  -11  127  -11  34  0  0 L3P FF
G12 FF 61130 013400  780 610 1411     6079828      1           5      1   16 111   84   -2  160    3  160    3  14  0  0 L3P 72
G21 FF 61130 013400  780 242  796    -4122733    -25          35     -4   53 216  178  -17  157  -22  157  -22  48  0  0 L3P 33
G24 FF 61130 013400  780 400 3509      581896   -128         -19     44   11  51  114   18  718   44  718   44   9  0  0 L3P 0B
G25 FF 61130 013400  780 429 2065    -4335375     34          38      7   21  39  108  -12  196  -44  196  -44  19  0  0 L3P 27
G29 FF 61130 013400  780 384 2492     3492684   -123          22    -53   20  64  118   -6  502  -53  502  -53  17  0  0 L3P 38
G05 FF 61130 015000  780 328  567     2310868     15          29     10   22  18  136  -17  275  -82  275  -82  18  0  0 L3P 13
G11 FF 61130 015000  780 347 1412     3893695   -150           6    -21   18  56  129   22  116    7  116    7  15  0  0 L3P E6
G12 FF 61130 015000  780 625 1250     6079828      8           6      8   14 111   83   -1  166   13  166   13  13  0  0 L3P AF
G21 FF 61130 015000  780 262  876    -4122786     -9           2     12   29 216  166  -10  167  -33  167  -33  25  0  0 L3P 12
G24 FF 61130 015000  780 328 3543      581752   -157           1     15   28  51  136   27  780   42  780   42  22  0  0 L3P F2
G25 FF 61130 015000  780 490 2025    -4335358     64          29     36   18  39   97  -10  183  -55  183  -55  17  0  0 L3P 2A
G29 FF 61130 015000  780 404 2398     3492625    -28          31     42   19  64  113   -4  392 -137  392 -137  19  0  0 L3P 4B
G05 FF 61130 020600  780 369  649     2310873     26          32     20   20  23  122  -11  220  -60  220  -60  17  0  0 L3P E6
G11 FF 61130 020600  780 281 1425     3893603   -144          40    -15   32  57  156   34   85    6   85    6  25  0  0 L3P DB
G12 FF 61130 020600  780 625 1077     6079845    -12          17    -12   19 112   83    1  165    8  165    8  16  0  0 L3P DB
G18 FF 61130 020600  780 254 3192     3887080    -28          45     66   45  21  171  -41  592  -63  592  -63  47  0  0 L3P 43
G21 FF 61130 020600  780 273  959    -4122792     17          23     38   18 217  160   -4  132  -50  132  -50  16  0  0 L3P 0C
G24 FF 61130 020600  780 259 3574      581590   -145           7     27   21  52  168   42  744 -146  744 -146  18  0  0 L3P 46
G25 FF 61130 020600  780 556 1985    -4335340     11          21    -16   15  40   89   -7  168   -7  168   -7  13  0  0 L3P F7
G29 FF 61130 020600  780 420 2302     3492552    -69          26      2   21  66  110   -3  325  -65  325  -65  17  0  0 L3P FD
G05 FF 61130 022200  780 403  742     2310874     14          29      9   30  23  114   -7  194  -16  194  -16  28  0  0 L3P DD
G11 FF 61130 022200  780 217 1426     3893464   -224          24    -96   25  57  198   56   90   97   90   97  18  0  0 L3P 22
G12 FF 61130 022200  780 608  910     6079838     15          10     15   26 112   84    2  173   17  173   17  17  0  0 L3P CB
G18 FF 61130 022200  780 317 3144     3886984   -117          40    -22   24  21  140  -25  481  175  481  175  27  0  0 L3P 5A
G21 FF 61130 022200  780 274 1043    -4122812    -21          22      0   41 217  159    2  116   -8  116   -8  34  0  0 L3P D0
G24 FF 61130 022200  780 194    6      581439   -125          20     46   37  52  220   69  586 -198  586 -198  29  0  0 L3P 2E
G25 FF 61130 022200  780 625 1942    -4335319      2          15    -25   16  40   83   -6  163   18  163   18  14  0  0 L3P DF
G29 FF 61130 022200  780 434 2204     3492491    -48          33     22   21  66  107   -3  178 -152  178 -152  28  0  0 L3P 3E
G05 FF 61130 023800  780 425  844     2310882     48          31     42   18  23  109   -4  161  -78  161  -78  15  0  0 L3P FE
G12 FF 61130 023800  780 576  763     6079839     21          11     21   19 112   87    4  178  -47  178  -47  17  0  0 L3P 09
G18 FF 61130 023800  780 377 3083     3886896    -77          42     17   24  21  120  -17  615  -79  615  -79  19  0  0 L3P 57
G21 FF 61130 023800  780 264 1124    -4122827     -6          27     14   37 217  165    9  103  -30  103  -30  37  0  0 L3P 03
G25 FF 61130 023800  780 699 1892    -4335292     35          16      7   13  40   78   -4  171   10  171   10  11  0  0 L3P D9
G28 FF 61130 023800  780 208 2377     5665036    -67          44     19   33  76  206  -26  250    5  250    5  30  0  0 L3P F6
G29 FF 61130 023800  780 447 2106     3492421    -37          30     33   21  66  104   -2  154  -52  154  -52  19  0  0 L3P 0E
G05 FF 61130 025400  780 434  952     2310889    -20          32    -25   35  23  107    0  127    3  127    3  30  0  0 L3P B0
G12 FF 61130 025400  780 530  643     6079841    -14          14    -14   26 112   92    6  191   24  191   24  20  0  0 L3P DC
G18 FF 61130 025400  780 434 3008     3886800   -121          37    -26   45  21  107  -11  460 -305  460 -305  30  0  0 L3P 5B
G21 FF 61130 025400  780 243 1199    -4122841    -34          33    -14   25 217  177   18   88   -5   88   -5  21  0  0 L3P 06
G25 FF 61130 025400  780 774 1812    -4335263     45          20     18   13  40   75   -2  139  -87  139  -87  14  0  0 L3P 11
G28 FF 61130 025400  780 230 2448     5664945    -80          36      7   28  76  187  -14  260    7  260    7  25  0  0 L3P F2
G29 FF 61130 025400  780 458 2006     3492354    -82          31    -11   17  66  102   -2  130  -24  130  -24  14  0  0 L3P 0C
G05 FF 61130 031000  780 428 1059     2310890     -7          28    -12   20  23  108    3  110   -4  110   -4  18  0  0 L3P B9
G12 FF 61130 031000  780 476  547     6079846      8          18      8   14 112  100   10  204   13  204   13  12  0  0 L3P B7
G18 FF 61130 031000  780 485 2914     3886704   -101          31     -6   19  21   98   -7  294  -42  294  -42  22  0  0 L3P 1E
G21 FF 61130 031000  780 213 1266    -4122861     -1          33     20   22 217  201   32   79  -27   79  -27  20  0  0 L3P E7
G25 FF 61130 031000  780 848 1558    -4335254     77           2     50   34  40   74   -1  173  -24  173  -24  37  0  0 L3P F4
G28 FF 61130 031000  780 242 2525     5664869    -78          43      9   35  76  178   -5  267    5  267    5  30  0  0 L3P EA
G29 FF 61130 031000  780 469 1905     3492282    -66          27      5   14  66  101   -2   97  -34   97  -34  14  0  0 L3P F1
G05 FF 61130 032600  780 406 1157     2310902    -10          34    -15   25  23  113    7   89    7   89    7  24  0  0 L3P AB
G12 FF 61130 032600  780 415  473     6079840    -35          13    -35   18 112  111   14  232   35  232   35  15  0  0 L3P FB
G18 FF 61130 032600  780 527 2802     3886611   -104          30     -9   22  21   92   -5  190  -85  190  -85  18  0  0 L3P 1B
G25 FF 61130 032600  780 847  506    -4335221     45           9     17   12  40   74    1  150  -74  150  -74  11  0  0 L3P C8
G28 FF 61130 032600  780 244 2605     5664784   -117          41    -31   24  76  177    2  276   37  276   37  23  0  0 L3P 27
G29 FF 61130 032600  780 478 1802     3492216    -64          28      7   17  66   99   -1   78  -16   78  -16  15  0  0 L3P F3
G05 FF 61130 034200  780 371 1241     2310911     27          38     21   28  23  122   12   73  -22   73  -22  24  0  0 L3P C8
G12 FF 61130 034200  780 351  416     6079835     18           8     18   25 112  128   21  244    7  244    7  21  0  0 L3P BA
G18 FF 61130 034200  780 558 2669     3886518    -85          27      9   18  21   89   -3  130  -49  130  -49  18  0  0 L3P 1C
G23 FF 61130 034200  780 278 3531    -6304689    -64          31    -18   34 239  157  -39  519 -114  519 -114  47  0  0 L3P 93
G25 FF 61130 034200  780 770  256    -4335195     41           9     14   13  40   76    3  121  -13  121  -13  11  0  0 L3P B9
G28 FF 61130 034200  780 236 2686     5664598   -160         -62    -73   45  76  183    9  401  105  401  105  40  0  0 L3P 50
G29 FF 61130 034200  780 487 1697     3492143    -68          22      3   22  66   98   -1   75   -4   75   -4  18  0  0 L3P C8
G05 FF 61130 035800  780 326 1308     2310908     -4          30    -10   27  23  136   19   67   -1   67   -1  23  0  0 L3P BE
G12 FF 61130 035800  780 285  371     6079839      0          12      0   25 112  154   34  298   73  298   73  21  0  0 L3P DF
G18 FF 61130 035800  780 576 2522     3886422    -89          22      5   10  21   87   -1  106  -32  106  -32   8  0  0 L3P E5
G23 FF 61130 035800  780 353 3538    -6304751    -21          13     24   36 239  127  -25  447  -88  447  -88  35  0  0 L3P 65
G25 FF 61130 035800  780 687  188    -4335158     38          20     11   21  40   79    5  113   -5  113   -5  16  0  0 L3P C3
G28 FF 61130 035800  780 219 2764     5664636   -258          59   -172   59  76  195   17  303  198  303  198  58  0  0 L3P 99
G29 FF 61130 035800  780 494 1589     3492083    -97          30    -27   20  66   97   -1   59   13   59   13  19  0  0 L3P FC
G05 FF 61130 041400  780 274 1359     2310934    -16          49    -22   21  24  160   30   57   22   57   22  18  0  0 L3P DD
G12 FF 61130 041400  780 219  338     6079844    -43          17    -43   27 113  196   58  363  105  363  105  21  0  0 L3P 3A
G18 FF 61130 041400  780 580 2369     3886324    -84          10     11   14  22   87    0   88  -25   88  -25  12  0  0 L3P E0
G23 FF 61130 041400  780 432 3540    -6304784    -63          22    -18   19   0  107  -17  244 -144  244 -144  16  0  0 L3P 4A
G25 FF 61130 041400  780 604  155    -4335147     11           5    -16   29  42   85    7  131   25  131   25  28  0  0 L3P BB
G26 FF 61130 041400  780 227 2236     3475964     34          54    -16   35  91  190  -46   99   10   99   10  31  0  0 L3P FC
G28 FF 61130 041400  780 196 2840     5664533   -126          37    -40   26  77  217   28  378   96  378   96  23  0  0 L3P 4F
G29 FF 61130 041400  780 498 1477     3492034    -20          49     50   16  84   96    0   38  -48   38  -48  13  0  0 L3P F0
G05 FF 61130 043000  780 217 1395     2310937     -5          47    -10   36  24  198   51   56   10   56   10  31  0  0 L3P CB
G15 FF 61130 043000  780 202  765    -3989039   -124          52    -91   33  27  211  -25  110   59  110   59  30  0  0 L3P 21
G18 FF 61130 043000  780 572 2221     3886228    -77           4     17   13  22   87    1   79  -29   79  -29  11  0  0 L3P D7
G23 FF 61130 043000  780 514 3539    -6304840    -62          10    -17   24   0   94  -11  152  -57  152  -57  21  0  0 L3P 0E
G25 FF 61130 043000  780 521  136    -4335117     28           9      1   23  42   93   11  141   17  141   17  19  0  0 L3P A4
G26 FF 61130 043000  780 282 2271     3476003     78          45     28   26  91  155  -28   98  -27   98  -27  25  0  0 L3P 15
G29 FF 61130 043000  780 499 1362     3491937    -73          19     -2   15  84   96    0   64   -2   64   -2  12  0  0 L3P BA
G10 FF 61130 044600  780 215 3371     5902211     -9         -13     -5   61 109  200  -63  594 -281  594 -281  56  0  0 L3P 56
G15 FF 61130 044600  780 224  840    -3989093    -33          29      0   32  27  192  -15  113  -15  113  -15  28  0  0 L3P 0F
G18 FF 61130 044600  780 555 2084     3886139    -80           6     15   17  22   89    2   79  -10   79  -10  15  0  0 L3P D8
G23 FF 61130 044600  780 598 3535    -6304877    -30          17     15   25   0   85   -8  107  -39  107  -39  25  0  0 L3P 15
G25 FF 61130 044600  780 440  126    -4335087     51          13     24   42  42  106   16  164   15  164   15  37  0  0 L3P E3
G26 FF 61130 044600  780 334 2321     3476038      5          31    -45   20  91  133  -18  112   43  112   43  18  0  0 L3P EA
G29 FF 61130 044600  780 495 1246     3491873    -85          20    -14   17   7   97    1   58   32   58   32  13  0  0 L3P CD
G10 FF 61130 050200  780 286 3352     5902206    -24         -15    -20   36 109  154  -37  331 -180  331 -180  31  0  0 L3P 60
G15 FF 61130 050200  780 239  918    -3989107     33          47     66   25  27  181   -8   83  -74   83  -74  27  0  0 L3P 06
G18 FF 61130 050200  780 531 1960     3886056    -74          13     20   20  22   92    3   72  -24   72  -24  16  0  0 L3P CA
G23 FF 61130 050200  780 685 3526    -6304933    -92           4    -47   16   0   79   -5  104   30  104   30  14  0  0 L3P D6
G25 FF 61130 050200  780 362  122    -4335052     84          22     57   25  42  124   24  202   -4  202   -4  21  0  0 L3P C0
G26 FF 61130 050200  780 380 2386     3476083     48          29     -2   25  91  119  -12  115  -12  115  -12  21  0  0 L3P 0B
G29 FF 61130 050200  780 485 1131     3491795    -73          10     -3   25   7   98    2   73    6   73    6  23  0  0 L3P 89
G10 FF 61130 051800  780 358 3324     5902206     -9         -11     -5   42 109  126  -23  198  -84  198  -84  40  0  0 L3P 3B
G15 FF 61130 051800  780 245  996    -3989134    -14          52     19   16  27  176   -2   72  -14   72  -14  14  0  0 L3P 00
G18 FF 61130 051800  780 503 1849     3885966    -88          14      6   21  22   95    4   67  -11   67  -11  19  0  0 L3P E1
G23 FF 61130 051800  780 773 3511    -6304978    -76           3    -31   29   0   75   -3   92   25   92   25  29  0  0 L3P D0
G25 FF 61130 051800  780 287  124    -4335026     16          21    -11   23  42  153   37  245   63  245   63  20  0  0 L3P EE
G26 FF 61130 051800  780 416 2468     3476124     43          22     -7   26  91  111   -7  114   -2  114   -2  22  0  0 L3P D2
G29 FF 61130 051800  780 468 1018     3491735    -71          17      0   22   7  101    4   71   11   71   11  20  0  0 L3P 95
G10 FF 61130 053400  780 432 3283     5902208     37          -6     40   20 109  107  -15  139  -64  139  -64  18  0  0 L3P 25
G15 FF 61130 053400  780 243 1074    -3989142    -93          75    -60   25  27  178    5   47   53   47   53  19  0  0 L3P 01
G16 FF 61130 053400  780 234 2253    -2360297    -21          34     51   38 124  184  -39  113  -53  113  -53  36  0  0 L3P 40
G18 FF 61130 053400  780 475 1748     3885887   -128          26    -33   15  22  100    5   56   23   56   23  13  0  0 L3P FB
G23 FF 61130 053400  780 861 3469    -6304986    -29          38     16   23   0   74   -1   54  -18   54  -18  21  0  0 L3P EC
G25 FF 61130 053400  780 215  130    -4334975     30          46      2   34  42  200   63  275   30  275   30  28  0  0 L3P CE
G26 FF 61130 053400  780 440 2566     3476175     76          24     26   21  91  106   -3  108  -23  108  -23  18  0  0 L3P 0A
G29 FF 61130 053400  780 443  912     3491682    -91          32    -21   24   7  105    5   63   19   63   19  22  0  0 L3P B9
G10 FF 61130 055000  780 505 3226     5902211    -10           0     -7   16 109   95  -10  100  -25  100  -25  15  0  0 L3P E1
G15 FF 61130 055000  780 231 1148    -3989189     -7          60     26   27  27  186   13   57  -34   57  -34  23  0  0 L3P 08
G16 FF 61130 055000  780 282 2302    -2360382    -61          19     11   31 124  155  -24  112  -28  112  -28  26  0  0 L3P 2C
G18 FF 61130 055000  780 447 1654     3885792   -108          21    -14   24  22  104    5   50    3   50    3  20  0  0 L3P B9
G23 FF 61130 055000  780 852 1728    -6305040    -51          28     -6   12   0   74    1   52  -12   52  -12  12  0  0 L3P AB
G26 FF 61130 055000  780 450 2674     3476223     50          24      0   19  91  104    0  102  -13  102  -13  18  0  0 L3P CA
G29 FF 61130 055000  780 412  814     3491620   -100          38    -29   25   7  112    8   55   13   55   13  21  0  0 L3P B8
G10 FF 61130 060600  780 575 3144     5902205    -18           1    -14   15 110   87   -7   76  -13   76  -13  14  0  0 L3P E2
G15 FF 61130 060600  780 210 1216    -3989217    -67          64    -34   26  28  204   24   49   24   49   24  24  0  0 L3P 01
G16 FF 61130 060600  780 325 2365    -2360452    -62          18      9   21 125  137  -15  102  -23  102  -23  19  0  0 L3P 20
G18 FF 61130 060600  780 419 1565     3885712    -77          33     17   19  23  110    6   42  -19   42  -19  17  0  0 L3P F4
G23 FF 61130 060600  780 766 1688    -6305099    -26          11     20   17   1   76    3   60  -24   60  -24  15  0  0 L3P CE
G26 FF 61130 060600  780 443 2785     3476266     19          21    -31   23  93  105    3   94    1   94    1  19  0  0 L3P B1
G29 FF 61130 060600  780 373  726     3491539    -70          28      1   25  32  121   12   64    3   64    3  21  0  0 L3P 90
G10 FF 61130 062200  780 639 3022     5902203     -6           2     -2   13 110   82   -4   58   -6   58   -6  12  0  0 L3P 8D
G15 FF 61130 062200  780 180 1276    -3989248    -11          64     22   30  28  235   41   52  -13   52  -13  23  0  0 L3P FB
G16 FF 61130 062200  780 358 2442    -2360519    -85          20    -14   20 125  125   -9   87    7   87    7  17  0  0 L3P EA
G18 FF 61130 062200  780 393 1480     3885611    -97          21     -2   16  23  116    7   51    3   51    3  14  0  0 L3P 9C
G23 FF 61130 062200  780 684 1661    -6305145    -35           9     10   16   1   79    5   56  -14   56  -14  14  0  0 L3P BB
G26 FF 61130 062200  780 422 2891     3476310     56          17      5   24  93  109    6   84  -14   84  -14  21  0  0 L3P CB
G29 FF 61130 062200  780 330  648     3491487    -91          44    -20   34  32  135   17   52   23   52   23  27  0  0 L3P D9
G10 FF 61130 063800  780 688 2840     5902197     16           0     19   14 110   79   -2   54  -21   54  -21  12  0  0 L3P CF
G16 FF 61130 063800  780 380 2532    -2360583    -31          25     40   26 125  119   -4   69  -50   69  -50  23  0  0 L3P 12
G18 FF 61130 063800  780 368 1397     3885528    -63          29     31   15  23  123    7   41  -31   41  -31  13  0  0 L3P EF
G23 FF 61130 063800  780 604 1634    -6305176    -43          22      3   14   1   85    7   42   -6   42   -6  11  0  0 L3P 8C
G26 FF 61130 063800  780 390 2987     3476355     57          14      7   30  93  117   10   77  -16   77  -16  24  0  0 L3P F7
G27 FF 61130 063800  780 232 2176      877200     78          66    -65   36  56  186  -46   67   33   67   33  34  0  0 L3P FF
G29 FF 61130 063800  780 281  580     3491409    -95          35    -25   29  32  156   26   64   21   64   21  25  0  0 L3P EA
G32 FF 61130 063800  780 215   35      218943   -204          17    -13   30  66  200  -57  132  -86  132  -86  22  0  0 L3P 09
G10 FF 61130 065400  780 713 2592     5902201     -6           6     -2   10 110   78    0   47   -4   47   -4   9  0  0 L3P 77
G16 FF 61130 065400  780 388 2629    -2360654    -70          23      2   20 125  117    0   62   -6   62   -6  18  0  0 L3P CC
G18 FF 61130 065400  780 343 1315     3885426   -110          18    -16   19  23  130    8   44   22   44   22  14  0  0 L3P E0
G23 FF 61130 065400  780 529 1605    -6305223    -37          18      8   21   1   92    9   37  -16   37  -16  19  0  0 L3P C4
G26 FF 61130 065400  780 350 3072     3476404     31          15    -19   34  93  128   14   70    6   70    6  24  0  0 L3P B7
G27 FF 61130 065400  780 293 2167      877325    162          53     18   26  56  150  -30   54  -42   54  -42  22  0  0 L3P 01
G29 FF 61130 065400  780 229  523     3491360    -89          53    -18   39  32  188   43   57   18   57   18  34  0  0 L3P FD
G32 FF 61130 065400  780 279   65      218785   -144          42     47   34  66  157  -35   63  -75   63  -75  28  0  0 L3P 06
G10 FF 61130 071000  780 705 2327     5902203     -2          12      2   12 110   78    1   39   -3   39   -3  11  0  0 L3P 77
G16 FF 61130 071000  780 383 2729    -2360721    -54          24     18   22 125  119    3   59  -15   59  -15  18  0  0 L3P 09
G18 FF 61130 071000  780 320 1235     3885334   -113          17    -19   22  23  138    9   48    8   48    8  17  0  0 L3P CE
G23 FF 61130 071000  780 458 1573    -6305271    -54          14     -9   27   1  102   12   39    7   39    7  23  0  0 L3P AB
G26 FF 61130 071000  780 305 3147     3476446     66           9     16   18  93  144   20   68  -20   68  -20  13  0  0 L3P DF
G27 FF 61130 071000  780 358 2167      877463    108          53    -35   21  56  126  -21   45   25   45   25  18  0  0 L3P F6
G32 FF 61130 071000  780 348   95      218585   -150          25     41   26  66  129  -24   57  -44   57  -44  20  0  0 L3P E9
G10 FF 61130 072600  780 670 2112     5902199      2          11      5   14 110   80    3   37  -10   37  -10  13  0  0 L3P 91
G16 FF 61130 072600  780 365 2827    -2360802    -62          12      9   21 125  123    7   64   -6   64   -6  17  0  0 L3P D0
G18 FF 61130 072600  780 296 1156     3885271    -97          44     -3   26  23  148   11   27    9   27    9  22  0  0 L3P CD
G23 FF 61130 072600  780 392 1538    -6305312    -66          17    -21   22   1  116   16   37   23   37   23  20  0  0 L3P D5
G26 FF 61130 072600  780 259 3214     3476504     41          19     -9   19  93  168   29   55    8   55    8  15  0  0 L3P C9
G27 FF 61130 072600  780 424 2179      877596    198          48     54   29  56  109  -15   41  -44   41  -44  25  0  0 L3P 20
G32 FF 61130 072600  780 420  129      218413   -179          36     12   34  66  110  -16   42  -11   42  -11  32  0  0 L3P D7
G10 FF 61130 074200  780 621 1958     5902188    -16           3    -12   13 110   83    4   42    8   42    8  12  0  0 L3P 96
G16 FF 61130 074200  780 336 2917    -2360867    -75          16     -4   19 125  133   12   60    1   60    1  17  0  0 L3P CF
G18 FF 61130 074200  780 271 1079     3885169   -130          33    -35   48  23  160   14   43   33   43   33  45  0  0 L3P 01
G23 FF 61130 074200  780 330 1500    -6305346    -62          27    -16   25   1  135   22   32   14   32   14  22  0  0 L3P C1
G26 FF 61130 074200  780 213 3275     3476546     59          13      9   51  93  201   41   61   -2   61   -2  43  0  0 L3P B3
G27 FF 61130 074200  780 491 2207      877734    150          49      7   19  56   97  -10   36  -13   36  -13  17  0  0 L3P E8
G32 FF 61130 074200  780 495  170      218221   -185          28      6   16  66   97  -11   45   -9   45   -9  14  0  0 L3P B8
G08 FF 61130 075800  780 237 2210    -4696503     42          17    -20   35  60  182  -45   59   16   59   16  30  0  0 L3P 00
G10 FF 61130 075800  780 567 1843     5902194    -12          13     -8   14 110   88    6   34    7   34    7  13  0  0 L3P A7
G16 FF 61130 075800  780 300 3000    -2360937    -86          15    -15   26 125  147   18   63    3   63    3  22  0  0 L3P DD
G18 FF 61130 075800  780 246 1003     3885066    -63          21     32   40  23  176   18   61  -13   61  -13  35  0  0 L3P F3
G23 FF 61130 075800  780 273 1460    -6305401    -69          16    -23   25   1  160   30   50   23   50   23  19  0  0 L3P D1
G27 FF 61130 075800  780 557 2261      877874    141          52     -2   19  56   89   -7   31   -2   31   -2  16  0  0 L3P C1
G32 FF 61130 075800  780 571  225      218040   -222          31    -31   15  66   88   -8   43   24   43   24  13  0  0 L3P B7
G08 FF 61130 081400  780 297 2236    -4696438     52          17    -10   29  63  148  -28   45   -5   45   -5  26  0  0 L3P 08
G10 FF 61130 081400  780 512 1750     5902196    -15          21    -12   19 114   94    7   38    6   38    6  16  0  0 L3P B2
G16 FF 61130 081400  780 260 3075    -2360995    -43          42     29   34   7  167   26   55  -26   55  -26  25  0  0 L3P 04
G18 FF 61130 081400  780 218  929     3884997    -83          42     11   32  24  196   25   52    9   52    9  28  0  0 L3P CD
G23 FF 61130 081400  780 220 1416    -6305430    -39          33      7   35   2  195   43   39   18   39   18  30  0  0 L3P C3
G27 FF 61130 081400  780 618 2353      878005    130          43    -13   15  57   83   -5   34    7   34    7  13  0  0 L3P A5
G32 FF 61130 081400  780 645  313      217860   -195          32     -4   13  68   82   -5   41    3   41    3  11  0  0 L3P 7E
G08 FF 61130 083000  780 355 2276    -4696383     30          12    -33   32  63  126  -18   43   31   43   31  27  0  0 L3P F6
G10 FF 61130 083000  780 458 1671     5902188     16          16     19   18 114  102    9   42  -23   42  -23  17  0  0 L3P E4
G16 FF 61130 083000  780 217 3144    -2361069    -53          36     19   27   7  197   38   58  -16   58  -16  21  0  0 L3P 05
G18 FF 61130 083000  780 189  858     3884899   -150          40    -55   45  25  225   36   86   59   86   59  38  0  0 L3P 2B
G27 FF 61130 083000  780 665 2502      878136    125          37    -18   16  57   80   -2   39   18   39   18  14  0  0 L3P DC
G32 FF 61130 083000  780 709  465      217670   -207          26    -16   13  68   78   -3   45   14   45   14  10  0  0 L3P C2
G08 FF 61130 084600  780 409 2334    -4696332     53           2    -10   24  63  112  -12   51   12   51   12  22  0  0 L3P CE
G10 FF 61130 084600  780 408 1599     5902179    -28          11    -25   24 114  112   11   49   36   49   36  20  0  0 L3P 01
G27 FF 61130 084600  780 687 2713      878273    123          36    -20   16  57   79    0   40   23   40   23  13  0  0 L3P C3
G32 FF 61130 084600  780 748  732      217476   -244          15    -53   17  68   76   -1   52   40   52   40  12  0  0 L3P C9
G02 FF 61130 090200  780 222 2191     -690509    -55          63     24   35  34  193  -46   51  -31   51  -31  34  0  0 L3P F4
G08 FF 61130 090200  780 456 2413    -4696271     64           4      1   17  63  103   -8   52   -1   52   -1  15  0  0 L3P A1
G10 FF 61130 090200  780 361 1531     5902165    -14           0    -11   24 114  125   14   70   28   70   28  21  0  0 L3P C7
G27 FF 61130 090200  780 674 2938      878404    145          29      2   17  57   80    2   50   -1   50   -1  14  0  0 L3P 96
G32 FF 61130 090200  780 739 1053      217286   -188           9      3   31  68   77    1   62    5   62    5  21  0  0 L3P 7A
G02 FF 61130 091800  780 279 2153     -690607    -83          41     -4   30  34  157  -31   79    2   79    2  27  0  0 L3P C9
G08 FF 61130 091800  780 490 2515    -4696215     48          -1    -15   14  63   97   -4   64   23   64   23  14  0  0 L3P DD
G10 FF 61130 091800  780 318 1465     5902170     10           8     13   20 114  139   17   89    9   89    9  17  0  0 L3P B9
G27 FF 61130 091800  780 632 3116      878540    129          28    -15   14  57   82    4   61   27   61   27  12  0  0 L3P C8
G28 FF 61130 091800  780 222  370     5662938    -34          12     52   33  80  193  -39  147  -21  147  -21  25  0  0 L3P 20
G32 FF 61130 091800  780 690 1270      217110   -202          16    -11   14  68   79    3   68   19   68   19  12  0  0 L3P C8
G02 FF 61130 093400  780 340 2118     -690671   -152          51    -73   19  34  131  -22   83   76   83   76  16  0  0 L3P 0B
G08 FF 61130 093400  780 508 2635    -4696148     68           6      5   16  63   95   -1   75   13   75   13  14  0  0 L3P BE
G10 FF 61130 093400  780 278 1399     5902154     49          -4     53   25 114  157   20  137   -4  137   -4  20  0  0 L3P FA
G27 FF 61130 093400  780 572 3237      878680    141          31     -2   15  57   88    7   78   27   78   27  12  0  0 L3P CC
G28 FF 61130 093400  780 269  431     5662876    -68          33     18   42  80  162  -27  143    9  143    9  37  0  0 L3P FA
G32 FF 61130 093400  780 622 1382      216932   -168          21     23   19  68   83    6   77   -3   77   -3  16  0  0 L3P C0
G02 FF 61130 095000  780 406 2088     -690760    -26          39     52   18  34  113  -16  100  -41  100  -41  16  0  0 L3P 0F
G08 FF 61130 095000  780 508 2764    -4696104     56          -9     -6   16  63   95    1  102   26  102   26  14  0  0 L3P DB
G10 FF 61130 095000  780 241 1334     5902173    -12          18     -9   25 114  179   25  158   60  158   60  18  0  0 L3P 0D
G27 FF 61130 095000  780 504 3321      878809    117          21    -26   25  57   95   10  107   51  107   51  22  0  0 L3P F0
G28 FF 61130 095000  780 316  499     5662805    -46          45     40   31  80  140  -19  143  -24  143  -24  21  0  0 L3P 19
G31 FF 61130 095000  780 217  219     1583328     54          29     77   29  65  197  -47  183  -69  183  -69  22  0  0 L3P 37
G32 FF 61130 095000  780 548 1437      216754   -189          26      2   19  68   90    9   91   19   91   19  18  0  0 L3P CC
G02 FF 61130 100600  780 477 2062     -690827    -71          45      8   17  37   99  -12  102    7  102    7  14  0  0 L3P C1
G08 FF 61130 100600  780 489 2888    -4696030     15           3    -48   19  85   98    4  112   51  112   51  17  0  0 L3P ED
G10 FF 61130 100600  780 207 1268     5902147    -73          -8    -68   25 115  206   31  219  106  219  106  20  0  0 L3P 33
G27 FF 61130 100600  780 433 3383      878958    127          31    -16   26  58  107   15  125   41  125   41  26  0  0 L3P 0B
G28 FF 61130 100600  780 360  575     5662714    -94          34     -7   28  81  125  -13  155    8  155    8  23  0  0 L3P E2
G31 FF 61130 100600  780 272  269     1583308     -6          35     17   25  96  161  -31  177  -33  177  -33  20  0  0 L3P 07
G32 FF 61130 100600  780 474 1461      216569   -186          28      5   22  69  100   12  111   11  111   11  23  0  0 L3P D1
G01 FF 61130 102200  780 246 2169    -3073422     60          28    -16   36 204  176  -41  157   28  157   28  31  0  0 L3P 27
G02 FF 61130 102200  780 552 2043     -690900    -99          47    -21   15  37   90   -9  107   33  107   33  12  0  0 L3P E5
G08 FF 61130 102200  780 455 2998    -4695965     54           8     -8   46  85  103    7  129   33  129   33  30  0  0 L3P FB
G27 FF 61130 102200  780 363 3432      879094    167          30     24   51  58  124   21  152   12  152   12  48  0  0 L3P ED
G28 FF 61130 102200  780 400  662     5662617   -127          20    -41   19  81  114   -9  169   45  169   45  17  0  0 L3P 12
G31 FF 61130 102200  780 328  325     1583284    -56          32    -33   22  96  136  -22  175   35  175   35  19  0  0 L3P 0D
G32 FF 61130 102200  780 401 1467      216382   -183          24      8   21  69  114   17  138   31  138   31  19  0  0 L3P E4
G01 FF 61130 103800  780 307 2146    -3073379     54          -2    -21   19 204  144  -28  180   13  180   13  15  0  0 L3P 15
G02 FF 61130 103800  780 631 2032     -690993    -87          30     -8   11  37   82   -6  123    4  123    4  10  0  0 L3P AE
G03 FF 61130 103800  780 183 2467    -5207009    127           2     -9   34  77  231  -33  204   15  204   15  29  0  0 L3P 01
G08 FF 61130 103800  780 411 3092    -4695917     46          -4    -17   25  85  112   11  159   37  159   37  20  0  0 L3P 18
G27 FF 61130 103800  780 295 3474      879228    219          26     76   20  58  149   31  196  -16  196  -16  16  0  0 L3P 38
G28 FF 61130 103800  780 430  760     5662540    -69          26     18   18  81  108   -5  173   -2  173   -2  16  0  0 L3P E7
G31 FF 61130 103800  780 385  387     1583247     10          18     32   16  96  118  -15  187  -20  187  -20  14  0  0 L3P 11
G32 FF 61130 103800  780 332 1461      216201   -132          27     59   26  69  134   25  173  -12  173  -12  21  0  0 L3P 06
G01 FF 61130 105400  780 372 2130    -3073283     69          22     -6   25 204  121  -19  163    6  163    6  21  0  0 L3P E1
G02 FF 61130 105400  780 714 2038     -691076    -71          22      8   15  37   78   -4  129    1  129    1  13  0  0 L3P AA
G03 FF 61130 105400  780 210 2398    -5206874    103           6    -34   30  77  203  -26  212   47  212   47  25  0  0 L3P 0F
G04 FF 61130 105400  780 210 3090     -512998     47          36     64   46   0  204  -52  226  -50  226  -50  33  0  0 L3P F8
G08 FF 61130 105400  780 361 3171    -4695853     52          -1    -10   15  85  125   16  188   58  188   58  11  0  0 L3P 1C
G27 FF 61130 105400  780 231 3514      879370    192          31     48   29  58  187   49  252   42  252   42  19  0  0 L3P 0D
G28 FF 61130 105400  780 447  868     5662467    -70          35     16   20  81  104   -2  174   12  174   12  17  0  0 L3P F1
G31 FF 61130 105400  780 439  461     1583225    -10          17     13   16  96  106  -11  190    5  190    5  14  0  0 L3P C8
G32 FF 61130 105400  780 266 1446      216016   -142          25     49   22  69  164   38  229   27  229   27  17  0  0 L3P 0D
G01 FF 61130 111000  780 441 2122    -3073211     47          22    -28   19 204  106  -14  161   20  161   20  16  0  0 L3P F8
G02 FF 61130 111000  780 798 2096     -691162    -89          11    -11   18  37   75   -2  146   26  146   26  14  0  0 L3P F8
G03 FF 61130 111000  780 239 2330    -5206732    144          17      8   31  77  180  -21  212   -6  212   -6  28  0  0 L3P EC
G04 FF 61130 111000  780 264 3033     -513023    -33          27    -16   21   0  165  -31  230    7  230    7  18  0  0 L3P B4
G08 FF 61130 111000  780 308 3239    -4695781    116          12     53   31  85  143   23  221    3  221    3  24  0  0 L3P DF
G28 FF 61130 111000  780 450  980     5662371   -112          22    -25   24  81  104    1  201   37  201   37  21  0  0 L3P DC
G31 FF 61130 111000  780 489  551     1583206      2          20     25   21  96   97   -7  192   -7  192   -7  16  0  0 L3P B4
G32 FF 61130 111000  780 204 1424      215820   -248          13    -57   41  69  210   61  303  136  303  136  32  0  0 L3P 12
G01 FF 61130 112600  780 513 2126    -3073146     82          15      7   17 204   94  -10  172    2  172    2  15  0  0 L3P BE
G02 FF 61130 112600  780 869 2638     -691247    -88           1    -10   13  37   74    0  171   25  171   25  11  0  0 L3P D3
G03 FF 61130 112600  780 269 2262    -5206615     94           3    -42   28  77  162  -18  229   39  229   39  24  0  0 L3P 1E
G04 FF 61130 112600  780 314 2966     -513039    -40          28    -23   23   0  141  -20  226   13  226   13  18  0  0 L3P E7
G08 FF 61130 112600  780 256 3300    -4695714     68          19      5   55  85  170   33  272   59  272   59  45  0  0 L3P 0F
G28 FF 61130 112600  780 436 1087     5662284   -101          19    -15   25  81  107    4  225   41  225   41  21  0  0 L3P 05
G31 FF 61130 112600  780 530  661     1583185     -5          20     18   21  96   92   -4  198   -2  198   -2  17  0  0 L3P C3
G01 FF 61130 114200  780 586 2149    -3073077     72          12     -3   18 204   86   -7  180   10  180   10  16  0  0 L3P E8
G02 FF 61130 114200  780 815 3492     -691307   -140          17    -62   32  37   74    2  173   78  173   78  32  0  0 L3P 01
G03 FF 61130 114200  780 302 2194    -5206478    135           9     -2   30  77  146  -15  231   11  231   11  26  0  0 L3P F1
G04 FF 61130 114200  780 360 2889     -513069    -25          14     -8   26   0  125  -13  235    3  235    3  20  0  0 L3P BC
G08 FF 61130 114200  780 205 3356    -4695657     71          16      9   53  85  209   49  352   95  352   95  43  0  0 L3P 17
G28 FF 61130 114200  780 407 1182     5662213    -85          30      1   26  81  113    8  243   31  243   31  21  0  0 L3P C7
G31 FF 61130 114200  780 556  792     1583170    -35          27    -12   18  96   89   -2  203   23  203   23  16  0  0 L3P E4
G01 FF 61130 115800  780 660 2206    -3073001     97          16     22   15 204   81   -5  185   -3  185   -3  13  0  0 L3P DF
G02 FF 61130 115800  780 728 3586     -691386    -80          13     -1   18  37   77    4  203   31  203   31  17  0  0 L3P D8
G03 FF 61130 115800  780 337 2126    -5206360    129          -3     -7   24  77  132  -13  252   12  252   12  19  0  0 L3P 06
G04 FF 61130 115800  780 400 2802     -513089      8          11     25   18   0  114   -9  242   -4  242   -4  15  0  0 L3P A4
G28 FF 61130 115800  780 366 1260     5662129    -72          29     14   23  81  123   14  276   21  276   21  17  0  0 L3P 07
G31 FF 61130 115800  780 562  934     1583131    -26          10     -3   17  96   88    0  228   15  228   15  15  0  0 L3P C9
G01 FF 61130 121400  780 727 2333    -3072930     70          15     -5   15 205   77   -3  204   23  204   23  13  0  0 L3P D9
G02 FF 61130 121400  780 641   12     -691467    -77           7      1   20  38   82    6  226   34  226   34  17  0  0 L3P 8C
G03 FF 61130 121400  780 375 2057    -5206213     99          17    -37   26  79  121  -11  252   43  252   43  23  0  0 L3P 15
G04 FF 61130 121400  780 433 2704     -513093     -4          24     13   26   1  107   -6  246    8  246    8  21  0  0 L3P 9B
G28 FF 61130 121400  780 316 1321     5662045    -40          30     46   23  82  140   22  326   23  326   23  20  0  0 L3P E3
G31 FF 61130 121400  780 547 1070     1583113    -13          13      9   22  97   90    3  245   20  245   20  21  0  0 L3P B1
G01 FF 61130 123000  780 773 2605    -3072861     51          12    -24   14 205   75   -1  225   44  225   44  12  0  0 L3P F0
G02 FF 61130 123000  780 555   25     -691548    -23           0     55   14  38   89    9  271    3  271    3  12  0  0 L3P 7B
G03 FF 61130 123000  780 416 1986    -5206082    126          17    -11   20  79  111  -10  262   20  262   20  17  0  0 L3P 0F
G04 FF 61130 123000  780 459 2598     -513108     27          26     44   24   1  102   -4  255  -27  255  -27  19  0  0 L3P F1
G09 FF 61130 123000  780 188 2808    -7632504     -7          20    -33   50  65  226  -42  429   26  429   26  48  0  0 L3P 26
G28 FF 61130 123000  780 261 1365     5661975    -76          43     10   25  82  167   35  378   55  378   55  20  0  0 L3P 1E
G31 FF 61130 123000  780 514 1184     1583092    -22          14      0   24  97   94    6  269   33  269   33  22  0  0 L3P CB
G01 FF 61130 124600  780 769 2991    -3072792     95           9     20   12 205   76    1  250   16  250   16  11  0  0 L3P DF
G02 FF 61130 124600  780 472   33     -691618    -72           5      7   19  38  100   14  326   67  326   67  14  0  0 L3P BC
G03 FF 61130 124600  780 460 1911    -5205956    148          12     11   16  79  102   -8  279   12  279   12  12  0  0 L3P 0D
G04 FF 61130 124600  780 478 2485     -513126    -30          25    -13   18   1   99   -2  271   34  271   34  16  0  0 L3P DE
G09 FF 61130 124600  780 222 2737    -7632504   -279          -6   -305   41  65  194  -27  458  313  458  313  37  0  0 L3P 88
G26 FF 61130 124600  780 195  816     3477434    142           7     93   41  30  219  -22  583  -70  583  -70  34  0  0 L3P 1D
G28 FF 61130 124600  780 203 1395     5661893   -111          44    -25   32  82  211   60  455  121  455  121  26  0  0 L3P 41
G31 FF 61130 124600  780 468 1272     1583072    -29          16     -7   25  97  101    9  298   45  298   45  23  0  0 L3P 07
G01 FF 61130 130200  780 717 3245    -3072709    105          19     30   18 205   78    3  272    3  272    3  15  0  0 L3P D0
G02 FF 61130 130200  780 393   42     -691689   -100          10    -22   16  38  116   20  394  111  394  111  12  0  0 L3P 02
G03 FF 61130 130200  780 506 1829    -5205820    140          17      4   17  79   95   -7  282    2  282    2  15  0  0 L3P C4
G04 FF 61130 130200  780 489 2368     -513143      9          24     26   22   1   98   -1  293   -2  293   -2  18  0  0 L3P AA
G09 FF 61130 130200  780 253 2663    -7632429    199          44    173   52  65  171  -19  418 -165  418 -165  48  0  0 L3P 94
G26 FF 61130 130200  780 211  889     3477522     66          49     17   28  30  202  -13  543  -16  543  -16  24  0  0 L3P 0E
G31 FF 61130 130200  780 413 1334     1583063     -6          29     16   24  97  111   13  332   27  332   27  20  0  0 L3P D9
G01 FF 61130 131800  780 645 3370    -3072638     59          19    -16   29 205   81    5  307   54  307   54  27  0  0 L3P 0B
G02 FF 61130 131800  780 318   52     -691777   -147          -3    -68   25  38  140   30  504  175  504  175  23  0  0 L3P 1F
G03 FF 61130 131800  780 554 1736    -5205702    141           4      4   19  79   89   -5  310    4  310    4  15  0  0 L3P AE
G04 FF 61130 131800  780 493 2251     -513152     -7          31     10   19   1   97    0  308   10  308   10  17  0  0 L3P 99
G09 FF 61130 131800  780 281 2586    -7632410     30          38      4   24  65  156  -14  429   -5  429   -5  21  0  0 L3P FC
G16 FF 61130 131800  780 194  638    -2362304   -145          44    -73   47   9  219  -36  667   11  667   11  38  0  0 L3P 31
G26 FF 61130 131800  780 221  964     3477559    114          39     65   30  30  194   -5  565  -30  565  -30  27  0  0 L3P 1D
G31 FF 61130 131800  780 353 1376     1583024    -62          11    -39   18  97  127   20  400  107  400  107  14  0  0 L3P 22
G01 FF 61130 133400  780 568 3439    -3072573    113          12     37   40 205   88    8  361   13  361   13  39  0  0 L3P 03
G02 FF 61130 133400  780 246   65     -691834    -84          16     -5   24  38  176   47  628  204  628  204  18  0  0 L3P 0D
G03 FF 61130 133400  780 601 1624    -5205568    120           7    -16   14  79   85   -4  316   24  316   24  12  0  0 L3P EE
G04 FF 61130 133400  780 493 2135     -513159    -16          41      1   19   1   97    0  321   22  321   22  18  0  0 L3P 9D
G09 FF 61130 133400  780 306 2507    -7632392     16          31    -10   17  65  144  -11  431    0  431    0  15  0  0 L3P DE
G16 FF 61130 133400  780 225  708    -2362369   -111          49    -39   37   9  191  -24  638   -4  638   -4  30  0  0 L3P 20
G26 FF 61130 133400  780 223 1039     3477621    110          54     61   35  30  193    2  567  -23  567  -23  31  0  0 L3P 09
G31 FF 61130 133400  780 292 1401     1583008    -55          18    -33   24  97  151   30  466  115  466  115  20  0  0 L3P 2A
G01 FF 61130 135000  780 490 3483    -3072491     69          22     -6   41 205   97   12  407   71  407   71  38  0  0 L3P 02
G03 FF 61130 135000  780 644 1482    -5205431    145          13      8   11  79   82   -3  325    7  325    7  10  0  0 L3P BB
G04 FF 61130 135000  780 488 2023     -513184      2          32     19   17   1   98    1  347    0  347    0  14  0  0 L3P 74
G07 FF 61130 135000  780 237 3208     1675090     32          17    -15   21  16  182  -47  603  -42  603  -42  16  0  0 L3P 1D
G09 FF 61130 135000  780 330 2425    -7632360     47          39     21   19  65  135   -9  428  -15  428  -15  17  0  0 L3P 21
G16 FF 61130 135000  780 252  783    -2362438   -161          48    -90   39   9  172  -16  615   70  615   70  36  0  0 L3P 29
G26 FF 61130 135000  780 215 1112     3477651     27          37    -22   26  30  199   11  615   60  615   60  21  0  0 L3P F6
G31 FF 61130 135000  780 230 1414     1583008    -67          39    -44   24  97  188   49  543  159  543  159  19  0  0 L3P 50
G01 FF 61130 140600  780 415 3516    -3072433     92           8     17   17 206  111   17  490   67  490   67  12  0  0 L3P 01
G03 FF 61130 140600  780 676 1298    -5205306    150           6     14   15  81   80   -1  346    2  346    2  13  0  0 L3P BB
G04 FF 61130 140600  780 481 1914     -513206     -2          24     15   20   2   99    1  375    4  375    4  16  0  0 L3P 84
G07 FF 61130 140600  780 300 3166     1675135      0          17    -47   20  17  147  -29  552  -20  552  -20  16  0  0 L3P 08
G09 FF 61130 140600  780 353 2342    -7632330     23          45     -3   20  66  127   -7  428    2  428    2  17  0  0 L3P CD
G16 FF 61130 140600  780 273  861    -2362537    -50          19     22   32  36  160  -10  639  -22  639  -22  24  0  0 L3P 21
G26 FF 61130 140600  780 199 1182     3477701     62          38     13   25  31  214   22  659   33  659   33  19  0  0 L3P 06
G01 FF 61130 142200  780 341 3544    -3072336    106          33     31   26 206  131   25  574   87  574   87  20  0  0 L3P 20
G03 FF 61130 142200  780 688 1076    -5205174    130           8     -6   13  81   79    0  362   25  362   25  12  0  0 L3P D4
G04 FF 61130 142200  780 472 1808     -513223    -11          24      6   21   2  100    2  399   12  399   12  18  0  0 L3P B0
G06 FF 61130 142200  780 206 2304     6121426    -48          54    -39   33  20  208  -38  567   26  567   26  30  0  0 L3P 1E
G07 FF 61130 142200  780 361 3113     1675180     49          18      2   27  17  125  -19  505  -39  505  -39  20  0  0 L3P 0A
G09 FF 61130 142200  780 375 2257    -7632308     24          43     -3   25  66  121   -6  437    4  437    4  21  0  0 L3P D5
G16 FF 61130 142200  780 286  943    -2362563    -47          62     25   38  36  153   -4  601   -9  601   -9  32  0  0 L3P F8
G01 FF 61130 143800  780 272 3571    -3072262     99          34     24   25 206  160   38  721  167  721  167  22  0  0 L3P 3F
G03 FF 61130 143800  780 673  851    -5205045    126           6    -11   13  81   80    2  387   42  387   42  12  0  0 L3P D7
G04 FF 61130 143800  780 463 1705     -513229    -21          34     -4   22   2  102    2  416   37  416   37  19  0  0 L3P C4
G06 FF 61130 143800  780 239 2370     6121405    -42          42    -33   29  20  180  -21  577   29  577   29  26  0  0 L3P 25
G07 FF 61130 143800  780 421 3045     1675211     28           4    -18   27  17  110  -13  486   -7  486   -7  20  0  0 L3P F3
G09 FF 61130 143800  780 396 2171    -7632276     53          49     27   32  66  115   -6  438  -13  438  -13  31  0  0 L3P 2D
G16 FF 61130 143800  780 289 1026    -2362633   -161          61    -90   31  36  151    1  610   87  610   87  25  0  0 L3P 1F
G01 FF 61130 145400  780 207 3598    -3072193     33          32    -42   22 206  207   62  929  264  929  264  16  0  0 L3P 55
G03 FF 61130 145400  780 635  667    -5204902    140          18      3   16  81   82    4  405   32  405   32  15  0  0 L3P C2
G04 FF 61130 145400  780 452 1605     -513235     40          44     57   25   2  103    2  433  -28  433  -28  23  0  0 L3P D3
G06 FF 61130 145400  780 263 2445     6121391     12          37     21   27  20  165  -11  594    0  594    0  23  0  0 L3P D0
G07 FF 61130 145400  780 476 2961     1675263     80          11     33   16  17  100   -9  465  -36  465  -36  11  0  0 L3P 14
G09 FF 61130 145400  780 419 2084    -7632260     52          40     26   21  66  110   -5  455  -25  455  -25  19  0  0 L3P 1A
G16 FF 61130 145400  780 282 1106    -2362721    -72          41      0   44  36  155    7  634   18  634   18  41  0  0 L3P E8
G03 FF 61130 151000  780 580  532    -5204774    141          15      4   15  81   87    6  446   45  446   45  15  0  0 L3P CF
G04 FF 61130 151000  780 441 1505     -513257    -39          39    -22   22   2  105    2  460   42  460   42  20  0  0 L3P C5
G06 FF 61130 151000  780 276 2528     6121375    -34          29    -25   24  20  158   -4  627   48  627   48  21  0  0 L3P 15
G07 FF 61130 151000  780 524 2856     1675308     52          12      5   12  17   93   -6  454   -3  454   -3  11  0  0 L3P BD
G09 FF 61130 151000  780 441 1994    -7632239     49          36     23   22  66  105   -5  463   -4  463   -4  18  0  0 L3P 01
G16 FF 61130 151000  780 264 1181    -2362784    -67          47      5   23  36  165   14  659   26  659   26  19  0  0 L3P 19
G30 FF 61130 151000  780 206 3017    -1713715   -178          56    -47   34  13  208  -50  811  -40  811  -40  26  0  0 L3P 44
G03 FF 61130 152600  780 516  435    -5204648    132          10     -4   21  81   94    9  510   75  510   75  16  0  0 L3P D4
G04 FF 61130 152600  780 429 1408     -513295     -3          18     14   16   2  108    3  510   15  510   15  15  0  0 L3P B1
G06 FF 61130 152600  780 277 2613     6121368    -42          31    -33   19  20  158    2  666   86  666   86  14  0  0 L3P 12
G07 FF 61130 152600  780 563 2727     1675373     25          32    -22   13  17   88   -4  436   12  436   12  11  0  0 L3P ED
G09 FF 61130 152600  780 464 1901    -7632219    -17          31    -43   16  66  101   -4  471   31  471   31  16  0  0 L3P 11
G16 FF 61130 152600  780 236 1249    -2362852   -159          48    -88   28  36  182   24  695  116  695  116  21  0  0 L3P 79
G30 FF 61130 152600  780 255 2957    -1713842   -133          56     -1   23  13  170  -30  746  -68  746  -68  20  0  0 L3P 4F
G03 FF 61130 154200  780 446  367    -5204513    132          14     -4   17  81  105   14  588  103  588  103  14  0  0 L3P 19
G04 FF 61130 154200  780 416 1311     -513291    -44          38    -27   17   2  111    3  516   46  516   46  14  0  0 L3P D6
G06 FF 61130 154200  780 267 2699     6121336    -49           7    -39   30  20  163    9  756  108  756  108  26  0  0 L3P 2D
G07 FF 61130 154200  780 589 2577     1675407     22          21    -25   18  17   86   -2  443   22  443   22  14  0  0 L3P F4
G09 FF 61130 154200  780 488 1802    -7632196     10          29    -16   19  66   98   -4  475   14  475   14  17  0  0 L3P 19
G16 FF 61130 154200  780 201 1306    -2362916   -138          53    -66   28  36  213   41  742  104  742  104  23  0  0 L3P 47
G30 FF 61130 154200  780 300 2889    -1713978   -101          47     31   20  13  146  -20  699  -73  699  -73  18  0  0 L3P 5F
G03 FF 61130 155800  780 375  317    -5204377    127          19    -10   23  81  121   20  700  157  700  157  20  0  0 L3P 25
G04 FF 61130 155800  780 401 1215     -513329    -54          17    -37   14   2  114    4  561   77  561   77  13  0  0 L3P E3
G06 FF 61130 155800  780 248 2782     6121373      6          53     15   31  20  175   16  797   93  797   93  27  0  0 L3P 0A
G07 FF 61130 155800  780 600 2413     1675434     12           3    -35   16  17   85    0  459   28  459   28  16  0  0 L3P DA
G09 FF 61130 155800  780 510 1697    -7632175     32          25      6   17  66   94   -3  480  -12  480  -12  14  0  0 L3P 01
G30 FF 61130 155800  780 342 2813    -1714106    -83          45     49   18  13  131  -14  664  -81  664  -81  15  0  0 L3P 3E
G03 FF 61130 161400  780 303  281    -5204242    176          23     40   24  82  146   32  886  180  886  180  21  0  0 L3P 24
G04 FF 61130 161400  780 383 1122     -513328     -3          32     14   21   3  118    5  586   25  586   25  17  0  0 L3P BE
G06 FF 61130 161400  780 221 2860     6121361     25          50     34   34  21  194   25  924  131  924  131  26  0  0 L3P 09
G07 FF 61130 161400  780 595 2249     1675486     25          17    -21   14  18   85    1  469   30  469   30  13  0  0 L3P F3
G09 FF 61130 161400  780 531 1584    -7632140     67          37     41   12  69   92   -2  480  -32  480  -32  11  0  0 L3P 06
G30 FF 61130 161400  780 379 2728    -1714250   -114          29     18   15  39  120  -10  655  -32  655  -32  14  0  0 L3P 45
G03 FF 61130 163000  780 232  256    -5204110    262          24    126   36  82  186   55 1117  135 1117  135  33  0  0 L3P 48
G04 FF 61130 163000  780 361 1031     -513344    -26          33     -9   16   3  124    7  625   59  625   59  14  0  0 L3P CE
G06 FF 61130 163000  780 190 2933     6121345      6          42     15   26  21  224   38 1088  160 1088  160  22  0  0 L3P 21
G07 FF 61130 163000  780 578 2096     1675533     44          18     -3   15  18   87    2  479    9  479    9  13  0  0 L3P CF
G09 FF 61130 163000  780 548 1461    -7632113     46          39     20   14  69   90   -2  486  -10  486  -10  13  0  0 L3P 08
G14 FF 61130 163000  780 248 3392    -7415189    -45          21    -30   24 226  175  -48 1033  -51 1033  -51  17  0  0 L3P 75
G30 FF 61130 163000  780 410 2635    -1714362   -170          43    -38   15  39  112   -7  621   22  621   22  12  0  0 L3P 0E
G04 FF 61130 164600  780 336  943     -513365    -25          27     -8   23   3  132   10  685   65  685   65  17  0  0 L3P E6
G07 FF 61130 164600  780 552 1960     1675566     28           6    -18   18  18   89    3  499   23  499   23  15  0  0 L3P FC
G09 FF 61130 164600  780 559 1329    -7632099    -17          28    -43   18  69   89   -1  505   53  505   53  15  0  0 L3P 2D
G14 FF 61130 164600  780 320 3381    -7415202     12          22     27   40 226  139  -29  933 -152  933 -152  37  0  0 L3P 5D
G30 FF 61130 164600  780 437 2536    -1714484   -115          48     17   19  39  106   -5  601  -37  601  -37  16  0  0 L3P 42
G04 FF 61130 170200  780 307  860     -513359    -22          50     -5   31   3  144   14  730   93  730   93  25  0  0 L3P C9
G07 FF 61130 170200  780 521 1840     1675605     18           1    -28   14  18   93    4  515   33  515   33  13  0  0 L3P C5
G09 FF 61130 170200  780 561 1190    -7632070    -22          31    -48   17  69   89    0  517   53  517   53  15  0  0 L3P 02
G14 FF 61130 170200  780 394 3362    -7415207    -38          31    -23   20 226  116  -19  815  -87  815  -87  19  0  0 L3P 67
G21 FF 61130 170200  780 235 2235    -4123883    -51          43    -30   40 224  184  -42  793  -35  793  -35  37  0  0 L3P 59
G22 FF 61130 170200  780 225 3357      258086   -108          -8    -50   37  48  191  -55 1101   49 1101   49  36  0  0 L3P 40
G30 FF 61130 170200  780 457 2431    -1714619   -144          39    -13   18  39  103   -3  595    4  595    4  16  0  0 L3P 0E
G04 FF 61130 171800  780 273  782     -513395     30          30     47   30   3  160   20  826   56  826   56  25  0  0 L3P D2
G07 FF 61130 171800  780 488 1733     1675644     42          -5     -5   12  18   98    5  539   31  539   31  10  0  0 L3P DE
G08 FF 61130 171800  780 178 1020    -4694377     65          30      3   38   4  238   -4  880  -17  880  -17  32  0  0 L3P 0A
G09 FF 61130 171800  780 552 1051    -7632024     39          52     13   17  69   89    2  522   19  522   19  16  0  0 L3P EC
G14 FF 61130 171800  780 470 3333    -7415212    -36          40    -22   37 226  101  -13  721  -56  721  -56  35  0  0 L3P 4A
G21 FF 61130 171800  780 289 2280    -4123912    -73          34    -53   26 224  152  -25  753    8  753    8  22  0  0 L3P 23
G22 FF 61130 171800  780 293 3340      258066    -18          27     40   32  48  150  -33 1022 -152 1022 -152  27  0  0 L3P 4E
G30 FF 61130 171800  780 472 2323    -1714742   -124          43      8   21  39  100   -2  584   -9  584   -9  18  0  0 L3P 07
G04 FF 61130 173400  780 235  711     -513425    -33          17    -16   38   3  183   30  945  130  945  130  31  0  0 L3P FF
G07 FF 61130 173400  780 454 1636     1675691     29          -3    -17   14  18  103    6  559   39  559   39  13  0  0 L3P 0C
G08 FF 61130 173400  780 177 1092    -4694289     71          57      9   42   4  239    7  842  -19  842  -19  37  0  0 L3P 15
G09 FF 61130 173400  780 532  918    -7632007     22          44     -4   19  69   92    3  565   36  565   36  18  0  0 L3P E5
G14 FF 61130 173400  780 546 3288    -7415234    -27          32    -12   19 226   90   -9  662  -51  662  -51  16  0  0 L3P 42
G21 FF 61130 173400  780 336 2339    -4123931    -25          35     -4   26 224  132  -16  724  -20  724  -20  23  0  0 L3P 33
G22 FF 61130 173400  780 362 3313      258006    -59          24     -1   41  48  124  -21  915 -113  915 -113  39  0  0 L3P 2E
G30 FF 61130 173400  780 483 2212    -1714873   -138          38     -7   17  39   98   -1  578  -13  578  -13  16  0  0 L3P 3C
G04 FF 61130 175000  780 194  645     -513417    -83          41    -65   45   3  220   48 1050  201 1050  201  42  0  0 L3P 15
G07 FF 61130 175000  780 421 1545     1675735     58          -3     11   18  18  110    7  581    8  581    8  16  0  0 L3P C5
G09 FF 61130 175000  780 501  798    -7631997     20          28     -6   18  69   96    5  614   42  614   42  16  0  0 L3P EB
G14 FF 61130 175000  780 622 3220    -7415260    -53          20    -38   17 226   83   -6  616  -22  616  -22  15  0  0 L3P 26
G21 FF 61130 175000  780 376 2415    -4123950     10          35     31   19 224  120  -10  709  -34  709  -34  17  0  0 L3P 2D
G22 FF 61130 175000  780 432 3275      257935   -130           8    -72   20  48  107  -15  823  -42  823  -42  18  0  0 L3P 27
G30 FF 61130 175000  780 489 2101    -1715007   -121          31     11   21  39   97   -1  569  -28  569  -28  19  0  0 L3P 2B
G05 FF 61130 180600  780 188 2294     2311169    -16          26    -21   32  78  226  -45  960  -22  960  -22  28  0  0 L3P 43
G07 FF 61130 180600  780 389 1459     1675774     62          -8     16   16  21  117    8  604    4  604    4  14  0  0 L3P CE
G09 FF 61130 180600  780 460  693    -7631976     45          31     19   21 140  102    8  664   53  664   53  18  0  0 L3P 07
G14 FF 61130 180600  780 694 3107    -7415281     21          15     36   15 227   79   -4  579  -59  579  -59  13  0  0 L3P 3F
G21 FF 61130 180600  780 403 2505    -4123981    -21          26     -1   18 225  113   -5  716    4  716    4  14  0  0 L3P E2
G22 FF 61130 180600  780 501 3222      257880    -63          11     -5   18  49   96  -10  733  -79  733  -79  15  0  0 L3P 13
G30 FF 61130 180600  780 493 1989    -1715138   -130          27      2   20  40   97    0  565    3  565    3  16  0  0 L3P CF
G05 FF 61130 182200  780 221 2357     2311171    -17          23    -23   27  78  194  -25  936   -3  936   -3  20  0  0 L3P 10
G07 FF 61130 182200  780 359 1377     1675820     17          -8    -30   18  21  125    9  617   34  617   34  15  0  0 L3P FA
G09 FF 61130 182200  780 411  605    -7631945     49          37     23   27 140  112   12  730   59  730   59  24  0  0 L3P 0A
G14 FF 61130 182200  780 753 2902    -7415283    -27          27    -12   15 227   76   -2  540  -17  540  -17  11  0  0 L3P 2F
G17 FF 61130 182200  780 225  130     1016375    123          36     29   28  79  191  -47 1166  -67 1166  -67  24  0  0 L3P 52
G21 FF 61130 182200  780 417 2606    -4123998    -35          29    -15   29 225  110   -1  733   41  733   41  27  0  0 L3P 2B
G22 FF 61130 182200  780 569 3147      257828    -60          14     -2   18  49   88   -7  660  -62  660  -62  14  0  0 L3P 08
G30 FF 61130 182200  780 493 1879    -1715258   -153          33    -21   12  40   97    0  555    3  555    3  10  0  0 L3P E7
G05 FF 61130 183800  780 246 2428     2311166    -35          13    -40   34  78  176  -13  941   37  941   37  28  0  0 L3P 2E
G07 FF 61130 183800  780 329 1297     1675867     53          -6      6   22  21  135   11  628   23  628   23  16  0  0 L3P F4
G09 FF 61130 183800  780 357  533    -7631924     50          33     24   29 140  126   18  820   91  820   91  23  0  0 L3P 10
G14 FF 61130 183800  780 781 2547    -7415297    -29          27    -15   14 227   75    0  515   -9  515   -9  12  0  0 L3P 1C
G17 FF 61130 183800  780 284  170     1016463    133          33     38   34  79  154  -31 1090 -155 1090 -155  32  0  0 L3P 66
G21 FF 61130 183800  780 416 2711    -4124023    -21          23      0   26 225  111    2  767   48  767   48  24  0  0 L3P F7
G22 FF 61130 183800  780 631 3039      257783    -53          25      5   10  49   82   -4  598  -54  598  -54   9  0  0 L3P F8
G30 FF 61130 183800  780 492 1769    -1715382    -95          36     37   14  40   97    0  534  -48  534  -48  13  0  0 L3P 26
G05 FF 61130 185400  780 260 2506     2311186    -26          26    -32   26  78  167   -5  944   40  944   40  21  0  0 L3P 11
G07 FF 61130 185400  780 301 1219     1675897     50         -20      4   17  21  146   13  656    9  656    9  13  0  0 L3P DB
G09 FF 61130 185400  780 299  473    -7631904     24          28     -2   36 140  147   27  942  143  942  143  31  0  0 L3P 38
G13 FF 61130 185400  780 216 2164    -6814076      2          31    -13   29 181  198  -53  837 -114  837 -114  24  0  0 L3P 68
G14 FF 61130 185400  780 760 2178    -7415329    -23           9     -9   10 227   76    1  506  -23  506  -23   9  0  0 L3P FC
G17 FF 61130 185400  780 346  213     1016553    104          33      9   26  79  129  -21  962 -151  962 -151  23  0  0 L3P 35
G21 FF 61130 185400  780 400 2814    -4124035    -28          31     -8   19 225  114    5  814   66  814   66  17  0  0 L3P 0C
G22 FF 61130 185400  780 683 2879      257723    -58          20      0   13  49   79   -2  560  -44  560  -44  12  0  0 L3P F6
G30 FF 61130 185400  780 489 1661    -1715532   -162          13    -30   16  40   97    1  535    6  535    6  15  0  0 L3P EB
G05 FF 61130 191000  780 263 2588     2311180    -44          15    -49   28  78  165    1  988   81  988   81  25  0  0 L3P 24
G07 FF 61130 191000  780 273 1143     1675968     78           7     31   27  21  159   15  646   -5  646   -5  27  0  0 L3P F5
G09 FF 61130 191000  780 239  425    -7631854     18          53     -8   38 140  181   45 1073  176 1073  176  31  0  0 L3P 57
G13 FF 61130 191000  780 277 2146    -6814057    -35          36    -50   26 181  158  -34  721  -71  721  -71  24  0  0 L3P 5C
G14 FF 61130 191000  780 709 1953    -7415343    -21          10     -6   21 227   78    3  481  -21  481  -21  18  0  0 L3P 0D
G17 FF 61130 191000  780 410  263     1016629     79          18    -15   12  79  112  -15  831 -135  831 -135   9  0  0 L3P 2B
G19 FF 61130 191000  780 227   20    -6955998    -51          65    -39   25 106  190  -53 1081  -31 1081  -31  21  0  0 L3P 5B
G20 FF 61130 191000  780 234 2175     -836897   -181          54     26   35  52  185  -49  813 -141  813 -141  30  0  0 L3P 67
G21 FF 61130 191000  780 372 2909    -4124050      3          36     24   27 225  121    9  877   57  877   57  22  0  0 L3P 00
G22 FF 61130 191000  780 714 2653      257672    -57          25      1   13  49   78   -1  518  -40  518  -40  10  0  0 L3P E2
G30 FF 61130 191000  780 484 1553    -1715647   -180          24    -48   20  40   98    1  506   35  506   35  17  0  0 L3P 0F
G05 FF 61130 192600  780 256 2671     2311244     65          74     60   24  78  169    8  987    5  987    5  21  0  0 L3P E7
G07 FF 61130 192600  780 245 1069     1676013     97           6     50   33  21  176   19  655  -37  655  -37  31  0  0 L3P 16
G13 FF 61130 192600  780 341 2136    -6814058      4          20    -11   20 181  131  -23  638  -84  638  -84  16  0  0 L3P 36
G14 FF 61130 192600  780 647 1820    -7415357      9           9     24   15 227   81    4  462  -38  462  -38  14  0  0 L3P FF
G17 FF 61130 192600  780 475  323     1016718    126          17     32   15  79  100  -11  704 -139  704 -139  13  0  0 L3P 40
G19 FF 61130 192600  780 294   50    -6956036    -48          38    -35   28 106  149  -33 1021  -74 1021  -74  23  0  0 L3P 64
G20 FF 61130 192600  780 298 2179     -837119   -216          31     -9   25  52  147  -30  713  -95  713  -95  21  0  0 L3P 49
G21 FF 61130 192600  780 336 2994    -4124068    -18          37      3   29 225  133   14  965  100  965  100  21  0  0 L3P 3B
G22 FF 61130 192600  780 717 2390      257619    -19          28     39   17  49   77    1  480  -65  480  -65  14  0  0 L3P 0B
G30 FF 61130 192600  780 477 1445    -1715766   -194          32    -63   22  40   99    1  479   38  479   38  20  0  0 L3P 30
G05 FF 61130 194200  780 240 2752     2311255    -98          79   -103   45  78  180   15 1084  249 1084  249  43  0  0 L3P 7F
G07 FF 61130 194200  780 217  997     1676070     55          19      9   29  21  197   25  647  -13  647  -13  25  0  0 L3P 0F
G13 FF 61130 194200  780 408 2135    -6814032     -4          32    -19   17 181  112  -16  549  -66  549  -66  15  0  0 L3P 4F
G14 FF 61130 194200  780 585 1728    -7415370     11          11     26   17 227   86    6  448  -36  448  -36  15  0  0 L3P 22
G17 FF 61130 194200  780 538  402     1016811    107          19     12   14  79   91   -7  604 -107  604 -107  13  0  0 L3P 16
G19 FF 61130 194200  780 366   80    -6956044     15          43     27   21 106  123  -22  894 -163  894 -163  16  0  0 L3P 52
G20 FF 61130 194200  780 365 2195     -837308   -200          40      7   25  52  124  -20  614  -92  614  -92  23  0  0 L3P 20
G21 FF 61130 194200  780 295 3070    -4124079    -26          46     -5   29 225  149   20 1046   74 1046   74  22  0  0 L3P 46
G22 FF 61130 194200  780 691 2158      257558    -85          22    -27   17  49   79    2  458   -7  458   -7  15  0  0 L3P FB
G30 FF 61130 194200  780 467 1339    -1715884    -88          29     44   24  14  101    2  456  -67  456  -67  22  0  0 L3P 34
G05 FF 61130 195800  780 216 2830     2311211    -44          30    -50   46  78  199   24 1243  121 1243  121  39  0  0 L3P 4D
G07 FF 61130 195800  780 188  926     1676107     15          11    -32   36  21  226   35  662   25  662   25  31  0  0 L3P FE
G13 FF 61130 195800  780 478 2147    -6814026     15          24      0   19 181   99  -12  492  -52  492  -52  16  0  0 L3P 2F
G14 FF 61130 195800  780 523 1655    -7415378    -27          17    -12   16 227   93    8  427   -5  427   -5  13  0  0 L3P 19
G17 FF 61130 195800  780 594  511     1016901     69          19    -26   17  79   85   -5  524  -47  524  -47  15  0  0 L3P 17
G19 FF 61130 195800  780 441  114    -6956061    -33          37    -21   29 106  106  -15  762 -134  762 -134  29  0  0 L3P 76
G20 FF 61130 195800  780 431 2227     -837508   -179          38     28   18  52  108  -14  544  -89  544  -89  16  0  0 L3P 61
G21 FF 61130 195800  780 251 3139    -4124096      0          55     20   23 226  173   30 1085   -7 1085   -7  19  0  0 L3P 1C
G22 FF 61130 195800  780 648 1986      257510    -57          30      1   19  49   81    3  426  -32  426  -32  16  0  0 L3P E8
G30 FF 61130 195800  780 454 1234    -1716047    -90          -8     42   16  14  103    3  479  -59  479  -59  13  0  0 L3P 2A
G05 FF 61130 201400  780 187 2903     2311223     48          35     43   36 149  228   37 1267  -61 1267  -61  27  0  0 L3P 4D
G13 FF 61130 201400  780 549 2179    -6814013     25          22     10   16 182   90   -8  448  -48  448  -48  15  0  0 L3P 24
G14 FF 61130 201400  780 465 1591    -7415397     -1          13     14   30 228  101   10  407  -34  407  -34  28  0  0 L3P 19
G15 FF 61130 201400  780 247 2250    -3990951    -80          31    -47   33  96  175  -36  668  -51  668  -51  28  0  0 L3P 61
G17 FF 61130 201400  780 636  662     1016987     57          19    -37   12 100   82   -2  463  -29  463  -29  10  0  0 L3P 0D
G19 FF 61130 201400  780 518  157    -6956075    -33          38    -20   17 107   94  -10  634 -109  634 -109  15  0  0 L3P 61
G20 FF 61130 201400  780 494 2281     -837703   -207          42      0   16  53   97   -9  494  -42  494  -42  14  0  0 L3P 0A
G21 FF 61130 201400  780 206 3201    -4124124    -14          47      7   32 227  207   43 1105   -4 1105   -4  25  0  0 L3P FE
G22 FF 61130 201400  780 597 1859      257451    -46          15     12   16  22   85    5  407  -42  407  -42  15  0  0 L3P EA
G30 FF 61130 201400  780 436 1132    -1716147   -144          14    -12   17  15  106    4  432   -4  432   -4  15  0  0 L3P F0
G13 FF 61130 203000  780 618 2244    -6813992     39          29     24   17 182   83   -5  407  -55  407  -55  16  0  0 L3P 2B
G14 FF 61130 203000  780 411 1532    -7415417    -23           7     -8   20 228  112   12  389  -21  389  -21  16  0  0 L3P 13
G15 FF 61130 203000  780 297 2293    -3990990      4          24     37   21  96  148  -23  596 -102  596 -102  20  0  0 L3P 4C
G17 FF 61130 203000  780 654  851     1017076     90          16     -4   15 100   81    0  408  -48  408  -48  14  0  0 L3P DC
G19 FF 61130 203000  780 596  217    -6956091    -21          35     -8   17 107   85   -7  526  -96  526  -96  12  0  0 L3P 2D
G20 FF 61130 203000  780 551 2364     -837904   -197          41     10   15  53   90   -6  461  -45  461  -45  15  0  0 L3P 0F
G22 FF 61130 203000  780 544 1759      257405    -72          25    -14   15  22   90    6  372  -15  372  -15  13  0  0 L3P E9
G30 FF 61130 203000  780 415 1034    -1716279    -71          10     61   22  15  111    5  430  -57  430  -57  20  0  0 L3P F5
G13 FF 61130 204600  780 680 2365    -6813976     16          31      1   16 182   79   -3  383  -20  383  -20  14  0  0 L3P 0C
G14 FF 61130 204600  780 360 1475    -7415426    -51          13    -36   21 228  125   15  360    3  360    3  18  0  0 L3P FC
G15 FF 61130 204600  780 343 2351    -3991021    -25          24      8   23  96  130  -14  535  -55  535  -55  22  0  0 L3P 21
G17 FF 61130 204600  780 641 1043     1017154     74           4    -20   10 100   82    2  365  -36  365  -36   8  0  0 L3P D2
G19 FF 61130 204600  780 670  316    -6956107    -32          31    -20   17 107   80   -4  442  -74  442  -74  15  0  0 L3P 20
G20 FF 61130 204600  780 595 2486     -838101   -224          42    -17   12  53   85   -3  433   -7  433   -7  11  0  0 L3P F9
G22 FF 61130 204600  780 491 1675      257344    -84          20    -26   22  22   97    8  343  -19  343  -19  21  0  0 L3P FB
G30 FF 61130 204600  780 388  941    -1716404   -126          10      6   26  15  117    8  427  -13  427  -13  22  0  0 L3P FC
G13 FF 61130 210200  780 722 2577    -6813953     31          30     16   14   2   77   -1  365  -22  365  -22  12  0  0 L3P E7
G14 FF 61130 210200  780 313 1418    -7415431     24          21     39   24 228  141   19  319  -67  319  -67  19  0  0 L3P 30
G15 FF 61130 210200  780 380 2424    -3991042    -49          35    -16   21  96  119   -9  490  -21  490  -21  19  0  0 L3P 34
G17 FF 61130 210200  780 602 1197     1017245     98           4      4   14 100   85    4  323  -46  323  -46  12  0  0 L3P C8
G19 FF 61130 210200  780 732  499    -6956123     14          27     27   27 107   77   -2  372  -82  372  -82  18  0  0 L3P 1E
G20 FF 61130 210200  780 619 2646     -838297   -316          44   -109   33  53   83   -1  419   56  419   56  21  0  0 L3P 29
G22 FF 61130 210200  780 441 1600      257297    -67          29     -9   27  22  106   10  302  -19  302  -19  26  0  0 L3P F5
G30 FF 61130 210200  780 357  854    -1716521   -163          21    -31   22  15  126   11  421   41  421   41  22  0  0 L3P F4
G06 FF 61130 211800  780 201  397     6121146    -30           5    -21   38  36  213  -47  989 -189  989 -189  34  0  0 L3P 59
G13 FF 61130 211800  780 726 2860    -6813943     17          25      2   12   2   77    1  365    4  365    4  10  0  0 L3P 94
G14 FF 61130 211800  780 269 1361    -7415470    -56          -3    -41   21 228  162   24  297   -2  297   -2  15  0  0 L3P 22
G15 FF 61130 211800  780 407 2511    -3991078    -28          31      5   19  96  113   -5  474  -20  474  -20  17  0  0 L3P 18
G17 FF 61130 211800  780 547 1301     1017320     93         -11     -2   21 100   90    7  291  -39  291  -39  19  0  0 L3P F5
G19 FF 61130 211800  780 761  813    -6956140    -46          21    -34   25 107   76    0  317  -29  317  -29  20  0  0 L3P 1A
G20 FF 61130 211800  780 616 2821     -838507   -227          33    -20   11  53   84    1  423   20  423   20  10  0  0 L3P DB
G22 FF 61130 211800  780 393 1530      257233    -57          20      1   22  22  116   12  271  -37  271  -37  20  0  0 L3P DD
G30 FF 61130 211800  780 321  775    -1716662   -163           6    -31   25  15  138   15  447   39  447   39  19  0  0 L3P 1B
G06 FF 61130 213400  780 247  458     6121162    -25          29    -16   35  36  175  -32  766 -188  766 -188  25  0  0 L3P 69
G13 FF 61130 213400  780 688 3097    -6813934    -12          20    -27   13   2   79    3  377   42  377   42  12  0  0 L3P F4
G14 FF 61130 213400  780 229 1304    -7415464    -39          16    -24   26 228  188   31  239  -44  239  -44  19  0  0 L3P 58
G15 FF 61130 213400  780 420 2609    -3991108    -23          32     10   27  96  110   -1  471    1  471    1  25  0  0 L3P D0
G17 FF 61130 213400  780 482 1366     1017412     75         -10    -19   35 100   99   11  249  -27  249  -27  34  0  0 L3P 2B
G19 FF 61130 213400  780 737 1132    -6956175     51          -2     63   13 107   77    2  284  -87  284  -87  11  0  0 L3P 1C
G20 FF 61130 213400  780 589 2979     -838706   -199          33      8   12  53   86    4  439   17  439   17  11  0  0 L3P 03
G22 FF 61130 213400  780 348 1463      257166    -97           9    -39   28  22  129   14  245   -6  245   -6  23  0  0 L3P F1
G24 FF 61130 213400  780 224 2196      569519   -113          21     60   33  82  192  -46  395 -150  395 -150  30  0  0 L3P 52
G30 FF 61130 213400  780 281  702    -1716780    -60          15     72   27  15  156   22  480   11  480   11  22  0  0 L3P E9
G06 FF 61130 215000  780 293  525     6121142    -42          18    -33   34  36  150  -22  603 -127  603 -127  27  0  0 L3P 34
G12 FF 61130 215000  780 205 2625     6079859    -55          18    -55   39  14  208  -28  869 -212  869 -212  34  0  0 L3P 7B
G13 FF 61130 215000  780 627 3246    -6813921      4          19    -11   16   2   83    5  407   55  407   55  14  0  0 L3P C6
G14 FF 61130 215000  780 192 1246    -7415522    -52         -27    -37   28 228  222   41  238    3  238    3  22  0  0 L3P 0F
G15 FF 61130 215000  780 420 2712    -3991137    -44          35    -11   29  96  110    2  493   53  493   53  27  0  0 L3P 0D
G17 FF 61130 215000  780 414 1404     1017500    127         -13     33   22 100  111   16  220  -48  220  -48  19  0  0 L3P 10
G19 FF 61130 215000  780 679 1316    -6956181     -1           5     11   16 107   79    4  246  -43  246  -43  14  0  0 L3P FD
G20 FF 61130 215000  780 542 3105     -838913   -219          25    -12   18  53   91    6  482   66  482   66  16  0  0 L3P 03
G22 FF 61130 215000  780 306 1396      257123    -54          21      4   19  22  144   18  205  -28  205  -28  16  0  0 L3P E8
G24 FF 61130 215000  780 281 2174      569364   -201          32    -28   28  82  156  -31  315  -35  315  -35  25  0  0 L3P 34
G30 FF 61130 215000  780 237  637    -1716912   -122           9     10   33  15  182   34  568  111  568  111  27  0  0 L3P 1A
G06 FF 61130 220600  780 337  599     6121133     15          17     24   26  61  132  -15  471 -136  471 -136  21  0  0 L3P 26
G11 FF 61130 220600  780 207  150     3884392   -108          43     21   30  68  207  -54 1014 -209 1014 -209  21  0  0 L3P 5B
G12 FF 61130 220600  780 233 2553     6079881      0          40      0   30  19  185  -21  642 -165  642 -165  26  0  0 L3P 18
G13 FF 61130 220600  780 555 3337    -6813903     31          23     16   20   3   89    8  451   41  451   41  18  0  0 L3P C9
G15 FF 61130 220600  780 406 2813    -3991180    -22          28     11   20  97  113    5  548   55  548   55  17  0  0 L3P 07
G17 FF 61130 220600  780 345 1424     1017589     69         -14    -25   19 102  130   23  194   -7  194   -7  18  0  0 L3P 1C
G19 FF 61130 220600  780 609 1405    -6956189    -14           8     -1   17 108   84    6  212  -24  212  -24  15  0  0 L3P 03
G20 FF 61130 220600  780 486 3200     -839110   -207          22      0   19  54   98    9  536   64  536   64  15  0  0 L3P DF
G22 FF 61130 220600  780 267 1331      257057    -76          11    -18   22  23  163   22  191   -1  191   -1  17  0  0 L3P DE
G24 FF 61130 220600  780 341 2158      569196   -184          24    -12   18  83  131  -22  261  -40  261  -40  14  0  0 L3P 2B
G30 FF 61130 220600  780 190  580    -1717018   -154          33    -22   38  16  224   56  680  190  680  190  32  0  0 L3P 3E
G06 FF 61130 222200  780 376  683     6121121     14          14     23   30  61  120  -10  378 -117  378 -117  26  0  0 L3P 1B
G11 FF 61130 222200  780 265  195     3884273   -155          48    -27   34  68  164  -35  819 -154  819 -154  29  0  0 L3P 81
G12 FF 61130 222200  780 260 2481     6079881      2          40      2   31  19  167  -16  495 -136  495 -136  28  0  0 L3P 29
G13 FF 61130 222200  780 480 3398    -6813905    -18           6    -32   30   3   99   12  532  122  532  122  29  0  0 L3P 0A
G15 FF 61130 222200  780 380 2909    -3991208    -50          31    -17   16  97  119    8  616  100  616  100  14  0  0 L3P 2C
G17 FF 61130 222200  780 277 1429     1017694     90           0     -5   21 102  158   36  158  -23  158  -23  17  0  0 L3P 08
G19 FF 61130 222200  780 536 1447    -6956203    -15           5     -3   20 108   91    9  190  -21  190  -21  17  0  0 L3P FA
G20 FF 61130 222200  780 424 3272     -839317   -215          14     -8   23  54  109   13  619   94  619   94  19  0  0 L3P 19
G22 FF 61130 222200  780 230 1265      256999    -12          10     46   28  23  187   28  181  -44  181  -44  22  0  0 L3P 09
G24 FF 61130 222200  780 404 2150      569029   -184          24    -11   17  83  113  -16  231    2  231    2  18  0  0 L3P DD
G06 FF 61130 223800  780 407  778     6121099    -54           1    -45   19  61  113   -6  307  -37  307  -37  16  0  0 L3P 0D
G11 FF 61130 223800  780 326  243     3884142   -165          41    -36   18  68  136  -24  661 -142  661 -142  14  0  0 L3P 5E
G12 FF 61130 223800  780 286 2407     6079872    -36          30    -36   21  19  153  -13  390  -79  390  -79  19  0  0 L3P 54
G13 FF 61130 223800  780 406 3444    -6813887     49          10     34   45   3  113   18  632   95  632   95  43  0  0 L3P 06
G15 FF 61130 223800  780 345 2995    -3991220    -34          38     -1   27   5  130   13  700  101  700  101  22  0  0 L3P 06
G17 FF 61130 223800  780 211 1424     1017788     24           3    -71   28 102  203   61  131   34  131   34  23  0  0 L3P E6
G19 FF 61130 223800  780 463 1464    -6956211    -18           9     -6   19 108  102   13  163  -25  163  -25  18  0  0 L3P 2D
G20 FF 61130 223800  780 361 3331     -839517   -245          12    -38   43  54  125   19  726  172  726  172  42  0  0 L3P 4C
G22 FF 61130 223800  780 196 1199      256973    -70          39    -12   29  23  217   36  143   -1  143   -1  22  0  0 L3P F6
G24 FF 61130 223800  780 471 2153      568855   -174          15     -1   18  83  100  -11  215  -18  215  -18  16  0  0 L3P 21
G06 FF 61130 225400  780 425  882     6121092    -26           3    -16   23  61  109   -3  249  -31  249  -31  21  0  0 L3P F6
G11 FF 61130 225400  780 388  297     3884004   -158          26    -30   22  68  117  -17  538 -101  538 -101  18  0  0 L3P 65
G12 FF 61130 225400  780 312 2333     6079864     -8          23     -8   21  19  141  -11  314  -56  314  -56  17  0  0 L3P 0E
G13 FF 61130 225400  780 333 3482    -6813859     28          24     13   17   3  134   26  769  173  769  173  13  0  0 L3P 31
G15 FF 61130 225400  780 305 3073    -3991246    -48          43    -15   38   5  145   19  809  141  809  141  28  0  0 L3P 42
G19 FF 61130 225400  780 393 1465    -6956219     -5          18      7   18   4  116   18  143  -37  143  -37  18  0  0 L3P 0C
G20 FF 61130 225400  780 300 3382     -839712   -169          16     38   41  54  147   28  878  145  878  145  39  0  0 L3P 5A
G24 FF 61130 225400  780 539 2171      568696   -155          22     18   18  83   91   -8  206  -12  206  -12  16  0  0 L3P 12
G06 FF 61130 231000  780 429  991     6121079    -16          -1     -7   21  61  108    1  206  -33  206  -33  20  0  0 L3P D6
G11 FF 61130 231000  780 451  362     3883892   -125          37      4   15  68  104  -12  429  -98  429  -98  14  0  0 L3P 2D
G12 FF 61130 231000  780 339 2258     6079859    -15          17    -15   31  19  131  -10  268  -33  268  -33  29  0  0 L3P 41
G13 FF 61130 231000  780 264 3516    -6813853     69          16     54   26   3  165   40  971  184  971  184  21  0  0 L3P 29
G15 FF 61130 231000  780 261 3143    -3991277    -51          45    -18   30   5  166   27  955  179  955  179  26  0  0 L3P 4F
G19 FF 61130 231000  780 326 1455    -6956213     48          36     60   27   4  136   25  115  -83  115  -83  22  0  0 L3P 0E
G20 FF 61130 231000  780 241 3427     -839898   -159          29     48   25  54  180   41 1053  135 1053  135  17  0  0 L3P 62
G24 FF 61130 231000  780 609 2213      568533   -211          25    -39   15  83   84   -6  211   42  211   42  14  0  0 L3P E7
G06 FF 61130 232600  780 418 1096     6121072     -2           0      7   24  61  110    4  174  -22  174  -22  20  0  0 L3P B4
G11 FF 61130 232600  780 511  444     3883759   -137          27     -8   14  68   94   -8  349  -82  349  -82  13  0  0 L3P 26
G12 FF 61130 232600  780 367 2182     6079861     11          19     11   22  19  123   -9  224  -45  224  -45  19  0  0 L3P 0C
G13 FF 61130 232600  780 199 3550    -6813829     41          26     27   26   3  215   66 1133   58 1133   58  17  0  0 L3P 26
G15 FF 61130 232600  780 217 3208    -3991331    -53          22    -20   20   5  198   39 1085   51 1085   51  15  0  0 L3P 2B
G19 FF 61130 232600  780 264 1438    -6956231     50          30     62   24   4  165   36  114  -58  114  -58  18  0  0 L3P 14
G20 FF 61130 232600  780 185 3471     -840099   -171          26     36   24  54  230   63 1122  -76 1122  -76  18  0  0 L3P 50
G24 FF 61130 232600  780 675 2300      568369   -187          27    -15   15  83   80   -4  219   24  219   24  13  0  0 L3P 06
G06 FF 61130 234200  780 391 1190     6121072    -21           9    -11   29  61  117    9  146    0  146    0  26  0  0 L3P B2
G11 FF 61130 234200  780 564  553     3883641   -121          33      7   16  68   88   -5  273  -81  273  -81  14  0  0 L3P 04
G12 FF 61130 234200  780 396 2104     6079861     16          20     16   29  19  115   -8  200  -40  200  -40  26  0  0 L3P F7
G19 FF 61130 234200  780 205 1414    -6956240    -22          33    -10   37   4  209   57  107   13  107   13  31  0  0 L3P F5
G24 FF 61130 234200  780 730 2471      568195   -193          18    -20   15  83   77   -2  238   29  238   29  13  0  0 L3P 0B
