CGGTTS     GENERIC DATA FORMAT VERSION = 2E
REV DATE = 2025-11-01
RCVR = PolaRx5TR (5.6.0)     sbf2cggtts-1.5.0
CH = 80
IMS = PolaRx5TR
LAB = LRTE
X = 3967035.920 m
Y = -4390028.540 m
Z = -2375644.640 m
FRAME = ITRF
COMMENTS = LS=18; ElMask=10deg; 'Generated from the SBF in 2025-12-15 at 23:50:00'
INT DLY = 24.9 ns (GPS P1),  15.7 ns (GPS P2)     CAL_ID = 1201-2025
CAB DLY = 103.1 ns
REF DLY = 47.2 ns
REF = UTC(LRTE)
CKSUM = f7

SAT CL  MJD  STTIME TRKL ELV AZTH   REFSV      SRSV     REFSYS    SRSYS  DSG IOE MDTR SMDT MDIO SMDI MSIO SMSI ISG FR HC FRC CK
             hhmmss  s  .1dg .1dg    .1ns     .1ps/s     .1ns    .1ps/s .1ns     .1ns.1ps/s.1ns.1ps/s.1ns.1ps/s.1ns
G04 FF 61024 001000  780 297  884     -314907    -85           2    -59   26  73  148   14  294   90  294   90  21  0  0 L3P FC
G07 FF 61024 001000  780 545 1954     1211020     44         -18    -10   17  82   90    3  253  -22  253  -22  15  0  0 L3P E4
G09 FF 61024 001000  780 560 1268    -7675449    -19         -29     -3   15   8   89    0  242   -2  242   -2  14  0  0 L3P DC
G14 FF 61024 001000  780 333 3370    -7219172    -94         -45    -66   99  41  134  -27  497 -674  497 -674 100  0  0 L3P A7
G20 FF 61024 001000  780 237 2282    -3620505    -25           5    -26   30  54  182  -35  390   15  390   15  24  0  0 L3P 01
G21 FF 61024 001000  780 239 2228    -3557647    -89          -2     17   31  44  181  -42  375  -33  375  -33  26  0  0 L3P 3A
G30 FF 61024 001000  780 476 2439     -554337   -111         -17      8   16  60   99   -3  263   62  263   62  22  0  0 L3P F3
G04 FF 61024 002600  780 265  806     -314967     50         -32     76   32  73  164   20  364  -12  364  -12  27  0  0 L3P 03
G07 FF 61024 002600  780 516 1835     1211079     45         -12     -9   17  82   94    4  232   -2  232   -2  15  0  0 L3P C3
G09 FF 61024 002600  780 557 1128    -7675458    -40         -22    -25   19   8   89    1  245   25  245   25  17  0  0 L3P 09
G14 FF 61024 002600  780 407 3348    -7219138    -28          16      0   62  41  113  -18  232  471  232  471  49  0  0 L3P 2D
G20 FF 61024 002600  780 281 2340    -3620515    -21          -6    -23   36  54  156  -21  380  -24  380  -24  30  0  0 L3P 21
G21 FF 61024 002600  780 294 2269    -3557747   -106           0     -1   23  44  149  -25  361  -27  361  -27  20  0  0 L3P 31
G22 FF 61024 002600  780 227 3345      694683   -213          -5   -176  120  18  190  -53  737  118  737  118 109  0  0 L3P 83
G30 FF 61024 002600  780 490 2325     -554456   -119         -21      0   21  60   97   -2  324  -19  324  -19  19  0  0 L3P 06
G04 FF 61024 004200  780 229  734     -314969    -63          -9    -37   37  73  188   30  394   80  394   80  32  0  0 L3P 10
G07 FF 61024 004200  780 485 1728     1211116     60         -26      5   16  82   98    5  220  -28  220  -28  14  0  0 L3P DD
G08 FF 61024 004200  780 178 1048    -5145302     91         -14     57   36  53  237   -1  273  -69  273  -69  29  0  0 L3P 38
G09 FF 61024 004200  780 543  992    -7675470    -27         -19    -11   19   8   91    2  250  -38  250  -38  21  0  0 L3P 09
G14 FF 61024 004200  780 483 3314    -7219212     49         -32     76   49  41   98  -12  312  214  312  214  88  0  0 L3P 31
G20 FF 61024 004200  780 316 2411    -3620523    -21         -16    -23   28  54  140  -13  389    2  389    2  26  0  0 L3P FD
G21 FF 61024 004200  780 345 2326    -3557853   -135          -5    -30   21  44  130  -16  339   26  339   26  24  0  0 L3P 30
G22 FF 61024 004200  780 294 3325      694645     20          -7     57   40  18  149  -32  484 -585  484 -585  62  0  0 L3P 4B
G30 FF 61024 004200  780 498 2209     -554565   -113         -16      6   22  60   96   -1  301  -31  301  -31  20  0  0 L3P F3
G04 FF 61024 005800  780 189  668     -314974    -61          10    -34   47  73  225   49  426   96  426   96  41  0  0 L3P 1D
G07 FF 61024 005800  780 453 1630     1211185     79         -11     24   14  82  103    6  211  -12  211  -12  13  0  0 L3P E5
G08 FF 61024 005800  780 175 1119    -5145255     59           1     25   35  53  242   11  253  -26  253  -26  32  0  0 L3P 07
G09 FF 61024 005800  780 518  864    -7675484    -43         -19    -27   20   8   94    4  169  -65  169  -65  18  0  0 L3P 2F
G14 FF 61024 005800  780 559 3264    -7219214    -46          -9    -19   27  41   89   -8  333 -107  333 -107  28  0  0 L3P 57
G20 FF 61024 005800  780 341 2493    -3620535      9         -29      8   22  54  131   -7  350 -102  350 -102  25  0  0 L3P 12
G21 FF 61024 005800  780 387 2399    -3557962   -148         -13    -42   21  44  117  -10  338   59  338   59  19  0  0 L3P 6B
G22 FF 61024 005800  780 363 3295      694617    100           1    137   47  18  124  -21  398 -576  398 -576  47  0  0 L3P 68
G30 FF 61024 005800  780 501 2094     -554677   -114         -13      5   20  60   96    0  274  -17  274  -17  16  0  0 L3P FD
G07 FF 61024 011400  780 422 1539     1211238     83         -10     29   20  82  109    7  229    4  229    4  17  0  0 L3P C2
G09 FF 61024 011400  780 482  751    -7675508      2         -26     18   24   8   99    6  144    5  144    5  22  0  0 L3P A1
G14 FF 61024 011400  780 633 3186    -7219244    -63         -12    -35   21  41   82   -5  291   59  291   59  24  0  0 L3P 1A
G20 FF 61024 011400  780 354 2584    -3620526     38         -21     37   20  54  127   -2  414   27  414   27  17  0  0 L3P FF
G21 FF 61024 011400  780 418 2489    -3558066   -110         -15     -4   20  44  110   -6  287   14  287   14  24  0  0 L3P 1D
G22 FF 61024 011400  780 432 3254      694602   -119          22    -81   61  18  107  -14  328  -35  328  -35  96  0  0 L3P 39
G30 FF 61024 011400  780 501 1980     -554806    -92         -28     27   21  60   96    0  270  -43  270  -43  19  0  0 L3P FC
G05 FF 61024 013000  780 210 2326     2255012    -15          -4    -22   36  73  204  -32  498   11  498   11  35  0  0 L3P FE
G07 FF 61024 013000  780 391 1452     1211284     71         -16     16   18  82  116    8  253   -8  253   -8  16  0  0 L3P E0
G09 FF 61024 013000  780 438  655    -7675513      5         -17     21   25   8  106   10  178   30  178   30  21  0  0 L3P D6
G14 FF 61024 013000  780 702 3058    -7219273    -41         -15    -14   33  41   78   -3  247  112  247  112  39  0  0 L3P 2B
G20 FF 61024 013000  780 353 2678    -3620520    -19         -16    -21   17  54  127    2  450   60  450   60  16  0  0 L3P 02
G21 FF 61024 013000  780 436 2591    -3558178   -117         -25    -12   16  44  107   -2  361   -2  361   -2  15  0  0 L3P 1D
G22 FF 61024 013000  780 500 3197      694556    -65          12    -28   30  18   96  -10  240 -245  240 -245  46  0  0 L3P 33
G30 FF 61024 013000  780 497 1869     -554916   -105         -23     14   21  60   96    1  244  -28  244  -28  18  0  0 L3P 1A
G05 FF 61024 014600  780 239 2393     2255034    -17          11    -24   39  73  180  -18  281 -158  281 -158  46  0  0 L3P 67
G07 FF 61024 014600  780 362 1369     1211344     58          -8      4   16  82  124    9  253    4  253    4  13  0  0 L3P A5
G09 FF 61024 014600  780 387  574    -7675528    -54         -17    -38   26   8  118   14  247   98  247   98  22  0  0 L3P 3B
G14 FF 61024 014600  780 755 2830    -7219297     14         -12     41   22  41   76   -1  209 -128  209 -128  27  0  0 L3P 3B
G17 FF 61024 014600  780 220  103        6056    229         -23    104   46 175  195  -50  370 -277  370 -277  39  0  0 L3P 40
G20 FF 61024 014600  780 340 2770    -3620497     70           6     69   39  54  131    6  423 -189  423 -189  35  0  0 L3P 32
G21 FF 61024 014600  780 437 2700    -3558274    -81         -20     25   21  44  106    1  370    4  370    4  19  0  0 L3P D7
G22 FF 61024 014600  780 566 3118      694502    -37          -6      1   14  18   88   -7  306   44  306   44  19  0  0 L3P CE
G30 FF 61024 014600  780 492 1759     -555027   -103         -20     17   16  60   97    1  225  -31  225  -31  13  0  0 L3P 04
G05 FF 61024 020200  780 259 2469     2255041    -49          10    -56   26  75  168   -9  219   62  219   62  26  0  0 L3P 1B
G07 FF 61024 020200  780 334 1288     1211404     75          -4     21   19  93  133   10  259  -19  259  -19  16  0  0 L3P 06
G09 FF 61024 020200  780 331  507    -7675544    -15         -11      1   29  27  134   21  308   60  308   60  24  0  0 L3P EB
G14 FF 61024 020200  780 774 2472    -7219309    -25           0      2   12  42   75    0  233  -21  233  -21  10  0  0 L3P C0
G17 FF 61024 020200  780 280  140        6183     62          -9    -63   21 176  156  -33  346    5  346    5  22  0  0 L3P A7
G20 FF 61024 020200  780 317 2858    -3620497     16           4     15   35  55  140   11  278 -140  278 -140  32  0  0 L3P 27
G21 FF 61024 020200  780 423 2808    -3558368   -110         -15     -4   21  45  109    5  367  -46  367  -46  19  0  0 L3P 39
G22 FF 61024 020200  780 626 3006      694474    -57           2    -19   17  19   83   -4  274  -19  274  -19  15  0  0 L3P FD
G30 FF 61024 020200  780 485 1652     -555135   -109          -6     10   19  61   98    1  218  -28  218  -28  16  0  0 L3P 02
G05 FF 61024 021800  780 268 2549     2255055    -61          18    -68   31  75  163   -2  219  102  219  102  24  0  0 L3P 2F
G07 FF 61024 021800  780 307 1209     1211450     23         -10    -32   23  93  144   12  258   24  258   24  18  0  0 L3P F9
G09 FF 61024 021800  780 272  452    -7675551    -14          -2      2   32  27  160   34  361   66  361   66  24  0  0 L3P EA
G13 FF 61024 021800  780 240 2156    -6921190     43         -19     34   35  21  180  -44  222  -46  222  -46  31  0  0 L3P 26
G14 FF 61024 021800  780 747 2141    -7219342    -23          -7      5   16  42   76    2  227  -20  227  -20  15  0  0 L3P E2
G17 FF 61024 021800  780 343  179        6285    139         -27     14   31 176  130  -22  308 -154  308 -154  38  0  0 L3P 2F
G19 FF 61024 021800  780 202   19    -6804878    -21          16     -1   51  51  212  -65  502 -293  502 -293  46  0  0 L3P 33
G20 FF 61024 021800  780 286 2939    -3620504    -38          -4    -39   31  55  153   17  209  180  209  180  29  0  0 L3P 47
G21 FF 61024 021800  780 396 2907    -3558475   -162         -21    -57   28  45  115    8  273  -38  273  -38  25  0  0 L3P 62
G22 FF 61024 021800  780 674 2845      694433    -26          -3     11   17  19   80   -2  259  -30  259  -30  16  0  0 L3P F5
G30 FF 61024 021800  780 476 1546     -555257    -88         -14     31   16  61   99    2  211  -30  211  -30  15  0  0 L3P FA
G05 FF 61024 023400  780 265 2633     2255039     62          -5     55   25  75  164    4  392  242  392  242  37  0  0 L3P 0D
G07 FF 61024 023400  780 280 1132     1211504     23          -8    -31   40  93  156   14  265   59  265   59  40  0  0 L3P F3
G09 FF 61024 023400  780 212  408    -7675580   -128         -17   -112   45  27  203   57  431  154  431  154  37  0  0 L3P 63
G13 FF 61024 023400  780 302 2141    -6921188    -13         -25    -23   26  21  146  -29  189  -40  189  -40  21  0  0 L3P 46
G14 FF 61024 023400  780 695 1938    -7219377    -45         -15    -18   15  42   79    3  226   16  226   16  12  0  0 L3P 19
G17 FF 61024 023400  780 409  224        6420    163         -12     38   16 176  112  -16  292  -17  292  -17  16  0  0 L3P FD
G19 FF 61024 023400  780 267   50    -6804884   -103          30    -83   30  51  163  -40  413  -50  413  -50  26  0  0 L3P 24
G20 FF 61024 023400  780 250 3013    -3620515     -5         -16     -6   26  55  173   25  481  339  481  339  27  0  0 L3P 28
G21 FF 61024 023400  780 360 2996    -3558570    -83         -14     23   29  45  125   12  176   56  176   56  30  0  0 L3P 2E
G22 FF 61024 023400  780 702 2627      694388    -46         -12     -8   15  19   78   -1  252    4  252    4  14  0  0 L3P C3
G30 FF 61024 023400  780 465 1442     -555383   -146         -25    -27   24  61  101    2  217   34  217   34  20  0  0 L3P 05
G05 FF 61024 025000  780 253 2716     2255099   -113          48   -120   33  75  171   11  426  123  426  123  29  0  0 L3P 4E
G07 FF 61024 025000  780 252 1057     1211555     88         -10     34   31  93  172   18  283   -2  283   -2  30  0  0 L3P E9
G13 FF 61024 025000  780 368 2134    -6921184     16         -30      7   18  21  123  -20  139  -64  139  -64  16  0  0 L3P 1E
G14 FF 61024 025000  780 634 1812    -7219395    -44          -7    -17   19  42   82    5  222   19  222   19  16  0  0 L3P F8
G17 FF 61024 025000  780 477  279        6534    139         -18     14   15 176   99  -11  275  -46  275  -46  13  0  0 L3P 0E
G19 FF 61024 025000  780 336   81    -6804929    -41           5    -20   25  51  133  -26  355  -46  355  -46  21  0  0 L3P 11
G20 FF 61024 025000  780 212 3081    -3620494    -27           4    -28   34  55  202   36  631   68  631   68  25  0  0 L3P 07
G21 FF 61024 025000  780 318 3074    -3558654   -139           4    -33   45  45  139   18  316  251  316  251  33  0  0 L3P 46
G22 FF 61024 025000  780 703 2381      694366    -41           2     -4   16  19   78    1  204  -86  204  -86  14  0  0 L3P D0
G30 FF 61024 025000  780 453 1339     -555486   -166         -14    -46   25  61  103    3  215   53  215   53  25  0  0 L3P 11
G05 FF 61024 030600  780 233 2796     2255078    -50          21    -57   25  75  185   19  481   87  481   87  21  0  0 L3P 2D
G07 FF 61024 030600  780 224  984     1211614     -1          -3    -55   37  93  192   24  305   67  305   67  33  0  0 L3P E8
G13 FF 61024 030600  780 436 2138    -6921175     25         -30     16   17  21  107  -14  121  -13  121  -13  15  0  0 L3P 15
G14 FF 61024 030600  780 573 1722    -7219423     10          -9     37   15  42   87    6  222  -22  222  -22  13  0  0 L3P E4
G17 FF 61024 030600  780 543  350        6652    129         -20      4   18 176   91   -8  248  -32  248  -32  16  0  0 L3P D2
G19 FF 61024 030600  780 410  115    -6804950    -20           3      0   28  51  112  -17  304  -55  304  -55  25  0  0 L3P E8
G21 FF 61024 030600  780 272 3144    -3558759    -57           0     49   29  45  160   26  413  134  413  134  31  0  0 L3P 25
G22 FF 61024 030600  780 679 2163      694328    -49           0    -11   13  19   79    2  191   15  191   15  15  0  0 L3P CE
G30 FF 61024 030600  780 437 1239     -555582   -155           5    -36   14  61  106    3  202   47  202   47  13  0  0 L3P ED
G05 FF 61024 032200  780 206 2871     2255074    -28          10    -34   22  75  208   29  519   37  519   37  20  0  0 L3P 12
G07 FF 61024 032200  780 195  913     1211667    -24          -3    -79   26  93  219   33  329   89  329   89  21  0  0 L3P 17
G13 FF 61024 032200  780 507 2158    -6921158     14         -22      4   16  21   95  -10  115   -9  115   -9  14  0  0 L3P E1
G14 FF 61024 032200  780 513 1649    -7219445    -45          -4    -17   14  42   94    8  224  -12  224  -12  13  0  0 L3P 04
G15 FF 61024 032200  780 218 2231    -3672646    -33          26      4   44 102  197  -48  374  -52  374  -52  40  0  0 L3P 39
G17 FF 61024 032200  780 604  452        6775    135         -17     10   18 176   85   -5  222  -41  222  -41  15  0  0 L3P D6
G19 FF 61024 032200  780 485  156    -6804964     -1           9     19   22  51   98  -12  247  -78  247  -78  18  0  0 L3P 15
G21 FF 61024 032200  780 226 3207    -3558871   -130         -11    -24   29  45  190   37  516   55  516   55  23  0  0 L3P 3C
G22 FF 61024 032200  780 638 1995      694302    -44          10     -6   16  19   82    3  125  -91  125  -91  13  0  0 L3P E3
G30 FF 61024 032200  780 419 1141     -555698   -129           3    -10   20  61  110    5  213   16  213   16  16  0  0 L3P DB
G13 FF 61024 033800  780 577 2201    -6921147      4         -19     -5   14  21   87   -7  108    9  108    9  13  0  0 L3P C3
G14 FF 61024 033800  780 457 1585    -7219468    -13          -1     14   20  42  103   10  189  -40  189  -40  18  0  0 L3P 26
G15 FF 61024 033800  780 271 2267    -3672695    -52          12    -16   26 102  161  -29  334  -26  334  -26  25  0  0 L3P 5B
G17 FF 61024 033800  780 653  601        6902    123         -11     -2   14 176   81   -3  172  -28  172  -28  16  0  0 L3P D3
G19 FF 61024 033800  780 562  211    -6804991    -16           2      4   18  51   88   -8  176 -125  176 -125  21  0  0 L3P 10
G21 FF 61024 033800  780 181 3265    -3558976   -104         -14      2   45  45  234   54  482 -101  482 -101  34  0  0 L3P 5C
G22 FF 61024 033800  780 590 1867      694261    -56           5    -19   13  19   86    5  104   35  104   35  13  0  0 L3P D3
G30 FF 61024 033800  780 396 1047     -555818    -96          -1     24   20  61  115    6  210  -29  210  -29  16  0  0 L3P FD
G13 FF 61024 035400  780 644 2285    -6921133     15         -15      6   17  21   82   -4   99   -8   99   -8  16  0  0 L3P CD
G14 FF 61024 035400  780 403 1525    -7219484    -77           9    -50   22  42  113   12  171   68  171   68  17  0  0 L3P 11
G15 FF 61024 035400  780 320 2316    -3672722    -17          20     19   23 102  139  -18  285  -69  285  -69  21  0  0 L3P 50
G17 FF 61024 035400  780 679  804        7012    125         -21      0   15 176   79   -1  168  -23  168  -23  13  0  0 L3P CE
G19 FF 61024 035400  780 637  295    -6805003     12           9     33   20  51   82   -5  138  -34  138  -34  17  0  0 L3P E5
G22 FF 61024 035400  780 539 1766      694228    -28           8      9   16  19   91    6  119   19  119   19  14  0  0 L3P CA
G30 FF 61024 035400  780 370  957     -555929   -111           2      8   22  61  122    8  194  -17  194  -17  23  0  0 L3P E9
G13 FF 61024 041000  780 700 2440    -6921131     17         -16      7   16  42   78   -2  104   -9  104   -9  13  0  0 L3P C4
G14 FF 61024 041000  780 354 1466    -7219530    -32          -7     -5   22  43  127   15  194    3  194    3  19  0  0 L3P DC
G15 FF 61024 041000  780 362 2380    -3672765    -63          11    -27   22 103  124  -12  242  -19  242  -19  20  0  0 L3P 3F
G17 FF 61024 041000  780 671 1022        7133    140         -18     15   13 177   80    2  125  -44  125  -44  12  0  0 L3P C7
G19 FF 61024 041000  780 703  441    -6805024    -31          10    -10   16  59   78   -3  106  -21  106  -21  13  0  0 L3P EC
G22 FF 61024 041000  780 489 1679      694188    -23           4     14   17  20   98    8  131  -11  131  -11  14  0  0 L3P D2
G30 FF 61024 041000  780 339  873     -556042   -124           5     -5   26  71  131   11  173  -15  173  -15  22  0  0 L3P EC
G13 FF 61024 042600  780 728 2689    -6921126      2         -20     -7   11  42   77    0   98  -11   98  -11  10  0  0 L3P CC
G14 FF 61024 042600  780 308 1409    -7219538     -1          11     26   19  43  143   19  165  -41  165  -41  16  0  0 L3P 16
G15 FF 61024 042600  780 395 2459    -3672803    -37           8     -1   25 103  115   -7  204  -37  204  -37  22  0  0 L3P 20
G17 FF 61024 042600  780 632 1195        7264    137          -7     12   16 177   82    4  105   14  105   14  13  0  0 L3P B0
G19 FF 61024 042600  780 746  696    -6805043    -57          10    -37   26  59   76   -1   86   31   86   31  19  0  0 L3P F1
G22 FF 61024 042600  780 440 1602      694152    -58           4    -20   25  20  106    9  129   11  129   11  22  0  0 L3P C0
G30 FF 61024 042600  780 305  795     -556153   -228           9   -109   26  71  145   16  152   80  152   80  26  0  0 L3P 12
G06 FF 61024 044200  780 217  406     5895988     53          14     -5   35  34  198  -42  170  -35  170  -35  27  0  0 L3P 1C
G13 FF 61024 044200  780 714 2967    -6921112     20         -15     11   12  42   78    2   83   -7   83   -7  11  0  0 L3P B4
G14 FF 61024 044200  780 266 1351    -7219579     33          -3     60   24  43  164   24  155  -56  155  -56  20  0  0 L3P 1C
G15 FF 61024 044200  780 417 2552    -3672834    -21          12     16   19 103  110   -3  176  -24  176  -24  17  0  0 L3P 2A
G17 FF 61024 044200  780 575 1309        7383    127          -8      2   21 177   87    6  106  -12  106  -12  20  0  0 L3P BB
G19 FF 61024 044200  780 742 1019    -6805054     72          18     93   21  59   76    1   78  -61   78  -61  15  0  0 L3P EC
G22 FF 61024 044200  780 394 1530      694122    -35          10      3   20  20  116   11  125    0  125    0  18  0  0 L3P 8D
G30 FF 61024 044200  780 266  723     -556277   -108           0     11   26  71  164   24  155   -5  155   -5  22  0  0 L3P D9
G06 FF 61024 045800  780 264  468     5896027     74          -3     16   30  34  165  -28  157  -44  157  -44  26  0  0 L3P 23
G12 FF 61024 045800  780 191 2664     6051972    -30           1    -36   37  44  222  -34  273   21  273   21  30  0  0 L3P 01
G13 FF 61024 045800  780 665 3166    -6921106      1         -18     -8   13  42   80    4   86    5   86    5  10  0  0 L3P 93
G14 FF 61024 045800  780 226 1292    -7219576     -8          25     20   23  43  190   31  126  -25  126  -25  20  0  0 L3P 12
G15 FF 61024 045800  780 425 2653    -3672856      1          10     36   22   8  109    0  161  -31  161  -31  19  0  0 L3P DF
G17 FF 61024 045800  780 509 1377        7508    150          -6     25   22   0   95   10  105   -9  105   -9  21  0  0 L3P 99
G19 FF 61024 045800  780 696 1248    -6805057    -20          36      1   16  59   78    3   69    5   69    5  13  0  0 L3P B5
G22 FF 61024 045800  780 350 1460      694083    -54           7    -17   17  20  128   14  134   14  134   14  15  0  0 L3P E0
G24 FF 61024 045800  780 233 2192     2013530   -130          19     11   29  20  185  -43  222  -80  222  -80  28  0  0 L3P 25
G30 FF 61024 045800  780 224  658     -556400   -119          -9      1   33  71  192   37  169    4  169    4  28  0  0 L3P D3
G06 FF 61024 051400  780 310  536     5896093     70           8     12   30  34  142  -19  131  -22  131  -22  23  0  0 L3P E3
G12 FF 61024 051400  780 220 2593     6051986     70           9     65   26  44  195  -24  250  -79  250  -79  23  0  0 L3P 1F
G13 FF 61024 051400  780 598 3287    -6921094     19         -14      9   22  42   85    6   85    2   85    2  20  0  0 L3P A4
G14 FF 61024 051400  780 190 1233    -7219613      5          15     32   23  43  224   41  133  -38  133  -38  17  0  0 L3P F9
G15 FF 61024 051400  780 418 2757    -3672886    -78          15    -43   23   8  110    3  157   38  157   38  20  0  0 L3P 0F
G17 FF 61024 051400  780 439 1415        7635    145           1     20   27   0  106   14  100   -9  100   -9  25  0  0 L3P 87
G19 FF 61024 051400  780 630 1368    -6805077    -24          35     -4   12  59   83    5   71   15   71   15  11  0  0 L3P C6
G22 FF 61024 051400  780 309 1392      694074     -5          34     33   19  20  143   17  111  -33  111  -33  15  0  0 L3P E2
G24 FF 61024 051400  780 291 2172     2013388   -157          12    -16   31  20  151  -29  185  -22  185  -22  29  0  0 L3P 3E
G06 FF 61024 053000  780 354  614     5896144     58           3      0   29  34  127  -13  119   -9  119   -9  23  0  0 L3P CC
G11 FF 61024 053000  780 223  156     5095997   -216           3    -80   27 121  193  -48  107   47  107   47  25  0  0 L3P 25
G12 FF 61024 053000  780 247 2521     6051999      2          17     -3   27  44  175  -18  231  -24  231  -24  24  0  0 L3P FD
G13 FF 61024 053000  780 525 3363    -6921090     10         -19      0   36  42   93   10   92    5   92    5  35  0  0 L3P 99
G15 FF 61024 053000  780 399 2857    -3672918     15          16     50   24   8  115    6  155  -29  155  -29  20  0  0 L3P 0D
G17 FF 61024 053000  780 368 1433        7757    154           3     29   21   0  123   21  104    1  104    1  17  0  0 L3P 6C
G19 FF 61024 053000  780 558 1427    -6805107    -32          25    -12   16  59   89    8   88   25   88   25  16  0  0 L3P F4
G22 FF 61024 053000  780 271 1325      694042    -92          38    -55   22  20  161   21  106   39  106   39  16  0  0 L3P F0
G24 FF 61024 053000  780 352 2159     2013253   -112          13     28   20  20  127  -20  156  -43  156  -43  18  0  0 L3P 1C
G06 FF 61024 054600  780 392  701     5896198     91           2     33   25  34  116   -9  109  -52  109  -52  20  0  0 L3P F3
G11 FF 61024 054600  780 282  201     5095868   -158           3    -22   35 121  155  -32   90    4   90    4  30  0  0 L3P CC
G12 FF 61024 054600  780 273 2448     6052006      7          18      1   27  44  159  -14  204  -22  204  -22  23  0  0 L3P E7
G13 FF 61024 054600  780 450 3417    -6921096     13         -34      4   21  42  104   14  111   -8  111   -8  20  0  0 L3P D8
G15 FF 61024 054600  780 369 2949    -3672954    -17          14     18   16   8  122   10  155  -18  155  -18  13  0  0 L3P 2C
G17 FF 61024 054600  780 300 1437        7874     90           0    -35   22   0  147   31  115   29  115   29  17  0  0 L3P 9F
G19 FF 61024 054600  780 486 1454    -6805129    -30          23    -10   21  59   98   11  104    3  104    3  19  0  0 L3P E4
G22 FF 61024 054600  780 236 1258      693992    -24          24     14   19  20  183   26  108  -24  108  -24  14  0  0 L3P 0D
G24 FF 61024 054600  780 416 2154     2013114   -172           9    -31   22  20  111  -15  144    2  144    2  20  0  0 L3P CB
G06 FF 61024 060200  780 420  800     5896259     56           5     -2   23  35  110   -5  102   10  102   10  19  0  0 L3P A8
G11 FF 61024 060200  780 344  249     5095741   -136           6      0   18 122  130  -22   81    3   81    3  14  0  0 L3P 9E
G12 FF 61024 060200  780 299 2374     6052006     -5          12    -10   30  45  147  -12  193  -15  193  -15  27  0  0 L3P 14
G13 FF 61024 060200  780 376 3459    -6921077     37         -23     28   37  43  120   20  108  -16  108  -16  32  0  0 L3P 27
G15 FF 61024 060200  780 331 3032    -3672981    -19          27     16   25   9  134   15  153  -15  153  -15  18  0  0 L3P 12
G17 FF 61024 060200  780 233 1430        8022    171          30     46   29   6  185   50  104  -24  104  -24  27  0  0 L3P BD
G19 FF 61024 060200  780 415 1463    -6805148    -35          20    -14   23  81  111   16  106   21  106   21  22  0  0 L3P FE
G22 FF 61024 060200  780 202 1191      693962    -48          25    -11   26  21  211   34  102   22  102   22  20  0  0 L3P D2
G24 FF 61024 060200  780 483 2161     2012970   -115           0     26   20  22   98  -11  134  -47  134  -47  19  0  0 L3P 06
G06 FF 61024 061800  780 436  908     5896310     71           0     13   17  35  107   -2   99   -8   99   -8  16  0  0 L3P B9
G11 FF 61024 061800  780 407  305     5095609   -139           3     -4   20 122  113  -15   78   18   78   18  15  0  0 L3P E7
G12 FF 61024 061800  780 326 2299     6052021     32          22     26   20  45  136  -10  162  -47  162  -47  16  0  0 L3P 0E
G13 FF 61024 061800  780 305 3495    -6921061     24         -16     15   24  43  145   31  101  -21  101  -21  19  0  0 L3P 0D
G15 FF 61024 061800  780 289 3107    -3673023      7          19     43   29   9  152   22  153  -30  153  -30  24  0  0 L3P F6
G19 FF 61024 061800  780 347 1458    -6805171     10          17     30   26  81  129   22  108  -12  108  -12  22  0  0 L3P 13
G24 FF 61024 061800  780 552 2185     2012828   -133          -6      8   15  22   90   -8  119  -16  119  -16  13  0  0 L3P FF
G06 FF 61024 063400  780 436 1017     5896365     66          -1      8   20  35  107    2  103   -3  103   -3  19  0  0 L3P B9
G11 FF 61024 063400  780 471  373     5095472   -134          -4      1   19 122  100  -11   88    5   88    5  17  0  0 L3P BE
G12 FF 61024 063400  780 353 2223     6052004      6          -1      1   24  45  127   -9  159  -25  159  -25  22  0  0 L3P D1
G13 FF 61024 063400  780 238 3530    -6921059     17         -22      8   23  43  182   48  102   -7  102   -7  19  0  0 L3P F0
G15 FF 61024 063400  780 244 3174    -3673062    -76          15    -41   21   9  177   31  151   34  151   34  19  0  0 L3P 09
G19 FF 61024 063400  780 282 1445    -6805192     -1          16     19   20  81  155   32  115   -9  115   -9  18  0  0 L3P F8
G24 FF 61024 063400  780 620 2237     2012706   -134           6      7   17  22   83   -5   99  -14   99  -14  15  0  0 L3P D2
G06 FF 61024 065000  780 419 1122     5896427     84           5     26   23  35  110    5   99  -16   99  -16  19  0  0 L3P DF
G11 FF 61024 065000  780 530  461     5095353   -134           8      1   16 122   92   -7   86    4   86    4  13  0  0 L3P 8D
G12 FF 61024 065000  780 381 2146     6052018     -8           7    -13   21  45  119   -8  137    3  137    3  19  0  0 L3P BA
G15 FF 61024 065000  780 200 3237    -3673093    -33          17      2   30   9  213   45  148  -11  148  -11  24  0  0 L3P F2
G19 FF 61024 065000  780 222 1425    -6805182    -55          44    -35   25  81  194   50   96   59   96   59  17  0  0 L3P 19
G24 FF 61024 065000  780 684 2340     2012566   -132           3      9   14  22   79   -3   98  -10   98  -10  14  0  0 L3P CB
G06 FF 61024 071800  780 357 1271     5896531     47          13    -11   20  35  126   14   89   16   89   16  18  0  0 L3P F2
G11 FF 61024 071800  780 609  689     5095119   -102          -5     33   16 123   84   -3   77  -22   77  -22  13  0  0 L3P F7
G12 FF 61024 071800  780 434 2007     6052029     -9           8    -15   15  45  107   -7  108   -6  108   -6  14  0  0 L3P D6
G24 FF 61024 071800  780 748 2754     2012326   -130          -1     11   12  22   76    0   91   -7   91   -7  11  0  0 L3P AC
G29 FF 61024 071800  780 241 2919     4095574    -61          28      1   26   2  179  -31  147  -19  147  -19  22  0  0 L3P 1C
G06 FF 61024 073400  780 308 1333     5896582     90           8     32   19  35  143   23  102  -16  102  -16  16  0  0 L3P FC
G11 FF 61024 073400  780 626  863     5094995   -113           1     23   16 123   83    0   79  -15   79  -15  14  0  0 L3P E1
G12 FF 61024 073400  780 467 1923     6052035      5          10     -1   17  45  101   -6   98   -9   98   -9  16  0  0 L3P B3
G20 FF 61024 073400  780 197  524    -3620462    -24           9    -25   39  57  217  -41   94   17   94   17  31  0  0 L3P F0
G24 FF 61024 073400  780 728 3048     2012185   -157          -7    -16   14  22   77    2   92    7   92    7  12  0  0 L3P B7
G25 FF 61024 073400  780 220 2257    -4559871     -4          26    -25   41  62  195  -36  154  -13  154  -13  34  0  0 L3P 37
G29 FF 61024 073400  780 283 2848     4095523    -75          37    -13   26   2  155  -20  139    3  139    3  24  0  0 L3P F4
G06 FF 61024 075000  780 253 1378     5896641     71          11     13   30  35  172   37  119   13  119   13  20  0  0 L3P F1
G11 FF 61024 075000  780 615 1039     5094870   -143           6     -8   17 123   84    2   76   16   76   16  15  0  0 L3P D0
G12 FF 61024 075000  780 501 1832     6052037     41           6     35   16  45   96   -5   93  -27   93  -27  14  0  0 L3P C5
G20 FF 61024 075000  780 234  592    -3620465     -5           5     -6   42  57  184  -28  107   12  107   12  36  0  0 L3P DB
G24 FF 61024 075000  780 674 3242     2012052   -130          -4     11   12  22   80    4   89   -6   89   -6   9  0  0 L3P A0
G25 FF 61024 075000  780 264 2207    -4559856      8          19    -14   38  62  165  -27  137   13  137   13  32  0  0 L3P 1B
G29 FF 61024 075000  780 320 2770     4095450    -91          23    -29   22   2  139  -14  141   22  141   22  18  0  0 L3P FB
G06 FF 61024 080600  780 194 1410     5896695     55          12     -3   46  50  220   65  174   68  174   68  33  0  0 L3P 0B
G11 FF 61024 080600  780 579 1183     5094732   -127          -2      8   14 124   87    4   96    7   96    7  13  0  0 L3P BB
G12 FF 61024 080600  780 535 1733     6052045      7           8      1   14  46   91   -4   97    6   97    6  12  0  0 L3P 69
G20 FF 61024 080600  780 269  665    -3620470    -11          -2    -12   32  72  162  -19  120   42  120   42  26  0  0 L3P F9
G24 FF 61024 080600  780 605 3354     2011922   -154           1    -13   17  25   84    6   93   29   93   29  15  0  0 L3P CB
G25 FF 61024 080600  780 311 2160    -4559838     -4          14    -26   32  63  142  -21  130   16  130   16  29  0  0 L3P 09
G29 FF 61024 080600  780 352 2685     4095391    -89          19    -28   22  30  127  -10  141   25  141   25  20  0  0 L3P 1F
G05 FF 61024 082200  780 211  404     2255222    -30          33    -37   47  84  203  -43  126   43  126   43  40  0  0 L3P F0
G11 FF 61024 082200  780 527 1286     5094609   -108           5     27   24 124   92    7  103   -7  103   -7  22  0  0 L3P E3
G12 FF 61024 082200  780 568 1620     6052057     60          14     55   12  46   88   -3  101  -47  101  -47  12  0  0 L3P EB
G20 FF 61024 082200  780 299  745    -3620471     66          -4     65   30  72  147  -12  141  -45  141  -45  24  0  0 L3P 12
G21 FF 61024 082200  780 194  718    -3560713   -128          46    -24   69  48  220  -31  138   43  138   43  60  0  0 L3P 32
G24 FF 61024 082200  780 531 3423     2011782   -129          -3     12   37  25   92    9  111    3  111    3  36  0  0 L3P B0
G25 FF 61024 082200  780 362 2114    -4559820     15          12     -6   23  63  124  -16  127    7  127    7  20  0  0 L3P DB
G29 FF 61024 082200  780 379 2595     4095334    -64          21     -3   20  30  119   -7  140    9  140    9  18  0  0 L3P DC
G05 FF 61024 083800  780 257  467     2255218     29          23     22   40  84  169  -29  152  -10  152  -10  33  0  0 L3P 0C
G11 FF 61024 083800  780 465 1354     5094483   -143           8     -8   30 124  101   11  121   27  121   27  29  0  0 L3P 05
G12 FF 61024 083800  780 596 1489     6052055     -2           6     -8   13  46   85   -2  113   16  113   16  12  0  0 L3P C4
G20 FF 61024 083800  780 322  831    -3620449    -33          17    -34   25  72  138   -7  134   41  134   41  23  0  0 L3P FD
G21 FF 61024 083800  780 220  792    -3560837    -90          22     15   30  48  195  -20  175  -11  175  -11  25  0  0 L3P 23
G24 FF 61024 083800  780 455 3472     2011654   -132           4      9   34  25  103   14  120    3  120    3  33  0  0 L3P B1
G25 FF 61024 083800  780 417 2070    -4559815     27          -4      6   22  63  110  -13  147   -8  147   -8  18  0  0 L3P FA
G29 FF 61024 083800  780 402 2501     4095272    -51          17     10   20  30  114   -5  145    8  145    8  17  0  0 L3P CC
G05 FF 61024 085400  780 303  536     2255220     10          18      4   27  84  146  -20  165   12  165   12  24  0  0 L3P CB
G11 FF 61024 085400  780 400 1396     5094348   -144           3     -9   20 124  114   16  153   42  153   42  17  0  0 L3P 04
G12 FF 61024 085400  780 617 1339     6052062     17           8     11   15  46   84   -1  123   -1  123   -1  14  0  0 L3P AE
G20 FF 61024 085400  780 335  922    -3620465     16           0     15   24  72  133   -3  168    6  168    6  19  0  0 L3P B7
G21 FF 61024 085400  780 240  870    -3560935   -145          24    -41   30  48  180  -12  183   64  183   64  26  0  0 L3P 2E
G24 FF 61024 085400  780 381 3510     2011511   -157          -4    -16   20  25  119   20  145   29  145   29  15  0  0 L3P 0A
G25 FF 61024 085400  780 477 2026    -4559772      6          18    -16   18  63   99  -10  131   20  131   20  15  0  0 L3P FF
G29 FF 61024 085400  780 420 2403     4095210    -54          14      8   16  30  110   -4  158    5  158    5  13  0  0 L3P B8
G05 FF 61024 091000  780 345  613     2255217    -31          10    -37   24  84  129  -14  181   33  181   33  21  0  0 L3P F7
G11 FF 61024 091000  780 333 1419     5094219   -119           5     16   28 124  134   24  188   25  188   25  21  0  0 L3P 16
G12 FF 61024 091000  780 625 1172     6052070     36          10     30   15  46   83    0  131  -20  131  -20  13  0  0 L3P BB
G18 FF 61024 091000  780 204 3216     4767136    -71          17     28   30  88  210  -64  187   -4  187   -4  24  0  0 L3P 11
G20 FF 61024 091000  780 337 1014    -3620460    -45           3    -46   20  72  132    2  178   64  178   64  19  0  0 L3P F0
G21 FF 61024 091000  780 253  951    -3561064   -129          -4    -24   27  48  171   -5  226   32  226   32  24  0  0 L3P 0B
G24 FF 61024 091000  780 310 3544     2011388   -185           9    -44   13  25  143   30  161   57  161   57  10  0  0 L3P 01
G25 FF 61024 091000  780 540 1981    -4559744    -18          25    -39   14  63   91   -8  133   44  133   44  13  0  0 L3P 13
G29 FF 61024 091000  780 435 2303     4095152    -53          16      9   20  30  107   -3  167    3  167    3  17  0  0 L3P BD
G05 FF 61024 092600  780 383  700     2255222     29           8     23   22  84  119   -9  188  -20  188  -20  19  0  0 L3P F0
G11 FF 61024 092600  780 267 1428     5094091   -126           6      9   20 124  163   38  240   58  240   58  13  0  0 L3P 08
G12 FF 61024 092600  780 618 1000     6052077      8          12      2   15  46   83    1  143   12  143   12  11  0  0 L3P 8E
G18 FF 61024 092600  780 267 3175     4767069    -99          45      0   25  88  163  -37  179    7  179    7  18  0  0 L3P 17
G20 FF 61024 092600  780 325 1103    -3620473    -40         -11    -41   38  72  136    7  214   73  214   73  33  0  0 L3P 05
G21 FF 61024 092600  780 256 1033    -3561164   -135          -4    -31   30  48  170    1  241   53  241   53  24  0  0 L3P 01
G24 FF 61024 092600  780 242 3576     2011258   -164          14    -23   27  25  179   47  185   61  185   61  22  0  0 L3P 2E
G25 FF 61024 092600  780 608 1934    -4559729      1          20    -20   18  63   84   -6  142   24  142   24  16  0  0 L3P EF
G28 FF 61024 092600  780 189 2309     6231790    -14          34     24   37 152  225  -44  248  -11  248  -11  34  0  0 L3P 45
G29 FF 61024 092600  780 447 2201     4095095    -53          17      9   20  30  104   -2  176   -2  176   -2  17  0  0 L3P DF
G05 FF 61024 094200  780 411  797     2255223    -23           2    -30   25  84  112   -5  196   19  196   19  22  0  0 L3P E9
G11 FF 61024 094200  780 203 1426     5093974   -211          19    -76   30 124  211   64  294  114  294  114  25  0  0 L3P 54
G12 FF 61024 094200  780 593  842     6052064      8          -6      2   26  46   85    3  168    5  168    5  21  0  0 L3P 80
G18 FF 61024 094200  780 328 3124     4766964   -118          34    -19   25  88  135  -23  191    4  191    4  18  0  0 L3P 25
G20 FF 61024 094200  780 302 1185    -3620473     10         -12      8   22  30  146   13  245   11  245   11  18  0  0 L3P DB
G21 FF 61024 094200  780 248 1113    -3561274   -239         -13   -134   38  48  174    9  272  146  272  146  32  0  0 L3P 6B
G25 FF 61024 094200  780 678 1876    -4559721      2           7    -19   13  63   79   -4  150    4  150    4  12  0  0 L3P C2
G28 FF 61024 094200  780 222 2372     6231743    -60          23    -22   28 152  193  -25  258    1  258    1  25  0  0 L3P 08
G29 FF 61024 094200  780 456 2100     4095026    -92           7    -31   21  30  103   -2  187   20  187   20  19  0  0 L3P EB
G05 FF 61024 095800  780 427  902     2255203    -11         -24    -17   28  84  108   -2  223   27  223   27  25  0  0 L3P 00
G12 FF 61024 095800  780 554  708     6052059    -35         -17    -41   20  46   89    5  187   42  187   42  20  0  0 L3P FB
G18 FF 61024 095800  780 387 3059     4766857   -148          22    -49   48  88  117  -15  198   37  198   37  33  0  0 L3P 79
G20 FF 61024 095800  780 268 1256    -3620471     21         -10     20   19  30  163   22  278   23  278   23  14  0  0 L3P 07
G21 FF 61024 095800  780 231 1188    -3561374    -65         -12     40   27  48  187   18  303    6  303    6  20  0  0 L3P FD
G25 FF 61024 095800  780 752 1789    -4559711      3          -3    -19   19  63   76   -3  155   18  155   18  16  0  0 L3P 08
G28 FF 61024 095800  780 247 2443     6231691    -13           8     25   31 152  175  -13  264  -18  264  -18  26  0  0 L3P 3A
G29 FF 61024 095800  780 464 1997     4094957    -72          -3    -10   21  30  101   -1  195    6  195    6  19  0  0 L3P FB
G05 FF 61024 101400  780 427 1009     2255210     13         -21      6   25  85  108    1  236   12  236   12  20  0  0 L3P B7
G12 FF 61024 101400  780 505  599     6052062     17         -20     11   23  47   95    8  209   18  209   18  16  0  0 L3P CB
G18 FF 61024 101400  780 442 2979     4766758    -93          14      6   13  89  105  -10  208    4  208    4  13  0  0 L3P EA
G20 FF 61024 101400  780 225 1315    -3620465     29          -7     28   28  34  191   38  323   31  323   31  23  0  0 L3P ED
G21 FF 61024 101400  780 203 1256    -3561466    -23          -3     81   22  49  211   33  337  -20  337  -20  18  0  0 L3P 0D
G25 FF 61024 101400  780 822 1578    -4559686     44          -2     23   25  64   74   -1  162  -13  162  -13  25  0  0 L3P 05
G28 FF 61024 101400  780 261 2521     6231661      4          17     42   33 153  166   -5  264  -24  264  -24  28  0  0 L3P 02
G29 FF 61024 101400  780 470 1895     4094890    -91         -12    -30   13  33  100   -1  214   39  214   39  10  0  0 L3P 0A
G05 FF 61024 103000  780 413 1111     2255228     46         -10     39   28  85  111    5  248  -19  248  -19  25  0  0 L3P 01
G12 FF 61024 103000  780 447  514     6052084     42          -3     37   22  47  104   11  227    4  227    4  19  0  0 L3P A5
G18 FF 61024 103000  780 490 2882     4766660    -70          12     29   17  89   97   -7  215  -16  215  -16  15  0  0 L3P 1C
G25 FF 61024 103000  780 849  807    -4559675     11         -12    -11   14  64   74    0  181   18  181   18  12  0  0 L3P E7
G28 FF 61024 103000  780 264 2603     6231619   -104          12    -66   24 153  165    1  285   71  285   71  23  0  0 L3P 1C
G29 FF 61024 103000  780 476 1791     4094836    -70          -7     -8   20  33   99   -1  221   15  221   15  17  0  0 L3P E5
G05 FF 61024 104600  780 384 1201     2255241     57          -4     50   26  85  118    9  270   -8  270   -8  23  0  0 L3P D1
G12 FF 61024 104600  780 385  448     6052084      5          -9      0   22  47  118   17  264   34  264   34  17  0  0 L3P BF
G18 FF 61024 104600  780 530 2765     4766564   -127          11    -28   15  89   92   -4  220   19  220   19  13  0  0 L3P 17
G23 FF 61024 104600  780 249 3534    -5860531    -99          16    -47   25  90  174  -48  269   22  269   22  20  0  0 L3P 44
G25 FF 61024 104600  780 786  366    -4559664     30         -22      9   12  64   75    2  198    9  198    9   9  0  0 L3P BF
G28 FF 61024 104600  780 257 2686     6231642     18          72     56   26 153  169    7  244  -40  244  -40  22  0  0 L3P 1E
G29 FF 61024 104600  780 480 1686     4094771    -55         -13      6   13  33   99   -1  238    1  238    1  12  0  0 L3P CC
G05 FF 61024 110200  780 344 1276     2255250     10         -15      3   27   7  130   15  308   49  308   49  20  0  0 L3P CA
G12 FF 61024 110200  780 320  396     6052097     17          -1     11   22  47  139   26  298   38  298   38  18  0  0 L3P EA
G18 FF 61024 110200  780 557 2631     4766476    -72          17     27   17  89   89   -2  217  -12  217  -12  16  0  0 L3P 1B
G23 FF 61024 110200  780 323 3544    -5860582    -61          15     -8   19  90  138  -30  255  -17  255  -17  16  0  0 L3P 35
G25 FF 61024 110200  780 707  249    -4559643     20         -22     -2   19  64   78    4  210   22  210   22  16  0  0 L3P C5
G28 FF 61024 110200  780 241 2767     6231559     18          26     57   24 153  179   14  307  -36  307  -36  23  0  0 L3P 2F
G29 FF 61024 110200  780 483 1579     4094710    -98         -15    -36   20  33   98    0  249   49  249   49  17  0  0 L3P 1B
G05 FF 61024 111800  780 295 1335     2255263     36          -8     30   24   7  149   25  345   25  345   25  18  0  0 L3P E5
G12 FF 61024 111800  780 254  357     6052112     71           8     65   25  47  171   43  341    4  341    4  18  0  0 L3P A5
G18 FF 61024 111800  780 572 2484     4766368    -99           4      0   21  89   87   -1  230    7  230    7  16  0  0 L3P BD
G23 FF 61024 111800  780 400 3550    -5860647    -77           1    -25   15  90  114  -20  256   17  256   17  12  0  0 L3P 11
G25 FF 61024 111800  780 624  197    -4559628     15         -27     -7   15  64   83    6  229   25  229   25  11  0  0 L3P EC
G26 FF 61024 111800  780 203 2224     2950092     25          27    -37   41  73  211  -59  383  -13  383  -13  38  0  0 L3P 29
G28 FF 61024 111800  780 218 2844     6231519    -28          23     11   23 153  197   23  330   21  330   21  22  0  0 L3P 03
G29 FF 61024 111800  780 484 1470     4094644    -26         -22     35   15  33   98    0  266  -21  266  -21  13  0  0 L3P 0A
G05 FF 61024 113400  780 241 1378     2255283     10           4      3   22   7  179   40  395   67  395   67  14  0  0 L3P CA
G12 FF 61024 113400  780 188  328     6052129    105          20    100   38  47  227   75  399   -8  399   -8  26  0  0 L3P 13
G15 FF 61024 113400  780 185  726    -3673686     13          29     48   37  31  229  -32  439  -82  439  -82  34  0  0 L3P 3B
G18 FF 61024 113400  780 574 2334     4766278   -109           4    -11   17  90   87    0  232   23  232   23  13  0  0 L3P EA
G23 FF 61024 113400  780 481 3553    -5860700    -16          -2     36   22  90   99  -13  255  -35  255  -35  18  0  0 L3P 27
G25 FF 61024 113400  780 542  167    -4559596     32         -16     11   22  64   91   10  244   13  244   13  20  0  0 L3P E1
G26 FF 61024 113400  780 260 2252     2950144     11          19    -51   27  73  167  -35  354    2  354    2  24  0  0 L3P E2
G28 FF 61024 113400  780 190 2917     6231482    -50          24    -11   32 153  224   35  368   43  368   43  23  0  0 L3P 22
G29 FF 61024 113400  780 482 1360     4094587    -64         -20     -3   18  33   98    1  274   20  274   20  15  0  0 L3P EA
G05 FF 61024 115000  780 184 1408     2255244   -150         -41   -157   39   7  231   68  515  207  515  207  27  0  0 L3P 53
G15 FF 61024 115000  780 209  799    -3673738    -52          11    -16   27  31  204  -21  454   -5  454   -5  22  0  0 L3P 10
G18 FF 61024 115000  780 564 2190     4766185    -98           5      0   10  90   88    2  246    3  246    3  10  0  0 L3P 9C
G23 FF 61024 115000  780 564 3553    -5860737    -51          11      1   18  90   88   -9  240  -12  240  -12  14  0  0 L3P F9
G25 FF 61024 115000  780 461  150    -4559561     19          -2     -2   14  64  102   14  268   39  268   39  12  0  0 L3P E7
G26 FF 61024 115000  780 314 2293     2950215     87          30     24   23  73  141  -22  328  -32  328  -32  19  0  0 L3P 13
G29 FF 61024 115000  780 476 1249     4094537    -94         -12    -33   22  33   99    1  286   47  286   47  17  0  0 L3P 19
G10 FF 61024 120600  780 235 3361     5737238     43          16      3   42  57  184  -53  364  -39  364  -39  41  0  0 L3P 18
G15 FF 61024 120600  780 228  874    -3673793    -14          -8     21   31  51  189  -12  471  -16  471  -16  27  0  0 L3P 2E
G18 FF 61024 120600  780 545 2058     4766084   -116           1    -17   13  91   90    2  262   28  262   28  11  0  0 L3P EE
G23 FF 61024 120600  780 650 3551    -5860795    -43          -2     10   16  91   81   -6  239   -8  239   -8  12  0  0 L3P F4
G25 FF 61024 120600  780 382  141    -4559544     18          -9     -4   26  65  119   21  307   43  307   43  23  0  0 L3P EA
G26 FF 61024 120600  780 363 2350     2950261     71          15      8   23  74  124  -14  327   -5  327   -5  20  0  0 L3P DB
G29 FF 61024 120600  780 464 1138     4094482    -92          -7    -31   18  37  101    3  300   44  300   44  15  0  0 L3P ED
G10 FF 61024 122200  780 306 3339     5737277     45          17      5   22  57  144  -32  340  -21  340  -21  20  0  0 L3P F8
G15 FF 61024 122200  780 240  952    -3673803     -5          16     30   30  51  180   -5  468   -3  468   -3  26  0  0 L3P D8
G18 FF 61024 122200  780 522 1938     4765994   -104           5     -5   27  91   93    3  283   37  283   37  25  0  0 L3P F8
G23 FF 61024 122200  780 738 3550    -5860847   -108          -4    -56   23  91   77   -4  247   60  247   60  22  0  0 L3P 23
G25 FF 61024 122200  780 306  138    -4559510     38           5     16   14  65  144   33  343   46  343   46  11  0  0 L3P DB
G26 FF 61024 122200  780 405 2425     2950327     69          20      7   18  74  113   -9  324   -1  324   -1  14  0  0 L3P C9
G29 FF 61024 122200  780 447 1031     4094430    -62           0     -1   25  37  104    4  318   31  318   31  25  0  0 L3P C0
G10 FF 61024 123800  780 378 3306     5737315     28          17    -12   26  57  120  -20  323   -4  323   -4  24  0  0 L3P FA
G15 FF 61024 123800  780 243 1030    -3673853    -46           0    -11   26  51  178    1  496   25  496   25  22  0  0 L3P FC
G18 FF 61024 123800  780 495 1829     4765902    -85           8     14   21  91   97    4  303   10  303   10  18  0  0 L3P DB
G23 FF 61024 123800  780 826 3563    -5860911    -17         -18     35   35  91   74   -2  265  -26  265  -26  33  0  0 L3P 36
G25 FF 61024 123800  780 233  141    -4559488     34           6     13   29  65  185   55  409   84  409   84  25  0  0 L3P 01
G26 FF 61024 123800  780 437 2516     2950388     59          21     -3   21   0  106   -5  321    6  321    6  19  0  0 L3P B2
G29 FF 61024 123800  780 423  929     4094371    -58           0      4   24  37  109    6  339   19  339   19  19  0  0 L3P DA
G10 FF 61024 125400  780 452 3261     5737347     38          10     -2   18  57  104  -14  315  -20  315  -20  15  0  0 L3P 03
G15 FF 61024 125400  780 236 1106    -3673882      7           4     42   33  51  182    8  515  -11  515  -11  26  0  0 L3P E1
G16 FF 61024 125400  780 235 2261    -1676854    -23           7     55   27  53  184  -38  452  -59  452  -59  21  0  0 L3P 40
G18 FF 61024 125400  780 468 1729     4765815   -108          16     -9   16  91  101    5  323   42  323   42  13  0  0 L3P 07
G23 FF 61024 125400  780 885 1477    -5860924   -110          19    -58   19  91   74    0  241   70  241   70  16  0  0 L3P 1B
G26 FF 61024 125400  780 454 2621     2950452     49          25    -13   18   0  103   -2  322   18  322   18  15  0  0 L3P DC
G29 FF 61024 125400  780 392  834     4094308   -115          -4    -54   16  37  116    9  369   88  369   88  14  0  0 L3P 24
G10 FF 61024 131000  780 524 3196     5737392     49          17      9   14  57   93   -9  303  -18  303  -18  12  0  0 L3P F2
G15 FF 61024 131000  780 220 1178    -3673897    -29          23      6   31  51  195   18  537   43  537   43  24  0  0 L3P 0D
G16 FF 61024 131000  780 282 2313    -1676920   -112          16    -34   34  53  155  -23  431   16  431   16  27  0  0 L3P 2A
G18 FF 61024 131000  780 441 1636     4765719   -114          15    -15   31  91  106    5  355   44  355   44  27  0  0 L3P 15
G23 FF 61024 131000  780 799 1653    -5860995     -3          -1     49   20  91   75    2  278  -31  278  -31  19  0  0 L3P 0A
G26 FF 61024 131000  780 455 2733     2950508     47          21    -15   20   0  103    1  333   15  333   15  18  0  0 L3P C4
G29 FF 61024 131000  780 356  747     4094251    -24          -2     37   23  37  126   13  404    4  404    4  21  0  0 L3P BA
G10 FF 61024 132600  780 592 3103     5737430     45          17      5   12  57   86   -6  301   -1  301   -1  10  0  0 L3P AA
G15 FF 61024 132600  780 196 1243    -3673932     16          22     51   29  51  218   31  594   37  594   37  25  0  0 L3P 18
G16 FF 61024 132600  780 322 2378    -1676989   -102          23    -24   18  53  138  -14  413    9  413    9  17  0  0 L3P 28
G18 FF 61024 132600  780 415 1547     4765627   -115          18    -16   20  91  111    6  384   51  384   51  17  0  0 L3P 1B
G23 FF 61024 132600  780 715 1648    -5861038    -70           6    -18   14  91   78    4  293   37  293   37  12  0  0 L3P 00
G26 FF 61024 132600  780 441 2844     2950556     83           9     20   16   0  106    4  349   -1  349   -1  13  0  0 L3P B5
G29 FF 61024 132600  780 314  670     4094207   -111          13    -50   19  37  141   18  441   91  441   91  18  0  0 L3P 0C
G10 FF 61024 134200  780 651 2966     5737468     29          17    -11   15  57   81   -4  298   10  298   10  14  0  0 L3P FF
G16 FF 61024 134200  780 353 2456    -1677075    -92          12    -14   24  53  127   -8  410   -7  410   -7  21  0  0 L3P 08
G18 FF 61024 134200  780 389 1461     4765525    -78          11     21   20  91  117    6  422    5  422    5  17  0  0 L3P D1
G23 FF 61024 134200  780 635 1630    -5861088    -55           6     -2   13  91   82    6  318   30  318   30  11  0  0 L3P D0
G26 FF 61024 134200  780 413 2946     2950623     60          15     -3   13   0  111    8  360   23  360   23  12  0  0 L3P B2
G29 FF 61024 134200  780 267  602     4094150    -88          14    -26   33  37  163   28  491   82  491   82  26  0  0 L3P 14
G10 FF 61024 135800  780 694 2766     5737496     52           7     12   15  57   79   -2  310    0  310    0  13  0  0 L3P AF
G16 FF 61024 135800  780 372 2546    -1677153    -55           9     23   24  53  121   -4  408  -13  408  -13  20  0  0 L3P 12
G18 FF 61024 135800  780 365 1378     4765430   -138          11    -39   16  91  123    7  446   69  446   69  11  0  0 L3P 34
G23 FF 61024 135800  780 557 1606    -5861129    -67          16    -15   20  91   89    8  342   49  342   49  18  0  0 L3P 1D
G26 FF 61024 135800  780 376 3037     2950684     64          17      1   32   0  120   12  380   27  380   27  20  0  0 L3P CE
G29 FF 61024 135800  780 217  543     4094090    -37          14     24   33  37  198   46  546   40  546   40  30  0  0 L3P 01
G32 FF 61024 135800  780 257   67     2064703   -194          21    -33   23  64  169  -41  446   -9  446   -9  20  0  0 L3P 11
G10 FF 61024 141400  780 710 2511     5737538     45          13      5   14  90   78    0  321   16  321   16  12  0  0 L3P AC
G16 FF 61024 141400  780 378 2643    -1677222    -66           9     12   20  55  120    0  413    0  413    0  18  0  0 L3P B5
G18 FF 61024 141400  780 342 1296     4765336   -122           8    -23   17  92  130    8  483   58  483   58  14  0  0 L3P 16
G23 FF 61024 141400  780 484 1578    -5861184    -33           6     19   21  92   98   11  388   38  388   38  20  0  0 L3P 12
G26 FF 61024 141400  780 333 3117     2950743     62          13     -1   22  10  134   17  413   47  413   47  18  0  0 L3P E1
G32 FF 61024 141400  780 324   99     2064543   -169          18     -8   22  66  137  -27  434  -21  434  -21  18  0  0 L3P 1B
G10 FF 61024 143000  780 693 2261     5737577     27          13    -12   12  90   79    2  336   27  336   27  11  0  0 L3P E4
G16 FF 61024 143000  780 370 2741    -1677295    -81          11     -3   18  55  122    4  426   26  426   26  15  0  0 L3P F9
G18 FF 61024 143000  780 319 1215     4765258   -116          25    -18   18  92  139    9  500   49  500   49  15  0  0 L3P 20
G23 FF 61024 143000  780 416 1547    -5861222    -58          19     -6   21  92  111   15  429   54  429   54  19  0  0 L3P 16
G26 FF 61024 143000  780 286 3187     2950813     91          24     29   23  10  153   24  442   16  442   16  18  0  0 L3P F8
G32 FF 61024 143000  780 394  134     2064384   -139          14     22   29  66  116  -18  415  -41  415  -41  28  0  0 L3P 28
G10 FF 61024 144600  780 654 2067     5737616     43          14      4   13  90   81    3  354   12  354   12  10  0  0 L3P B7
G16 FF 61024 144600  780 351 2836    -1677387    -73          -4      6   15  55  128    8  457   23  457   23  13  0  0 L3P 03
G18 FF 61024 144600  780 295 1136     4765155    -78          16     21   35  92  149   11  543   21  543   21  34  0  0 L3P 10
G23 FF 61024 144600  780 352 1512    -5861266    -38          25     14   24  92  127   20  480   55  480   55  21  0  0 L3P 14
G26 FF 61024 144600  780 239 3251     2950877    158          28     96   29  10  180   34  486  -28  486  -28  24  0  0 L3P 4F
G32 FF 61024 144600  780 468  174     2064229   -164          14     -2   20  66  101  -13  394  -17  394  -17  16  0  0 L3P 27
G08 FF 61024 150200  780 201 2199    -5143477    -39          39    -73   39  91  213  -63  639   22  639   22  33  0  0 L3P 42
G10 FF 61024 150200  780 604 1925     5737656     94          17     54   15  90   85    5  373  -27  373  -27  14  0  0 L3P 03
G16 FF 61024 150200  780 321 2925    -1677459    -73          -1      6   20  55  138   13  480   15  480   15  16  0  0 L3P FB
G18 FF 61024 150200  780 271 1058     4765054    -74          11     25   36  92  161   14  590   28  590   28  30  0  0 L3P 0B
G23 FF 61024 150200  780 293 1474    -5861331   -100          11    -48   15  92  150   27  562  126  562  126  12  0  0 L3P 49
G26 FF 61024 150200  780 194 3311     2950931     19          22    -44   38  10  220   49  553   98  553   98  32  0  0 L3P 12
G32 FF 61024 150200  780 542  228     2064067   -163           7     -2   14  66   91   -9  383  -17  383  -17  11  0  0 L3P F1
G08 FF 61024 151800  780 262 2217    -5143462     -4          21    -38   34  91  166  -37  600  -25  600  -25  27  0  0 L3P 2F
G10 FF 61024 151800  780 550 1817     5737687     43          10      3   16  90   90    6  404   30  404   30  14  0  0 L3P B9
G16 FF 61024 151800  780 285 3005    -1677528    -87           4     -8   19  55  153   20  505   44  505   44  14  0  0 L3P 09
G18 FF 61024 151800  780 245  982     4764952    -86           3     13   32  92  177   19  642   39  642   39  28  0  0 L3P 0E
G23 FF 61024 151800  780 238 1433    -5861366     -7          25     45   27  92  181   39  625   44  625   44  20  0  0 L3P 14
G32 FF 61024 151800  780 615  307     2063913   -186           8    -25   14  66   84   -6  369    7  369    7  11  0  0 L3P DC
G08 FF 61024 153400  780 321 2248    -5143427     34          23      0   27  91  138  -23  541  -50  541  -50  23  0  0 L3P 0A
G10 FF 61024 153400  780 496 1729     5737726     35          10     -5   18  90   96    8  435   44  435   44  16  0  0 L3P EA
G16 FF 61024 153400  780 245 3079    -1677589    -96          19    -17   29  55  176   29  532   61  532   61  20  0  0 L3P 45
G18 FF 61024 153400  780 217  908     4764880    -42          27     57   29  92  198   26  676   10  676   10  24  0  0 L3P 1A
G23 FF 61024 153400  780 188 1388    -5861444    -34          -2     19   43  92  227   57  728   53  728   53  29  0  0 L3P 35
G32 FF 61024 153400  780 681  437     2063760   -175          10    -13   12  66   79   -3  359   12  359   12  11  0  0 L3P FA
G08 FF 61024 155000  780 378 2295    -5143385     44          32     10   22  91  120  -15  494  -47  494  -47  17  0  0 L3P 3B
G10 FF 61024 155000  780 444 1651     5737762     14           8    -26   21  90  105   10  467   54  467   54  18  0  0 L3P FA
G16 FF 61024 155000  780 204 3147    -1677670    -96          13    -18   26  55  210   42  580   56  580   56  20  0  0 L3P 27
G18 FF 61024 155000  780 186  837     4764796    -70          38     29   45  92  228   38  724   12  724   12  42  0  0 L3P 19
G32 FF 61024 155000  780 728  658     2063602   -155           7      7   14  66   77   -1  360   -8  360   -8  12  0  0 L3P C7
G08 FF 61024 160600  780 430 2361    -5143356     34          27      0   16  92  108  -10  469  -20  469  -20  13  0  0 L3P 0F
G10 FF 61024 160600  780 395 1580     5737805     31          15     -8   28 100  115   12  510   53  510   53  24  0  0 L3P F4
G32 FF 61024 160600  780 734  956     2063444   -168           5     -7   15  77   77    1  372   20  372   20  14  0  0 L3P D2
G02 FF 61024 162200  780 215 2191       50075    -45          22     39   48  94  199  -50  685  -99  685  -99  42  0  0 L3P 2F
G08 FF 61024 162200  780 473 2449    -5143325     31          25     -3   15  92  100   -6  452  -12  452  -12  12  0  0 L3P FF
G10 FF 61024 162200  780 350 1511     5737842     20          13    -20   26 100  128   14  552   56  552   56  20  0  0 L3P FC
G28 FF 61024 162200  780 206  382     6230809    -54          22    -15   32 157  207  -44  661  -27  661  -27  27  0  0 L3P 40
G32 FF 61024 162200  780 697 1199     2063294   -189          11    -28   13  77   78    3  378   39  378   39  12  0  0 L3P 2D
G02 FF 61024 163800  780 273 2155       49980    -32           8     52   42  94  160  -33  631 -106  631 -106  38  0  0 L3P 1E
G08 FF 61024 163800  780 501 2560    -5143290     12          28    -22   13  92   96   -3  443   14  443   14  12  0  0 L3P EF
G10 FF 61024 163800  780 308 1445     5737901     35          35     -5   27 100  143   17  573   44  573   44  21  0  0 L3P 07
G28 FF 61024 163800  780 251  444     6230756    -59           6    -21   31 157  172  -30  636  -27  636  -27  24  0  0 L3P 37
G32 FF 61024 163800  780 635 1338     2063137   -171           9     -9   16  77   82    5  399   22  399   22  15  0  0 L3P F9
G02 FF 61024 165400  780 335 2122       49912   -112          20    -27   24  94  133  -23  563  -35  563  -35  21  0  0 L3P 19
G08 FF 61024 165400  780 512 2686    -5143260     48          25     14   16  92   94    0  445   -9  445   -9  13  0  0 L3P E7
G10 FF 61024 165400  780 270 1379     5737905     11           0    -28   23 100  161   21  643   55  643   55  16  0  0 L3P FF
G28 FF 61024 165400  780 296  511     6230721    -40           8     -1   28 157  148  -21  597  -45  597  -45  23  0  0 L3P 2B
G31 FF 61024 165400  780 193  203     1778413     26          12     46   26   8  221  -57  722 -127  722 -127  19  0  0 L3P 24
G32 FF 61024 165400  780 564 1411     2062980   -170           7     -9   19  77   88    8  425   33  425   33  17  0  0 L3P F0
G02 FF 61024 171000  780 402 2095       49833    -76          22      8   17  94  114  -17  508  -61  508  -61  15  0  0 L3P F8
G08 FF 61024 171000  780 504 2815    -5143221     89          31     55   12  92   95    2  449  -26  449  -26  11  0  0 L3P 02
G10 FF 61024 171000  780 234 1313     5737957     62          14     22   24 100  184   26  673   34  673   34  19  0  0 L3P 09
G28 FF 61024 171000  780 339  586     6230676    -88          -1    -50   25 157  132  -14  573   11  573   11  21  0  0 L3P 1F
G31 FF 61024 171000  780 245  253     1778383    -46           0    -27   27   8  176  -37  653  -53  653  -53  19  0  0 L3P 18
G32 FF 61024 171000  780 490 1446     2062826   -172           8    -10   24  77   97   11  457   50  457   50  22  0  0 L3P 03
G02 FF 61024 172600  780 473 2073       49746    -67          15     17   19  94  100  -12  472  -46  472  -46  15  0  0 L3P 16
G08 FF 61024 172600  780 479 2934    -5143174     60          46     26   19  92   99    5  456    1  456    1  16  0  0 L3P DD
G10 FF 61024 172600  780 202 1247     5737968     42         -13      2   25 100  211   32  745   42  745   42  19  0  0 L3P FE
G28 FF 61024 172600  780 377  671     6230645    -28           6     11   24 157  120  -10  547  -33  547  -33  21  0  0 L3P 1D
G31 FF 61024 172600  780 300  307     1778367    -27           3     -8   25   8  147  -25  597  -30  597  -30  20  0  0 L3P FF
G32 FF 61024 172600  780 418 1460     2062668   -155           4      6   18  77  110   16  509   54  509   54  16  0  0 L3P 00
G02 FF 61024 174200  780 549 2059       49655    -74           5     10   16  94   90   -9  448  -39  448  -39  14  0  0 L3P F5
G08 FF 61024 174200  780 440 3038    -5143153    -25          34    -59   48  92  106    9  481   64  481   64  32  0  0 L3P 1D
G28 FF 61024 174200  780 406  765     6230609    -34           7      4   21 157  113   -6  525  -24  525  -24  18  0  0 L3P FA
G31 FF 61024 174200  780 356  366     1778343    -18          -2      2   19   8  126  -18  556  -53  556  -53  16  0  0 L3P 07
G32 FF 61024 174200  780 347 1459     2062507   -175          -1    -14   20  77  129   23  568   81  568   81  18  0  0 L3P 34
G02 FF 61024 175800  780 628 2057       49570    -79           2      5   15  94   83   -6  422  -32  422  -32  12  0  0 L3P C8
G03 FF 61024 175800  780 184 2449    -6229716    142          -3     55   35 122  230  -34  757  -66  757  -66  29  0  0 L3P 6E
G04 FF 61024 175800  780 211 3112     -316578    -44          18    -17   40  82  204  -53  670  -48  670  -48  29  0  0 L3P 40
G08 FF 61024 175800  780 392 3126    -5143128     47          26     13   25  92  116   13  514   21  514   21  20  0  0 L3P FB
G28 FF 61024 175800  780 424  868     6230573    -32           8      6   21 157  109   -2  510  -12  510  -12  16  0  0 L3P F3
G31 FF 61024 175800  780 411  435     1778320    -32          -6    -13   14   8  112  -12  517  -27  517  -27  12  0  0 L3P 05
G32 FF 61024 175800  780 280 1449     2062352   -168          -2     -6   22  77  156   34  651   93  651   93  17  0  0 L3P 23
G02 FF 61024 181400  780 711 2079       49499    -65          11     19   13  95   78   -4  396  -34  396  -34  11  0  0 L3P 00
G03 FF 61024 181400  780 212 2381    -6229643     52         -13    -36   27 123  202  -27  739  -25  739  -25  22  0  0 L3P 58
G04 FF 61024 181400  780 266 3058     -316612    -75          12    -49   28  83  164  -32  616  -19  616  -19  19  0  0 L3P 48
G08 FF 61024 181400  780 340 3200    -5143088     50          27     16   15 100  131   19  548   34  548   34  13  0  0 L3P 09
G28 FF 61024 181400  780 428  975     6230524    -65          -3    -26   25 158  108    1  503   15  503   15  22  0  0 L3P FB
G31 FF 61024 181400  780 463  517     1778294     11         -14     30   18  27  102   -9  487  -61  487  -61  16  0  0 L3P 17
G32 FF 61024 181400  780 217 1430     2062208   -258          11    -96   25  83  198   55  713  157  713  157  18  0  0 L3P 58
G02 FF 61024 183000  780 793 2175       49426    -72          18     13   13  95   75   -2  370  -31  370  -31  10  0  0 L3P DE
G03 FF 61024 183000  780 241 2313    -6229559     86         -13     -2   23 123  179  -22  689  -40  689  -40  18  0  0 L3P 54
G04 FF 61024 183000  780 318 2993     -316651    -16          -2     10   27  83  139  -20  577  -45  577  -45  19  0  0 L3P 34
G08 FF 61024 183000  780 287 3265    -5143053     15          30    -19   35 100  153   27  601   83  601   83  30  0  0 L3P 17
G28 FF 61024 183000  780 416 1079     6230488    -27          -2     12   21 158  111    4  499   -7  499   -7  17  0  0 L3P 0B
G31 FF 61024 183000  780 508  618     1778282     -9          -7     10   18  27   95   -6  448  -45  448  -45  13  0  0 L3P FB
G02 FF 61024 184600  780 853 2705       49336   -107          10    -23   14  95   74    0  363    4  363    4  12  0  0 L3P B3
G03 FF 61024 184600  780 273 2246    -6229470     54          -8    -33   35 123  160  -18  635  -16  635  -16  31  0  0 L3P 4D
G04 FF 61024 184600  780 366 2918     -316667      1           7     27   19  83  123  -14  530  -65  530  -65  14  0  0 L3P 05
G08 FF 61024 184600  780 235 3323    -5143026     17          24    -17   33 100  184   39  681  101  681  101  29  0  0 L3P 40
G28 FF 61024 184600  780 390 1172     6230448    -59          -4    -20   27 158  117    8  496   23  496   23  26  0  0 L3P 28
G31 FF 61024 184600  780 540  738     1778273     -9           3     10   21  27   91   -3  412  -35  412  -35  19  0  0 L3P D5
G02 FF 61024 190200  780 806 3393       49263   -120          16    -36   12  95   75    2  348   33  348   33  12  0  0 L3P DD
G03 FF 61024 190200  780 307 2179    -6229385    117          -7     29   24 123  144  -15  581  -83  581  -83  19  0  0 L3P 60
G04 FF 61024 190200  780 408 2831     -316702    -65          -3    -38   18  83  112   -9  504   -1  504   -1  16  0  0 L3P EB
G08 FF 61024 190200  780 185 3378    -5142997      3          20    -31   26 100  230   58  767  125  767  125  20  0  0 L3P 42
G28 FF 61024 190200  780 352 1250     6230419    -67           4    -29   16 158  127   14  489   26  489   26  13  0  0 L3P 27
G31 FF 61024 190200  780 555  875     1778253    -37           1    -18   21  27   89   -1  392   -4  392   -4  18  0  0 L3P E2
G02 FF 61024 191800  780 723 3528       49173    -52           7     32   30  95   77    4  352  -34  352  -34  29  0  0 L3P D3
G03 FF 61024 191800  780 343 2112    -6229300     47          -6    -41   17 123  130  -13  524  -20  524  -20  16  0  0 L3P 25
G04 FF 61024 191800  780 444 2732     -316730    -14          -5     12   14  83  105   -6  471  -48  471  -48  11  0  0 L3P 0C
G28 FF 61024 191800  780 305 1312     6230382     -8           3     30   27 158  145   22  504    1  504    1  23  0  0 L3P BB
G31 FF 61024 191800  780 549 1013     1778224    -38         -10    -19   15  27   90    2  380   -2  380   -2  13  0  0 L3P EA
G02 FF 61024 193400  780 637 3572       49097    -99          12    -15   14  95   82    6  349   29  349   29  12  0  0 L3P F0
G03 FF 61024 193400  780 383 2043    -6229226    105         -16     17   24 123  118  -11  467  -76  467  -76  20  0  0 L3P 62
G04 FF 61024 193400  780 471 2624     -316745      9           5     35   19  83  100   -4  430  -57  430  -57  17  0  0 L3P E9
G28 FF 61024 193400  780 251 1358     6230340      4          -1     43   40 158  172   37  521  -28  521  -28  29  0  0 L3P 0C
G31 FF 61024 193400  780 524 1136     1778207    -33          -8    -13   16  27   93    4  374   13  374   13  14  0  0 L3P EB
G02 FF 61024 195000  780 552 3594       49022    -93          18     -9   18  95   90    9  357   26  357   26  15  0  0 L3P D6
G03 FF 61024 195000  780 426 1973    -6229147     82         -21     -6   20 123  109   -9  414  -58  414  -58  18  0  0 L3P 40
G04 FF 61024 195000  780 491 2508     -316783    -11          -8     15   19  83   97   -2  406  -41  406  -41  15  0  0 L3P 03
G09 FF 61024 195000  780 205 2778    -7676505    201          63    217   68  59  208  -34  615 -302  615 -302  69  0  0 L3P 91
G28 FF 61024 195000  780 195 1391     6230288    -96         -16    -57   47 158  219   64  561   99  561   99  33  0  0 L3P 6B
G31 FF 61024 195000  780 483 1234     1778185    -48         -11    -29   24  27   98    7  364   11  364   11  22  0  0 L3P 08
G02 FF 61024 200600  780 470    8       48935    -34          12     51   18  97  101   14  377  -21  377  -21  14  0  0 L3P BC
G03 FF 61024 200600  780 471 1898    -6229045    123          -6     35   16 124  100   -8  349  -60  349  -60  14  0  0 L3P 38
G04 FF 61024 200600  780 502 2387     -316798    -19           5      7   15  84   96   -1  366  -30  366  -30  13  0  0 L3P E8
G09 FF 61024 200600  780 238 2706    -7676638    131         -58    147   41  90  181  -23  660 -192  660 -192  36  0  0 L3P 9B
G26 FF 61024 200600  780 198  855     2952082     69          29      6   29  23  215  -18  539  -61  539  -61  26  0  0 L3P 1E
G31 FF 61024 200600  780 432 1306     1778171     -4          -7     15   20  28  107   11  354    4  354    4  17  0  0 L3P B6
G02 FF 61024 202200  780 391   21       48865    -64          23     20   18  97  117   20  401   22  401   22  16  0  0 L3P A0
G03 FF 61024 202200  780 519 1815    -6228965     49         -10    -38   10 124   93   -6  324   -6  324   -6   9  0  0 L3P 03
G04 FF 61024 202200  780 506 2266     -316814    -19          14      8   18  84   95    0  340  -36  340  -36  15  0  0 L3P DE
G09 FF 61024 202200  780 267 2630    -7676549   -102          47    -86   28  90  163  -16  501   10  501   10  26  0  0 L3P 3D
G26 FF 61024 202200  780 211  928     2952141     20          28    -42   33  23  203   -9  487  -19  487  -19  26  0  0 L3P 0C
G31 FF 61024 202200  780 375 1357     1778163     -1           4     18   17  28  121   17  364   -2  364   -2  13  0  0 L3P CD
G02 FF 61024 203800  780 316   34       48774   -132          12    -48   30  97  140   30  466  120  466  120  24  0  0 L3P F2
G03 FF 61024 203800  780 569 1720    -6228877     41          -6    -46   17 124   88   -5  285    4  285    4  15  0  0 L3P FD
G04 FF 61024 203800  780 504 2146     -316833    -13          20     13   19  84   95    1  310  -37  310  -37  17  0  0 L3P E4
G09 FF 61024 203800  780 294 2551    -7676574    -15          37      1   19  90  149  -12  461  -53  461  -53  16  0  0 L3P 3D
G16 FF 61024 203800  780 208  643    -1679007    -96          28    -17   34  66  206  -32  510  -64  510  -64  32  0  0 L3P 3B
G26 FF 61024 203800  780 217 1003     2952222    137          49     74   33  23  197   -2  428  -98  428  -98  26  0  0 L3P 37
G31 FF 61024 203800  780 314 1389     1778154     -6          14     13   24  28  141   25  377   17  377   17  20  0  0 L3P FA
G02 FF 61024 205400  780 246   49       48709   -144          28    -59   34  97  176   47  547  177  547  177  25  0  0 L3P 30
G03 FF 61024 205400  780 617 1603    -6228802     81         -16     -7   25 124   84   -4  264  -22  264  -22  18  0  0 L3P 1C
G04 FF 61024 205400  780 497 2031     -316864    -53          14    -27   31  84   96    1  293   -2  293   -2  23  0  0 L3P DF
G09 FF 61024 205400  780 319 2471    -7676591     -5          35     11   28  90  139  -10  420  -52  420  -52  20  0  0 L3P 23
G16 FF 61024 205400  780 239  714    -1679095   -116          16    -37   50  66  180  -21  450  -44  450  -44  39  0  0 L3P 51
G26 FF 61024 205400  780 214 1077     2952280      4          47    -58   22  23  200    6  416   20  416   20  17  0  0 L3P CF
G31 FF 61024 205400  780 253 1408     1778141    -14          19      6   42  28  172   40  391   -5  391   -5  29  0  0 L3P EA
G03 FF 61024 211000  780 659 1451    -6228724     85         -21     -2   10 124   81   -2  250   -8  250   -8   8  0  0 L3P DC
G04 FF 61024 211000  780 487 1920     -316906    -12          -3     14   17  84   98    2  295   -8  295   -8  15  0  0 L3P D7
G07 FF 61024 211000  780 241 3193     1215183     61          14      7   19  35  180  -45  598 -123  598 -123  15  0  0 L3P 31
G09 FF 61024 211000  780 342 2388    -7676608      6          34     22   25  90  130   -8  385  -61  385  -61  22  0  0 L3P 14
G16 FF 61024 211000  780 266  790    -1679178   -142           7    -63   24  66  164  -14  415   20  415   20  21  0  0 L3P 16
G26 FF 61024 211000  780 203 1148     2952321     18          28    -45   31  23  210   16  411   17  411   17  25  0  0 L3P E4
G31 FF 61024 211000  780 192 1415     1778101     49          -2     68   45  28  223   68  431  -31  431  -31  33  0  0 L3P 00
G03 FF 61024 212600  780 688 1252    -6228645     80         -27     -7   13 124   79   -1  247   -5  247   -5  11  0  0 L3P 05
G04 FF 61024 212600  780 475 1814     -316933    -24          -5      2   13  84  100    2  288  -18  288  -18  10  0  0 L3P EC
G07 FF 61024 212600  780 303 3149     1215239     25          18    -30   19  35  146  -28  493  -67  493  -67  18  0  0 L3P 3F
G09 FF 61024 212600  780 364 2304    -7676640    -15          17      1   23  90  124   -7  372  -36  372  -36  19  0  0 L3P 1C
G16 FF 61024 212600  780 286  870    -1679267    -92          -7    -14   35  66  153   -8  386  -43  386  -43  26  0  0 L3P 44
G26 FF 61024 212600  780 182 1214     2952379    -14          25    -76   27  23  233   31  399   48  399   48  19  0  0 L3P 32
G03 FF 61024 214200  780 695 1017    -6228558     94         -23      6   14 124   79    0  247   -1  247   -1  12  0  0 L3P E2
G04 FF 61024 214200  780 463 1712     -316944    -15          10     11   24  84  102    2  275   -1  275   -1  20  0  0 L3P C2
G06 FF 61024 214200  780 210 2321     5899536    -25          29    -83   36  58  203  -33  458   48  458   48  32  0  0 L3P 39
G07 FF 61024 214200  780 363 3093     1215283     59           9      4   21  35  124  -18  431  -66  431  -66  15  0  0 L3P FA
G09 FF 61024 214200  780 386 2219    -7676644      8          28     24   17  90  118   -6  338  -46  338  -46  16  0  0 L3P 2B
G16 FF 61024 214200  780 297  953    -1679333    -73           3      6   37  66  148   -3  350  -29  350  -29  34  0  0 L3P 08
G03 FF 61024 215800  780 673  792    -6228477     81         -26     -7   12 124   80    2  255    9  255    9  11  0  0 L3P D6
G04 FF 61024 215800  780 450 1612     -316968     53          11     79   17  84  104    2  277  -71  277  -71  15  0  0 L3P 08
G06 FF 61024 215800  780 241 2389     5899589     53          26     -5   29  58  179  -19  451   -4  451   -4  23  0  0 L3P 23
G07 FF 61024 215800  780 421 3023     1215345     28          18    -27   41  35  110  -12  384  -11  384  -11  27  0  0 L3P 16
G09 FF 61024 215800  780 408 2132    -7676655    -26          32    -10   27  90  112   -5  320  -14  320  -14  26  0  0 L3P 28
G16 FF 61024 215800  780 299 1037    -1679401   -100          10    -21   29  66  147    2  330   -3  330   -3  28  0  0 L3P 07
G03 FF 61024 221400  780 629  617    -6228387     82         -19     -5   18 125   83    4  258   20  258   20  16  0  0 L3P F6
G04 FF 61024 221400  780 436 1515     -317000    -18           6      8   24  85  106    3  282   -8  282   -8  21  0  0 L3P B2
G06 FF 61024 221400  780 262 2466     5899652     51          36     -7   28 103  166   -9  449   25  449   25  24  0  0 L3P 1F
G07 FF 61024 221400  780 474 2936     1215379     37          -3    -18   21  36  100   -8  360  -19  360  -19  18  0  0 L3P 18
G09 FF 61024 221400  780 430 2043    -7676683    -14          21      2   20 112  108   -5  310  -19  310  -19  17  0  0 L3P 0E
G16 FF 61024 221400  780 289 1118    -1679470    -65          15     13   25  86  152    7  326   -2  326   -2  26  0  0 L3P FD
G30 FF 61024 221400  780 219 3037     -563804   -145          39    -26   32  85  196  -45  673  -74  673  -74  25  0  0 L3P 61
G03 FF 61024 223000  780 570  492    -6228295    101         -11     14   14 125   88    7  270    9  270    9  12  0  0 L3P D3
G04 FF 61024 223000  780 422 1419     -317001     11          31     37   21  85  109    3  271  -30  271  -30  17  0  0 L3P D2
G06 FF 61024 223000  780 271 2549     5899719     57          47     -1   31 103  161   -2  458   24  458   24  27  0  0 L3P 14
G07 FF 61024 223000  780 521 2829     1215437     57           3      2   10  36   93   -6  338  -17  338  -17   9  0  0 L3P C9
G09 FF 61024 223000  780 452 1951    -7676688    -20          32     -5   18 112  103   -4  296  -14  296  -14  15  0  0 L3P 3A
G16 FF 61024 223000  780 269 1192    -1679538   -108          22    -30   14  86  162   14  336   32  336   32  11  0  0 L3P 2D
G30 FF 61024 223000  780 270 2978     -563927   -157          31    -38   23  85  162  -28  596  -53  596  -53  20  0  0 L3P 64
G03 FF 61024 224600  780 503  405    -6228219     99         -18     11   15 125   96   10  304   29  304   29  12  0  0 L3P FA
G04 FF 61024 224600  780 407 1325     -317046    -17          10      9   22  85  113    4  299    5  299    5  20  0  0 L3P B5
G06 FF 61024 224600  780 269 2635     5899762     11          35    -47   21 103  162    4  503   86  503   86  17  0  0 L3P 1B
G07 FF 61024 224600  780 557 2700     1215491     78           4     23   13  36   89   -3  327  -28  327  -28  12  0  0 L3P F3
G09 FF 61024 224600  780 475 1856    -7676716     -6          19     10   16 112  100   -4  300  -22  300  -22  12  0  0 L3P 14
G16 FF 61024 224600  780 239 1259    -1679617   -151          19    -72   30  86  180   25  352   85  352   85  25  0  0 L3P 4E
G30 FF 61024 224600  780 317 2910     -564052    -98          20     21   19  85  140  -19  532  -75  532  -75  15  0  0 L3P 2B
G03 FF 61024 230200  780 432  343    -6228138     99         -22     12   17 125  107   15  361   65  361   65  13  0  0 L3P 08
G04 FF 61024 230200  780 391 1232     -317063    -10          18     16   16  85  116    5  304   -4  304   -4  15  0  0 L3P C4
G06 FF 61024 230200  780 256 2719     5899814    -51          31   -109   28 103  169   11  575  231  575  231  27  0  0 L3P 6C
G07 FF 61024 230200  780 581 2553     1215537     50          -2     -4   18  36   87   -2  316  -20  316  -20  16  0  0 L3P DF
G09 FF 61024 230200  780 498 1754    -7676738      6          12     22   12 112   96   -3  301  -15  301  -15  10  0  0 L3P FF
G16 FF 61024 230200  780 201 1315    -1679692    -41          19     37   24  86  212   43  380   17  380   17  19  0  0 L3P 14
G30 FF 61024 230200  780 360 2833     -564167   -120          20      0   19  85  125  -13  490  -44  490  -44  17  0  0 L3P 19
G03 FF 61024 231800  780 360  298    -6228036    131          -4     43   16 125  125   23  429   67  429   67  14  0  0 L3P 19
G04 FF 61024 231800  780 372 1141     -317087    -23          20      4   21  85  121    6  328    8  328    8  18  0  0 L3P AF
G06 FF 61024 231800  780 235 2800     5899872      7          33    -51   35 103  184   19  730  244  730  244  31  0  0 L3P 35
G07 FF 61024 231800  780 591 2393     1215590     23          -1    -31   17  36   86    0  308   21  308   21  15  0  0 L3P CF
G09 FF 61024 231800  780 520 1646    -7676742    -15          24      1   13 112   93   -3  292   -7  292   -7  11  0  0 L3P F3
G30 FF 61024 231800  780 398 2746     -564266    -80          35     39   15  85  115   -9  443  -74  443  -74  13  0  0 L3P 33
G03 FF 61024 233400  780 288  267    -6227960    118         -12     30   20 125  153   36  572  175  572  175  18  0  0 L3P 53
G04 FF 61024 233400  780 351 1051     -317111     16          21     42   33  85  128    8  347  -15  347  -15  29  0  0 L3P EC
G06 FF 61024 233400  780 207 2876     5899937     38          43    -20   38 103  207   30  828 -117  828 -117  48  0  0 L3P 7A
G07 FF 61024 233400  780 586 2234     1215646     47           3     -7   16  36   86    1  297    3  297    3  15  0  0 L3P A9
G09 FF 61024 233400  780 539 1529    -7676760    -37          21    -21   16 112   91   -2  289   32  289   32  13  0  0 L3P 2B
G30 FF 61024 233400  780 431 2651     -564388    -87          28     32   15  85  108   -6  425  -60  425  -60  14  0  0 L3P 1D
