CGGTTS     GENERIC DATA FORMAT VERSION = 2E
REV DATE = 2025-11-01
RCVR = PolaRx5TR (5.6.0)     sbf2cggtts-1.5.0
CH = 80
IMS = PolaRx5TR
LAB = LRTE
X = 3967035.920 m
Y = -4390028.540 m
Z = -2375644.640 m
FRAME = ITRF
COMMENTS = LS=18; ElMask=10deg; 'Generated from the SBF in 2025-12-19 at 23:50:00'
INT DLY = 24.9 ns (GPS P1),  15.7 ns (GPS P2)     CAL_ID = 1201-2025
CAB DLY = 103.1 ns
REF DLY = 47.2 ns
REF = UTC(LRTE)
CKSUM = fb

SAT CL  MJD  STTIME TRKL ELV AZTH   REFSV      SRSV     REFSYS    SRSYS  DSG IOE MDTR SMDT MDIO SMDI MSIO SMSI ISG FR HC FRC CK
             hhmmss  s  .1dg .1dg    .1ns     .1ps/s     .1ns    .1ps/s .1ns     .1ns.1ps/s.1ns.1ps/s.1ns.1ps/s.1ns
G04 FF 61028 001000  780 266  806     -323994     46          14     72   35 125  164   20  200  -67  200  -67  29  0  0 L3P 06
G07 FF 61028 001000  780 515 1831     1229735     14          22    -39   14 118   94    4  147   14  147   14  12  0  0 L3P E6
G08 FF 61028 001000  780 174  977    -5133255     79          27     44   31   5  243  -11  189  -76  189  -76  26  0  0 L3P 25
G09 FF 61028 001000  780 556 1123    -7680772    -47          20    -32   19   0   89    1  137    8  137    8  16  0  0 L3P CA
G14 FF 61028 001000  780 410 3347    -7228581    -66          46    -39   66  93  112  -18  285    1  285    1  66  0  0 L3P 16
G20 FF 61028 001000  780 282 2342    -3619996    -40          39    -41   31  74  155  -21  282    4  282    4  28  0  0 L3P 07
G21 FF 61028 001000  780 295 2270    -3593468    -80          40     22   22  96  149  -25  258  -49  258  -49  19  0  0 L3P 52
G22 FF 61028 001000  780 229 3345      681743   -160          38   -123   44  45  188  -53  707 -160  707 -160  39  0  0 L3P 79
G30 FF 61028 001000  780 490 2322     -595808   -120          24      1   16  22   97   -2  190  -43  190  -43  15  0  0 L3P EF
G04 FF 61028 002600  780 229  734     -324007    -29          26     -3   32 125  188   30  195   34  195   34  24  0  0 L3P F9
G07 FF 61028 002600  780 484 1725     1229776     86          12     32   17 118   98    5  143  -24  143  -24  15  0  0 L3P 0C
G08 FF 61028 002600  780 178 1049    -5133220    110          27     75   30   5  237    0  165  -78  165  -78  25  0  0 L3P 0F
G09 FF 61028 002600  780 541  986    -7680784    -21          22     -6   19   0   91    2  135   19  135   19  17  0  0 L3P D4
G14 FF 61028 002600  780 485 3313    -7228638    -28          15     -1   17  93   98  -12  257  -41  257  -41  14  0  0 L3P 30
G20 FF 61028 002600  780 317 2413    -3619997     10          37      9   22  74  139  -12  278   -3  278   -3  19  0  0 L3P 06
G21 FF 61028 002600  780 345 2327    -3593560   -136          46    -34   27  96  130  -16  239   26  239   26  23  0  0 L3P 49
G22 FF 61028 002600  780 297 3324      681713     31          45     68   77  45  148  -32  311 -373  311 -373 122  0  0 L3P 4A
G30 FF 61028 002600  780 498 2207     -595932   -108          15     13   20  22   96   -1  177  -18  177  -18  20  0  0 L3P 1A
G04 FF 61028 004200  780 189  668     -324019    -49          40    -23   42 125  225   49  202   30  202   30  35  0  0 L3P FC
G07 FF 61028 004200  780 452 1627     1229831     39          15    -15   14 118  103    6  130  -17  130  -17  14  0  0 L3P 09
G08 FF 61028 004200  780 174 1121    -5133183     -9          30    -45   42   5  243   12  148   10  148   10  37  0  0 L3P E2
G09 FF 61028 004200  780 516  860    -7680809    -82          11    -67   16   0   94    4  147   44  147   44  16  0  0 L3P E8
G14 FF 61028 004200  780 561 3263    -7228660    -72          19    -44   14  93   89   -8  209    6  209    6  13  0  0 L3P F5
G20 FF 61028 004200  780 342 2496    -3620000    -20          32    -21   22  74  131   -6  285   21  285   21  17  0  0 L3P F7
G21 FF 61028 004200  780 387 2400    -3593659   -164          45    -62   18  96  117  -10  226   26  226   26  14  0  0 L3P 46
G22 FF 61028 004200  780 365 3294      681689    -70          57    -32   36  45  123  -21  350  -80  350  -80  36  0  0 L3P 2F
G30 FF 61028 004200  780 501 2091     -596048   -159          15    -38   14  22   96    0  156   -4  156   -4  12  0  0 L3P E9
G07 FF 61028 005800  780 421 1536     1229864     56          -3      2   18 118  110    7  131  -22  131  -22  16  0  0 L3P E8
G09 FF 61028 005800  780 480  748    -7680845    -50         -11    -35   18   0   99    7  164   28  164   28  17  0  0 L3P 04
G14 FF 61028 005800  780 635 3184    -7228704    -85           1    -58   18  93   82   -5  190   10  190   10  16  0  0 L3P 00
G20 FF 61028 005800  780 354 2586    -3620013    -12          18    -14   20  74  127   -2  309   14  309   14  18  0  0 L3P 0A
G21 FF 61028 005800  780 418 2490    -3593787   -130          16    -27   22  96  110   -5  243   18  243   18  19  0  0 L3P 38
G22 FF 61028 005800  780 434 3253      681623    -72          27    -34   26  45  107  -14  173  -49  173  -49  33  0  0 L3P 33
G30 FF 61028 005800  780 501 1978     -596187   -171          -9    -50   15  22   96    0  154   13  154   13  14  0  0 L3P FA
G05 FF 61028 011400  780 211 2327     2257424    -15          26    -22   28  32  203  -32  221   62  221   62  27  0  0 L3P FE
G07 FF 61028 011400  780 390 1449     1229912     29          -7    -25   18 118  117    8  125  -17  125  -17  16  0  0 L3P 1F
G09 FF 61028 011400  780 435  652    -7680855    -59          -7    -44   18   0  107   10  168   18  168   18  15  0  0 L3P 0A
G14 FF 61028 011400  780 704 3054    -7228736    -44          -5    -17   12  93   78   -3  155  -88  155  -88  12  0  0 L3P 31
G20 FF 61028 011400  780 353 2680    -3620026    -54           4    -56   20  74  127    2  266 -175  266 -175  18  0  0 L3P 39
G21 FF 61028 011400  780 435 2592    -3593901   -166           0    -63   19  96  107   -2  263   37  263   37  16  0  0 L3P 25
G22 FF 61028 011400  780 503 3196      681569    -80           9    -42   14  45   96  -10  198   70  198   70  28  0  0 L3P 02
G30 FF 61028 011400  780 497 1866     -596317   -166         -23    -45   18  22   96    1  147   -3  147   -3  18  0  0 L3P 10
G05 FF 61028 013000  780 240 2395     2257405    -32           0    -39   35  32  180  -18  280    2  280    2  35  0  0 L3P D4
G07 FF 61028 013000  780 361 1366     1229939     37         -31    -17   17 118  124    9  126    6  126    6  13  0  0 L3P EE
G09 FF 61028 013000  780 384  571    -7680899    -76         -37    -61   21   0  118   14  189   71  189   71  17  0  0 L3P 2A
G14 FF 61028 013000  780 757 2821    -7228796    -61         -38    -33   13  93   76   -1  168   36  168   36  11  0  0 L3P 2D
G17 FF 61028 013000  780 223  105       48818    121         -11     -3   25  54  193  -49  276  -15  276  -15  22  0  0 L3P FA
G20 FF 61028 013000  780 340 2773    -3620049    -32         -19    -34   23  74  131    7  185  142  185  142  21  0  0 L3P 2D
G21 FF 61028 013000  780 437 2701    -3594024   -103         -25     -1   22  96  106    1  258 -132  258 -132  29  0  0 L3P 46
G22 FF 61028 013000  780 568 3116      681507    -73         -17    -35   12  45   88   -7  217   10  217   10  10  0  0 L3P EB
G30 FF 61028 013000  780 492 1757     -596454   -142         -45    -22   16  22   97    1  139   14  139   14  14  0  0 L3P 0A
G05 FF 61028 014600  780 259 2470     2257383    -33         -29    -39   24  32  168   -9  330   86  330   86  21  0  0 L3P 2C
G07 FF 61028 014600  780 333 1285     1229967     91         -55     38   20 118  133   10  132  -29  132  -29  15  0  0 L3P 33
G09 FF 61028 014600  780 328  505    -7680944    -58         -67    -43   40   0  135   22  222   54  222   54  32  0  0 L3P 0C
G14 FF 61028 014600  780 774 2461    -7228837    -69         -53    -42   16  93   75    0  162   15  162   15  12  0  0 L3P 17
G17 FF 61028 014600  780 283  143       48894     88         -54    -36   29  54  155  -32  281 -109  281 -109  26  0  0 L3P 44
G20 FF 61028 014600  780 316 2860    -3620071    -30         -43    -31   32  74  140   11  284  120  284  120  27  0  0 L3P 30
G21 FF 61028 014600  780 423 2809    -3594147   -134         -50    -31   19  96  109    5  116   44  116   44  19  0  0 L3P 34
G22 FF 61028 014600  780 628 3002      681451    -70         -37    -32   13  45   83   -4  202   -1  202   -1  11  0  0 L3P CB
G30 FF 61028 014600  780 485 1649     -596596   -131         -71    -10   16  22   98    1  143  -17  143  -17  14  0  0 L3P 2B
G05 FF 61028 020200  780 268 2551     2257377    -13         -43    -20   29  33  163   -2  336   -6  336   -6  28  0  0 L3P 0F
G07 FF 61028 020200  780 306 1206     1230006     63         -69      9   23 119  144   12  140   -1  140   -1  20  0  0 L3P CD
G09 FF 61028 020200  780 269  451    -7680943     24         -52     39   32  22  162   34  239  -14  239  -14  21  0  0 L3P 1E
G13 FF 61028 020200  780 242 2156    -6918383     33         -51     25   32  32  179  -43  225 -127  225 -127  30  0  0 L3P 55
G14 FF 61028 020200  780 746 2133    -7228883    -38         -74    -11   17  94   76    2  170    4  170    4  14  0  0 L3P E8
G17 FF 61028 020200  780 346  183       48999     94         -60    -30   33  75  129  -22  222  -19  222  -19  27  0  0 L3P 10
G19 FF 61028 020200  780 203   19    -6811856    -81         -49    -61   27  21  211  -65  360  -84  360  -84  21  0  0 L3P 32
G20 FF 61028 020200  780 285 2941    -3620064     29         -38     27   24  75  153   17  334  -58  334  -58  22  0  0 L3P 34
G21 FF 61028 020200  780 396 2908    -3594250   -123         -60    -20   20  97  115    8  207  141  207  141  16  0  0 L3P 42
G22 FF 61028 020200  780 675 2839      681396    -41         -51     -4   18  56   80   -2  203  -17  203  -17  16  0  0 L3P FF
G30 FF 61028 020200  780 476 1543     -596727   -122         -83     -2   19  51   99    2  144   -2  144   -2  18  0  0 L3P EE
G05 FF 61028 021800  780 265 2635     2257374     74         -52     67   29  33  164    4  314  -32  314  -32  24  0  0 L3P 13
G07 FF 61028 021800  780 279 1129     1230060    -12         -65    -66   46 119  157   15  143   78  143   78  44  0  0 L3P 3E
G09 FF 61028 021800  780 209  407    -7680977    -43         -71    -28   47  22  206   59  230    0  230    0  41  0  0 L3P F9
G13 FF 61028 021800  780 304 2141    -6918387    -16         -63    -24   25  32  145  -28  165  -43  165  -43  20  0  0 L3P 53
G14 FF 61028 021800  780 693 1932    -7228908    -35         -73     -8   11  94   79    3  167   13  167   13   8  0  0 L3P 03
G17 FF 61028 021800  780 412  228       49105    154         -74     30   15  75  112  -15  225  -49  225  -49  15  0  0 L3P 05
G19 FF 61028 021800  780 268   50    -6811870    -21         -45     -2   30  21  163  -39  294  -68  294  -68  25  0  0 L3P 31
G20 FF 61028 021800  780 250 3015    -3620071     13         -46     11   22  75  173   25  327   44  327   44  21  0  0 L3P F9
G21 FF 61028 021800  780 359 2996    -3594346   -107         -58     -5   21  97  125   12  271   48  271   48  16  0  0 L3P 4C
G22 FF 61028 021800  780 703 2620      681350    -47         -61     -9   17  56   78   -1  184  -57  184  -57  16  0  0 L3P 11
G30 FF 61028 021800  780 465 1439     -596846   -123         -86     -3   22  51  101    2  143   14  143   14  20  0  0 L3P FB
G05 FF 61028 023400  780 253 2718     2257426   -138          -7   -145   37  33  171   11  267  116  267  116  30  0  0 L3P 58
G07 FF 61028 023400  780 251 1054     1230109     33         -68    -21   30 119  172   18  151   32  151   32  28  0  0 L3P 08
G13 FF 61028 023400  780 369 2134    -6918380     63         -64     55   17  32  122  -20  139  -83  139  -83  15  0  0 L3P 46
G14 FF 61028 023400  780 633 1808    -7228924    -37         -62    -10   17  94   82    5  161    2  161    2  15  0  0 L3P E4
G17 FF 61028 023400  780 479  283       49225    157         -72     33   16  75   99  -11  213  -43  213  -43  14  0  0 L3P 00
G19 FF 61028 023400  780 338   81    -6811912     23         -68     43   26  21  132  -26  264  -75  264  -75  23  0  0 L3P 21
G20 FF 61028 023400  780 211 3083    -3620057    -57         -33    -58   46  75  203   36  306   67  306   67  34  0  0 L3P 30
G21 FF 61028 023400  780 317 3075    -3594441    -73         -54     29   37  97  140   18  289  -69  289  -69  24  0  0 L3P 67
G22 FF 61028 023400  780 703 2374      681327    -34         -49      3   14  56   78    1  103  -28  103  -28  12  0  0 L3P DE
G30 FF 61028 023400  780 452 1337     -596953   -170         -78    -49   21  51  103    3  140   44  140   44  21  0  0 L3P 11
G05 FF 61028 025000  780 232 2797     2257388    -74         -51    -80   23  33  185   19  283  100  283  100  18  0  0 L3P 49
G07 FF 61028 025000  780 223  982     1230161      0         -68    -54   29 119  192   24  149   56  149   56  29  0  0 L3P 0E
G13 FF 61028 025000  780 438 2138    -6918372    -11         -63    -19   21  32  106  -14  109   14  109   14  17  0  0 L3P 2E
G14 FF 61028 025000  780 571 1719    -7228967    -29         -79     -1   19  94   88    6  147    8  147    8  17  0  0 L3P 03
G17 FF 61028 025000  780 546  356       49336    127         -80      3   15  75   90   -8  194  -23  194  -23  12  0  0 L3P DC
G19 FF 61028 025000  780 411  115    -6811951     -9         -88     11   30  21  112  -17  240  -38  240  -38  26  0  0 L3P 14
G21 FF 61028 025000  780 271 3144    -3594540    -61         -56     41   28  97  161   26  277  -19  277  -19  23  0  0 L3P 4B
G22 FF 61028 025000  780 678 2156      681277    -53         -63    -15   11  56   79    2  107   25  107   25   9  0  0 L3P E3
G30 FF 61028 025000  780 437 1237     -597071   -168         -80    -47   20  51  106    3  136   55  136   55  16  0  0 L3P 1B
G05 FF 61028 030600  780 205 2873     2257393    -32         -53    -39   31  33  208   29  325   21  325   21  26  0  0 L3P 1B
G07 FF 61028 030600  780 194  911     1230218      7         -61    -47   25 119  220   34  168   63  168   63  23  0  0 L3P 01
G13 FF 61028 030600  780 508 2158    -6918372     -6         -71    -14   16  32   95  -10  118   11  118   11  15  0  0 L3P 0D
G14 FF 61028 030600  780 511 1647    -7228979    -40         -65    -13   19  94   94    8  144   18  144   18  17  0  0 L3P 24
G15 FF 61028 030600  780 220 2232    -3685015    -63         -44    -28   38  80  196  -47  284   15  284   15  36  0  0 L3P 45
G17 FF 61028 030600  780 606  460       49457    126         -78      2   14  75   84   -5  180  -10  180  -10  13  0  0 L3P CE
G19 FF 61028 030600  780 487  156    -6811954    -16         -73      3   21  21   98  -12  168 -131  168 -131  15  0  0 L3P 40
G21 FF 61028 030600  780 225 3207    -3594648   -134         -65    -31   30  97  191   38  281   22  281   22  26  0  0 L3P 44
G22 FF 61028 030600  780 637 1989      681254    -46         -49     -8   15  56   82    3  113   16  113   16  12  0  0 L3P E3
G30 FF 61028 030600  780 418 1139     -597188   -127         -81     -7   15  51  110    5  146   14  146   14  12  0  0 L3P 03
G13 FF 61028 032200  780 579 2202    -6918366     -4         -73    -12   15  32   87   -7  111   -2  111   -2  14  0  0 L3P EB
G14 FF 61028 032200  780 455 1582    -7229015    -49         -75    -22   30  94  103   10  146   14  146   14  28  0  0 L3P 26
G15 FF 61028 032200  780 272 2268    -3685074    -24         -69     11   35  80  160  -29  272  -81  272  -81  30  0  0 L3P 4F
G17 FF 61028 032200  780 654  612       49573     89         -81    -35   18  75   81   -3  159    6  159    6  16  0  0 L3P C0
G19 FF 61028 032200  780 564  211    -6811975    -49         -76    -30   14  21   88   -8  137  -35  137  -35  13  0  0 L3P 2D
G21 FF 61028 032200  780 180 3266    -3594742   -138         -61    -36   27  97  235   54  292   61  292   61  18  0  0 L3P 55
G22 FF 61028 032200  780 589 1863      681200    -46         -67     -9   18  56   86    5  125   10  125   10  16  0  0 L3P DD
G30 FF 61028 032200  780 396 1045     -597318   -125         -95     -4   19  51  115    6  155  -13  155  -13  15  0  0 L3P 22
G13 FF 61028 033800  780 646 2288    -6918351     -6         -65    -14   16  32   81   -4   99    0   99    0  15  0  0 L3P D3
G14 FF 61028 033800  780 402 1523    -7229043    -59         -77    -32   24  94  114   12  143   28  143   28  21  0  0 L3P 29
G15 FF 61028 033800  780 321 2317    -3685101    -52         -62    -17   21  80  138  -18  218  -22  218  -22  19  0  0 L3P 4B
G17 FF 61028 033800  780 678  815       49689    118         -84     -6   15  75   79    0  135  -48  135  -48  13  0  0 L3P FF
G19 FF 61028 033800  780 639  296    -6812001      3         -83     22   21  21   82   -5  124  -49  124  -49  19  0  0 L3P F9
G22 FF 61028 033800  780 538 1762      681170    -36         -61      1   20  56   91    6  120   -3  120   -3  18  0  0 L3P B2
G30 FF 61028 033800  780 369  956     -597421    -96         -83     24   26  51  122    8  135  -31  135  -31  24  0  0 L3P 11
G13 FF 61028 035400  780 701 2444    -6918346     26         -68     18   16  32   78   -2   97   -7   97   -7  14  0  0 L3P ED
G14 FF 61028 035400  780 352 1464    -7229069    -51         -76    -24   18  94  127   15  134   18  134   18  15  0  0 L3P 3A
G15 FF 61028 035400  780 363 2382    -3685139    -32         -66      3   18  80  124  -12  192  -22  192  -22  16  0  0 L3P 36
G17 FF 61028 035400  780 668 1031       49807    125         -85      1   15  75   80    2  107    0  107    0  13  0  0 L3P 8E
G19 FF 61028 035400  780 705  443    -6812022    -26         -86     -7   11  21   78   -3   95    3   95    3  10  0  0 L3P AC
G22 FF 61028 035400  780 487 1676      681131    -24         -64     13   13  56   98    8  124  -10  124  -10  11  0  0 L3P EF
G30 FF 61028 035400  780 339  871     -597547   -143         -93    -22   25  51  132   12  133   15  133   15  21  0  0 L3P 14
G13 FF 61028 041000  780 729 2696    -6918334      1         -72     -7   11  33   77    0   94    7   94    7   9  0  0 L3P 95
G14 FF 61028 041000  780 307 1407    -7229071      7         -53     34   22  95  144   19  103  -34  103  -34  19  0  0 L3P 0D
G15 FF 61028 041000  780 396 2461    -3685174    -30         -65      5   20  81  115   -7  182  -12  182  -12  20  0  0 L3P 16
G17 FF 61028 041000  780 629 1201       49932    104         -76    -20   16  76   83    4  116   41  116   41  14  0  0 L3P CF
G19 FF 61028 041000  780 746  701    -6812028    -62         -67    -43   28  49   76   -1  109   54  109   54  19  0  0 L3P 17
G22 FF 61028 041000  780 438 1599      681095    -69         -72    -30   26  58  106    9  120   10  120   10  25  0  0 L3P F5
G30 FF 61028 041000  780 304  793     -597646   -144         -78    -23   34  63  145   16  121   27  121   27  31  0  0 L3P 19
G06 FF 61028 042600  780 218  407     5915445     -6         -80    -62   34  24  197  -41  184    8  184    8  28  0  0 L3P FC
G13 FF 61028 042600  780 714 2972    -6918321      1         -66     -7   11  33   78    2   84   -2   84   -2  10  0  0 L3P AB
G14 FF 61028 042600  780 264 1349    -7229124     11         -80     38   25  95  164   24  108  -34  108  -34  21  0  0 L3P 2D
G15 FF 61028 042600  780 418 2554    -3685217    -41         -75     -6   19  81  110   -3  175   -3  175   -3  17  0  0 L3P 13
G17 FF 61028 042600  780 571 1312       50045    100         -82    -23   22  76   88    6  116    1  116    1  21  0  0 L3P 9E
G19 FF 61028 042600  780 742 1024    -6812042     34         -64     53   24  49   76    1  107  -31  107  -31  18  0  0 L3P 02
G22 FF 61028 042600  780 392 1527      681051    -27         -79     12   16  58  116   12  108  -28  108  -28  14  0  0 L3P 1E
G30 FF 61028 042600  780 265  722     -597770   -126         -87     -5   36  63  164   24  123    5  123    5  29  0  0 L3P F1
G06 FF 61028 044200  780 265  469     5915482    102         -97     46   38  24  164  -28  161  -70  161  -70  30  0  0 L3P 3C
G12 FF 61028 044200  780 193 2661     6053836    -25        -109    -31   34  17  220  -33  251  -45  251  -45  35  0  0 L3P 50
G13 FF 61028 044200  780 664 3170    -6918330     -1         -82     -9   13  33   80    4   94    5   94    5  11  0  0 L3P 9D
G14 FF 61028 044200  780 225 1290    -7229128    -28         -58     -1   27  95  191   31   83    2   83    2  19  0  0 L3P DB
G15 FF 61028 044200  780 425 2656    -3685244    -22         -67     14   24  81  109    0  163  -10  163  -10  23  0  0 L3P 1B
G17 FF 61028 044200  780 505 1378       50168    149         -79     25   23  76   95   10  104  -26  104  -26  21  0  0 L3P FF
G19 FF 61028 044200  780 695 1251    -6812054    -37         -57    -18   16  49   79    3   93   -3   93   -3  12  0  0 L3P F2
G22 FF 61028 044200  780 349 1458      680997    -71         -95    -32   22  58  128   14  113   11  113   11  18  0  0 L3P 13
G24 FF 61028 044200  780 235 2191     1964690   -131         -76     11   33  57  183  -42  182  -64  182  -64  31  0  0 L3P 53
G30 FF 61028 044200  780 223  657     -597895    -81         -96     39   34  63  193   37  134  -18  134  -18  28  0  0 L3P 3B
G06 FF 61028 045800  780 311  537     5915540     89         -92     33   26  24  142  -19  134  -35  134  -35  20  0  0 L3P 21
G12 FF 61028 045800  780 222 2591     6053854    115         -97    109   27  17  193  -24  261  -73  261  -73  22  0  0 L3P 5F
G13 FF 61028 045800  780 597 3289    -6918319     32         -79     24   21  33   85    6   95   -9   95   -9  17  0  0 L3P F8
G14 FF 61028 045800  780 189 1231    -7229170     64         -74     91   24  95  225   41   97  -77   97  -77  19  0  0 L3P 38
G15 FF 61028 045800  780 418 2760    -3685282    -41         -80     -5   27   5  110    3  166    8  166    8  23  0  0 L3P DF
G17 FF 61028 045800  780 435 1415       50283    113         -86    -11   23  40  107   14   95   -2   95   -2  22  0  0 L3P C7
G19 FF 61028 045800  780 629 1370    -6812088    -17         -72      2   14  49   83    5   82   -1   82   -1  13  0  0 L3P CA
G22 FF 61028 045800  780 308 1390      680976     -6         -79     32   24  58  143   17   89  -31   89  -31  18  0  0 L3P 08
G24 FF 61028 045800  780 293 2171     1964542   -197         -88    -54   31  57  150  -29  151   13  151   13  28  0  0 L3P 50
G06 FF 61028 051400  780 355  615     5915592     30         -94    -26   23  24  126  -13  122    9  122    9  21  0  0 L3P E5
G11 FF 61028 051400  780 223  155     5049468   -195         -74    -61   35 173  192  -48  128   31  128   31  28  0  0 L3P 4C
G12 FF 61028 051400  780 249 2518     6053869     32         -87     26   21  17  174  -18  242  -53  242  -53  20  0  0 L3P 35
G13 FF 61028 051400  780 523 3365    -6918312     -5         -80    -13   44  33   93   10  107   10  107   10  44  0  0 L3P F3
G15 FF 61028 051400  780 398 2860    -3685312    -11         -76     24   20   5  115    6  158  -29  158  -29  17  0  0 L3P 26
G17 FF 61028 051400  780 365 1433       50405    102         -83    -22   20  40  124   21   85   -2   85   -2  17  0  0 L3P B7
G19 FF 61028 051400  780 557 1428    -6812113    -23         -78     -3   15  49   89    8   90  -14   90  -14  13  0  0 L3P FD
G22 FF 61028 051400  780 270 1323      680948   -128         -71    -89   18  58  161   21   81   58   81   58  15  0  0 L3P 13
G24 FF 61028 051400  780 354 2158     1964404   -157         -89    -15   15  57  127  -20  127  -13  127  -13  14  0  0 L3P 5B
G06 FF 61028 053000  780 393  703     5915650     79         -89     23   22  24  116   -9  105  -35  105  -35  18  0  0 L3P 12
G11 FF 61028 053000  780 283  200     5049329   -134         -84      0   35 173  155  -32  127  -29  127  -29  33  0  0 L3P 33
G12 FF 61028 053000  780 275 2445     6053877    -21         -85    -27   26  17  158  -14  208   -8  208   -8  21  0  0 L3P 2F
G13 FF 61028 053000  780 448 3418    -6918311     34         -86     26   19  33  104   14  125   -1  125   -1  17  0  0 L3P 00
G15 FF 61028 053000  780 368 2952    -3685350     -8         -80     27   18   5  123   10  171   18  171   18  13  0  0 L3P FE
G17 FF 61028 053000  780 296 1436       50524     71         -84    -53   15  40  149   32   82   49   82   49  13  0  0 L3P D6
G19 FF 61028 053000  780 485 1455    -6812130     -6         -77     13   21  49   98   11   86  -11   86  -11  21  0  0 L3P F8
G22 FF 61028 053000  780 234 1256      680905     29         -76     68   20  58  184   26   82  -50   82  -50  14  0  0 L3P F5
G24 FF 61028 053000  780 418 2154     1964265   -120         -92     22   23  57  110  -15  120  -24  120  -24  20  0  0 L3P 2A
G06 FF 61028 054600  780 421  802     5915709     65         -84      9   21  24  110   -5  100   -5  100   -5  19  0  0 L3P C6
G11 FF 61028 054600  780 344  248     5049209   -132         -75      2   27 173  130  -22  106   21  106   21  22  0  0 L3P 08
G12 FF 61028 054600  780 301 2371     6053883     38         -84     32   27  17  146  -12  177  -54  177  -54  27  0  0 L3P 3E
G13 FF 61028 054600  780 374 3460    -6918286    -19         -69    -27   31  33  121   21  130   54  130   54  27  0  0 L3P 32
G15 FF 61028 054600  780 330 3034    -3685370    -29         -67      6   28   5  135   15  181   13  181   13  21  0  0 L3P F9
G17 FF 61028 054600  780 229 1430       50656    161         -70     37   31  40  188   52   79  -21   79  -21  29  0  0 L3P F5
G19 FF 61028 054600  780 414 1463    -6812143    -21         -71     -2   17  49  111   16   83   10   83   10  16  0  0 L3P EA
G22 FF 61028 054600  780 201 1189      680877    -64         -67    -26   18  58  213   34   79   36   79   36  16  0  0 L3P 11
G24 FF 61028 054600  780 485 2161     1964129   -128         -91     14   15  57   98  -11  112  -17  112  -17  13  0  0 L3P 3E
G06 FF 61028 060200  780 436  909     5915752     70         -93     15   23  25  107   -2   98  -26   98  -26  21  0  0 L3P F9
G11 FF 61028 060200  780 408  304     5049082   -140         -65     -6   25 174  112  -15  112   -7  112   -7  20  0  0 L3P 04
G12 FF 61028 060200  780 327 2296     6053886     24         -87     18   18  18  136  -10  152  -52  152  -52  17  0  0 L3P 35
G13 FF 61028 060200  780 303 3496    -6918280    -14         -74    -22   24  34  145   31  150   25  150   25  19  0  0 L3P 23
G15 FF 61028 060200  780 288 3108    -3685411    -33         -72      3   29  13  152   22  182  -34  182  -34  21  0  0 L3P 1F
G19 FF 61028 060200  780 346 1458    -6812176    -23         -81     -3   27  52  129   22   89   -4   89   -4  24  0  0 L3P 01
G24 FF 61028 060200  780 554 2185     1963988   -145         -95     -3   11  58   89   -8  106  -15  106  -15  10  0  0 L3P 36
G06 FF 61028 061800  780 436 1019     5915798     75        -101     20   19  25  107    2   96   -8   96   -8  17  0  0 L3P F3
G11 FF 61028 061800  780 471  372     5048944   -112         -75     22   17 174  100  -10  108  -29  108  -29  14  0  0 L3P 45
G12 FF 61028 061800  780 354 2220     6053883     36         -95     30   20  18  126   -9  134  -40  134  -40  18  0  0 L3P 13
G13 FF 61028 061800  780 236 3530    -6918269     15         -71      8   31  34  183   49  144    8  144    8  26  0  0 L3P F2
G15 FF 61028 061800  780 243 3176    -3685454    -66         -81    -31   26  13  178   31  156   10  156   10  21  0  0 L3P 2E
G19 FF 61028 061800  780 281 1445    -6812208     37         -95     56   24  52  155   33   98  -27   98  -27  17  0  0 L3P 30
G24 FF 61028 061800  780 622 2239     1963851   -150         -95     -8   17  58   83   -5   97    7   97    7  16  0  0 L3P EC
G06 FF 61028 063400  780 419 1123     5915871     56         -82      0   27  25  110    5   85   -1   85   -1  23  0  0 L3P B2
G11 FF 61028 063400  780 531  460     5048824   -137         -66     -3   15 174   92   -7   96  -12   96  -12  12  0  0 L3P 06
G12 FF 61028 063400  780 383 2143     6053888     -7         -96    -13   23  18  118   -8  125    3  125    3  20  0  0 L3P E6
G15 FF 61028 063400  780 199 3239    -3685472    -61         -65    -25   29  13  214   46  139   14  139   14  23  0  0 L3P 42
G19 FF 61028 063400  780 221 1424    -6812189    -88         -56    -68   42  52  195   50   76   81   76   81  31  0  0 L3P 2A
G24 FF 61028 063400  780 686 2344     1963718   -136         -93      6   15  58   79   -3   94  -11   94  -11  13  0  0 L3P 0E
G06 FF 61028 070200  780 357 1272     5915968      9         -79    -46   21  25  126   14   83   38   83   38  18  0  0 L3P 01
G11 FF 61028 070200  780 610  689     5048591   -112         -74     22   13 174   84   -2   84  -28   84  -28  11  0  0 L3P 0B
G12 FF 61028 070200  780 436 2003     6053908    -12         -86    -18   19  18  106   -6   97   -4   97   -4  17  0  0 L3P F7
G24 FF 61028 070200  780 749 2763     1963476   -130         -96     12   14  58   76    0   93   -9   93   -9  12  0  0 L3P F1
G25 FF 61028 070200  780 180 2308    -4552342    -51         -66    -74   26   5  236  -49  198  -15  198  -15  20  0  0 L3P 50
G29 FF 61028 070200  780 244 2917     4074305    -80         -63    -18   28  28  177  -30  171   25  171   25  24  0  0 L3P 34
G06 FF 61028 071800  780 307 1333     5916015     96         -84     40   21  25  144   23   84  -27   84  -27  17  0  0 L3P 07
G11 FF 61028 071800  780 627  864     5048454   -119         -82     15   15 174   83    0   76  -18   76  -18  13  0  0 L3P 0F
G12 FF 61028 071800  780 469 1919     6053913     15         -86      9   17  18  101   -6   83  -16   83  -16  14  0  0 L3P FA
G20 FF 61028 071800  780 198  526    -3620075     27         -78     25   45  77  216  -40  100  -42  100  -42  34  0  0 L3P 23
G24 FF 61028 071800  780 727 3057     1963336   -157         -99    -15   14  58   77    2   94   17   94   17  12  0  0 L3P 11
G25 FF 61028 071800  780 220 2257    -4552339     -8         -84    -31   27   9  195  -36  156  -16  156  -16  23  0  0 L3P 44
G29 FF 61028 071800  780 285 2845     4074248    -59         -61      3   24  28  154  -20  162  -22  162  -22  21  0  0 L3P 2E
G06 FF 61028 073400  780 252 1379     5916074     71         -79     16   24  25  172   38   89   -8   89   -8  16  0  0 L3P 04
G11 FF 61028 073400  780 615 1039     5048333   -134         -78      0   20 175   84    2   64    3   64    3  18  0  0 L3P B6
G12 FF 61028 073400  780 503 1828     6053926     11         -79      6   19  18   96   -5   72  -11   72  -11  16  0  0 L3P DD
G20 FF 61028 073400  780 235  594    -3620078     28         -82     27   39  77  184  -28   96  -25   96  -25  30  0  0 L3P 26
G24 FF 61028 073400  780 672 3247     1963204   -142         -95      0   12  58   80    4   93    5   93    5  10  0  0 L3P AC
G25 FF 61028 073400  780 264 2207    -4552325     11         -92    -12   34   9  165  -27  124  -17  124  -17  28  0  0 L3P 33
G29 FF 61028 073400  780 322 2767     4074178   -101         -71    -39   33  28  138  -14  155   19  155   19  27  0  0 L3P 55
G06 FF 61028 075000  780 193 1411     5916125     48         -81     -8   37  25  221   67  129   56  129   56  26  0  0 L3P 15
G11 FF 61028 075000  780 580 1184     5048196   -118         -87     16   18 175   87    4   77   -1   77   -1  14  0  0 L3P FC
G12 FF 61028 075000  780 536 1727     6053933     -2         -77     -7   16  18   91   -4   76    8   76    8  14  0  0 L3P B5
G20 FF 61028 075000  780 270  667    -3620069    -22         -74    -23   26  77  162  -19   94   33   94   33  23  0  0 L3P 0F
G24 FF 61028 075000  780 603 3357     1963078   -155         -84    -12   17  58   85    6   92   17   92   17  15  0  0 L3P 06
G25 FF 61028 075000  780 311 2160    -4552295     -8         -84    -31   34   9  142  -21   99   14   99   14  31  0  0 L3P F8
G29 FF 61028 075000  780 354 2682     4074128   -111         -61    -48   21  28  127  -10  125   12  125   12  17  0  0 L3P 31
G05 FF 61028 080600  780 212  405     2257511    -95         -59   -102   48  36  202  -43  102   84  102   84  40  0  0 L3P 1F
G11 FF 61028 080600  780 527 1287     5048070   -110         -86     24   17 176   92    7   78   -5   78   -5  16  0  0 L3P FB
G12 FF 61028 080600  780 569 1614     6053935     56         -76     50   11  20   88   -3   79  -39   79  -39   8  0  0 L3P FA
G20 FF 61028 080600  780 300  747    -3620075     72         -82     71   30  78  147  -12  108  -55  108  -55  25  0  0 L3P 28
G21 FF 61028 080600  780 195  719    -3596468   -147         -48    -46   52 100  219  -31  118   61  118   61  49  0  0 L3P 66
G24 FF 61028 080600  780 529 3425     1962933   -172         -92    -30   35  60   92   10  105   40  105   40  35  0  0 L3P 1A
G25 FF 61028 080600  780 362 2114    -4552278     25         -84      2   26  13  124  -16   92    1   92    1  23  0  0 L3P BE
G29 FF 61028 080600  780 381 2592     4074070    -63         -62      0   24  31  119   -7  107  -10  107  -10  21  0  0 L3P 02
G05 FF 61028 082200  780 258  468     2257498     39         -79     32   38  36  168  -29  129  -28  129  -28  31  0  0 L3P 4C
G11 FF 61028 082200  780 466 1355     5047941   -178         -86    -44   26 176  101   11   96   40   96   40  26  0  0 L3P 31
G12 FF 61028 082200  780 597 1482     6053947    -15         -71    -21   18  20   85   -2   82   16   82   16  15  0  0 L3P EE
G20 FF 61028 082200  780 322  834    -3620061    -31         -70    -32   24  78  137   -7  113   35  113   35  22  0  0 L3P FE
G21 FF 61028 082200  780 221  793    -3596574    -82         -57     19   30 100  194  -20  148  -25  148  -25  25  0  0 L3P 51
G24 FF 61028 082200  780 453 3474     1962796   -159         -92    -17   37  60  103   14  117   12  117   12  36  0  0 L3P 3D
G25 FF 61028 082200  780 417 2070    -4552268    -20         -95    -42   18  13  110  -13  103   17  103   17  16  0  0 L3P 23
G29 FF 61028 082200  780 404 2497     4074006   -101         -66    -39   18  31  113   -5  101   15  101   15  15  0  0 L3P 17
G05 FF 61028 083800  780 303  537     2257493      9         -90      2   25  36  145  -20  145   23  145   23  20  0  0 L3P D9
G11 FF 61028 083800  780 400 1396     5047804   -161         -95    -27   18 176  114   16  121   61  121   61  15  0  0 L3P 40
G12 FF 61028 083800  780 617 1331     6053940     22         -83     16   15  20   84   -1   98    3   98    3  14  0  0 L3P AB
G20 FF 61028 083800  780 335  925    -3620091     37        -100     36   24  78  133   -3  147  -14  147  -14  21  0  0 L3P 20
G21 FF 61028 083800  780 241  871    -3596662   -135         -49    -34   34 100  179  -12  149   68  149   68  29  0  0 L3P 71
G24 FF 61028 083800  780 379 3512     1962650   -126        -102     16   18  60  120   20  139   16  139   16  13  0  0 L3P 33
G25 FF 61028 083800  780 477 2026    -4552248     43         -96     20   19  13   99  -10  105   -7  105   -7  16  0  0 L3P 11
G29 FF 61028 083800  780 422 2398     4073915    -31         -96     31   19  31  109   -4  121  -19  121  -19  16  0  0 L3P 32
G05 FF 61028 085400  780 346  615     2257501    -17         -89    -24   26  36  129  -14  160   31  160   31  21  0  0 L3P 15
G11 FF 61028 085400  780 333 1419     5047680   -107         -90     27   20 176  134   24  151    9  151    9  16  0  0 L3P 14
G12 FF 61028 085400  780 624 1164     6053948     19         -80     13   17  20   83    0  110   -7  110   -7  15  0  0 L3P CB
G18 FF 61028 085400  780 206 3215     4733138    -57         -93     40   33 141  208  -63  179  -19  179  -19  24  0  0 L3P 64
G20 FF 61028 085400  780 336 1017    -3620085    -25         -96    -27   25  78  132    2  162   48  162   48  21  0  0 L3P 20
G21 FF 61028 085400  780 253  952    -3596791   -161         -80    -60   21 100  171   -5  198   57  198   57  17  0  0 L3P 55
G24 FF 61028 085400  780 308 3546     1962525   -156         -90    -14   19  60  143   30  151   39  151   39  17  0  0 L3P 3E
G25 FF 61028 085400  780 540 1982    -4552208     -3         -79    -26   17  13   91   -8  101   28  101   28  15  0  0 L3P 09
G29 FF 61028 085400  780 436 2298     4073861    -40         -91     22   17  31  106   -3  124  -12  124  -12  15  0  0 L3P 20
G05 FF 61028 091000  780 383  702     2257497     10        -100      4   27  36  118   -9  175   -4  175   -4  23  0  0 L3P E2
G11 FF 61028 091000  780 268 1428     5047545   -136         -96     -2   19 176  163   38  199   56  199   56  14  0  0 L3P 5B
G12 FF 61028 091000  780 616  994     6053955    -13         -79    -18   15  20   84    1  122   20  122   20  14  0  0 L3P DF
G18 FF 61028 091000  780 269 3174     4733056    -76         -81     22   33 141  162  -36  159  -32  159  -32  27  0  0 L3P 5B
G20 FF 61028 091000  780 325 1106    -3620094    -36        -105    -38   37  78  137    7  191   68  191   68  33  0  0 L3P 39
G21 FF 61028 091000  780 256 1034    -3596907   -130         -99    -29   41 100  169    1  230   61  230   61  32  0  0 L3P 34
G24 FF 61028 091000  780 240 3578     1962397   -160         -81    -18   20  60  180   47  162   37  162   37  16  0  0 L3P 3D
G25 FF 61028 091000  780 608 1935    -4552201      9         -94    -14   12  13   84   -6  123   23  123   23  10  0  0 L3P E5
G28 FF 61028 091000  780 189 2310     6218006    -60         -80    -19   39 204  225  -44  198   14  198   14  35  0  0 L3P 4A
G29 FF 61028 091000  780 447 2197     4073796   -115         -95    -53   19  31  104   -2  137   50  137   50  16  0  0 L3P 3A
G05 FF 61028 092600  780 411  799     2257508     -6         -95    -13   20  36  112   -5  180   19  180   19  17  0  0 L3P 02
G11 FF 61028 092600  780 204 1426     5047421   -127         -91      8   24 176  210   63  263   80  263   80  21  0  0 L3P 1E
G12 FF 61028 092600  780 591  836     6053951     33         -89     27   19  20   86    3  142   -3  142   -3  14  0  0 L3P D0
G18 FF 61028 092600  780 330 3122     4732963   -110         -80    -12   25 141  135  -23  169   -3  169   -3  17  0  0 L3P 40
G20 FF 61028 092600  780 301 1187    -3620095     25        -108     24   21  78  146   13  223   18  223   18  18  0  0 L3P 1D
G21 FF 61028 092600  780 249 1114    -3596981   -256         -76   -154   34 100  174    9  239  171  239  171  30  0  0 L3P 8B
G25 FF 61028 092600  780 679 1878    -4552178      9         -93    -14   15  13   79   -4  131   21  131   21  13  0  0 L3P 08
G28 FF 61028 092600  780 222 2372     6217968    -28         -79     13   37 204  193  -25  210    4  210    4  35  0  0 L3P 17
G29 FF 61028 092600  780 457 2095     4073725    -71        -107     -8   21  31  103   -1  159   26  159   26  18  0  0 L3P 29
G05 FF 61028 094200  780 427  904     2257496     28        -114     21   31  36  108   -2  201  -16  201  -16  28  0  0 L3P 10
G12 FF 61028 094200  780 552  703     6053946    -19         -98    -25   24  20   90    5  162   25  162   25  22  0  0 L3P EE
G18 FF 61028 094200  780 389 3057     4732856   -131         -94    -33   44 141  117  -15  169   17  169   17  29  0  0 L3P 74
G20 FF 61028 094200  780 267 1258    -3620094     35        -108     33   18  78  163   23  259   19  259   19  15  0  0 L3P 3C
G21 FF 61028 094200  780 231 1189    -3597089    -96         -87      5   25 100  187   18  284   35  284   35  21  0  0 L3P 40
G25 FF 61028 094200  780 752 1791    -4552164    -14        -100    -37   12  13   76   -3  137   30  137   30  11  0  0 L3P 19
G28 FF 61028 094200  780 247 2444     6217927    -44         -81     -3   26 204  175  -13  224   17  224   17  22  0  0 L3P 33
G29 FF 61028 094200  780 464 1993     4073661    -81        -111    -18   19  31  101   -1  172   25  172   25  17  0  0 L3P 2F
G05 FF 61028 095800  780 427 1011     2257500    -18        -116    -25   24  36  108    2  209   24  209   24  23  0  0 L3P 12
G12 FF 61028 095800  780 502  596     6053953    -12         -97    -17   19  20   96    8  175   24  175   24  13  0  0 L3P 04
G18 FF 61028 095800  780 444 2977     4732772    -70         -84     28   20 141  105  -10  166  -25  166  -25  16  0  0 L3P 62
G20 FF 61028 095800  780 224 1317    -3620073     16         -93     14   28  53  192   39  304   43  304   43  22  0  0 L3P 0F
G21 FF 61028 095800  780 203 1256    -3597179    -48         -80     53   21 100  210   33  327   -3  327   -3  17  0  0 L3P 27
G25 FF 61028 095800  780 823 1582    -4552140     44         -98     21   31  13   74   -1  138  -29  138  -29  29  0  0 L3P 2B
G28 FF 61028 095800  780 260 2522     6217886    -38         -82      3   26 204  167   -5  233   -8  233   -8  20  0  0 L3P 17
G29 FF 61028 095800  780 470 1890     4073597    -88        -115    -26   14  31  100   -1  191   20  191   20  12  0  0 L3P 2E
G05 FF 61028 101400  780 412 1113     2257519     51        -102     44   29  37  111    5  216  -21  216  -21  24  0  0 L3P FC
G12 FF 61028 101400  780 444  512     6053959     27         -98     21   23  69  105   12  188    5  188    5  20  0  0 L3P D9
G18 FF 61028 101400  780 492 2879     4732675    -81         -83     17   12 142   97   -7  168   -1  168   -1  10  0  0 L3P 1B
G25 FF 61028 101400  780 849  800    -4552127     46        -106     23   12  41   74    0  149   -6  149   -6   8  0  0 L3P D3
G28 FF 61028 101400  780 264 2604     6217847    -78         -88    -37   28 205  165    1  231   34  231   34  25  0  0 L3P 2C
G29 FF 61028 101400  780 476 1786     4073528    -57        -128      5   16  35   99   -1  194   -9  194   -9  13  0  0 L3P 18
G05 FF 61028 103000  780 383 1203     2257533     19         -94     12   25  37  118   10  232   10  232   10  23  0  0 L3P E2
G12 FF 61028 103000  780 382  446     6053964     22         -98     16   17  69  119   17  211    4  211    4  15  0  0 L3P CE
G18 FF 61028 103000  780 531 2762     4732573   -122         -91    -24   19 142   92   -4  177   14  177   14  15  0  0 L3P 2F
G23 FF 61028 103000  780 251 3534    -5878476   -118         -78    -67   25 140  173  -48  218   53  218   53  22  0  0 L3P 73
G25 FF 61028 103000  780 786  361    -4552105     30        -106      7   12  41   75    2  157    9  157    9   9  0  0 L3P A8
G28 FF 61028 103000  780 257 2687     6217862     32         -33     73   31 205  169    7  188  -59  188  -59  23  0  0 L3P 46
G29 FF 61028 103000  780 480 1681     4073467    -54        -129      9   14  35   99   -1  197   -9  197   -9  13  0  0 L3P 13
G05 FF 61028 104600  780 343 1278     2257523    -33        -111    -39   23  37  130   16  266   63  266   63  18  0  0 L3P 35
G12 FF 61028 104600  780 317  395     6053975    -38         -93    -44   23  69  140   27  238   70  238   70  18  0  0 L3P 28
G18 FF 61028 104600  780 558 2627     4732489    -86         -81     12   17 142   89   -2  174    2  174    2  16  0  0 L3P 04
G23 FF 61028 104600  780 324 3544    -5878523    -93         -76    -41   18 140  137  -29  212   24  212   24  12  0  0 L3P 4D
G25 FF 61028 104600  780 707  246    -4552085     20        -107     -2   15  41   78    4  172   20  172   20  10  0  0 L3P D5
G28 FF 61028 104600  780 240 2767     6217782    -11         -74     30   38 205  179   14  257    6  257    6  35  0  0 L3P 16
G29 FF 61028 104600  780 483 1574     4073398   -103        -137    -41   22  35   98    0  211   50  211   50  18  0  0 L3P 1D
G05 FF 61028 110200  780 294 1336     2257541     44        -108     37   26  27  150   25  297   19  297   19  22  0  0 L3P 23
G12 FF 61028 110200  780 251  356     6053980     17         -93     12   35  69  173   44  286   50  286   50  27  0  0 L3P FF
G18 FF 61028 110200  780 572 2480     4732389    -95         -87      2   18 142   87   -1  187   11  187   11  15  0  0 L3P 0F
G23 FF 61028 110200  780 401 3549    -5878580    -80         -84    -29   21 140  114  -19  212   17  212   17  15  0  0 L3P 46
G25 FF 61028 110200  780 624  195    -4552064     13        -109    -10   14  41   83    6  188   32  188   32  11  0  0 L3P F1
G26 FF 61028 110200  780 204 2224     2971776    -24         -70    -88   35 102  210  -58  326   47  326   47  33  0  0 L3P 43
G28 FF 61028 110200  780 217 2844     6217749     -9         -68     32   30 205  197   23  287   12  287   12  24  0  0 L3P 24
G29 FF 61028 110200  780 484 1465     4073340    -33        -136     29   14  35   98    0  223   -7  223   -7  12  0  0 L3P F2
G05 FF 61028 111800  780 240 1379     2257562     -7         -94    -14   24  27  180   41  337   71  337   71  18  0  0 L3P 19
G15 FF 61028 111800  780 186  728    -3686081     54         -64     89   40  15  229  -32  368  -83  368  -83  36  0  0 L3P 55
G18 FF 61028 111800  780 574 2330     4732296    -98         -86      0   15 142   87    0  201   14  201   14  12  0  0 L3P E7
G23 FF 61028 111800  780 482 3552    -5878641     -6         -96     45   22 140   99  -13  221  -43  221  -43  18  0  0 L3P 42
G25 FF 61028 111800  780 542  166    -4552043     25        -109      2   16  41   91   10  212   13  212   13  14  0  0 L3P CE
G26 FF 61028 111800  780 261 2253     2971823     43         -84    -21   38 102  167  -34  320   -3  320   -3  33  0  0 L3P 1A
G28 FF 61028 111800  780 189 2917     6217697    -42         -80     -1   30 205  225   35  342   45  342   45  25  0  0 L3P 2E
G29 FF 61028 111800  780 482 1355     4073272    -50        -144     13   15  35   99    1  238    9  238    9  14  0  0 L3P EB
G15 FF 61028 113400  780 210  801    -3686142    -35         -92      0   31  15  204  -21  398   -6  398   -6  24  0  0 L3P F9
G18 FF 61028 113400  780 563 2186     4732185    -74        -103     23   16 142   88    2  228   -1  228   -1  14  0  0 L3P 08
G23 FF 61028 113400  780 566 3552    -5878685    -13         -91     38   18 140   88   -9  214  -29  214  -29  13  0  0 L3P 55
G25 FF 61028 113400  780 461  149    -4552015     34        -103     12   16  41  102   14  236   34  236   34  13  0  0 L3P F5
G26 FF 61028 113400  780 315 2295     2971892     61         -76     -3   22 102  140  -22  299  -10  299  -10  18  0  0 L3P 3F
G29 FF 61028 113400  780 475 1244     4073219    -90        -136    -27   17  35  100    1  248   45  248   45  13  0  0 L3P 22
G10 FF 61028 115000  780 237 3360     5750560     35         -88     -3   40  78  183  -53  345  -24  345  -24  40  0  0 L3P 29
G15 FF 61028 115000  780 228  876    -3686194     -6        -110     29   27  15  188  -12  417  -27  417  -27  23  0  0 L3P 48
G18 FF 61028 115000  780 545 2054     4732098   -114         -97    -16   18 142   90    3  237   26  237   26  16  0  0 L3P 2B
G23 FF 61028 115000  780 652 3550    -5878736    -47         -92      4   15 140   81   -6  216    2  216    2  12  0  0 L3P E5
G25 FF 61028 115000  780 382  140    -4551987     21         -97     -2   28  41  119   21  275   51  275   51  27  0  0 L3P 03
G26 FF 61028 115000  780 365 2352     2971949     70         -80      6   24 102  124  -14  294  -12  294  -12  22  0  0 L3P 2A
G29 FF 61028 115000  780 463 1134     4073163    -80        -132    -17   15  35  102    3  266   42  266   42  13  0  0 L3P 0F
G10 FF 61028 120600  780 308 3338     5750609      0         -73    -39   28  79  144  -31  317   20  317   20  25  0  0 L3P 0D
G15 FF 61028 120600  780 240  954    -3686198    -43         -77     -8   32  16  180   -5  412   43  412   43  25  0  0 L3P 0D
G18 FF 61028 120600  780 521 1935     4731999   -122         -98    -24   21 143   93    3  256   41  256   41  19  0  0 L3P 33
G23 FF 61028 120600  780 739 3549    -5878797   -107        -101    -55   19 141   77   -4  233   55  233   55  20  0  0 L3P 68
G25 FF 61028 120600  780 306  138    -4551957     52         -83     29   32  44  144   33  324   43  324   43  26  0  0 L3P 06
G26 FF 61028 120600  780 406 2427     2972010     48         -78    -16   19 103  113   -9  294   16  294   16  16  0  0 L3P 29
G29 FF 61028 120600  780 445 1027     4073105    -64        -133     -1   23  66  105    4  287   22  287   22  22  0  0 L3P 03
G10 FF 61028 122200  780 380 3306     5750620     50         -99     12   27  79  119  -20  323  -26  323  -26  27  0  0 L3P 27
G15 FF 61028 122200  780 242 1032    -3686242    -99         -88    -64   27  16  178    1  450   82  450   82  24  0  0 L3P 29
G18 FF 61028 122200  780 495 1826     4731912    -89         -91      9   19 143   97    4  273   12  273   12  17  0  0 L3P 0A
G23 FF 61028 122200  780 827 3562    -5878861     16        -116     67   27 141   74   -2  255  -56  255  -56  26  0  0 L3P 59
G25 FF 61028 122200  780 233  140    -4551942    -10         -90    -32   19  44  185   55  399  120  399  120  18  0  0 L3P 41
G26 FF 61028 122200  780 437 2518     2972069     68         -90      4   18   1  106   -5  301    6  301    6  15  0  0 L3P B7
G29 FF 61028 122200  780 421  925     4073041    -54        -138      8   22  66  110    6  320   27  320   27  18  0  0 L3P E2
G10 FF 61028 123800  780 453 3259     5750661     52         -95     14   17  79  103  -13  312  -20  312  -20  16  0  0 L3P 23
G15 FF 61028 123800  780 236 1108    -3686276      3         -88     38   40  16  183    9  482    8  482    8  34  0  0 L3P EC
G16 FF 61028 123800  780 237 2263    -1703823    -83         -94     -5   30  60  182  -37  436  -18  436  -18  23  0  0 L3P 4F
G18 FF 61028 123800  780 467 1726     4731825    -77         -85     20   18 143  101    5  292   13  292   13  14  0  0 L3P 1E
G23 FF 61028 123800  780 884 1502    -5878872   -114         -78    -62   14 141   74    0  229   70  229   70  12  0  0 L3P 40
G26 FF 61028 123800  780 454 2624     2972138     80         -83     16   17   1  103   -2  307    4  307    4  15  0  0 L3P C8
G29 FF 61028 123800  780 390  831     4072996    -94        -123    -31   20  66  117    9  341   66  341   66  17  0  0 L3P 26
G10 FF 61028 125400  780 525 3194     5750712     59         -82     20   15  79   93   -9  295  -21  295  -21  13  0  0 L3P 1A
G15 FF 61028 125400  780 220 1180    -3686300    -56         -78    -21   33  16  195   18  510   42  510   42  25  0  0 L3P 21
G16 FF 61028 125400  780 284 2315    -1703877    -88         -74    -11   24  60  154  -23  404   -1  404   -1  21  0  0 L3P 27
G18 FF 61028 125400  780 440 1633     4731724   -125         -91    -27   25 143  106    5  322   53  322   53  21  0  0 L3P 26
G23 FF 61028 125400  780 798 1654    -5878944     -2        -101     49   19 141   75    2  261  -33  261  -33  18  0  0 L3P 3F
G26 FF 61028 125400  780 455 2736     2972202     80         -80     16   18   1  103    1  319    6  319    6  16  0  0 L3P BE
G29 FF 61028 125400  780 354  745     4072941    -75        -118    -13   24  66  127   13  380   57  380   57  20  0  0 L3P 31
G10 FF 61028 131000  780 594 3100     5750751     58         -79     19   13  79   85   -6  290  -18  290  -18  11  0  0 L3P 18
G15 FF 61028 131000  780 195 1244    -3686333      0         -78     35   28  16  219   32  559   43  559   43  23  0  0 L3P 13
G16 FF 61028 131000  780 324 2380    -1703957    -96         -79    -19   19  60  137  -14  400    7  400    7  16  0  0 L3P 1B
G18 FF 61028 131000  780 414 1544     4731639   -137         -82    -39   27 143  111    6  343   75  343   75  23  0  0 L3P 3B
G23 FF 61028 131000  780 714 1648    -5878988    -64         -95    -13   14 141   78    4  271   28  271   28  12  0  0 L3P 39
G26 FF 61028 131000  780 440 2847     2972257     71         -86      7   13   1  106    4  340   17  340   17  11  0  0 L3P C8
G29 FF 61028 131000  780 311  668     4072884    -96        -115    -33   31  66  142   19  431   83  431   83  25  0  0 L3P 2D
G10 FF 61028 132600  780 653 2962     5750783     35         -84     -4    8  79   81   -4  293    5  293    5   8  0  0 L3P C5
G16 FF 61028 132600  780 354 2459    -1704033    -81         -81     -4   18  60  127   -8  398   -4  398   -4  16  0  0 L3P 20
G18 FF 61028 132600  780 389 1459     4731530    -74         -97     24   17 143  117    6  395    9  395    9  13  0  0 L3P 17
G23 FF 61028 132600  780 633 1630    -5879044    -74        -102    -23   15 141   82    6  299   47  299   47  13  0  0 L3P 43
G26 FF 61028 132600  780 412 2948     2972320     69         -84      6   18   1  111    8  363   28  363   28  15  0  0 L3P E2
G29 FF 61028 132600  780 265  600     4072831    -68        -108     -5   44  66  164   29  485   66  485   66  40  0  0 L3P 30
G10 FF 61028 134200  780 695 2761     5750808     27         -97    -12   13  79   79   -2  302   13  302   13  12  0  0 L3P 00
G16 FF 61028 134200  780 373 2549    -1704120    -63         -94     14   22  60  121   -4  408    2  408    2  18  0  0 L3P E9
G18 FF 61028 134200  780 365 1375     4731435   -113         -99    -15   18 143  123    7  428   58  428   58  15  0  0 L3P 4C
G23 FF 61028 134200  780 556 1606    -5879092    -75        -101    -24   19 141   89    8  331   65  331   65  15  0  0 L3P 41
G26 FF 61028 134200  780 375 3039     2972380     66         -85      2   30   1  121   12  387   27  387   27  20  0  0 L3P EC
G27 FF 61028 134200  780 253 2171       31936    -16         -65    -76   40   3  172  -40  493   23  493   23  34  0  0 L3P F9
G29 FF 61028 134200  780 214  541     4072763    -78        -116    -16   36  66  200   47  566   81  566   81  29  0  0 L3P 3B
G32 FF 61028 134200  780 258   68     2008683   -149         -70     13   23  52  168  -41  459  -60  459  -60  19  0  0 L3P 3D
G10 FF 61028 135800  780 710 2504     5750862    126         -80     88   23  79   78    0  309   19  309   19  12  0  0 L3P 09
G16 FF 61028 135800  780 379 2647    -1704173     36         -73    113   34  60  120    0  414    4  414    4  21  0  0 L3P E6
G18 FF 61028 135800  780 341 1293     4731361    -13         -79     85   31 143  131    8  471   64  471   64  13  0  0 L3P 20
G23 FF 61028 135800  780 483 1578    -5879124     58         -85    109   37 141   98   11  373   42  373   42  21  0  0 L3P 4A
G26 FF 61028 135800  780 332 3119     2972453    174         -73    110   28   1  134   17  426   37  426   37  18  0  0 L3P 26
G27 FF 61028 135800  780 315 2165       32009    103         -50     43   37   3  140  -26  452   13  452   13  21  0  0 L3P D6
G32 FF 61028 135800  780 325   99     2008520    -51         -77    111   38  52  137  -27  443  -44  443  -44  22  0  0 L3P 2D
G10 FF 61028 141400  780 693 2255     5750989     33          14     -6   19  80   79    2  315   22  315   22  15  0  0 L3P DA
G16 FF 61028 141400  780 370 2745    -1704165    -91          12    -14   22  61  122    4  431   29  431   29  19  0  0 L3P 04
G18 FF 61028 141400  780 318 1213     4731361   -104          19     -7   26 144  139    9  498   55  498   55  22  0  0 L3P 2A
G23 FF 61028 141400  780 415 1546    -5879081    -53          12     -1   25 142  111   15  415   56  415   56  21  0  0 L3P 18
G26 FF 61028 141400  780 285 3189     2972606    107          25     44   22  14  153   24  461   14  461   14  16  0  0 L3P 0E
G27 FF 61028 141400  780 380 2168       32149     52          35     -9   23   4  119  -18  424  -35  424  -35  18  0  0 L3P EA
G32 FF 61028 141400  780 395  134     2008458   -182          20    -20   26  60  115  -18  408  -11  408  -11  25  0  0 L3P 26
G10 FF 61028 143000  780 653 2063     5751014     35           1     -4   11  80   81    3  338   13  338   13  10  0  0 L3P A0
G16 FF 61028 143000  780 350 2840    -1704246    -65           5     12   20  61  128    8  454   12  454   12  17  0  0 L3P E0
G18 FF 61028 143000  780 294 1133     4731265    -87          17     11   38 144  149   11  543   31  543   31  34  0  0 L3P 17
G23 FF 61028 143000  780 351 1512    -5879129    -57          13     -5   30 142  128   20  468   61  468   61  25  0  0 L3P 26
G26 FF 61028 143000  780 238 3253     2972668    150          27     87   27  14  181   34  517  -10  517  -10  23  0  0 L3P 2C
G27 FF 61028 143000  780 447 2186       32198     57          25     -5   25   4  104  -13  397  -32  397  -32  24  0  0 L3P F0
G32 FF 61028 143000  780 469  175     2008293   -153          11     10   22  60  101  -13  390  -31  390  -31  21  0  0 L3P 0A
G08 FF 61028 144600  780 203 2199    -5131380     20          33    -16   37  35  211  -62  593  -55  593  -55  31  0  0 L3P 40
G10 FF 61028 144600  780 603 1922     5751051     82           2     43   13  80   85    5  350  -28  350  -28  11  0  0 L3P D2
G16 FF 61028 144600  780 321 2928    -1704312    -76          14      2   26  61  138   13  467   25  467   25  19  0  0 L3P 0C
G18 FF 61028 144600  780 270 1056     4731169    -72          15     26   30 144  161   14  585   30  585   30  27  0  0 L3P 1E
G23 FF 61028 144600  780 292 1473    -5879188    -61           3    -10   20 142  150   28  538   73  538   73  15  0  0 L3P 35
G26 FF 61028 144600  780 193 3312     2972721     14          18    -50   35  14  221   50  582  115  582  115  30  0  0 L3P 23
G27 FF 61028 144600  780 515 2223       32250     58          18     -4   19   4   94   -9  370  -29  370  -29  16  0  0 L3P CD
G32 FF 61028 144600  780 543  228     2008136   -143          10     20   11  60   91   -9  368  -35  368  -35   9  0  0 L3P F7
G08 FF 61028 150200  780 263 2218    -5131356     37          23      2   32  35  165  -36  544  -55  544  -55  27  0  0 L3P 20
G10 FF 61028 150200  780 549 1815     5751086     47          -1      8   14  80   90    6  375   16  375   16  13  0  0 L3P C9
G16 FF 61028 150200  780 284 3009    -1704394    -89           6    -12   27  61  154   20  508   56  508   56  23  0  0 L3P 19
G18 FF 61028 150200  780 244  980     4731072    -87          12     10   44 144  177   19  636   48  636   48  37  0  0 L3P 20
G23 FF 61028 150200  780 237 1432    -5879217     -2          23     49   36 142  182   39  583   35  583   35  27  0  0 L3P 2A
G27 FF 61028 150200  780 579 2289       32304     55          13     -7   16   4   87   -6  354   -8  354   -8  14  0  0 L3P AF
G32 FF 61028 150200  780 617  308     2007985   -175          15    -12   17  60   84   -6  351    6  351    6  15  0  0 L3P D8
G08 FF 61028 151800  780 323 2249    -5131318    -14          27    -49   28  35  137  -23  495   -8  495   -8  24  0  0 L3P 3D
G10 FF 61028 151800  780 495 1726     5751116     13          -8    -26   13  80   97    8  402   41  402   41  13  0  0 L3P DA
G16 FF 61028 151800  780 244 3082    -1704463    -64          11     14   41  61  177   29  549   55  549   55  27  0  0 L3P 2A
G18 FF 61028 151800  780 216  906     4731012    -43          46     55   34 144  199   26  658   -3  658   -3  29  0  0 L3P 18
G23 FF 61028 151800  780 187 1388    -5879264     33          25     84   47 142  228   57  668   24  668   24  30  0  0 L3P 4A
G27 FF 61028 151800  780 636 2400       32352     66           1      4   15   4   82   -4  348  -18  348  -18  14  0  0 L3P A3
G32 FF 61028 151800  780 683  439     2007824   -176          11    -13   21  60   79   -3  343    9  343    9  18  0  0 L3P E4
G08 FF 61028 153400  780 380 2296    -5131290     46          21     10   21  35  119  -15  460  -44  460  -44  19  0  0 L3P 26
G10 FF 61028 153400  780 443 1649     5751150     14         -12    -25   19  80  105   10  430   55  430   55  16  0  0 L3P 02
G16 FF 61028 153400  780 203 3150    -1704526   -106          22    -28   29  61  211   42  599   82  599   82  24  0  0 L3P 3D
G18 FF 61028 153400  780 185  836     4730910    -42          37     56   53 144  229   39  721  -10  721  -10  46  0  0 L3P 2B
G27 FF 61028 153400  780 676 2573       32402     51          -7    -10   13   4   80   -2  348   -2  348   -2  12  0  0 L3P 9D
G32 FF 61028 153400  780 728  662     2007666   -153           9      9   12  60   77   -1  339  -15  339  -15  10  0  0 L3P F0
G08 FF 61028 155000  780 431 2363    -5131262     48          15     13   14  35  107  -10  441  -25  441  -25  13  0  0 L3P 13
G10 FF 61028 155000  780 394 1578     5751189     -1          -9    -40   32  80  116   12  462   78  462   78  28  0  0 L3P 14
G27 FF 61028 155000  780 685 2797       32464     85          -4     24   16   4   79    0  345   -8  345   -8  14  0  0 L3P AB
G32 FF 61028 155000  780 734  961     2007508   -167           6     -4   13  60   77    1  340   10  340   10  11  0  0 L3P B3
G02 FF 61028 160600  780 217 2190       21185    -42          25     42   44  80  198  -49  633  -88  633  -88  38  0  0 L3P 21
G08 FF 61028 160600  780 474 2452    -5131224     32          18     -3   17  40  100   -6  425   -6  425   -6  16  0  0 L3P E3
G10 FF 61028 160600  780 349 1510     5751226     17         -13    -21   17 110  128   14  513   83  513   83  14  0  0 L3P 13
G27 FF 61028 160600  780 660 3008       32528     58           5     -3   12  38   81    3  350   10  350   10  10  0  0 L3P 82
G28 FF 61028 160600  780 207  383     6217084    -41           1      0   33 209  207  -43  693  -77  693  -77  28  0  0 L3P 21
G32 FF 61028 160600  780 696 1203     2007351   -170           8     -7   11  87   78    3  351   27  351   27  10  0  0 L3P DA
G02 FF 61028 162200  780 275 2153       21115    -52          35     32   27  80  159  -33  570  -80  570  -80  24  0  0 L3P FE
G08 FF 61028 162200  780 502 2563    -5131198    -12           9    -47   16  40   96   -3  427   32  427   32  14  0  0 L3P F9
G10 FF 61028 162200  780 307 1443     5751280     54           5     17   22 110  143   17  548   30  548   30  18  0  0 L3P ED
G27 FF 61028 162200  780 610 3164       32577     67          -4      6   13  38   84    5  372   13  372   13  10  0  0 L3P 98
G28 FF 61028 162200  780 252  444     6217047    -40           3      0   42 209  172  -30  632  -53  632  -53  32  0  0 L3P FB
G32 FF 61028 162200  780 634 1340     2007200   -186          13    -23   12  87   82    5  365   46  365   46  12  0  0 L3P F8
G02 FF 61028 163800  780 337 2121       21037   -149          38    -64   23  80  132  -23  510   -5  510   -5  19  0  0 L3P F2
G08 FF 61028 163800  780 512 2689    -5131167     39           6      3   23  40   94    0  428   -8  428   -8  20  0  0 L3P C5
G10 FF 61028 163800  780 269 1377     5751306     33          -5     -5   27 110  162   21  609   50  609   50  20  0  0 L3P FE
G27 FF 61028 163800  780 546 3269       32642     69           1      7   16  38   90    8  395   24  395   24  15  0  0 L3P AF
G28 FF 61028 163800  780 297  512     6217017    -33          12      8   28 209  148  -21  588  -57  588  -57  23  0  0 L3P 41
G31 FF 61028 163800  780 194  203     1771676    -16          32      4   27  25  220  -57  706  -82  706  -82  22  0  0 L3P 14
G32 FF 61028 163800  780 563 1412     2007044   -159          13      4   20  87   88    8  392   25  392   25  19  0  0 L3P F1
G02 FF 61028 165400  780 404 2094       20944    -90          26     -6   25  80  113  -17  469  -52  469  -52  20  0  0 L3P 08
G08 FF 61028 165400  780 504 2818    -5131133     81           7     46   13  40   95    3  432  -25  432  -25  10  0  0 L3P E2
G10 FF 61028 165400  780 233 1312     5751349     49           2     12   25 110  184   26  645   34  645   34  19  0  0 L3P FA
G27 FF 61028 165400  780 477 3343       32701     25           1    -36   32  38   99   12  431   71  431   71  31  0  0 L3P BE
G28 FF 61028 165400  780 340  587     6216971    -41           5      0   18 209  131  -14  558  -28  558  -28  14  0  0 L3P 20
G31 FF 61028 165400  780 246  253     1771630   -102           4    -83   31  25  176  -37  651   -4  651   -4  26  0  0 L3P 03
G32 FF 61028 165400  780 489 1447     2006887   -181          12    -19   24  87   98   11  425   58  425   58  24  0  0 L3P 3A
G01 FF 61028 171000  780 195 2192    -3505659    -54          33    -77   34  91  219  -63  649  -17  649  -17  31  0  0 L3P 65
G02 FF 61028 171000  780 476 2072       20851    -67          13     17   17  80  100  -12  430  -55  430  -55  15  0  0 L3P F2
G08 FF 61028 171000  780 478 2937    -5131094     62          12     27   15  40   99    5  444    6  444    6  11  0  0 L3P CA
G10 FF 61028 171000  780 201 1246     5751359     84         -24     47   27 110  212   32  716   10  716   10  20  0  0 L3P FE
G27 FF 61028 171000  780 406 3400       32764     73           5     12   20  38  113   17  478   53  478   53  17  0  0 L3P C5
G28 FF 61028 171000  780 377  671     6216933    -40           6      1   27 209  120  -10  529  -34  529  -34  21  0  0 L3P 0A
G31 FF 61028 171000  780 301  307     1771617    -16          10      3   20  25  146  -25  592  -56  592  -56  16  0  0 L3P 02
G32 FF 61028 171000  780 416 1460     2006731   -160          13      3   19  87  111   16  468   45  468   45  17  0  0 L3P 05
G01 FF 61028 172600  780 253 2165    -3505644     -9          27    -31   46  91  171  -39  580  -51  580  -51  39  0  0 L3P 45
G02 FF 61028 172600  780 551 2058       20768   -102          11    -18   20  80   90   -9  398  -14  398  -14  17  0  0 L3P 0A
G08 FF 61028 172600  780 439 3041    -5131053      8          19    -27   54  40  106    9  467   39  467   39  37  0  0 L3P 0A
G27 FF 61028 172600  780 337 3446       32825     26           7    -35   22  38  132   24  539  106  539  106  20  0  0 L3P FE
G28 FF 61028 172600  780 407  766     6216899    -44          12     -3   20 209  113   -6  502  -16  502  -16  16  0  0 L3P 1D
G31 FF 61028 172600  780 357  366     1771595    -13           6      6   25  25  126  -18  548  -55  548  -55  20  0  0 L3P 13
G32 FF 61028 172600  780 346 1459     2006563   -201           1    -38   20  87  129   23  526   89  526   89  18  0  0 L3P 2D
G01 FF 61028 174200  780 315 2145    -3505656      8          -7    -14   21  91  140  -26  545  -45  545  -45  17  0  0 L3P 26
G02 FF 61028 174200  780 631 2056       20683    -68           7     16   16  80   82   -6  379  -27  379  -27  14  0  0 L3P E8
G03 FF 61028 174200  780 185 2447    -6199482    149          38     60   28  84  230  -33  666 -104  666 -104  22  0  0 L3P 7F
G04 FF 61028 174200  780 210 3111     -325629    -38          23    -12   41 134  204  -53  695  -84  695  -84  29  0  0 L3P 4F
G08 FF 61028 174200  780 391 3128    -5131024     46          14     11   19  40  116   13  502   31  502   31  16  0  0 L3P E8
G27 FF 61028 174200  780 270 3487       32896     40          20    -21   19  38  161   37  612  125  612  125  15  0  0 L3P 09
G28 FF 61028 174200  780 425  869     6216856    -88           8    -47   22 209  109   -2  482   11  482   11  20  0  0 L3P 15
G31 FF 61028 174200  780 412  435     1771578    -16           8      3   17  25  111  -12  501  -48  501  -48  14  0  0 L3P EF
G32 FF 61028 174200  780 279 1449     2006411   -184           5    -21   19  87  157   35  580   81  580   81  15  0  0 L3P 26
G01 FF 61028 175800  780 381 2132    -3505617     57          10     34   20  91  119  -19  475  -85  475  -85  18  0  0 L3P 43
G02 FF 61028 175800  780 713 2079       20607    -69          11     15   15  80   78   -4  359  -29  359  -29  12  0  0 L3P FC
G03 FF 61028 175800  780 213 2380    -6199403     55          32    -33   36  84  201  -26  622  -15  622  -15  30  0  0 L3P 36
G04 FF 61028 175800  780 266 3057     -325657   -107          20    -81   25 134  164  -32  613  -22  613  -22  17  0  0 L3P 58
G08 FF 61028 175800  780 339 3202    -5130987     57          17     22   27  40  132   19  544   30  544   30  22  0  0 L3P 0C
G27 FF 61028 175800  780 207 3526       32933      5          -2    -56   26  38  207   59  732  166  732  166  19  0  0 L3P 0F
G28 FF 61028 175800  780 428  976     6216811    -88           3    -47   27 209  108    1  466   31  466   31  25  0  0 L3P 13
G31 FF 61028 175800  780 464  518     1771556     -8           5     11   17  25  101   -9  460  -57  460  -57  15  0  0 L3P F6
G32 FF 61028 175800  780 216 1430     2006254   -214           4    -52   25  87  199   55  633  116  633  116  19  0  0 L3P 41
G01 FF 61028 181400  780 450 2128    -3505587     50          23     27   15  92  104  -13  421  -66  421  -66  12  0  0 L3P 22
G02 FF 61028 181400  780 795 2179       20536    -72          16     12   13  81   75   -2  341  -23  341  -23  10  0  0 L3P D7
G03 FF 61028 181400  780 242 2312    -6199319     58          36    -31   27  93  178  -22  589  -13  589  -13  23  0  0 L3P 56
G04 FF 61028 181400  780 318 2992     -325683    -22          17      4   23 135  139  -20  549  -57  549  -57  17  0  0 L3P 43
G08 FF 61028 181400  780 286 3267    -5130938     10          31    -26   39  94  153   27  585   85  585   85  36  0  0 L3P 40
G28 FF 61028 181400  780 417 1080     6216775    -44           4     -3   26 210  111    4  455  -10  455  -10  23  0  0 L3P F9
G31 FF 61028 181400  780 508  618     1771548    -17          20      3   23  30   95   -5  420  -33  420  -33  16  0  0 L3P DC
G01 FF 61028 183000  780 522 2137    -3505572     33          17     11   20  92   93  -10  388  -42  388  -42  17  0  0 L3P 18
G02 FF 61028 183000  780 854 2740       20448    -86           9     -2   12  81   74    0  342   -6  342   -6  11  0  0 L3P 94
G03 FF 61028 183000  780 273 2245    -6199244     54          26    -35   37  93  159  -18  552   -4  552   -4  31  0  0 L3P 29
G04 FF 61028 183000  780 365 2917     -325709    -16          16     10   23 135  123  -14  500  -46  500  -46  16  0  0 L3P 2B
G08 FF 61028 183000  780 234 3325    -5130922     -4          12    -40   32  94  184   39  680  119  680  119  26  0  0 L3P 39
G28 FF 61028 183000  780 390 1173     6216730    -81          -2    -40   34 210  117    9  461   45  461   45  31  0  0 L3P 07
G31 FF 61028 183000  780 541  739     1771529      1          20     21   22  30   91   -3  391  -43  391  -43  21  0  0 L3P CB
G01 FF 61028 184600  780 596 2169    -3505544     33          23     11   12  92   85   -7  351  -35  351  -35  11  0  0 L3P 0D
G02 FF 61028 184600  780 804 3404       20375   -122          17    -38   14  81   75    2  330   44  330   44  14  0  0 L3P CE
G03 FF 61028 184600  780 307 2178    -6199161    112          23     23   23  93  143  -15  512  -61  512  -61  21  0  0 L3P 37
G04 FF 61028 184600  780 408 2830     -325744    -79           6    -53   21 135  112   -9  471    7  471    7  19  0  0 L3P F6
G08 FF 61028 184600  780 184 3379    -5130874    -36          27    -71   39  94  231   58  765  175  765  175  28  0  0 L3P 81
G28 FF 61028 184600  780 352 1251     6216699    -52           7    -11   25 210  127   14  463   31  463   31  23  0  0 L3P 13
G31 FF 61028 184600  780 555  876     1771507    -32          16    -12   18  30   89   -1  376   -4  376   -4  15  0  0 L3P F5
G01 FF 61028 190200  780 668 2239    -3505523     10          21    -12   17  92   80   -4  332   -2  332   -2  17  0  0 L3P DD
G02 FF 61028 190200  780 720 3532       20297    -54          20     30   33  81   77    4  333  -12  333  -12  31  0  0 L3P BC
G03 FF 61028 190200  780 344 2110    -6199070     55          30    -34   25  93  130  -13  467  -11  467  -11  20  0  0 L3P 28
G04 FF 61028 190200  780 443 2732     -325767     -8           8     19   14 135  105   -6  441  -39  441  -39  12  0  0 L3P 0B
G28 FF 61028 190200  780 304 1312     6216671    -30          18     11   21 210  145   23  472    7  472    7  18  0  0 L3P E4
G31 FF 61028 190200  780 550 1014     1771491    -18          19      1   14  30   90    2  361   -3  361   -3  11  0  0 L3P AA
G01 FF 61028 191800  780 731 2389    -3505506      2          17    -21   16  92   77   -2  325    8  325    8  14  0  0 L3P CE
G02 FF 61028 191800  780 634 3574       20217   -103          21    -19   14  81   82    6  351   41  351   41  12  0  0 L3P CB
G03 FF 61028 191800  780 384 2042    -6198993     69          22    -20   22  93  118  -11  430  -18  430  -18  18  0  0 L3P 47
G04 FF 61028 191800  780 471 2623     -325787    -17          13      9   26 135  100   -4  416  -29  416  -29  22  0  0 L3P 1E
G28 FF 61028 191800  780 251 1359     6216618    -34           4      7   43 210  173   37  499    4  499    4  32  0  0 L3P EE
G31 FF 61028 191800  780 524 1137     1771469    -28          15     -9   19  30   93    4  364    2  364    2  16  0  0 L3P C8
G01 FF 61028 193400  780 767 2681    -3505481     26          20      3   15  92   76    0  313   -9  313   -9  12  0  0 L3P C8
G02 FF 61028 193400  780 549 3595       20143   -121          28    -37   15  81   90   10  366   58  366   58  13  0  0 L3P FE
G03 FF 61028 193400  780 427 1971    -6198903     99          27     10   24  93  108   -9  391  -49  391  -49  21  0  0 L3P 44
G04 FF 61028 193400  780 490 2507     -325813    -53          13    -27   17 135   97   -2  390   -1  390   -1  15  0  0 L3P FE
G09 FF 61028 193400  780 207 2775    -7681740    198          71    213   76  78  206  -33  612 -295  612 -295  77  0  0 L3P A9
G28 FF 61028 193400  780 194 1391     6216586    -57          12    -16   50 210  220   65  518   30  518   30  37  0  0 L3P 2E
G31 FF 61028 193400  780 483 1235     1771450    -35          15    -16   20  30   98    7  363   17  363   17  19  0  0 L3P F8
G01 FF 61028 195000  780 753 3032    -3505458     23          21      0   16  92   76    1  308   -8  308   -8  14  0  0 L3P C1
G02 FF 61028 195000  780 467    9       20062    -62          27     22   19  81  101   14  394    4  394    4  15  0  0 L3P 81
G03 FF 61028 195000  780 472 1896    -6198802     75          43    -13   18  93  100   -8  345  -22  345  -22  15  0  0 L3P 37
G04 FF 61028 195000  780 501 2387     -325833    -42          18    -16   13 135   96   -1  363  -11  363  -11  10  0  0 L3P 15
G09 FF 61028 195000  780 240 2703    -7681877    167         -52    181   29  78  180  -22  661 -250  661 -250  26  0  0 L3P 9F
G26 FF 61028 195000  780 198  856     2973908     43          49    -20   35  17  215  -17  525  -37  525  -37  28  0  0 L3P 44
G31 FF 61028 195000  780 432 1307     1771438    -19          21      0   29  30  107   11  366   14  366   14  24  0  0 L3P E8
G01 FF 61028 200600  780 697 3251    -3505427     49          31     26   19  93   78    3  295  -25  295  -25  14  0  0 L3P 11
G02 FF 61028 200600  780 388   22       19981    -46          27     39   13  82  117   20  421    6  421    6  11  0  0 L3P 90
G03 FF 61028 200600  780 521 1814    -6198729     69          31    -20   10  94   93   -6  318  -15  318  -15   7  0  0 L3P 0E
G04 FF 61028 200600  780 505 2265     -325856    -45          23    -19   16 136   95    0  338  -13  338  -13  13  0  0 L3P 14
G09 FF 61028 200600  780 269 2627    -7681802    -78          33    -63   23  80  162  -16  515   -9  515   -9  20  0  0 L3P 38
G26 FF 61028 200600  780 211  930     2973967     43          49    -20   31  28  202   -9  492  -11  492  -11  28  0  0 L3P 0E
G31 FF 61028 200600  780 375 1357     1771427    -34          30    -15   19  46  121   17  373   27  373   27  16  0  0 L3P 17
G01 FF 61028 202200  780 626 3366    -3505405     -1          31    -24   19  93   83    6  293   27  293   27  16  0  0 L3P ED
G02 FF 61028 202200  780 314   35       19892    -64           1     20   33   6  141   30  463   34  463   34  28  0  0 L3P 88
G03 FF 61028 202200  780 570 1718    -6198651     52          24    -37   17  94   88   -5  290    3  290    3  15  0  0 L3P E6
G04 FF 61028 202200  780 503 2146     -325886    -13          17     13   17 136   95    1  317  -39  317  -39  15  0  0 L3P 0A
G09 FF 61028 202200  780 296 2548    -7681807    -36          42    -21   23  80  148  -12  457  -32  457  -32  21  0  0 L3P 54
G16 FF 61028 202200  780 209  646    -1705865    -84          30     -7   37  80  205  -31  523  -89  523  -89  32  0  0 L3P 36
G26 FF 61028 202200  780 217 1005     2974037    170          58    106   29  28  197   -1  447 -125  447 -125  24  0  0 L3P 5E
G31 FF 61028 202200  780 314 1390     1771404    -12          26      7   27  46  141   25  389   11  389   11  23  0  0 L3P E9
G01 FF 61028 203800  780 550 3431    -3505391     74          24     52   49  93   90    9  304  -46  304  -46  45  0  0 L3P 04
G02 FF 61028 203800  780 243   50       19815   -150           5    -66   28   6  178   48  517  134  517  134  22  0  0 L3P E2
G03 FF 61028 203800  780 618 1600    -6198566     88          23     -1   14  94   83   -4  264  -34  264  -34  12  0  0 L3P 12
G04 FF 61028 203800  780 496 2031     -325910    -33          19     -7   21 136   96    1  297  -12  297  -12  18  0  0 L3P 08
G09 FF 61028 203800  780 321 2467    -7681824    -19          40     -5   22  80  138   -9  409  -55  409  -55  18  0  0 L3P 3E
G16 FF 61028 203800  780 240  717    -1705949    -52          20     25   42  80  180  -21  460  -88  460  -88  35  0  0 L3P 35
G26 FF 61028 203800  780 214 1079     2974091     12          51    -51   23  28  200    7  432   23  432   23  20  0  0 L3P E1
G31 FF 61028 203800  780 252 1408     1771400     13          40     32   22  46  172   40  393  -26  393  -26  16  0  0 L3P 05
G01 FF 61028 205400  780 473 3476    -3505363    -15          30    -37   39  93  100   13  309   46  309   46  35  0  0 L3P 24
G03 FF 61028 205400  780 660 1447    -6198478     75          26    -14   10  94   81   -2  238   -6  238   -6   7  0  0 L3P F7
G04 FF 61028 205400  780 487 1921     -325940     -8          14     18   16 136   98    2  281  -34  281  -34  13  0  0 L3P FE
G07 FF 61028 205400  780 243 3192     1233750     51          16     -2   27  72  178  -44  483 -115  483 -115  21  0  0 L3P 3D
G09 FF 61028 205400  780 344 2385    -7681846     13          32     28   24  80  130   -8  367  -70  367  -70  20  0  0 L3P 2C
G16 FF 61028 205400  780 266  793    -1706034   -143          10    -65   28  80  163  -14  413    8  413    8  22  0  0 L3P 07
G26 FF 61028 205400  780 202 1150     2974137     48          35    -15   26  28  211   17  420  -11  420  -11  22  0  0 L3P 04
G31 FF 61028 205400  780 191 1415     1771357     13          15     32   34  46  223   69  430   -6  430   -6  26  0  0 L3P E8
G01 FF 61028 211000  780 398 3509    -3505349     31          22      8   17  93  115   18  336   22  336   22  12  0  0 L3P ED
G03 FF 61028 211000  780 689 1247    -6198396     88          23      0   13  94   79   -1  229  -11  229  -11  10  0  0 L3P 02
G04 FF 61028 211000  780 475 1815     -325960    -25          19      1   12 136  100    2  257  -20  257  -20   9  0  0 L3P E1
G07 FF 61028 211000  780 305 3148     1233811     50          26     -3   25  72  145  -27  390  -61  390  -61  20  0  0 L3P 07
G09 FF 61028 211000  780 366 2300    -7681862    -17          30     -2   28  80  123   -7  324  -31  324  -31  25  0  0 L3P 14
G16 FF 61028 211000  780 286  873    -1706114    -40           4     37   25  80  153   -8  372  -79  372  -79  19  0  0 L3P 18
G26 FF 61028 211000  780 182 1216     2974191     -6          28    -70   28  28  233   31  401   33  401   33  23  0  0 L3P F0
G01 FF 61028 212600  780 326 3539    -3505309     17          40     -5   20  93  136   27  352   50  352   50  15  0  0 L3P F6
G03 FF 61028 212600  780 695 1012    -6198313     88          21     -1   15  94   79    0  215  -11  215  -11  13  0  0 L3P EA
G04 FF 61028 212600  780 463 1712     -325985    -33          19     -6   26 136  102    2  239   -7  239   -7  22  0  0 L3P F5
G06 FF 61028 212600  780 211 2322     5918934     30          26    -25   37  86  203  -33  389  -39  389  -39  32  0  0 L3P 45
G07 FF 61028 212600  780 365 3091     1233860     63          24     10   16  72  123  -18  336  -53  336  -53  11  0  0 L3P 16
G09 FF 61028 212600  780 387 2215    -7681878      1          28     16   19  80  117   -6  289  -46  289  -46  17  0  0 L3P 38
G16 FF 61028 212600  780 297  956    -1706176   -152          16    -75   31  80  148   -3  323   29  323   29  26  0  0 L3P 2F
G01 FF 61028 214200  780 258 3567    -3505282     50          45     27   22  93  168   41  412   50  412   50  18  0  0 L3P 02
G03 FF 61028 214200  780 673  788    -6198235     52          13    -36   15  94   80    2  212   22  212   22  13  0  0 L3P D8
G04 FF 61028 214200  780 450 1613     -326010     23          19     49   23 136  104    2  227  -67  227  -67  19  0  0 L3P 02
G06 FF 61028 214200  780 241 2391     5918979     66          18     12   19  86  179  -18  366  -30  366  -30  17  0  0 L3P 44
G07 FF 61028 214200  780 423 3021     1233906     36          19    -17   33  72  109  -12  299  -18  299  -18  21  0  0 L3P 31
G09 FF 61028 214200  780 409 2128    -7681888    -18          33     -3   21  80  112   -5  260  -41  260  -41  20  0  0 L3P 1C
G16 FF 61028 214200  780 298 1040    -1706242   -148          24    -71   26  80  147    2  283   34  283   34  25  0  0 L3P 1F
G01 FF 61028 215800  780 194 3595    -3505283     52          22     29   34  93  220   69  523  124  523  124  25  0  0 L3P 33
G03 FF 61028 215800  780 628  614    -6198163     74           0    -15   16  94   83    4  207   17  207   17  15  0  0 L3P D8
G04 FF 61028 215800  780 436 1515     -326064    -46         -10    -20   22 136  106    3  222    2  222    2  19  0  0 L3P D7
G06 FF 61028 215800  780 261 2468     5919019     65           6     11   24  86  166   -9  337  -25  337  -25  20  0  0 L3P 15
G07 FF 61028 215800  780 476 2933     1233939     50           0     -3   14  72   99   -8  270  -26  270  -26  11  0  0 L3P F1
G09 FF 61028 215800  780 431 2039    -7681928     14           7     28   19  80  107   -5  239  -47  239  -47  16  0  0 L3P 2C
G16 FF 61028 215800  780 288 1120    -1706340    -77           0      1   36  80  152    8  265  -26  265  -26  32  0  0 L3P F7
G30 FF 61028 215800  780 219 3036     -605267    -98          20     23   39  64  196  -45  455 -109  455 -109  32  0  0 L3P 64
G01 FF 61028 221400  780 135   26    -3505250     21          34     -2   30  94  311  130  627   26  627   26  19  0  0 L3P D8
G03 FF 61028 221400  780 569  490    -6198074     88           6     -1   16  96   88    7  210    6  210    6  14  0  0 L3P A7
G04 FF 61028 221400  780 422 1419     -326069     19           8     46   18 137  109    3  197  -51  197  -51  16  0  0 L3P 09
G06 FF 61028 221400  780 270 2551     5919084     49          15     -5   33  87  161   -2  315    0  315    0  27  0  0 L3P C7
G07 FF 61028 221400  780 522 2826     1233994     25           3    -29   13  73   93   -5  243    6  243    6  12  0  0 L3P BB
G09 FF 61028 221400  780 453 1947    -7681935    -18          15     -3   19  81  103   -4  211  -22  211  -22  17  0  0 L3P 1F
G16 FF 61028 221400  780 268 1195    -1706418    -83          -2     -6   19  81  163   15  244  -10  244  -10  15  0  0 L3P 1D
G30 FF 61028 221400  780 270 2977     -605385    -96          21     25   21  65  162  -28  383  -83  383  -83  18  0  0 L3P 41
G03 FF 61028 223000  780 502  404    -6197999     90          -5      1   12  96   96   10  226    4  226    4  11  0  0 L3P A6
G04 FF 61028 223000  780 408 1325     -326114    -25         -12      1   23 137  112    4  210   -3  210   -3  20  0  0 L3P B7
G06 FF 61028 223000  780 268 2636     5919129     30           8    -25   29  87  162    4  325   39  325   39  24  0  0 L3P FC
G07 FF 61028 223000  780 559 2696     1234047     84           4     31   15  73   89   -3  225  -40  225  -40  14  0  0 L3P ED
G09 FF 61028 223000  780 476 1851    -7681960     25           3     40   14  81   99   -4  204  -42  204  -42  12  0  0 L3P F8
G16 FF 61028 223000  780 238 1261    -1706483   -145           7    -67   35  81  182   25  223   55  223   55  28  0  0 L3P 28
G30 FF 61028 223000  780 317 2909     -605504   -112          18      9   19  65  140  -19  337  -46  337  -46  16  0  0 L3P 2F
G03 FF 61028 224600  780 431  342    -6197927     77         -18    -11   19  96  108   15  249   26  249   26  17  0  0 L3P 2B
G04 FF 61028 224600  780 391 1232     -326130    -44          -3    -18   19 137  116    4  198    6  198    6  15  0  0 L3P E7
G06 FF 61028 224600  780 255 2720     5919183    -51          10   -106   29  87  170   11  334  116  334  116  25  0  0 L3P 48
G07 FF 61028 224600  780 582 2548     1234095     54           1      1   16  73   86   -2  206  -30  206  -30  14  0  0 L3P CF
G09 FF 61028 224600  780 499 1750    -7681978     17           0     31   10  81   96   -3  198  -38  198  -38   9  0  0 L3P 19
G16 FF 61028 224600  780 200 1317    -1706570    -57          -5     20   28  81  214   44  218  -12  218  -12  21  0  0 L3P 14
G30 FF 61028 224600  780 360 2832     -605629   -131           8    -11   22  65  125  -13  307  -36  307  -36  19  0  0 L3P 2F
G03 FF 61028 230200  780 358  298    -6197839     97         -16      9   16  96  125   23  280   54  280   54  16  0  0 L3P 14
G04 FF 61028 230200  780 373 1140     -326160     34          -8     60   28 137  121    6  200  -47  200  -47  21  0  0 L3P E7
G06 FF 61028 230200  780 234 2801     5919236     14          11    -41   35  87  184   19  370  101  370  101  32  0  0 L3P 1A
G07 FF 61028 230200  780 591 2388     1234135     30         -11    -23   14  73   86    0  201   13  201   13  14  0  0 L3P CB
G09 FF 61028 230200  780 520 1641    -7681987    -22           6     -7   16  81   93   -3  183    5  183    5  14  0  0 L3P CE
G16 FF 61028 230200  780 155 1362    -1706641    -51          -2     27   37  81  272   81  205   -9  205   -9  29  0  0 L3P 04
G30 FF 61028 230200  780 398 2745     -605736   -106          17     15   20  65  115   -9  273  -42  273  -42  17  0  0 L3P 2C
G03 FF 61028 231800  780 286  266    -6197755    134         -17     46   24  96  153   36  373   86  373   86  19  0  0 L3P 44
G04 FF 61028 231800  780 351 1051     -326197    -23         -19      3   22 137  127    8  214    3  214    3  20  0  0 L3P C0
G06 FF 61028 231800  780 206 2877     5919283     17           5    -37   30  87  207   30  452  140  452  140  25  0  0 L3P 24
G07 FF 61028 231800  780 586 2229     1234184     42         -13    -11   16  73   86    1  198    5  198    5  15  0  0 L3P DA
G08 FF 61028 231800  780 124  768    -5130308    -56           8    -91   41   6  336  -62  341   16  341   16  33  0  0 L3P FC
G09 FF 61028 231800  780 539 1523    -7682004    -64           3    -49   13  81   91   -2  179   42  179   42  11  0  0 L3P 07
G11 FF 61028 231800  780 100 2480     5040813   -131          21      3   32 183  408   -7  354   14  354   14  24  0  0 L3P F7
G20 FF 61028 231800  780 135 2204    -3619900    -47           4    -48   52 113  312 -128  301   37  301   37  45  0  0 L3P 30
G21 FF 61028 231800  780 122 2183    -3601949    -99          -2      3   39 108  344 -166  303   -3  303   -3  30  0  0 L3P 1D
G30 FF 61028 231800  780 431 2649     -605868    -90           1     30   18  65  108   -6  268  -64  268  -64  15  0  0 L3P 1C
G03 FF 61028 233400  780 215  245    -6197659     55          -5    -33   32  96  200   64  445  161  445  161  27  0  0 L3P 2E
G04 FF 61028 233400  780 327  965     -326220      9         -18     36   22 137  136   10  218  -23  218  -23  18  0  0 L3P 03
G06 FF 61028 233400  780 174 2949     5919328     45          -3    -10   42  87  243   46  548   23  548   23  40  0  0 L3P 1C
G07 FF 61028 233400  780 569 2081     1234228     60         -20      7   16  73   88    2  197  -14  197  -14  14  0  0 L3P F4
G08 FF 61028 233400  780 145  836    -5130301     92         -19     57   38   6  288  -39  294  -95  294  -95  24  0  0 L3P 3F
G09 FF 61028 233400  780 553 1396    -7682023    -10          -2      5   18  81   89   -1  173  -10  173  -10  18  0  0 L3P FE
G14 FF 61028 233400  780 264 3384    -7230913    -71          -2    -44   69 105  165  -42  518  -98  518  -98  62  0  0 L3P 74
G20 FF 61028 233400  780 189 2238    -3619897    -20           6    -21   38 113  226  -62  286   17  286   17  34  0  0 L3P 44
G21 FF 61028 233400  780 181 2200    -3602038   -124           6    -23   35 108  235  -76  282  -11  282  -11  31  0  0 L3P 3D
G30 FF 61028 233400  780 457 2546     -605980   -155           4    -35   15  65  103   -4  243    1  243    1  14  0  0 L3P DB
