CGGTTS     GENERIC DATA FORMAT VERSION = 2E
REV DATE = 2025-11-01
RCVR = PolaRx5TR (5.6.0)     sbf2cggtts-1.5.0
CH = 80
IMS = PolaRx5TR
LAB = LRTE
X = 3967035.920 m
Y = -4390028.540 m
Z = -2375644.640 m
FRAME = ITRF
COMMENTS = LS=18; ElMask=10deg; 'Generated from the SBF in 2025-12-10 at 23:54:01'
INT DLY = 24.9 ns (GPS P1),  15.7 ns (GPS P2)     CAL_ID = 1201-2025
CAB DLY = 103.1 ns
REF DLY = 47.2 ns
REF = UTC(LRTE)
CKSUM = f7

SAT CL  MJD  STTIME TRKL ELV AZTH   REFSV      SRSV     REFSYS    SRSYS  DSG IOE MDTR SMDT MDIO SMDI MSIO SMSI ISG FR HC FRC CK
             hhmmss  s  .1dg .1dg    .1ns     .1ps/s     .1ns    .1ps/s .1ns     .1ns.1ps/s.1ns.1ps/s.1ns.1ps/s.1ns
G03 FF 61019 001400  780 219  246    -6272780    119          24     33   19  74  197   62  507   42  507   42  16  0  0 L3P 0F
G04 FF 61019 001400  780 325  966     -303299    -60          15    -32   25   8  136   10  301   39  301   39  18  0  0 L3P DF
G07 FF 61019 001400  780 570 2092     1187481     48          34     -7   12  91   88    2  141   35  141   35  11  0  0 L3P C9
G09 FF 61019 001400  780 553 1410    -7667898    -19          19      0   14  94   89   -1  196  -82  196  -82  10  0  0 L3P 24
G14 FF 61019 001400  780 259 3384    -7206943    -99          44    -70   63 216  168  -44  547 -151  547 -151  57  0  0 L3P 9F
G30 FF 61019 001400  780 454 2554     -502648   -142          35    -23   11  70  103   -4  314  -21  314  -21   8  0  0 L3P 01
G04 FF 61019 003000  780 297  884     -303321   -107          19    -80   28   8  148   14  317   85  317   85  24  0  0 L3P 06
G07 FF 61019 003000  780 546 1958     1187531     37          32    -18   17  91   90    3  152    8  152    8  16  0  0 L3P C6
G09 FF 61019 003000  780 560 1275    -7667928    -24          12     -6   16  15   89    0  159  -39  159  -39  15  0  0 L3P 1F
G14 FF 61019 003000  780 330 3370    -7206978     -5          37     24   21 216  135  -27  414 -109  414 -109  19  0  0 L3P 58
G20 FF 61019 003000  780 235 2280    -3621111     -1          49     -2   30  99  184  -36  385  -25  385  -25  24  0  0 L3P 19
G21 FF 61019 003000  780 238 2227    -3511183   -110          27      0   31 218  181  -42  372  -41  372  -41  27  0  0 L3P 2E
G30 FF 61019 003000  780 474 2445     -502769   -103          29     16   11  70  100   -3  284  -38  284  -38   9  0  0 L3P 12
G04 FF 61019 004600  780 264  807     -303367    -33           0     -5   27   8  164   20  351  -11  351  -11  21  0  0 L3P C4
G07 FF 61019 004600  780 517 1839     1187570      3          18    -51   13  91   94    4  171   30  171   30  12  0  0 L3P CB
G09 FF 61019 004600  780 558 1136    -7667943    -39          14    -20   11  15   89    1  132  -16  132  -16   9  0  0 L3P 0D
G14 FF 61019 004600  780 404 3348    -7207006    -56          36    -27   48 216  113  -18  342  -82  342  -82  45  0  0 L3P 5E
G20 FF 61019 004600  780 279 2338    -3621127    -54          32    -55   23  99  157  -22  384    9  384    9  20  0  0 L3P 1C
G21 FF 61019 004600  780 294 2269    -3511287   -125          30    -14   18 218  150  -26  342  -34  342  -34  16  0  0 L3P 63
G30 FF 61019 004600  780 488 2332     -502896   -141          17    -22   14  70   98   -2  268  -27  268  -27  12  0  0 L3P 2F
G04 FF 61019 010200  780 228  735     -303372    -81          20    -53   32   8  188   31  347   57  347   57  27  0  0 L3P EF
G07 FF 61019 010200  780 486 1732     1187598     23          -6    -32   17  91   98    5  189   33  189   33  15  0  0 L3P FA
G08 FF 61019 010200  780 179 1045    -5159734     58          15     25   28  16  237   -1  310  -60  310  -60  20  0  0 L3P 0C
G09 FF 61019 010200  780 545  998    -7667956    -15          19      3   16  15   90    2  136   13  136   13  14  0  0 L3P DA
G14 FF 61019 010200  780 480 3315    -7207060    -52           9    -24   38 216   99  -12  278  -75  278  -75  40  0  0 L3P 43
G20 FF 61019 010200  780 315 2408    -3621126    -31          32    -32   25  99  140  -13  390   30  390   30  20  0  0 L3P 07
G21 FF 61019 010200  780 344 2325    -3511404   -132          19    -22   22 218  130  -16  332    2  332    2  17  0  0 L3P FF
G22 FF 61019 010200  780 291 3325      710565    -98          27    -62   90  13  151  -33  344  413  344  413  82  0  0 L3P 2D
G30 FF 61019 010200  780 497 2217     -503022   -131           5    -12   18  70   96   -1  245  -24  245  -24  17  0  0 L3P F9
G04 FF 61019 011800  780 188  669     -303395    -62          24    -35   30   8  226   49  367   71  367   71  24  0  0 L3P 02
G07 FF 61019 011800  780 454 1634     1187651     21          -5    -34   16  91  103    6  188   24  188   24  14  0  0 L3P F2
G08 FF 61019 011800  780 175 1116    -5159711     -5           7    -38   25  16  242   11  289    2  289    2  21  0  0 L3P DA
G09 FF 61019 011800  780 520  870    -7667993    -24           0     -6   15  15   93    4  173   26  173   26  14  0  0 L3P D4
G14 FF 61019 011800  780 556 3265    -7207094    -62           2    -34   16 216   89   -8  268    8  268    8  13  0  0 L3P 00
G20 FF 61019 011800  780 340 2490    -3621135    -14          22    -15   19  99  131   -7  286 -161  286 -161  21  0  0 L3P 51
G21 FF 61019 011800  780 387 2398    -3511514   -126          15    -15   20 218  117  -10  336   11  336   11  19  0  0 L3P 41
G22 FF 61019 011800  780 360 3296      710518    -12          14     25   26  13  125  -21  391  -87  391  -87  26  0  0 L3P 1D
G30 FF 61019 011800  780 500 2101     -503145   -113          -4      6   12  70   96    0  228  -15  228  -15   9  0  0 L3P C0
G07 FF 61019 013400  780 423 1542     1187712    114           4     59   15  91  109    7  177  -39  177  -39  14  0  0 L3P 0F
G09 FF 61019 013400  780 485  756    -7668015     11          -5     29   10  15   98    6  206    1  206    1   8  0  0 L3P 9B
G14 FF 61019 013400  780 630 3189    -7207116    -53           7    -25   14 216   83   -6  251   20  251   20  13  0  0 L3P F6
G20 FF 61019 013400  780 353 2580    -3621124     18          32     17   24  99  127   -2  235  191  235  191  31  0  0 L3P 1B
G21 FF 61019 013400  780 419 2487    -3511623    -77          11     34   23 218  110   -6  235 -121  235 -121  25  0  0 L3P 48
G22 FF 61019 013400  780 429 3255      710475    -37           6      0   18  13  108  -15  353  -71  353  -71  19  0  0 L3P F4
G30 FF 61019 013400  780 500 1988     -503261   -109          -4     10   15  70   96    0  230    6  230    6  13  0  0 L3P A9
G05 FF 61019 015000  780 209 2324     2252054    -30           6    -36   34  94  205  -33  408   10  408   10  32  0  0 L3P F0
G07 FF 61019 015000  780 393 1455     1187769     62           8      8   14  91  116    8  175  -18  175  -18  13  0  0 L3P F5
G09 FF 61019 015000  780 441  658    -7668032    -20          -5     -2   17  15  106    9  222   16  222   16  14  0  0 L3P D7
G14 FF 61019 015000  780 699 3063    -7207142    -54           9    -25   13 216   78   -3  236   -3  236   -3  12  0  0 L3P FD
G20 FF 61019 015000  780 353 2674    -3621125    -28          30    -29   14  99  127    2  368  -57  368  -57  18  0  0 L3P 3B
G21 FF 61019 015000  780 436 2590    -3511727   -128          13    -18   19 218  107   -2  160   62  160   62  18  0  0 L3P 34
G22 FF 61019 015000  780 497 3199      710438    -36           4      1   15  13   96  -10  266   -2  266   -2  18  0  0 L3P C2
G30 FF 61019 015000  780 497 1876     -503382   -131         -11    -12   15  70   96    1  229  -11  229  -11  13  0  0 L3P 11
G05 FF 61019 020600  780 238 2391     2252060    -21           2    -28   25 102  181  -18  408   10  408   10  23  0  0 L3P FE
G07 FF 61019 020600  780 364 1372     1187817     64           0      9   17  92  124    9  185  -19  185  -19  14  0  0 L3P F1
G09 FF 61019 020600  780 390  577    -7668039    -45          10    -27   20  16  117   14  233   43  233   43  15  0  0 L3P 0E
G14 FF 61019 020600  780 753 2840    -7207176    -34           2     -6   17 217   76   -1  224  -78  224  -78  17  0  0 L3P 1D
G17 FF 61019 020600  780 217   99      -47851     94          48    -32   20  51  198  -52  405  -38  405  -38  16  0  0 L3P 06
G20 FF 61019 020600  780 340 2767    -3621115     19          42     18   17 100  131    6  396   54  396   54  15  0  0 L3P 02
G21 FF 61019 020600  780 438 2699    -3511841    -84           3     26   23 219  106    1  325   12  325   12  24  0  0 L3P F7
G22 FF 61019 020600  780 563 3121      710403    -59           3    -23   12  22   88   -7  215 -131  215 -131  21  0  0 L3P F4
G30 FF 61019 020600  780 492 1766     -503487   -141          -4    -21   15  75   97    1  212   -1  212   -1  13  0  0 L3P D9
G05 FF 61019 022200  780 258 2466     2252066    -44           3    -51   24 102  168   -9  393  -10  393  -10  20  0  0 L3P 1A
G07 FF 61019 022200  780 335 1291     1187857     36         -12    -18   18  92  133   10  202   17  202   17  14  0  0 L3P 04
G09 FF 61019 022200  780 335  509    -7668064    -23           2     -5   35  16  133   21  264   30  264   30  27  0  0 L3P E2
G14 FF 61019 022200  780 774 2487    -7207201    -51           4    -23   15 217   75    0  176  -76  176  -76  12  0  0 L3P 1C
G17 FF 61019 022200  780 276  136      -47749     70          29    -56   14  51  158  -33  366  -33  366  -33  11  0  0 L3P 11
G20 FF 61019 022200  780 318 2854    -3621112     -6          44     -7   18 100  139   11  413    4  413    4  15  0  0 L3P CC
G21 FF 61019 022200  780 424 2806    -3511940   -143           9    -33   17 219  109    4  316   63  316   63  15  0  0 L3P 18
G22 FF 61019 022200  780 623 3010      710371    -44           5     -8   17  22   83   -4  125 -112  125 -112  25  0  0 L3P DE
G30 FF 61019 022200  780 485 1659     -503610   -114         -13      6   10  75   98    1  211  -30  211  -30   9  0  0 L3P D7
G05 FF 61019 023800  780 267 2547     2252061    -39          -9    -46   26 102  163   -2  363   28  363   28  24  0  0 L3P 23
G07 FF 61019 023800  780 308 1212     1187923     22           2    -33   16  92  143   12  204   31  204   31  14  0  0 L3P D5
G09 FF 61019 023800  780 276  454    -7668091    -15          -8      3   35  16  158   33  300   32  300   32  26  0  0 L3P EC
G13 FF 61019 023800  780 239 2157    -6924820     13           0      5   30  69  181  -44  331   -6  331   -6  27  0  0 L3P E3
G14 FF 61019 023800  780 748 2152    -7207247    -28         -14      1   11 217   76    2  144  -72  144  -72  11  0  0 L3P 10
G17 FF 61019 023800  780 340  175      -47656    127           1      1   24  51  131  -23  316  -46  316  -46  24  0  0 L3P DB
G19 FF 61019 023800  780 200   18    -6796096    -38           3    -18   23  70  214  -66  393  -30  393  -30  21  0  0 L3P 1A
G20 FF 61019 023800  780 287 2936    -3621117      1          38      0   17 100  153   17  428   11  428   11  15  0  0 L3P E4
G21 FF 61019 023800  780 398 2906    -3512054   -153           1    -43   20 219  115    8  338   31  338   31  15  0  0 L3P 1A
G22 FF 61019 023800  780 672 2852      710317    -54         -13    -17   11  22   80   -2  161   59  161   59  11  0  0 L3P ED
G30 FF 61019 023800  780 477 1553     -503738   -121         -26     -1   19  75   99    2  210  -21  210  -21  17  0  0 L3P 05
G05 FF 61019 025400  780 265 2630     2252060     58         -17     51   21 102  164    4  349  -37  349  -37  16  0  0 L3P 1D
G07 FF 61019 025400  780 281 1134     1187972     37          -1    -18   30  92  156   14  220   41  220   41  31  0  0 L3P EE
G09 FF 61019 025400  780 215  410    -7668105    -18          -4      0   26  16  200   56  334   41  334   41  21  0  0 L3P D5
G13 FF 61019 025400  780 301 2142    -6924826    -48         -14    -56   24  69  146  -29  324    3  324    3  20  0  0 L3P 15
G14 FF 61019 025400  780 697 1945    -7207275    -33         -15     -4    9 217   78    3  150   61  150   61   8  0  0 L3P F4
G17 FF 61019 025400  780 406  219      -47532    144           4     18   17  51  113  -16  261 -137  261 -137  17  0  0 L3P 14
G19 FF 61019 025400  780 265   49    -6796103    -25          16     -4   49  70  164  -40  312  -68  312  -68  33  0  0 L3P 22
G20 FF 61019 025400  780 252 3010    -3621108     23          13     22   22  39  172   24  454   13  454   13  19  0  0 L3P E7
G21 FF 61019 025400  780 361 2995    -3512156   -109           5      1   17 219  125   12  344   10  344   10  12  0  0 L3P FE
G22 FF 61019 025400  780 701 2637      710284    -41         -12     -5   12  22   78   -1  206   73  206   73  13  0  0 L3P D1
G30 FF 61019 025400  780 467 1448     -503852   -165         -26    -46   13  75  101    2  211   60  211   60  11  0  0 L3P 05
G05 FF 61019 031000  780 254 2713     2252121    -58          37    -65   35 102  171   11  291  -12  291  -12  34  0  0 L3P 23
G07 FF 61019 031000  780 253 1059     1188025     88          -1     34   27  92  171   18  240    3  240    3  26  0  0 L3P C4
G13 FF 61019 031000  780 366 2134    -6924840     59         -36     51   17  69  123  -20  302  -65  302  -65  16  0  0 L3P 38
G14 FF 61019 031000  780 637 1816    -7207295    -49          -8    -21   17 217   82    5  162   39  162   39  16  0  0 L3P 19
G17 FF 61019 031000  780 473  273      -47415    110          -1    -16   22  51  100  -11  194   -7  194   -7  19  0  0 L3P D6
G19 FF 61019 031000  780 335   81    -6796145    -58          -7    -37   20  70  133  -26  269   -7  269   -7  17  0  0 L3P 13
G20 FF 61019 031000  780 213 3078    -3621081     57          40     56   39  39  201   36  432  -16  432  -16  37  0  0 L3P 15
G21 FF 61019 031000  780 319 3073    -3512267    -99           0     11   30 219  139   18  362    4  362    4  20  0  0 L3P E0
G22 FF 61019 031000  780 703 2391      710252    -21          -9     15   12  22   78    1  214  -23  214  -23  10  0  0 L3P BA
G30 FF 61019 031000  780 454 1346     -503971   -201         -30    -81   19  75  103    3  220   79  220   79  18  0  0 L3P 0E
G05 FF 61019 032600  780 233 2793     2252084    -28          -5    -34   16 102  185   18  406  243  406  243  19  0  0 L3P 44
G07 FF 61019 032600  780 225  986     1188086    -12           8    -66   34  92  191   23  245   57  245   57  32  0  0 L3P 0A
G13 FF 61019 032600  780 434 2138    -6924812     -1         -15     -9   15  69  107  -14  259  -19  259  -19  13  0  0 L3P 3F
G14 FF 61019 032600  780 575 1725    -7207323     -4          -8     24   15 217   87    6  201  -18  201  -18  14  0  0 L3P FF
G17 FF 61019 032600  780 540  343      -47303    134         -10      7   16  51   91   -8  164  -24  164  -24  13  0  0 L3P CF
G19 FF 61019 032600  780 408  115    -6796175    -41         -17    -20   26  70  113  -18  237  -14  237  -14  24  0  0 L3P 42
G21 FF 61019 032600  780 273 3143    -3512368    -72           5     38   25 219  160   26  379   -1  379   -1  18  0  0 L3P 13
G22 FF 61019 032600  780 680 2171      710211    -62         -15    -25   11  22   79    2  213   12  213   12  10  0  0 L3P BD
G30 FF 61019 032600  780 439 1245     -504073   -185         -17    -66   13  75  106    3  193   36  193   36  12  0  0 L3P 1E
G05 FF 61019 034200  780 207 2869     2252082     -1         -14     -8   17 102  207   29  522   49  522   49  13  0  0 L3P 0B
G07 FF 61019 034200  780 196  916     1188130      9         -11    -45   24   4  217   33  260   55  260   55  18  0  0 L3P DD
G13 FF 61019 034200  780 505 2157    -6924805     23         -16     15   13  69   95  -10  240  -29  240  -29  11  0  0 L3P 23
G14 FF 61019 034200  780 516 1652    -7207352    -37         -10     -9   12 217   94    8  205   13  205   13  10  0  0 L3P F5
G15 FF 61019 034200  780 216 2230    -3657228    -34           0      2   44  64  199  -49  305  -28  305  -28  36  0  0 L3P 1B
G17 FF 61019 034200  780 602  442      -47192    140         -19     14   13  51   85   -5  179    7  179    7  13  0  0 L3P B7
G19 FF 61019 034200  780 484  155    -6796190    -15         -12      5   14  70   98  -12  202   -5  202   -5  11  0  0 L3P E6
G21 FF 61019 034200  780 227 3206    -3512477    -97           2     13   23 219  189   37  391   19  391   19  20  0  0 L3P 1E
G22 FF 61019 034200  780 640 2001      710178    -71         -13    -35   11  22   82    3  202   27  202   27  10  0  0 L3P BD
G30 FF 61019 034200  780 421 1147     -504199   -124         -28     -4   15  75  110    4  197   13  197   13  14  0  0 L3P FE
G13 FF 61019 035800  780 575 2200    -6924786     21          -5     13   15  69   87   -7  217  -17  217  -17  13  0  0 L3P 15
G14 FF 61019 035800  780 459 1587    -7207373    -26          -3      2   15 217  102   10  201    4  201    4  15  0  0 L3P D7
G15 FF 61019 035800  780 269 2265    -3657271    -32          -8      5   27  64  162  -29  260  -66  260  -66  24  0  0 L3P 3C
G17 FF 61019 035800  780 652  588      -47068    120         -16     -7   12  51   81   -3  182   16  182   16  10  0  0 L3P D4
G19 FF 61019 035800  780 561  210    -6796210    -19         -13      2   14  70   89   -8  198   -7  198   -7  11  0  0 L3P F1
G21 FF 61019 035800  780 182 3265    -3512592   -103          -7      7   24 219  233   54  403   35  403   35  21  0  0 L3P 18
G22 FF 61019 035800  780 592 1872      710136    -39         -19     -3   13  22   86    5  207   16  207   16   9  0  0 L3P CE
G30 FF 61019 035800  780 399 1052     -504316   -157         -31    -38   17  75  115    6  205   35  205   35  17  0  0 L3P 1C
G13 FF 61019 041400  780 642 2282    -6924772     14          -1      6   11  70   82   -5  202  -15  202  -15  10  0  0 L3P D8
G14 FF 61019 041400  780 405 1527    -7207398    -49          -6    -21   17 218  113   12  197   14  197   14  14  0  0 L3P 32
G15 FF 61019 041400  780 318 2314    -3657306    -51         -14    -15   18  65  139  -19  205  -37  205  -37  14  0  0 L3P 53
G17 FF 61019 041400  780 680  789      -46949    105         -18    -21   11  75   79   -1  188   19  188   19   8  0  0 L3P FC
G19 FF 61019 041400  780 635  294    -6796223     21          -4     42   12  71   82   -5  190  -37  190  -37  10  0  0 L3P F6
G22 FF 61019 041400  780 541 1770      710105    -16         -17     21   13  23   91    6  204  -12  204  -12  13  0  0 L3P CB
G30 FF 61019 041400  780 373  962     -504413   -106         -12     13   17  77  121    8  189  -12  189  -12  13  0  0 L3P 0C
G13 FF 61019 043000  780 698 2434    -6924743     47          20     39   18  70   78   -2  188  -33  188  -33   9  0  0 L3P 19
G14 FF 61019 043000  780 356 1469    -7207408     -5          11     23   23 218  126   15  204    8  204    8  14  0  0 L3P E2
G15 FF 61019 043000  780 361 2378    -3657311    -32          16      4   20  65  125  -12  199   65  199   65  11  0  0 L3P 14
G17 FF 61019 043000  780 674 1009      -46805    149           5     22   21  75   80    1  183   -2  183   -2  10  0  0 L3P A6
G19 FF 61019 043000  780 702  437    -6796220      9          18     30   24  71   78   -3  181   -4  181   -4  13  0  0 L3P C3
G22 FF 61019 043000  780 491 1683      710100     19          13     55   16  23   97    8  196  -27  196  -27  11  0  0 L3P E0
G30 FF 61019 043000  780 342  877     -504525   -133          -9    -14   25  77  130   11  202   32  202   32  18  0  0 L3P EF
G13 FF 61019 044600  780 728 2681    -6924742    -25          13    -33   10  70   77    0  159  -32  159  -32   6  0  0 L3P 0E
G14 FF 61019 044600  780 310 1411    -7207444    -64           3    -35   20 218  142   19  192   -4  192   -4  14  0  0 L3P 05
G15 FF 61019 044600  780 394 2456    -3657357    -76           5    -40   19  65  116   -7  222   35  222   35  14  0  0 L3P 1A
G17 FF 61019 044600  780 637 1187      -46694     87          -5    -40   13  75   82    4  176    6  176    6  10  0  0 L3P BC
G19 FF 61019 044600  780 745  690    -6796244    -62          13    -42   18  71   76   -1  167    1  167    1  11  0  0 L3P E4
G22 FF 61019 044600  780 442 1605      710050    -96          -2    -60   21  23  105    9  194   28  194   28  17  0  0 L3P E4
G30 FF 61019 044600  780 308  798     -504618   -172          13    -52   25  77  143   16  180   38  180   38  27  0  0 L3P 1F
G06 FF 61019 050200  780 216  405     5870326     64          -7      3   26  19  199  -42  225  -20  225  -20  19  0  0 L3P F3
G13 FF 61019 050200  780 715 2960    -6924740     20           7     12    9  70   78    2  150   37  150   37   8  0  0 L3P AD
G14 FF 61019 050200  780 267 1353    -7207487     -2         -13     26   23 218  163   24  189  -31  189  -31  16  0  0 L3P 3E
G15 FF 61019 050200  780 416 2549    -3657386    -50          11    -14   23   1  111   -3  249   48  249   48  21  0  0 L3P 09
G17 FF 61019 050200  780 580 1304      -46574    117          -8     -9   16   1   87    6  178   11  178   11  15  0  0 L3P B8
G19 FF 61019 050200  780 742 1012    -6796270    107           7    127   15  71   76    1  162  -78  162  -78   8  0  0 L3P 0D
G22 FF 61019 050200  780 395 1533      710012    -17          -5     20   16  23  115   11  183  -22  183  -22  13  0  0 L3P E1
G30 FF 61019 050200  780 269  726     -504753    -95          -7     25   23  77  162   23  198  -19  198  -19  20  0  0 L3P 1C
G06 FF 61019 051800  780 263  467     5870393     86           1     24   36  19  166  -28  202  -23  202  -23  27  0  0 L3P 06
G12 FF 61019 051800  780 189 2667     6049466    -25           7    -31   30  57  225  -35  333  -80  333  -80  28  0  0 L3P 3C
G13 FF 61019 051800  780 667 3161    -6924735     14           5      6    8  70   80    4  163  -10  163  -10   7  0  0 L3P B5
G14 FF 61019 051800  780 228 1295    -7207497    -25           4      3   19 218  188   30  173    2  173    2  13  0  0 L3P E5
G15 FF 61019 051800  780 425 2650    -3657418    -25          14     12   13   1  109    0  262   -1  262   -1  12  0  0 L3P CB
G17 FF 61019 051800  780 514 1375      -46453    153          -9     27   18   1   94    9  176  -31  176  -31  17  0  0 L3P E3
G19 FF 61019 051800  780 697 1244    -6796273    -40          24    -20   10  71   78    3  151   12  151   12   8  0  0 L3P ED
G22 FF 61019 051800  780 352 1463      709967    -55         -15    -19   17  23  127   14  187   16  187   16  15  0  0 L3P 23
G24 FF 61019 051800  780 231 2193     2073904   -146          19     -6   28  32  186  -43  262  -50  262  -50  25  0  0 L3P 3A
G30 FF 61019 051800  780 227  661     -504891    -45         -31     74   28  77  189   35  231  -33  231  -33  20  0  0 L3P 1B
G06 FF 61019 053400  780 309  535     5870438     93         -13     31   18  19  143  -20  206  -21  206  -21  14  0  0 L3P 10
G12 FF 61019 053400  780 218 2597     6049453     71         -11     65   25  57  197  -25  315  -52  315  -52  21  0  0 L3P 39
G13 FF 61019 053400  780 600 3284    -6924725     23           7     15   15  70   85    6  151   -8  151   -8  10  0  0 L3P C4
G14 FF 61019 053400  780 192 1235    -7207540     34         -11     63   17 218  222   40  189  -47  189  -47  13  0  0 L3P 44
G15 FF 61019 053400  780 419 2754    -3657453    -93          14    -56   15   1  110    3  262   53  262   53  11  0  0 L3P FA
G17 FF 61019 053400  780 444 1414      -46324    144          -1     18   18   1  105   14  172   -8  172   -8  17  0  0 L3P C7
G19 FF 61019 053400  780 632 1366    -6796298    -31          19    -11   12  71   82    5  151   10  151   10  11  0  0 L3P F5
G22 FF 61019 053400  780 311 1395      709952     -3           4     34   16  23  142   17  166  -33  166  -33  12  0  0 L3P E2
G24 FF 61019 053400  780 289 2173     2073761   -165          10    -25   21  32  152  -29  232    6  232    6  19  0  0 L3P 08
G30 FF 61019 053400  780 182  603     -504992   -119         -17      0   31  77  233   56  237   37  237   37  27  0  0 L3P 06
G06 FF 61019 055000  780 353  612     5870503     79          -7     17   25  19  127  -13  202    5  202    5  19  0  0 L3P C6
G11 FF 61019 055000  780 222  157     5154194   -109          24     26   23  56  193  -48  263  -44  263  -44  15  0  0 L3P 2F
G12 FF 61019 055000  780 245 2525     6049488     19          18     13   20  57  176  -19  274   -1  274   -1  15  0  0 L3P 05
G13 FF 61019 055000  780 527 3362    -6924721     46           3     38   41  70   92   10  175   13  175   13  40  0  0 L3P DE
G15 FF 61019 055000  780 400 2854    -3657488     17          14     53   18   1  114    6  262  -15  262  -15  16  0  0 L3P FB
G17 FF 61019 055000  780 374 1433      -46204    144          -2     17   14   1  121   20  170   -2  170   -2  12  0  0 L3P A7
G19 FF 61019 055000  780 560 1426    -6796326      4          10     24   20  71   89    8  160   -3  160   -3  18  0  0 L3P C7
G22 FF 61019 055000  780 273 1328      709913    -52           1    -16   20  23  160   20  167   27  167   27  14  0  0 L3P E3
G24 FF 61019 055000  780 349 2159     2073630   -102          14     38   16  32  128  -21  201  -34  201  -34  16  0  0 L3P 24
G06 FF 61019 060600  780 391  700     5870598    170          29    109   22  20  116   -9  188  -21  188  -21  16  0  0 L3P 2C
G11 FF 61019 060600  780 281  201     5154096    -12          55    123   31  57  156  -32  233  -43  233  -43  26  0  0 L3P 1A
G12 FF 61019 060600  780 271 2452     6049521    143          40    137   18  68  161  -15  289   -5  289   -5  15  0  0 L3P 2C
G13 FF 61019 060600  780 452 3416    -6924698    117          20    109   14  72  104   14  218   30  218   30  13  0  0 L3P 21
G15 FF 61019 060600  780 370 2946    -3657498     78          34    115   17   2  122   10  272    1  272    1   8  0  0 L3P D7
G17 FF 61019 060600  780 305 1437      -46046    182          36     56   19  36  145   30  165   40  165   40  18  0  0 L3P F6
G19 FF 61019 060600  780 487 1454    -6796315     83          38    103   20  87   98   11  159    5  159    5  16  0  0 L3P 08
G22 FF 61019 060600  780 237 1260      709912    156          33    192   24  40  182   26  162  -69  162  -69  15  0  0 L3P 2E
G24 FF 61019 060600  780 414 2154     2073517    -43          29     97   24  34  111  -15  188  -15  188  -15  16  0  0 L3P 33
G06 FF 61019 062200  780 419  798     5870691     57          62     -4   19  20  110   -5  180  -14  180  -14  16  0  0 L3P FE
G11 FF 61019 062200  780 343  250     5154007   -168          96    -33   20  57  130  -22  204    9  204    9  15  0  0 L3P EA
G12 FF 61019 062200  780 297 2378     6049560     24          73     18   27  68  148  -12  299  -33  299  -33  21  0  0 L3P 41
G13 FF 61019 062200  780 378 3458    -6924636     51          75     43   36  72  120   20  228  -13  228  -13  33  0  0 L3P 27
G15 FF 61019 062200  780 332 3029    -3657483     -5          83     31   27   2  134   15  269  -27  269  -27  18  0  0 L3P 1A
G17 FF 61019 062200  780 238 1431      -45862    238          98    112   20  36  182   48  145  -90  145  -90  18  0  0 L3P 2D
G19 FF 61019 062200  780 416 1462    -6796300    -17          73      3   22  87  111   16  164   -3  164   -3  17  0  0 L3P F7
G22 FF 61019 062200  780 204 1193      709913      2          69     38   20  40  210   33  170  -16  170  -16  17  0  0 L3P DC
G24 FF 61019 062200  780 480 2160     2073423   -119          70     20   14  34   99  -11  167  -46  167  -46  13  0  0 L3P 28
G06 FF 61019 063800  780 435  905     5870766     34          79    -28   15  20  107   -2  169   20  169   20  12  0  0 L3P FE
G11 FF 61019 063800  780 407  306     5153886   -134         105      1   15  57  113  -15  187  -26  187  -26  11  0  0 L3P 2F
G12 FF 61019 063800  780 324 2303     6049580      7          88      1   19  68  137  -10  258  -53  258  -53  16  0  0 L3P 0F
G13 FF 61019 063800  780 307 3494    -6924612     31          91     23   17  72  144   30  236  -10  236  -10  11  0  0 L3P 14
G15 FF 61019 063800  780 290 3104    -3657518    -16          83     20   23   2  151   21  256  -39  256  -39  17  0  0 L3P 22
G19 FF 61019 063800  780 348 1458    -6796306    -13          86      7   18  87  129   22  156  -13  156  -13  19  0  0 L3P 42
G24 FF 61019 063800  780 549 2184     2073297   -127          77     13   15  34   90   -8  151  -18  151  -18  12  0  0 L3P 29
G06 FF 61019 065400  780 435 1015     5870818     61          72      0   16  20  107    2  160  -17  160  -17  15  0  0 L3P E0
G11 FF 61019 065400  780 470  374     5153733   -132          81      3   14  57  101  -11  174  -37  174  -37  11  0  0 L3P 10
G12 FF 61019 065400  780 351 2227     6049559    -18          62    -23   25  68  128   -9  215  -27  215  -27  23  0  0 L3P 37
G13 FF 61019 065400  780 240 3529    -6924605     63          90     56   20  72  181   48  231  -59  231  -59  14  0  0 L3P 30
G15 FF 61019 065400  780 246 3172    -3657549    -94          87    -58   16   2  176   31  222   22  222   22  12  0  0 L3P 19
G19 FF 61019 065400  780 284 1445    -6796345    -73          67    -52   18  87  154   32  161   31  161   31  16  0  0 L3P 3A
G24 FF 61019 065400  780 618 2235     2073163   -153          78    -14   14  34   83   -5  127  -13  127  -13  11  0  0 L3P 20
G06 FF 61019 071000  780 419 1120     5870821     49          15    -12   24  20  110    5  149  -12  149  -12  21  0  0 L3P F2
G11 FF 61019 071000  780 529  462     5153546   -143          25     -8   15  57   92   -7  154  -24  154  -24  10  0  0 L3P 02
G12 FF 61019 071000  780 379 2151     6049505    -41           2    -47   17  68  119   -8  188    4  188    4  15  0  0 L3P E8
G15 FF 61019 071000  780 202 3235    -3657664   -105           7    -68   19   2  212   45  247   45  247   45  14  0  0 L3P 13
G19 FF 61019 071000  780 223 1425    -6796403    -51          29    -30   25  87  193   49  141   43  141   43  18  0  0 L3P 28
G24 FF 61019 071000  780 682 2335     2072958   -159           7    -20   15  34   79   -3  129   -5  129   -5  14  0  0 L3P FE
G06 FF 61019 073800  780 358 1269     5870920     44          12    -18   23  20  126   14  141   20  141   20  21  0  0 L3P F4
G11 FF 61019 073800  780 608  690     5153304   -122          10     13   10  57   84   -3  139  -22  139  -22   9  0  0 L3P ED
G12 FF 61019 073800  780 432 2012     6049510      2          -2     -4   15  68  107   -7  165  -15  165  -15  12  0  0 L3P E1
G24 FF 61019 073800  780 748 2742     2072711   -137          -5      3   13  34   76    0  144   -6  144   -6  12  0  0 L3P D0
G29 FF 61019 073800  780 238 2922     4121912    -78          29    -18   18   6  182  -32  240  -27  240  -27  14  0  0 L3P 35
G06 FF 61019 075400  780 309 1331     5870974     75           7     14   22  20  143   23  157    3  157    3  17  0  0 L3P C7
G11 FF 61019 075400  780 624  863     5153170   -123           0     12   15  58   83    0  126  -22  126  -22  12  0  0 L3P D2
G12 FF 61019 075400  780 465 1928     6049512    -17          -6    -23   20  68  101   -6  151    6  151    6  17  0  0 L3P E4
G20 FF 61019 075400  780 196  521    -3621067    -29          37    -30   26  47  218  -41  187    3  187    3  18  0  0 L3P 03
G24 FF 61019 075400  780 729 3039     2072579   -158          -3    -19   11  34   77    2  137    9  137    9   9  0  0 L3P E5
G25 FF 61019 075400  780 221 2257    -4569321    -17          22    -38   31  22  195  -36  238   13  238   13  29  0  0 L3P 34
G29 FF 61019 075400  780 279 2852     4121860    -70          35    -10   17   6  157  -21  208   43  208   43  15  0  0 L3P 13
G06 FF 61019 081000  780 254 1378     5871047     80          25     19   23  21  171   37  197   32  197   32  17  0  0 L3P 07
G11 FF 61019 081000  780 614 1038     5153047   -153           8    -18   15  59   84    2  121   24  121   24  12  0  0 L3P DA
G12 FF 61019 081000  780 499 1838     6049520     45          -4     39   16  75   96   -5  139  -31  139  -31  13  0  0 L3P 0C
G20 FF 61019 081000  780 233  589    -3621088    -35          18    -36   25  48  185  -28  213   45  213   45  19  0  0 L3P 28
G24 FF 61019 081000  780 676 3237     2072449   -114           0     26   13  35   80    4  142  -14  142  -14  12  0  0 L3P E7
G25 FF 61019 081000  780 264 2208    -4569298     -1          21    -22   30  23  165  -27  208    7  208    7  24  0  0 L3P F6
G29 FF 61019 081000  780 316 2774     4121790    -89          20    -28   19   7  140  -14  226  -15  226  -15  21  0  0 L3P 28
G06 FF 61019 082600  780 195 1410     5871097     -5          16    -66   37  21  219   66  288  161  288  161  27  0  0 L3P 46
G11 FF 61019 082600  780 578 1182     5152921   -113          11     23   11  59   87    4  146   13  146   13  10  0  0 L3P E8
G12 FF 61019 082600  780 533 1739     6049543     23          13     17   13  75   92   -4  143    2  143    2  11  0  0 L3P B6
G20 FF 61019 082600  780 268  662    -3621075     20          29     19   34  48  162  -19  227    8  227    8  29  0  0 L3P F2
G24 FF 61019 082600  780 608 3350     2072329   -163          14    -24   15  35   84    6  153   44  153   44  12  0  0 L3P FE
G25 FF 61019 082600  780 311 2160    -4569264     -5          34    -27   25  23  142  -21  178   33  178   33  23  0  0 L3P 1B
G29 FF 61019 082600  780 349 2690     4121742    -83          30    -22   21   7  128  -10  191   44  191   44  20  0  0 L3P 0A
G05 FF 61019 084200  780 209  402     2252248     37          22     30   37 117  204  -44  230    2  230    2  33  0  0 L3P C2
G11 FF 61019 084200  780 526 1285     5152805    -95          24     41   21  59   93    7  163   -7  163   -7  19  0  0 L3P E9
G12 FF 61019 084200  780 566 1627     6049545     60           9     54   14  75   88   -3  162  -35  162  -35  13  0  0 L3P FE
G20 FF 61019 084200  780 298  742    -3621066     36          37     35   28  48  147  -13  241  -17  241  -17  23  0  0 L3P 22
G21 FF 61019 084200  780 193  718    -3514390   -123          67    -13   57 222  221  -32  270   24  270   24  57  0  0 L3P 3A
G24 FF 61019 084200  780 533 3421     2072185   -127           5     13   34  35   92    9  176   -8  176   -8  32  0  0 L3P E2
G25 FF 61019 084200  780 362 2114    -4569248     -7          29    -28   24  23  124  -16  183   28  183   28  20  0  0 L3P 27
G29 FF 61019 084200  780 377 2600     4121683    -78          30    -17   19   7  120   -7  211   -2  211   -2  15  0  0 L3P E5
G05 FF 61019 085800  780 255  465     2252246     15          14      8   34 117  170  -30  260    2  260    2  27  0  0 L3P C6
G11 FF 61019 085800  780 465 1353     5152674   -151          24    -16   27  59  101   11  197   54  197   54  26  0  0 L3P 37
G12 FF 61019 085800  780 595 1498     6049555     10          15      4   12  75   85   -2  169   12  169   12  10  0  0 L3P E2
G20 FF 61019 085800  780 322  828    -3621044    -36          58    -37   32  48  138   -7  236   52  236   52  30  0  0 L3P 15
G21 FF 61019 085800  780 219  792    -3514522    -71          40     39   34 222  196  -21  311  -26  311  -26  28  0  0 L3P 3B
G24 FF 61019 085800  780 458 3470     2072065   -118          19     22   39  35  103   14  178    7  178    7  38  0  0 L3P 0D
G25 FF 61019 085800  780 417 2069    -4569242     21          15      0   21  23  110  -13  210   11  210   11  19  0  0 L3P E0
G29 FF 61019 085800  780 400 2506     4121631    -58          38      3   20   7  114   -5  194   18  194   18  17  0  0 L3P E4
G05 FF 61019 091400  780 301  533     2252255     53          17     46   23 117  146  -20  273   -6  273   -6  20  0  0 L3P ED
G11 FF 61019 091400  780 399 1395     5152556   -119          36     16   22  59  114   16  236   46  236   46  18  0  0 L3P 30
G12 FF 61019 091400  780 617 1348     6049564     46          18     40   11  75   84   -1  190   -4  190   -4   9  0  0 L3P D1
G20 FF 61019 091400  780 335  919    -3621052     24          49     23   25  48  133   -3  272   19  272   19  22  0  0 L3P F0
G21 FF 61019 091400  780 239  869    -3514599   -148          69    -38   36 222  180  -12  305   62  305   62  32  0  0 L3P 57
G24 FF 61019 091400  780 384 3509     2071929   -122          18     18   19  35  118   20  208   29  208   29  15  0  0 L3P 26
G25 FF 61019 091400  780 477 2025    -4569190     32          46     10   14  23   99  -10  199   22  199   22  12  0  0 L3P 0C
G29 FF 61019 091400  780 418 2409     4121573    -43          38     18   15   7  110   -4  214   30  214   30  12  0  0 L3P DD
G05 FF 61019 093000  780 344  610     2252260     18          15     11   27 117  130  -14  290   16  290   16  22  0  0 L3P E9
G11 FF 61019 093000  780 333 1418     5152427   -121          37     14   17  59  134   24  293   57  293   57  13  0  0 L3P 1D
G12 FF 61019 093000  780 626 1181     6049582     41          30     36   16  75   83    0  209  -11  209  -11  13  0  0 L3P E3
G18 FF 61019 093000  780 202 3217     4809622    -74          37     25   22  24  212  -65  293   -3  293   -3  16  0  0 L3P 0A
G20 FF 61019 093000  780 337 1011    -3621034    -37          67    -38   24  48  132    2  287   78  287   78  21  0  0 L3P 19
G21 FF 61019 093000  780 252  950    -3514725   -130          50    -20   23 222  172   -5  347   39  347   39  20  0  0 L3P 22
G24 FF 61019 093000  780 312 3543     2071812   -140          35      0   19  35  142   29  236   46  236   46  15  0  0 L3P FC
G25 FF 61019 093000  780 540 1980    -4569160    -30          55    -52   16  23   91   -8  207   59  207   59  14  0  0 L3P 18
G29 FF 61019 093000  780 433 2309     4121513    -55          37      6   13   7  107   -3  243   20  243   20  10  0  0 L3P C3
G05 FF 61019 094600  780 382  697     2252260     25           8     18   25 117  119   -9  305  -11  305  -11  18  0  0 L3P 00
G11 FF 61019 094600  780 267 1427     5152282   -200          22    -65   17  59  163   38  374  132  374  132  13  0  0 L3P 4F
G12 FF 61019 094600  780 619 1009     6049592     -4          35    -10   11  75   83    1  224   27  224   27   9  0  0 L3P D1
G18 FF 61019 094600  780 265 3177     4809528   -108          38     -9   13  24  165  -37  290   -5  290   -5  10  0  0 L3P 30
G20 FF 61019 094600  780 326 1100    -3621050    -53          49    -54   30  48  136    7  331   82  331   82  27  0  0 L3P 05
G21 FF 61019 094600  780 255 1032    -3514899   -143         -19    -33   35 222  170    1  417   61  417   61  22  0  0 L3P 3E
G24 FF 61019 094600  780 245 3575     2071678   -126          34     13   24  35  177   46  282   41  282   41  17  0  0 L3P 2B
G25 FF 61019 094600  780 607 1932    -4569146     -6          49    -28   14  23   84   -6  215   25  215   25  12  0  0 L3P 09
G28 FF 61019 094600  780 189 2308     6248071    -22          40     14   25  87  225  -44  388  -22  388  -22  23  0  0 L3P 45
G29 FF 61019 094600  780 445 2208     4121454    -70          37     -8   18   7  105   -2  257   17  257   17  14  0  0 L3P F7
G05 FF 61019 100200  780 410  793     2252264     -9           3    -16   20 118  112   -5  323   27  323   27  18  0  0 L3P D3
G11 FF 61019 100200  780 203 1426     5152191   -199          59    -64   29  60  211   64  459  209  459  209  22  0  0 L3P 53
G12 FF 61019 100200  780 596  849     6049590    -22          22    -28   21  76   85    3  258   54  258   54  16  0  0 L3P F5
G18 FF 61019 100200  780 326 3125     4809435   -114          40    -15   21  25  136  -23  286   19  286   19  14  0  0 L3P 2E
G20 FF 61019 100200  780 303 1182    -3621052     28          26     27   18  70  145   13  382   29  382   29  15  0  0 L3P F8
G21 FF 61019 100200  780 248 1112    -3514961   -228          26   -119   25 223  174    8  430  162  430  162  22  0  0 L3P 54
G25 FF 61019 100200  780 678 1874    -4569138     26          32      5   14  24   79   -4  234    7  234    7  12  0  0 L3P C7
G28 FF 61019 100200  780 223 2371     6248037    -60          40    -24   17  88  193  -25  390   11  390   11  14  0  0 L3P 15
G29 FF 61019 100200  780 455 2106     4121396    -49          37     13   18  10  103   -2  277    0  277    0  16  0  0 L3P CD
G05 FF 61019 101800  780 426  898     2252264    -39          -2    -46   21 118  108   -2  342   50  342   50  17  0  0 L3P 05
G12 FF 61019 101800  780 558  713     6049592      1          19     -5   13  76   89    5  288   28  288   28  11  0  0 L3P CD
G18 FF 61019 101800  780 385 3061     4809343   -101          43     -2   40  25  118  -15  294   15  294   15  26  0  0 L3P 1D
G20 FF 61019 101800  780 270 1254    -3621030     27          47     26   20  70  162   22  426   41  426   41  15  0  0 L3P E9
G21 FF 61019 101800  780 230 1187    -3515057   -112          34     -3   25 223  187   18  481   74  481   74  20  0  0 L3P 2D
G25 FF 61019 101800  780 751 1786    -4569110     -1          40    -23   13  24   76   -3  235   34  235   34  11  0  0 L3P EC
G28 FF 61019 101800  780 247 2442     6248008    -16          46     21   20  88  175  -13  387  -15  387  -15  16  0  0 L3P 3D
G29 FF 61019 101800  780 463 2004     4121332    -56          33      6   13  10  102   -1  300    5  300    5  11  0  0 L3P 96
G05 FF 61019 103400  780 428 1006     2252270      1          -4     -6   21 118  108    1  352   14  352   14  18  0  0 L3P BB
G12 FF 61019 103400  780 508  603     6049596     19          17     13   22  76   95    8  313   19  313   19  16  0  0 L3P D0
G18 FF 61019 103400  780 440 2982     4809244    -74          39     25   13  25  106  -10  298  -24  298  -24  11  0  0 L3P 38
G20 FF 61019 103400  780 227 1313    -3621033     18          43     17   20  70  190   37  498   51  498   51  15  0  0 L3P FF
G21 FF 61019 103400  780 203 1255    -3515149    -74          48     35   26 223  210   32  528   23  528   23  23  0  0 L3P 18
G25 FF 61019 103400  780 821 1573    -4569096     21          33      0   29  24   74   -1  243   -3  243   -3  28  0  0 L3P CF
G28 FF 61019 103400  780 261 2520     6247972    -40          45     -4   27  88  166   -5  386    1  386    1  21  0  0 L3P E5
G29 FF 61019 103400  780 469 1902     4121273    -80          32    -18   15  10  100   -1  311   19  311   19  12  0  0 L3P EF
G05 FF 61019 105000  780 413 1108     2252274    -10          -6    -17   24 118  111    5  367   25  367   25  24  0  0 L3P F9
G12 FF 61019 105000  780 451  517     6049605     15          20     10   21  76  104   11  337   22  337   22  17  0  0 L3P CA
G18 FF 61019 105000  780 489 2885     4809149    -80          39     19   14  25   98   -7  294  -13  294  -13  11  0  0 L3P 2E
G25 FF 61019 105000  780 848  815    -4569088     47          20     26   13  24   74    0  259  -13  259  -13  11  0  0 L3P F4
G28 FF 61019 105000  780 265 2602     6247920    -74          27    -37   25  88  164    1  404   36  404   36  22  0  0 L3P 08
G29 FF 61019 105000  780 475 1798     4121212    -41          31     21   16  10  100   -1  317  -13  317  -13  13  0  0 L3P F5
G05 FF 61019 110600  780 385 1199     2252273     16         -14     10   24 118  118    9  392   14  392   14  19  0  0 L3P 07
G12 FF 61019 110600  780 389  450     6049600     -2          10     -7   21  76  117   17  377   46  377   46  15  0  0 L3P E4
G18 FF 61019 110600  780 528 2769     4809046   -129          30    -31   15  26   92   -4  297   12  297   12  13  0  0 L3P 1E
G23 FF 61019 110600  780 248 3534    -5838072    -84          32    -31   17  27  175  -48  393   34  393   34  13  0  0 L3P 40
G25 FF 61019 110600  780 786  372    -4569075     30          13      8    9  24   75    2  268    9  268    9   7  0  0 L3P 98
G28 FF 61019 110600  780 258 2685     6247951     46          94     82   25  88  168    7  349  -66  349  -66  21  0  0 L3P 3D
G29 FF 61019 110600  780 480 1693     4121144    -90          21    -29   14  10   99   -1  328   28  328   28  11  0  0 L3P FC
G05 FF 61019 112200  780 345 1274     2252276     -5          -3    -12   24   2  130   15  425   50  425   50  19  0  0 L3P CF
G12 FF 61019 112200  780 324  398     6049602     16           7     10   21  76  137   26  419   42  419   42  16  0  0 L3P D4
G18 FF 61019 112200  780 556 2635     4808949    -63          28     36   15  26   89   -2  290  -21  290  -21  13  0  0 L3P 1C
G23 FF 61019 112200  780 321 3544    -5838112    -71          42    -19   14  27  138  -30  360  -14  360  -14  11  0  0 L3P 30
G25 FF 61019 112200  780 707  253    -4569059     11           8    -11   17  24   78    4  280   25  280   25  12  0  0 L3P C9
G28 FF 61019 112200  780 242 2766     6247860    -32          38      4   26  88  178   14  411    8  411    8  26  0  0 L3P E2
G29 FF 61019 112200  780 484 1587     4121077    -94          13    -33   14  10   98    0  335   35  335   35  12  0  0 L3P EF
G05 FF 61019 113800  780 297 1333     2252299     41          13     34   13   2  148   24  467   25  467   25  12  0  0 L3P EB
G12 FF 61019 113800  780 258  358     6049615     40          14     34   20  76  169   42  471   35  471   35  15  0  0 L3P F3
G18 FF 61019 113800  780 572 2489     4808856    -96          31      3   16  26   87   -1  295    1  295    1  13  0  0 L3P D9
G23 FF 61019 113800  780 398 3550    -5838171    -55          33     -2   16  27  115  -20  350  -10  350  -10  12  0  0 L3P 24
G25 FF 61019 113800  780 624  199    -4569043     23           3      1    8  24   83    6  305   26  305   26   7  0  0 L3P 90
G26 FF 61019 113800  780 201 2223     2923612     48          36    -12   32  54  213  -60  513  -67  513  -67  28  0  0 L3P 28
G28 FF 61019 113800  780 219 2843     6247822    -14          34     23   19  88  196   23  429   -8  429   -8  16  0  0 L3P 21
G29 FF 61019 113800  780 485 1478     4121021    -57          16      5   13  10   98    0  341    6  341    6  11  0  0 L3P A3
G05 FF 61019 115400  780 243 1377     2252307      2          15     -4   24   2  178   40  523   58  523   58  18  0  0 L3P CE
G12 FF 61019 115400  780 192  328     6049617     12          10      6   17  76  223   74  541   62  541   62  14  0  0 L3P D4
G15 FF 61019 115400  780 184  723    -3658256     28          32     64   34  71  230  -32  603  -93  603  -93  27  0  0 L3P 28
G18 FF 61019 115400  780 574 2339     4808761    -98          30      1   10  26   87    0  298   -2  298   -2   8  0  0 L3P CF
G23 FF 61019 115400  780 479 3553    -5838225    -27          29     25   16  27   99  -13  335  -44  335  -44  11  0  0 L3P 41
G25 FF 61019 115400  780 542  169    -4569019     13           7     -8   21  24   91   10  325   26  325   26  18  0  0 L3P CF
G26 FF 61019 115400  780 258 2251     2923653     60          19      0   26  54  168  -35  461  -59  461  -59  23  0  0 L3P 22
G28 FF 61019 115400  780 191 2916     6247787     -5          35     32   26  88  223   34  447   -3  447   -3  21  0  0 L3P 03
G29 FF 61019 115400  780 483 1367     4120965    -88          19    -26   12  10   98    1  340   28  340   28  10  0  0 L3P F8
G05 FF 61019 121000  780 186 1407     2252310     10          13      4   37   3  229   68  611   77  611   77  25  0  0 L3P C9
G15 FF 61019 121000  780 209  796    -3658311    -11           6     25   27  72  205  -21  616  -28  616  -28  22  0  0 L3P 16
G18 FF 61019 121000  780 564 2195     4808665    -72          29     27   12  27   88    2  303  -12  303  -12  10  0  0 L3P F9
G23 FF 61019 121000  780 563 3553    -5838268    -45          32      8   16  28   88   -9  314  -18  314  -18  11  0  0 L3P 16
G25 FF 61019 121000  780 461  152    -4568986     38          16     17   11  35  102   14  350   25  350   25   9  0  0 L3P DE
G26 FF 61019 121000  780 312 2292     2923727     84          36     24   23  55  141  -22  412  -43  412  -43  18  0  0 L3P 13
G29 FF 61019 121000  780 478 1256     4120898    -85           7    -23   14  12   99    1  365   40  365   40  10  0  0 L3P E5
G10 FF 61019 122600  780 232 3361     5719712     71          28     28   42  62  186  -54  459  -74  459  -74  42  0  0 L3P 3B
G15 FF 61019 122600  780 228  872    -3658361    -25          -9     12   27  72  189  -13  605  -66  605  -66  24  0  0 L3P 3D
G18 FF 61019 122600  780 546 2062     4808568   -104          28     -5   14  27   90    2  312    2  312    2  12  0  0 L3P C0
G23 FF 61019 122600  780 649 3552    -5838327    -57          24     -5   11  28   81   -6  303  -15  303  -15  10  0  0 L3P 11
G25 FF 61019 122600  780 382  142    -4568981    -42           0    -64   29  35  119   21  397   82  397   82  28  0  0 L3P 1D
G26 FF 61019 122600  780 362 2348     2923777     26          28    -35   19  55  124  -14  391   -3  391   -3  17  0  0 L3P 1C
G29 FF 61019 122600  780 467 1145     4120841    -79           8    -17   15  12  101    2  371   21  371   21  11  0  0 L3P DD
G10 FF 61019 124200  780 303 3339     5719762     69          37     27   24  62  145  -32  425  -47  425  -47  21  0  0 L3P 2E
G15 FF 61019 124200  780 239  950    -3658381      5           6     41   27  72  180   -6  584  -26  584  -26  23  0  0 L3P FB
G18 FF 61019 124200  780 523 1942     4808478    -88          33     11   22  27   93    3  327   13  327   13  19  0  0 L3P F0
G23 FF 61019 124200  780 736 3551    -5838385    -97          16    -44   19  28   77   -4  310   47  310   47  18  0  0 L3P 26
G25 FF 61019 124200  780 306  139    -4568961     68          -1     46   14  35  144   33  449   27  449   27  11  0  0 L3P 04
G26 FF 61019 124200  780 404 2422     2923840     76          33     16   13  55  113   -9  377  -21  377  -21  11  0  0 L3P 08
G29 FF 61019 124200  780 449 1037     4120786    -79          13    -18   18  12  104    4  391   43  391   43  16  0  0 L3P 09
G10 FF 61019 125800  780 376 3307     5719812     11          48    -31   31  62  120  -21  395   11  395   11  32  0  0 L3P 0A
G15 FF 61019 125800  780 243 1028    -3658398    -74          23    -37   28  72  178    1  583   44  583   44  24  0  0 L3P 31
G18 FF 61019 125800  780 496 1833     4808384    -73          33     25   17  27   96    4  350    4  350    4  13  0  0 L3P D4
G23 FF 61019 125800  780 824 3565    -5838443    -39           8     13   34  28   74   -2  323   -5  323   -5  33  0  0 L3P F2
G25 FF 61019 125800  780 233  142    -4568938     17           2     -4   21  35  185   55  515   92  515   92  15  0  0 L3P F0
G26 FF 61019 125800  780 436 2513     2923901     65          37      5   15  55  107   -5  372   -3  372   -3  13  0  0 L3P DC
G29 FF 61019 125800  780 426  934     4120725    -49          11     12   16  12  109    6  420   23  420   23  12  0  0 L3P D0
G10 FF 61019 131400  780 449 3262     5719849     51          45      9   12  62  104  -14  380  -28  380  -28  10  0  0 L3P 14
G15 FF 61019 131400  780 237 1104    -3658449     21           8     57   23  72  182    8  604  -39  604  -39  18  0  0 L3P 0E
G16 FF 61019 131400  780 232 2259    -1643091    -77          25      2   30  40  186  -39  522  -49  522  -49  22  0  0 L3P 2D
G18 FF 61019 131400  780 469 1732     4808294   -128          38    -29   16  27  101    5  368   51  368   51  13  0  0 L3P 2B
G23 FF 61019 131400  780 886 1437    -5838456    -95          45    -43   13  28   74    0  292   50  292   50  12  0  0 L3P 11
G26 FF 61019 131400  780 453 2618     2923964     74          41     14   16  55  103   -2  372    0  372    0  14  0  0 L3P C9
G29 FF 61019 131400  780 396  839     4120682    -50          26     12   13  12  115    8  440   33  440   33  11  0  0 L3P D4
G10 FF 61019 133000  780 521 3198     5719891     46          46      4    9  62   93   -9  361  -24  361  -24   7  0  0 L3P DB
G15 FF 61019 133000  780 221 1175    -3658476    -63          16    -27   24  72  194   17  617   51  617   51  18  0  0 L3P 2F
G16 FF 61019 133000  780 279 2310    -1643164    -73          26      5   20  40  156  -24  488  -36  488  -36  17  0  0 L3P 33
G18 FF 61019 133000  780 442 1639     4808186   -128          26    -29   19  27  105    5  398   46  398   46  16  0  0 L3P 3B
G23 FF 61019 133000  780 801 1651    -5838529      1          23     53   15  28   75    2  319  -44  319  -44  15  0  0 L3P EF
G26 FF 61019 133000  780 455 2730     2924024     42          44    -18   13  55  103    1  379   20  379   20  10  0  0 L3P E4
G29 FF 61019 133000  780 359  752     4120602    -67           6     -6   21  12  125   12  493   36  493   36  16  0  0 L3P DF
G10 FF 61019 134600  780 590 3106     5719914     43          28      1   11  62   86   -6  355   -6  355   -6  10  0  0 L3P CB
G15 FF 61019 134600  780 197 1241    -3658525    -41           2     -4   26  72  217   31  661   57  661   57  22  0  0 L3P 08
G16 FF 61019 134600  780 320 2375    -1643248    -28          18     50   20  40  138  -15  470  -42  470  -42  17  0  0 L3P 34
G18 FF 61019 134600  780 415 1550     4808089    -92          24      7   24  27  111    6  419   34  419   34  20  0  0 L3P EC
G23 FF 61019 134600  780 717 1647    -5838584    -55          17     -2   10  28   77    4  331   26  331   26   9  0  0 L3P EE
G26 FF 61019 134600  780 441 2841     2924061     64          23      4   10  55  106    4  402   22  402   22   7  0  0 L3P AC
G29 FF 61019 134600  780 318  673     4120550    -71          13    -10   24  12  139   18  526   68  526   68  18  0  0 L3P 0D
G10 FF 61019 140200  780 650 2971     5719950     36          24     -6   11  64   81   -4  353   15  353   15   9  0  0 L3P CF
G16 FF 61019 140200  780 351 2453    -1643326    -68          14     10   17  65  128   -8  460  -11  460  -11  12  0  0 L3P 16
G18 FF 61019 140200  780 390 1464     4807991    -57          17     42   14  28  117    6  462    6  462    6  12  0  0 L3P DF
G23 FF 61019 140200  780 636 1630    -5838629    -46          24      6    8  29   82    6  351   32  351   32   7  0  0 L3P C6
G26 FF 61019 140200  780 414 2944     2924118     68          18      8   11  56  111    7  427   35  427   35  10  0  0 L3P D9
G29 FF 61019 140200  780 271  605     4120494    -68          11     -7   22  13  161   27  581   61  581   61  19  0  0 L3P EF
G10 FF 61019 141800  780 693 2773     5719991     48          25      6   11  64   79   -2  360    0  360    0   9  0  0 L3P AE
G16 FF 61019 141800  780 371 2542    -1643402    -72          13      7   19  65  122   -4  466    7  466    7  15  0  0 L3P E0
G18 FF 61019 141800  780 366 1380     4807902   -107          22     -8   17  28  123    7  493   55  493   55  12  0  0 L3P 16
G23 FF 61019 141800  780 559 1606    -5838668    -58          34     -6   14  29   89    8  381   44  381   44  13  0  0 L3P 17
G26 FF 61019 141800  780 377 3035     2924185     74          27     14   31  56  120   11  457   27  457   27  20  0  0 L3P 04
G27 FF 61019 141800  780 249 2171      483570     39          35    -17   30  24  174  -41  561  -23  561  -23  27  0  0 L3P 23
G29 FF 61019 141800  780 221  545     4120434    -63          10     -2   22  13  194   44  651   74  651   74  20  0  0 L3P E4
G32 FF 61019 141800  780 255   67     2134091   -165          23     -5   18  82  170  -41  557  -47  557  -47  15  0  0 L3P 27
G10 FF 61019 143400  780 709 2520     5720029     47          23      5   13  64   78    0  369    3  369    3  10  0  0 L3P 9E
G16 FF 61019 143400  780 377 2638    -1643469    -79          22     -1   20  65  120    0  475   20  475   20  17  0  0 L3P 02
G18 FF 61019 143400  780 343 1298     4807807   -140          22    -41   12  28  130    8  535   80  535   80  10  0  0 L3P 13
G23 FF 61019 143400  780 486 1579    -5838724    -61          29     -9   20  29   98   11  428   62  428   62  19  0  0 L3P 28
G26 FF 61019 143400  780 334 3115     2924239     60          23      0   22  56  133   16  503   48  503   48  16  0  0 L3P E0
G27 FF 61019 143400  780 311 2165      483649     27          60    -30   21  24  142  -27  500  -16  500  -16  19  0  0 L3P 0D
G32 FF 61019 143400  780 322   99     2133936   -146          22     15   14  82  138  -27  519  -48  519  -48  11  0  0 L3P 2C
G10 FF 61019 145000  780 694 2269     5720074     21          27    -21    8  64   79    2  379   27  379   27   7  0  0 L3P DB
G16 FF 61019 145000  780 370 2737    -1643540   -112          26    -34   10  65  122    4  496   48  496   48   8  0  0 L3P 1C
G18 FF 61019 145000  780 319 1218     4807732   -110          42    -11   20  28  138    9  562   50  562   50  18  0  0 L3P 0F
G23 FF 61019 145000  780 417 1547    -5838773    -65          31    -12   18  29  110   15  479   54  479   54  16  0  0 L3P 3D
G26 FF 61019 145000  780 288 3186     2924309     90          35     29   16  56  152   23  552   31  552   31  12  0  0 L3P 03
G27 FF 61019 145000  780 377 2168      483679     23          35    -34   19  24  120  -19  495   -6  495   -6  16  0  0 L3P 18
G32 FF 61019 145000  780 393  133     2133782   -165          22     -5   27  82  116  -19  491  -34  491  -34  26  0  0 L3P 2E
G10 FF 61019 150600  780 656 2073     5720102     36          15     -6   13  64   81    3  399   17  399   17  10  0  0 L3P D4
G16 FF 61019 150600  780 351 2832    -1643625    -68          16     10   14  65  128    8  527   34  527   34  10  0  0 L3P 06
G18 FF 61019 150600  780 296 1138     4807623    -90          28      9   28  28  148   11  615   39  615   39  26  0  0 L3P 17
G23 FF 61019 150600  780 353 1513    -5838826    -46          28      6   19  29  127   20  536   61  536   61  17  0  0 L3P 17
G26 FF 61019 150600  780 241 3250     2924368    110          36     49   29  56  179   33  615   37  615   37  22  0  0 L3P 1E
G27 FF 61019 150600  780 444 2185      483735     53          37     -4   17  24  105  -13  467  -18  467  -18  15  0  0 L3P 1D
G32 FF 61019 150600  780 466  174     2133624   -146          18     14   18  82  101  -13  465  -33  465  -33  16  0  0 L3P 2B
G08 FF 61019 152200  780 199 2199    -5158003     -9          45    -42   39  50  215  -64  689  -22  689  -22  33  0  0 L3P 57
G10 FF 61019 152200  780 606 1930     5720141     49          14      7   10  64   84    5  419   10  419   10   8  0  0 L3P A5
G16 FF 61019 152200  780 322 2921    -1643686    -56          31     22   16  65  138   13  554   25  554   25  11  0  0 L3P 15
G18 FF 61019 152200  780 272 1060     4807531    -83          31     16   25  28  160   14  662   41  662   41  23  0  0 L3P FE
G23 FF 61019 152200  780 294 1475    -5838886    -61          17     -9   16  29  149   27  613   75  613   75  12  0  0 L3P 36
G26 FF 61019 152200  780 195 3309     2924423     43          34    -18   42  56  218   49  699  100  699  100  37  0  0 L3P 45
G27 FF 61019 152200  780 511 2220      483792     69          40     13   17  24   94   -9  446  -30  446  -30  16  0  0 L3P EE
G32 FF 61019 152200  780 540  227     2133469   -153          16      8   11  82   91   -9  447  -29  447  -29   9  0  0 L3P F9
G08 FF 61019 153800  780 259 2216    -5157986     30          30     -3   25  50  168  -37  644  -48  644  -48  20  0  0 L3P 44
G10 FF 61019 153800  780 552 1821     5720176     32           8    -10    9  64   90    6  443   34  443   34   8  0  0 L3P B1
G16 FF 61019 153800  780 286 3002    -1643764    -96          28    -17   20  65  153   19  600   69  600   69  15  0  0 L3P 36
G18 FF 61019 153800  780 246  984     4807436    -90          31      9   22  28  176   18  707   34  707   34  19  0  0 L3P 09
G23 FF 61019 153800  780 239 1433    -5838923    -19          30     33   21  29  181   38  659   36  659   36  15  0  0 L3P 37
G27 FF 61019 153800  780 576 2284      483849     61          42      5    7  24   87   -6  425  -22  425  -22   6  0  0 L3P D1
G32 FF 61019 153800  780 614  305     2133318   -168          20     -8   12  82   84   -6  426  -11  426  -11  10  0  0 L3P F6
G08 FF 61019 155400  780 319 2247    -5157954      2          31    -31   24  50  139  -24  593  -33  593  -33  21  0  0 L3P 33
G10 FF 61019 155400  780 498 1732     5720220     37          12     -5   16  64   96    8  468   34  468   34  15  0  0 L3P E5
G16 FF 61019 155400  780 246 3075    -1643830    -70          38      9   31  65  175   28  654   66  654   66  20  0  0 L3P 1F
G18 FF 61019 155400  780 218  910     4807351    -48          41     51   28  28  197   26  746   16  746   16  24  0  0 L3P 12
G23 FF 61019 155400  780 188 1389    -5838981    -27          23     26   37  29  226   57  725    9  725    9  27  0  0 L3P 28
G27 FF 61019 155400  780 634 2392      483901     59          39      2   12  24   82   -4  414  -15  414  -15  11  0  0 L3P DA
G32 FF 61019 155400  780 680  434     2133172   -176          27    -15   10  82   79   -3  408    4  408    4   9  0  0 L3P CD
G08 FF 61019 161000  780 376 2293    -5157925     46          23     13   19  66  120  -16  552  -60  552  -60  15  0  0 L3P 35
G10 FF 61019 161000  780 446 1654     5720254     19          10    -23   14  98  105   10  492   35  492   35  13  0  0 L3P FE
G16 FF 61019 161000  780 205 3144    -1643914    -72          27      6   24  67  208   41  734   67  734   67  16  0  0 L3P 11
G18 FF 61019 161000  780 187  840     4807266    -55          52     44   35  29  227   38  784  -12  784  -12  32  0  0 L3P 2A
G27 FF 61019 161000  780 674 2562      483948     52          26     -5   13  25   80   -2  415   -6  415   -6  11  0  0 L3P C6
G32 FF 61019 161000  780 727  652     2133011   -160          21      0   10  86   77   -1  403  -15  403  -15   8  0  0 L3P C5
G08 FF 61019 162600  780 428 2359    -5157893     25          23     -8   12  66  108  -10  513  -21  513  -21   9  0  0 L3P 1F
G10 FF 61019 162600  780 397 1582     5720292     39          16     -3   22  21  115   12  516   28  516   28  20  0  0 L3P F2
G27 FF 61019 162600  780 686 2784      484000     52          24     -5   10  25   79    0  413    6  413    6   9  0  0 L3P 8F
G32 FF 61019 162600  780 734  949     2132844   -181           8    -21    9  86   77    1  407   14  407   14   8  0  0 L3P CF
G02 FF 61019 164200  780 213 2192       86340   -122          38    -38   38  77  202  -51  717  -38  717  -38  33  0  0 L3P 33
G08 FF 61019 164200  780 471 2446    -5157864     30          20     -3   11  66  100   -6  490  -18  490  -18   9  0  0 L3P 0A
G10 FF 61019 164200  780 352 1514     5720329     24          13    -18   16  21  127   14  542   39  542   39  14  0  0 L3P FD
G27 FF 61019 164200  780 662 2998      484058     64          27      7   12  25   80    2  413    1  413    1  10  0  0 L3P 90
G28 FF 61019 164200  780 205  382     6247137    -50          24    -13   21  91  208  -44  740  -79  740  -79  16  0  0 L3P 37
G32 FF 61019 164200  780 698 1195     2132694   -173          12    -12   10  86   78    3  402   13  402   13   8  0  0 L3P EE
G02 FF 61019 165800  780 270 2156       86246    -38          24     46   34  77  162  -34  658 -110  658 -110  31  0  0 L3P 3B
G08 FF 61019 165800  780 500 2556    -5157842     24          11     -9   11  66   96   -3  481    1  481    1  10  0  0 L3P CA
G10 FF 61019 165800  780 310 1447     5720387     47          31      5   23  21  142   17  550   12  550   12  19  0  0 L3P DA
G27 FF 61019 165800  780 613 3156      484113     81          27     24    9  25   84    5  425    2  425    2   7  0  0 L3P 87
G28 FF 61019 165800  780 250  444     6247107    -52          28    -16   28  91  173  -30  662  -53  662  -53  21  0  0 L3P 38
G32 FF 61019 165800  780 636 1336     2132543   -155          15      5   12  86   82    5  405    8  405    8  10  0  0 L3P C1
G02 FF 61019 171400  780 332 2124       86182   -100          41    -16   19  77  134  -24  574  -70  574  -70  16  0  0 L3P 24
G08 FF 61019 171400  780 512 2681    -5157812     21           9    -12   10  66   94    0  475    7  475    7   9  0  0 L3P B7
G10 FF 61019 171400  780 271 1381     5720403     40           6     -3   17  21  161   21  600   32  600   32  12  0  0 L3P B5
G27 FF 61019 171400  780 550 3264      484168     63          28      6   11  25   90    8  447   21  447   21  10  0  0 L3P B8
G28 FF 61019 171400  780 295  511     6247070    -50          26    -14   20  91  149  -21  606  -48  606  -48  14  0  0 L3P 2F
G31 FF 61019 171400  780 193  203     1786697    -35          31    -15   23  17  221  -57  764  -98  764  -98  17  0  0 L3P 4E
G32 FF 61019 171400  780 565 1409     2132391   -164          16     -3   17  86   88    8  415   18  415   18  16  0  0 L3P 01
G02 FF 61019 173000  780 399 2096       86101   -118          41    -33   14  77  115  -17  503  -43  503  -43  13  0  0 L3P 1F
G08 FF 61019 173000  780 505 2810    -5157780     81           9     48   11  66   95    2  478  -27  478  -27   8  0  0 L3P FE
G10 FF 61019 173000  780 236 1315     5720455     39          18     -3   17  21  183   25  611   19  611   19  13  0  0 L3P EA
G27 FF 61019 173000  780 481 3340      484218     28          23    -29   28  25   99   11  483   62  483   62  28  0  0 L3P FC
G28 FF 61019 173000  780 338  586     6247027    -61          18    -25   19  91  132  -15  565  -28  565  -28  14  0  0 L3P 45
G31 FF 61019 173000  780 245  254     1786666    -25          18     -6   15  17  177  -37  679  -82  679  -82  11  0  0 L3P 3F
G32 FF 61019 173000  780 492 1445     2132232   -166          11     -6   25  86   97   11  434   21  434   21  23  0  0 L3P F5
G02 FF 61019 174600  780 470 2074       85999   -111          20    -27   13  77  101  -12  460  -37  460  -37  10  0  0 L3P 25
G08 FF 61019 174600  780 479 2930    -5157742     55          15     22   15  66   99    5  485    1  485    1  11  0  0 L3P DD
G10 FF 61019 174600  780 203 1250     5720463     37         -14     -6   21  21  210   32  657   21  657   21  16  0  0 L3P EB
G27 FF 61019 174600  780 410 3397      484270     74          21     17   20  25  112   16  529   32  529   32  18  0  0 L3P EE
G28 FF 61019 174600  780 376  670     6246995    -45          22     -8   18  92  120  -10  520  -47  520  -47  14  0  0 L3P 2B
G31 FF 61019 174600  780 299  307     1786652    -19          23      1   15  17  147  -26  603  -74  603  -74  11  0  0 L3P 19
G32 FF 61019 174600  780 419 1459     2132069   -182           2    -22   18  86  110   16  462   33  462   33  16  0  0 L3P 17
G01 FF 61019 180200  780 249 2167    -3521021      6          37    -12   41 212  174  -41  634  -65  634  -65  35  0  0 L3P 32
G02 FF 61019 180200  780 545 2060       85913    -84          15      0   13  79   90   -9  426  -19  426  -19  11  0  0 L3P D9
G08 FF 61019 180200  780 441 3035    -5157711     -6          15    -39   46  67  106    9  510   63  510   63  30  0  0 L3P FB
G27 FF 61019 180200  780 340 3443      484325     42          16    -15   25  26  131   24  590   89  590   89  24  0  0 L3P 03
G28 FF 61019 180200  780 405  765     6246959    -63          19    -27   19  93  113   -6  491  -11  491  -11  16  0  0 L3P 30
G31 FF 61019 180200  780 355  367     1786637    -29          27     -9   14  18  126  -18  545  -56  545  -56  10  0  0 L3P 35
G32 FF 61019 180200  780 349 1459     2131920   -161           8     -1   18  89  128   23  485   46  485   46  17  0  0 L3P 1A
G01 FF 61019 183400  780 376 2132    -3520971     -4          54    -21   20 212  120  -19  491  -33  491  -33  17  0  0 L3P 38
G02 FF 61019 183400  780 707 2078       85754    -84          17      0   10  79   78   -4  379  -19  379  -19   9  0  0 L3P EF
G03 FF 61019 183400  780 211 2383    -6267096     92          17      6   23  57  202  -27  679  -74  679  -74  18  0  0 L3P 43
G04 FF 61019 183400  780 266 3059     -305066    -69          36    -42   31  18  164  -32  674  -70  674  -70  21  0  0 L3P 45
G08 FF 61019 183400  780 342 3198    -5157641     43          22     10   20  67  131   18  596   44  596   44  14  0  0 L3P 18
G27 FF 61019 183400  780 211 3524      484438     46          20    -11   16  26  204   58  780  129  780  129  13  0  0 L3P 23
G28 FF 61019 183400  780 427  974     6246882    -58          12    -22   20  93  108    1  469   12  469   12  17  0  0 L3P 0B
G31 FF 61019 183400  780 462  518     1786596     -7          23     12   13  18  102   -9  469  -47  469  -47  10  0  0 L3P 13
G32 FF 61019 183400  780 218 1431     2131628   -238          26    -78   24   1  197   54  543  104  543  104  16  0  0 L3P 3A
G01 FF 61019 185000  780 445 2128    -3520959    -12          50    -29   16 212  105  -14  441  -32  441  -32  12  0  0 L3P 43
G02 FF 61019 185000  780 789 2169       85674    -72          18     12   11  79   75   -2  361  -26  361  -26   9  0  0 L3P F0
G03 FF 61019 185000  780 241 2315    -6267024     78           6     -9   25  57  179  -22  623  -46  623  -46  20  0  0 L3P 23
G04 FF 61019 185000  780 318 2994     -305108    -21          20      6   21  18  139  -20  602  -75  602  -75  14  0  0 L3P 0D
G08 FF 61019 185000  780 289 3263    -5157608     18          23    -15   22  67  152   26  653   83  653   83  21  0  0 L3P 2D
G28 FF 61019 185000  780 416 1078     6246857    -23          22     13   18  93  111    4  456  -14  456  -14  15  0  0 L3P 19
G31 FF 61019 185000  780 506  618     1786581    -16          26      4   17  18   95   -6  437  -36  437  -36  12  0  0 L3P FF
G01 FF 61019 192200  780 590 2166    -3520942     24          34      7   12 212   86   -7  378  -32  378  -32   9  0  0 L3P 03
G02 FF 61019 192200  780 809 3379       85516   -106          22    -21   15  79   75    2  347   20  347   20  14  0  0 L3P E3
G03 FF 61019 192200  780 306 2181    -6266864     73           0    -13   24  57  144  -15  525  -37  525  -37  20  0  0 L3P 2C
G04 FF 61019 192200  780 409 2832     -305168    -66          13    -39   14  18  112   -9  505   -6  505   -6  12  0  0 L3P FF
G08 FF 61019 192200  780 187 3376    -5157540     59          27     27   26  67  228   57  811   71  811   71  22  0  0 L3P 28
G28 FF 61019 192200  780 352 1249     6246786    -88          21    -52   24  93  127   14  463   43  463   43  18  0  0 L3P 31
G31 FF 61019 192200  780 554  874     1786554      1          37     20   14  18   89   -1  386  -38  386  -38  13  0  0 L3P F9
G01 FF 61019 195400  780 727 2376    -3520907      7          36    -10    7 212   77   -2  334   -4  334   -4   6  0  0 L3P D2
G02 FF 61019 195400  780 640 3570       85358   -113          25    -29   10  79   82    6  350   35  350   35   7  0  0 L3P D6
G03 FF 61019 195400  780 382 2045    -6266689     68           9    -19   27  57  119  -11  426  -33  426  -33  24  0  0 L3P 49
G04 FF 61019 195400  780 472 2625     -305204      8          29     35   14  18  100   -4  418  -62  418  -62  12  0  0 L3P F2
G28 FF 61019 195400  780 252 1358     6246718      2          22     38   27  93  172   36  457  -44  457  -44  20  0  0 L3P 20
G31 FF 61019 195400  780 523 1134     1786510    -36          30    -17   14  18   93    4  355    3  355    3  12  0  0 L3P C7
G01 FF 61019 201000  780 766 2657    -3520891    -15          33    -33    9 213   76   -1  314   -5  314   -5   7  0  0 L3P E7
G02 FF 61019 201000  780 555 3592       85271    -92          23     -8   15  80   89    9  359    8  359    8  12  0  0 L3P AF
G03 FF 61019 201000  780 425 1975    -6266610     48           3    -38   20  71  109  -10  377  -33  377  -33  17  0  0 L3P 2A
G04 FF 61019 201000  780 492 2508     -305234    -53          24    -26   12  19   97   -2  385  -21  385  -21   9  0  0 L3P FA
G09 FF 61019 201000  780 203 2781    -7669140    228          87    246   57 105  211  -35  652 -362  652 -362  61  0  0 L3P 96
G28 FF 61019 201000  780 195 1391     6246703    -50          46    -14   34  94  219   64  448   16  448   16  24  0  0 L3P 24
G31 FF 61019 201000  780 483 1233     1786494    -55          33    -36   22  19   98    7  344   14  344   14  19  0  0 L3P FB
G01 FF 61019 202600  780 755 3010    -3520876     17          32      0   12 213   76    1  301   -7  301   -7  10  0  0 L3P B3
G02 FF 61019 202600  780 473    7       85183    -48          16     36   13  80  100   13  376  -10  376  -10   9  0  0 L3P AB
G03 FF 61019 202600  780 470 1900    -6266515     99          15     12   16  71  100   -8  323  -52  323  -52  13  0  0 L3P 0C
G04 FF 61019 202600  780 503 2387     -305256    -41          29    -14   13  19   96   -1  348  -17  348  -17  11  0  0 L3P 12
G09 FF 61019 202600  780 235 2709    -7669285     70         -41     88   33 105  183  -23  682 -169  682 -169  31  0  0 L3P 9A
G26 FF 61019 202600  780 197  852     2925533     68          33      8   29  79  216  -18  521  -59  521  -59  23  0  0 L3P 22
G31 FF 61019 202600  780 432 1305     1786486    -19          43      1   20  19  107   11  327    3  327    3  16  0  0 L3P C4
G01 FF 61019 204200  780 701 3239    -3520852     17          40      0   17 213   78    3  288   -3  288   -3  14  0  0 L3P CF
G02 FF 61019 204200  780 394   20       85104    -83          19      1   14   2  116   20  400   27  400   27  10  0  0 L3P 6F
G03 FF 61019 204200  780 518 1818    -6266445     42           2    -44   13  71   93   -7  292   -5  292   -5  11  0  0 L3P E4
G04 FF 61019 204200  780 507 2266     -305280    -30          31     -3   12  19   95    0  320  -20  320  -20  10  0  0 L3P C1
G09 FF 61019 204200  780 265 2634    -7669189    -89          72    -71   31 105  164  -17  498    2  498    2  26  0  0 L3P 46
G26 FF 61019 204200  780 211  926     2925598     32          40    -28   27  79  203   -9  459  -31  459  -31  25  0  0 L3P 20
G31 FF 61019 204200  780 375 1356     1786455    -12          31      8   15  19  121   17  325  -21  325  -21  12  0  0 L3P FF
G01 FF 61019 205800  780 631 3358    -3520833     29          42     12   20 213   83    6  297   11  297   11  19  0  0 L3P F3
G02 FF 61019 205800  780 319   33       85019    -69          15     16   15   2  139   29  444   52  444   52  10  0  0 L3P AD
G03 FF 61019 205800  780 567 1723    -6266364     94          36      7   12  20   88   -5  261  -32  261  -32  10  0  0 L3P FC
G04 FF 61019 205800  780 504 2146     -305306      0          31     27   16  19   95    1  301  -38  301  -38  14  0  0 L3P C3
G09 FF 61019 205800  780 292 2555    -7669238    -19          41     -1   20 105  150  -13  471  -49  471  -49  17  0  0 L3P 5B
G16 FF 61019 205800  780 207  639    -1645268    -38          31     41   43  83  206  -32  472  -98  472  -98  36  0  0 L3P 4C
G26 FF 61019 205800  780 217 1001     2925663    126          48     66   24  79  197   -2  401  -98  401  -98  18  0  0 L3P 3C
G31 FF 61019 205800  780 314 1389     1786437      7          31     27   18  19  141   25  323  -20  323  -20  15  0  0 L3P FE
G01 FF 61019 211400  780 555 3427    -3520821     30          37     13   51 213   89    9  320    6  320    6  47  0  0 L3P C4
G02 FF 61019 211400  780 248   48       84944   -166          20    -82   27   2  175   46  509  155  509  155  22  0  0 L3P FE
G03 FF 61019 211400  780 616 1607    -6266291     78          26     -8   14  20   84   -4  254   -9  254   -9  11  0  0 L3P E9
G04 FF 61019 211400  780 497 2031     -305327    -55          36    -28   19  19   96    1  283   14  283   14  16  0  0 L3P EF
G09 FF 61019 211400  780 317 2475    -7669256      1          40     19   21 105  139  -10  431  -52  431  -52  20  0  0 L3P 23
G16 FF 61019 211400  780 238  710    -1645355   -118          19    -40   40  83  181  -22  424  -23  424  -23  32  0  0 L3P 39
G26 FF 61019 211400  780 215 1075     2925719     39          45    -22   27  79  199    6  363  -16  363  -16  22  0  0 L3P 26
G31 FF 61019 211400  780 253 1407     1786421     15          34     35   19  19  172   40  318  -31  318  -31  14  0  0 L3P 07
G01 FF 61019 213000  780 478 3472    -3520795     -2          47    -19   32 213   99   12  334   41  334   41  32  0  0 L3P 0C
G03 FF 61019 213000  780 658 1456    -6266200     70          34    -16   10  20   81   -2  240    5  240    5   8  0  0 L3P AC
G04 FF 61019 213000  780 487 1920     -305368    -22          21      6   20  19   98    2  289  -18  289  -18  16  0  0 L3P F3
G07 FF 61019 213000  780 239 3194     1191676     64          22      9   21  77  181  -46  585 -127  585 -127  17  0  0 L3P 50
G09 FF 61019 213000  780 340 2392    -7669257      4          56     22   20 105  131   -8  385  -59  385  -59  18  0  0 L3P 33
G16 FF 61019 213000  780 265  786    -1645431   -154          19    -75   33  83  164  -14  383   37  383   37  27  0  0 L3P 47
G26 FF 61019 213000  780 203 1146     2925763     25          32    -35   25  79  210   16  341   -1  341   -1  20  0  0 L3P E3
G31 FF 61019 213000  780 192 1415     1786395     37          27     56   39  19  223   68  326  -55  326  -55  29  0  0 L3P 32
G01 FF 61019 214600  780 403 3506    -3520791     28          35     11   17 213  114   18  379   38  379   38  13  0  0 L3P 1E
G03 FF 61019 214600  780 688 1258    -6266119     83          33     -3   12  20   79   -1  236    0  236    0   9  0  0 L3P B7
G04 FF 61019 214600  780 475 1814     -305388    -28          27     -1   20  19  100    2  269  -12  269  -12  17  0  0 L3P 00
G07 FF 61019 214600  780 300 3150     1191731     43          25    -11   15  77  147  -28  492  -71  492  -71  13  0  0 L3P 29
G09 FF 61019 214600  780 363 2308    -7669282    -14          49      4   17 105  124   -7  358  -29  358  -29  14  0  0 L3P 47
G16 FF 61019 214600  780 286  866    -1645504    -19          20     59   29  83  153   -8  344  -91  344  -91  23  0  0 L3P 34
G26 FF 61019 214600  780 183 1213     2925813     12          24    -49   32  79  232   30  322   26  322   26  23  0  0 L3P FD
G01 FF 61019 220200  780 331 3536    -3520759     44          48     27   20 214  134   26  419   49  419   49  15  0  0 L3P 1F
G03 FF 61019 220200  780 695 1023    -6266037     95          29      9   12  27   79    0  236   -5  236   -5   8  0  0 L3P C0
G04 FF 61019 220200  780 463 1712     -305406    -28          34      0   18  20  102    2  253   -2  253   -2  15  0  0 L3P A9
G06 FF 61019 220200  780 210 2320     5874115     22          50    -39   44  97  204  -34  454    8  454    8  39  0  0 L3P F1
G07 FF 61019 220200  780 361 3095     1191783     51          26     -4   24  80  125  -18  426  -77  426  -77  16  0  0 L3P 28
G09 FF 61019 220200  780 384 2223    -7669296      4          47     22   18 106  118   -6  324  -42  324  -42  15  0  0 L3P 21
G16 FF 61019 220200  780 298  949    -1645569    -90          29    -12   37  88  148   -3  310  -18  310  -18  33  0  0 L3P 3B
G01 FF 61019 221800  780 263 3564    -3520734     51          57     34   17 214  166   40  512  104  512  104  13  0  0 L3P 29
G03 FF 61019 221800  780 674  797    -6265954     80          30     -7   12  27   80    2  244   18  244   18  11  0  0 L3P D9
G04 FF 61019 221800  780 449 1612     -305430     25          37     52   16  20  104    3  243  -49  243  -49  14  0  0 L3P EE
G06 FF 61019 221800  780 241 2388     5874174     69          52      9   21  97  179  -19  430  -10  430  -10  16  0  0 L3P 20
G07 FF 61019 221800  780 419 3025     1191829     20          20    -35   42  80  110  -12  376  -13  376  -13  27  0  0 L3P 21
G09 FF 61019 221800  780 406 2137    -7669316     -7          45     11   23 106  113   -5  302  -38  302  -38  22  0  0 L3P 22
G16 FF 61019 221800  780 300 1033    -1645648    -68          26     11   36  88  147    2  299  -23  299  -23  35  0  0 L3P 2F
G01 FF 61019 223400  780 198 3593    -3520720     25          54      8   28 214  215   66  636   33  636   33  24  0  0 L3P 11
G03 FF 61019 223400  780 630  621    -6265851    108          49     22   15  27   83    4  259   29  259   29  14  0  0 L3P F3
G04 FF 61019 223400  780 436 1515     -305460    -47          34    -19   27  20  106    3  262   49  262   49  23  0  0 L3P F7
G06 FF 61019 223400  780 262 2465     5874245     66          65      5   18  97  166   -9  422   18  422   18  17  0  0 L3P 03
G07 FF 61019 223400  780 472 2939     1191872     47          10     -8   16  80  100   -8  361    7  361    7  14  0  0 L3P D2
G09 FF 61019 223400  780 428 2048    -7669328    -20          50     -2   17 106  108   -5  286    0  286    0  15  0  0 L3P FB
G16 FF 61019 223400  780 291 1114    -1645712    -75          37      3   29  88  151    7  354  130  354  130  26  0  0 L3P 15
G30 FF 61019 223400  780 215 3039     -512243    -73          50     46   28  21  199  -47  716  -92  716  -92  23  0  0 L3P 34
G03 FF 61019 225000  780 572  495    -6265766    110          51     23   16  27   88    6  300   22  300   22  13  0  0 L3P D6
G04 FF 61019 225000  780 422 1419     -305462      3          57     31   20  20  109    3  273    3  273    3  16  0  0 L3P 90
G06 FF 61019 225000  780 271 2548     5874308    106          70     46   32  97  161   -2  456   24  456   24  27  0  0 L3P 18
G07 FF 61019 225000  780 519 2833     1191947     91          33     36    9  80   93   -6  352   -6  352   -6   9  0  0 L3P CD
G09 FF 61019 225000  780 451 1957    -7669339     -9          57      9   14 106  104   -4  287    1  287    1  11  0  0 L3P EF
G16 FF 61019 225000  780 271 1189    -1645787   -116          37    -37   30  88  161   14  351   58  351   58  24  0  0 L3P 4A
G30 FF 61019 225000  780 266 2981     -512361   -138          47    -18   37  21  164  -29  673 -179  673 -179  58  0  0 L3P 92
G03 FF 61019 230600  780 505  407    -6265692    102          43     15   15  27   95   10  344    7  344    7  13  0  0 L3P CC
G04 FF 61019 230600  780 407 1325     -305497    -14          48     14   19  20  113    4  298   -2  298   -2  18  0  0 L3P E5
G06 FF 61019 230600  780 269 2633     5874355     -3          59    -64   32  97  162    4  482  189  482  189  39  0  0 L3P 4A
G07 FF 61019 230600  780 556 2705     1192017     92          51     38   10  80   89   -3  351  -13  351  -13   8  0  0 L3P E9
G09 FF 61019 230600  780 474 1861    -7669356     -4          57     14   17 106  100   -4  291  -10  291  -10  14  0  0 L3P 28
G16 FF 61019 230600  780 241 1256    -1645843   -142          57    -64   24  88  179   24  351   68  351   68  21  0  0 L3P 4A
G30 FF 61019 230600  780 313 2913     -512459   -123          64     -3   49  21  141  -19  456   36  456   36  45  0  0 L3P 20
G03 FF 61019 232200  780 434  344    -6265608    113          44     27   14  27  107   15  315  -38  315  -38  10  0  0 L3P 17
G04 FF 61019 232200  780 390 1232     -305516     12          56     39   19  20  117    5  308   -7  308   -7  15  0  0 L3P CC
G06 FF 61019 232200  780 257 2717     5874399     16          45    -44   46  97  169   11  535 -528  535 -528  53  0  0 L3P 78
G07 FF 61019 232200  780 580 2558     1192063     16          44    -39   18  80   87   -2  366   30  366   30  16  0  0 L3P FB
G09 FF 61019 232200  780 497 1761    -7669384     -6          47     13   14 106   96   -3  301   -2  301   -2  12  0  0 L3P F5
G16 FF 61019 232200  780 204 1313    -1645931    -70          44      9   22  88  210   41  368    9  368    9  18  0  0 L3P E8
G30 FF 61019 232200  780 357 2837     -512590   -153          48    -33   26  21  126  -13  365  -13  365  -13  33  0  0 L3P 42
G03 FF 61019 233800  780 362  299    -6265511    106          58     19   18  27  124   22  344   96  344   96  18  0  0 L3P 23
G04 FF 61019 233800  780 371 1141     -305544    -14          54     14   21  20  121    6  349   33  349   33  18  0  0 L3P DE
G06 FF 61019 233800  780 235 2798     5874490      4          79    -56   44  97  183   19  486  227  486  227  45  0  0 L3P 5E
G07 FF 61019 233800  780 590 2399     1192115     40          44    -14   17  80   86    0  378   26  378   26  15  0  0 L3P F8
G09 FF 61019 233800  780 519 1653    -7669395      5          53     24    9 106   93   -3  295  -15  295  -15   9  0  0 L3P 11
G30 FF 61019 233800  780 395 2751     -512686   -133          66    -13   20  21  115   -9  335  -19  335  -19  20  0  0 L3P 37
