CGGTTS     GENERIC DATA FORMAT VERSION = 2E
REV DATE = 2025-11-01
RCVR = PolaRx5TR (5.6.0)     sbf2cggtts-1.5.0
CH = 80
IMS = PolaRx5TR
LAB = LRTE
X = 3967035.920 m
Y = -4390028.540 m
Z = -2375644.640 m
FRAME = ITRF
COMMENTS = LS=18; ElMask=10deg; 'Generated from the SBF in 2026-05-01 at 23:58:00'
INT DLY = 24.9 ns (GPS P1),  15.7 ns (GPS P2)     CAL_ID = 1201-2025
CAB DLY = 103.1 ns
REF DLY = 47.2 ns
REF = UTC(LRTE)
CKSUM = fd

SAT CL  MJD  STTIME TRKL ELV AZTH   REFSV      SRSV     REFSYS    SRSYS  DSG IOE MDTR SMDT MDIO SMDI MSIO SMSI ISG FR HC FRC CK
             hhmmss  s  .1dg .1dg    .1ns     .1ps/s     .1ns    .1ps/s .1ns     .1ns.1ps/s.1ns.1ps/s.1ns.1ps/s.1ns
G05 FF 61161 000200  780 375  653     2324196     28         -15     24   15  66  121  -11  161  -39  161  -39  14  0  0 L3P 0E
G11 FF 61161 000200  780 259 1425     3553661    -97          -9     29   34 217  168   40  104  -10  104  -10  28  0  0 L3P 1F
G12 FF 61161 000200  780 630 1070     6078592     46           0     47   19  39   83    1  101  -26  101  -26  15  0  0 L3P C6
G18 FF 61161 000200  780 271 3184     3636706    -92           5      1   21 179  161  -36  360 -129  360 -129  18  0  0 L3P 41
G21 FF 61161 000200  780 281  956    -4150045     14           6     13   31 139  156   -3  142  -23  142  -23  27  0  0 L3P EB
G24 FF 61161 000200  780 243 3584      109504   -245           6    -63   25  24  178   47  411  162  411  162  19  0  0 L3P 1C
G25 FF 61161 000200  780 563 1983    -4261204      3           0    -25   15  46   88   -7   99   25   99   25  11  0  0 L3P BB
G29 FF 61161 000200  780 418 2296     3301209    -79         -14     -6   20  98  110   -3  135  -11  135  -11  17  0  0 L3P 0E
G05 FF 61161 001800  780 409  746     2324207     -4          -8     -8   20  66  112   -7  141  -13  141  -13  18  0  0 L3P D8
G12 FF 61161 001800  780 613  900     6078593      2           3      4   19  39   84    2  111   -1  111   -1  16  0  0 L3P 6B
G18 FF 61161 001800  780 333 3133     3636616    -86           5      7   31 179  134  -23  267  -85  267  -85  22  0  0 L3P 30
G21 FF 61161 001800  780 282 1041    -4150036    -37          14    -38   27 139  155    2  124   19  124   19  23  0  0 L3P 0C
G25 FF 61161 001800  780 634 1941    -4261177     44           0     15   12  46   82   -5  100  -22  100  -22  10  0  0 L3P D1
G29 FF 61161 001800  780 432 2199     3301145    -93          -8    -20   26  98  107   -3  115    1  115    1  22  0  0 L3P D5
G05 FF 61161 003400  780 431  850     2324217     29          -3     25   23  66  108   -3  118  -44  118  -44  19  0  0 L3P EA
G12 FF 61161 003400  780 579  752     6078588    -13          -1    -12   15  39   87    4  115   11  115   11  11  0  0 L3P CF
G18 FF 61161 003400  780 393 3069     3636524   -142           2    -49   26 179  116  -15  209  -21  209  -21  19  0  0 L3P 52
G21 FF 61161 003400  780 272 1123    -4150032    -24          17    -25   45 139  160    9  106    9  106    9  42  0  0 L3P E3
G25 FF 61161 003400  780 707 1891    -4261145     33           5      5   14  46   78   -4   85  -17   85  -17  11  0  0 L3P C8
G28 FF 61161 003400  780 223 2401     5417700   -100          24      0   33 237  193  -20  196  -19  196  -19  27  0  0 L3P 30
G29 FF 61161 003400  780 445 2101     3301075    -63          -9     10   17  98  105   -2  103  -15  103  -15  16  0  0 L3P F6
G05 FF 61161 005000  780 439  959     2324220     15          -4     11   25  66  106    0   94  -49   94  -49  23  0  0 L3P C6
G12 FF 61161 005000  780 533  632     6078584     41          -4     42   20  39   92    6  111  -37  111  -37  16  0  0 L3P CA
G18 FF 61161 005000  780 449 2990     3636434   -106           2    -13   38 179  104  -10  157  -45  157  -45  24  0  0 L3P 52
G21 FF 61161 005000  780 251 1198    -4150032     31          15     30   26 139  173   17   92  -47   92  -47  23  0  0 L3P FF
G25 FF 61161 005000  780 784 1809    -4261119     45           3     16   12  46   75   -2   70  -37   70  -37  11  0  0 L3P CF
G28 FF 61161 005000  780 242 2475     5417608    -96          28      4   39 237  178  -10  184  -13  184  -13  35  0  0 L3P 3C
G29 FF 61161 005000  780 457 2002     3300998    -91         -16    -19   15  98  103   -2   87   -3   87   -3  12  0  0 L3P F1
G05 FF 61161 010600  780 431 1067     2324224     17          -5     13   22  66  108    3   77  -23   77  -23  21  0  0 L3P C2
G12 FF 61161 010600  780 477  537     6078598     -7          10     -5   17  39   99   10  103    7  103    7  15  0  0 L3P B0
G18 FF 61161 010600  780 498 2892     3636354    -76          11     17   15 179   96   -7  116  -48  116  -48  11  0  0 L3P 3A
G21 FF 61161 010600  780 220 1266    -4150017     11          29     10   26 139  195   31   73  -17   73  -17  22  0  0 L3P F4
G25 FF 61161 010600  780 856 1505    -4261108     46         -13     17   41  46   74   -1   78  -23   78  -23  40  0  0 L3P F0
G28 FF 61161 010600  780 251 2554     5417519    -74          35     26   33 237  172   -2  177  -25  177  -25  29  0  0 L3P 3D
G29 FF 61161 010600  780 469 1901     3300931    -52         -12     21   20  98  101   -2   71  -31   71  -31  17  0  0 L3P E8
G05 FF 61161 012200  780 407 1164     2324237     22           4     18   23  66  113    7   62  -17   62  -17  22  0  0 L3P B4
G12 FF 61161 012200  780 416  464     6078591     10           5     11   21  39  111   14  107   -1  107   -1  16  0  0 L3P A7
G18 FF 61161 012200  780 538 2773     3636262    -94           9      0   14 179   91   -4   95  -23   95  -23  11  0  0 L3P E3
G25 FF 61161 012200  780 841  426    -4261073     63          -5     35   12  46   74    1   66  -28   66  -28  10  0  0 L3P BC
G28 FF 61161 012200  780 249 2636     5417429   -160          41    -60   36 237  173    4  174   55  174   55  32  0  0 L3P 30
G29 FF 61161 012200  780 479 1798     3300859    -66         -15      7   16  98   99   -2   66  -21   66  -21  14  0  0 L3P 02
G05 FF 61161 013800  780 371 1247     2324238     43           1     39   22  66  122   12   61  -32   61  -32  19  0  0 L3P CA
G12 FF 61161 013800  780 352  408     6078608     53          23     54   23  39  128   21  102  -25  102  -25  16  0  0 L3P F2
G18 FF 61161 013800  780 567 2636     3636182   -101          18     -8   12 179   88   -2   69   -9   69   -9  11  0  0 L3P 01
G23 FF 61161 013800  780 285 3529    -6423287    -48          47     -5   18 153  154  -38  208 -119  208 -119  12  0  0 L3P 81
G25 FF 61161 013800  780 761  233    -4261043     35          -2      7   13  46   76    3   64    1   64    1  11  0  0 L3P 5E
G28 FF 61161 013800  780 238 2717     5417326    181          34    281   33 237  181   11  189 -269  189 -269  29  0  0 L3P 95
G29 FF 61161 013800  780 488 1693     3300785    -68         -19      4   10  98   98   -1   66   -5   66   -5   9  0  0 L3P D4
G05 FF 61161 015400  780 325 1313     2324242     26           0     21   17  66  137   19   59   -8   59   -8  16  0  0 L3P B5
G12 FF 61161 015400  780 285  364     6078604    -41          20    -39   27  39  154   34  128   74  128   74  22  0  0 L3P 0B
G18 FF 61161 015400  780 581 2485     3636073   -116          -2    -22   17 179   87   -1   70    4   70    4  12  0  0 L3P D4
G23 FF 61161 015400  780 360 3535    -6423349    -38          26      5   16 153  125  -24  153  -61  153  -61  12  0  0 L3P 31
G25 FF 61161 015400  780 678  176    -4261009     11           5    -18   18  46   79    5   66   26   66   26  14  0  0 L3P B9
G28 FF 61161 015400  780 219 2795     5417243    -89          47     11   44 237  196   20  205   14  205   14  40  0  0 L3P 1E
G29 FF 61161 015400  780 496 1584     3300722    -68         -12      5   17  98   96   -1   51   -7   51   -7  15  0  0 L3P CB
G05 FF 61161 021000  780 272 1363     2324256    -34          10    -38   25  93  160   31   51   39   51   39  19  0  0 L3P E1
G12 FF 61161 021000  780 219  332     6078581    -51          -1    -50   33  43  196   56  177   80  177   80  26  0  0 L3P FE
G18 FF 61161 021000  780 582 2331     3635990   -108           5    -15   12 180   86    1   56    9   56    9  11  0  0 L3P BA
G23 FF 61161 021000  780 439 3536    -6423385     -8          33     35   15 154  106  -16  108  -64  108  -64  11  0  0 L3P 35
G25 FF 61161 021000  780 594  147    -4260990     18          -4    -10   21  47   85    8   76   21   76   21  18  0  0 L3P B7
G26 FF 61161 021000  780 228 2239     3600190     10          29    -34   30  66  189  -45   63   20   63   20  28  0  0 L3P E1
G29 FF 61161 021000  780 501 1472     3300647   -108         -15    -35   16  99   96    0   57   43   57   43  14  0  0 L3P EA
G05 FF 61161 022600  780 216 1398     2324277    -32          27    -36   38  93  199   50   46   34   46   34  30  0  0 L3P FD
G18 FF 61161 022600  780 571 2184     3635901    -96           5     -3   13 180   88    2   52   -3   52   -3  11  0  0 L3P AA
G23 FF 61161 022600  780 522 3534    -6423429    -18          31     25   12 154   93  -11   82  -40   82  -40   9  0  0 L3P FA
G25 FF 61161 022600  780 512  131    -4260947     34          12      6   18  47   94   11   74   10   74   10  16  0  0 L3P 9D
G26 FF 61161 022600  780 283 2275     3600215     43          13      0   35  66  155  -28   72    3   72    3  31  0  0 L3P 9D
G29 FF 61161 022600  780 502 1356     3300561    -24         -31     49   15  99   96    0   71  -45   71  -45  13  0  0 L3P E5
G15 FF 61161 024200  780 228  848    -4077263   -119          19    -86   30  10  188  -14   79   70   79   70  26  0  0 L3P 22
G18 FF 61161 024200  780 551 2050     3635813    -94           6     -1   21 180   90    3   46   -7   46   -7  19  0  0 L3P AC
G23 FF 61161 024200  780 607 3527    -6423491    -54          10    -11   17 154   84   -7   82   -4   82   -4  13  0  0 L3P E7
G25 FF 61161 024200  780 431  122    -4260924     27           8     -1   39  47  108   17   98   31   98   31  36  0  0 L3P BE
G26 FF 61161 024200  780 334 2326     3600255     33          12    -10   27  66  133  -18   70   10   70   10  22  0  0 L3P C9
G29 FF 61161 024200  780 499 1239     3300525    -75           3     -2   12  99   96    1   43   12   43   12  11  0  0 L3P A0
G10 FF 61161 025800  780 300 3349     5874500    -11          24      6   21  79  147  -33  163  -59  163  -59  17  0  0 L3P 22
G15 FF 61161 025800  780 243  926    -4077279     23          36     56   33  10  178   -7   56  -53   56  -53  28  0  0 L3P FE
G18 FF 61161 025800  780 525 1930     3635718    -91           1      2   18 180   93    3   49   -3   49   -3  16  0  0 L3P AE
G23 FF 61161 025800  780 693 3515    -6423537    -45           5     -2   21 154   79   -5   72  -10   72  -10  20  0  0 L3P E8
G25 FF 61161 025800  780 353  119    -4260885     17          19    -11   21  47  127   25  118   45  118   45  16  0  0 L3P 07
G26 FF 61161 025800  780 379 2392     3600291     33           7    -10   14  66  120  -11   71    1   71    1  12  0  0 L3P A2
G29 FF 61161 025800  780 488 1122     3300453   -133           1    -60   22  99   98    2   46   54   46   54  20  0  0 L3P CF
G10 FF 61161 031400  780 373 3319     5874468    -16           9      1   39  79  121  -21  132  -42  132  -42  35  0  0 L3P 08
G15 FF 61161 031400  780 248 1005    -4077319   -111          27    -78   24  10  174   -1   60   60   60   60  21  0  0 L3P EF
G18 FF 61161 031400  780 497 1822     3635632    -96           4     -3   19 180   96    4   45    1   45    1  17  0  0 L3P A0
G23 FF 61161 031400  780 781 3493    -6423581    -82           3    -38   16 154   75   -3   64   27   64   27  15  0  0 L3P F5
G25 FF 61161 031400  780 278  122    -4260856     45          21     16   21  47  157   39  145   35  145   35  16  0  0 L3P F6
G26 FF 61161 031400  780 414 2475     3600329     17           3    -27   18  66  111   -7   71   18   71   18  16  0  0 L3P C8
G29 FF 61161 031400  780 471 1009     3300397    -64          15      9   24  99  100    4   39   -8   39   -8  23  0  0 L3P BC
G10 FF 61161 033000  780 447 3276     5874463    -41          20    -24   16  79  105  -14   95    1   95    1  13  0  0 L3P D5
G15 FF 61161 033000  780 245 1083    -4077338     19          39     52   28  10  176    6   43  -55   43  -55  22  0  0 L3P EC
G16 FF 61161 033000  780 243 2261    -2548942    -33          33     36   39  74  178  -36   72  -38   72  -38  35  0  0 L3P 29
G18 FF 61161 033000  780 468 1723     3635549   -105          11    -12   20 180  101    5   39    5   39    5  16  0  0 L3P D1
G23 FF 61161 033000  780 869 3397    -6423605    -77          20    -34   16 154   74   -1   42   29   42   29  15  0  0 L3P 02
G26 FF 61161 033000  780 437 2573     3600373     51           5      7   25  66  106   -3   70  -10   70  -10  24  0  0 L3P AF
G29 FF 61161 033000  780 446  902     3300321    -92           9    -19   21  99  105    6   48   14   48   14  19  0  0 L3P BB
G10 FF 61161 034600  780 520 3215     5874447    -17          20      0   13  79   93  -10   76  -19   76  -19  10  0  0 L3P E5
G15 FF 61161 034600  780 232 1157    -4077381    -29          28      4   22  10  186   14   54    4   54    4  20  0  0 L3P AE
G16 FF 61161 034600  780 291 2313    -2549006    -66          36      4   32  74  151  -22   64   -5   64   -5  26  0  0 L3P DE
G18 FF 61161 034600  780 440 1630     3635457   -110           8    -17   20 180  106    6   42   12   42   12  17  0  0 L3P D7
G23 FF 61161 034600  780 843 1753    -6423647    -29          20     14   12 154   74    1   38  -17   38  -17  10  0  0 L3P F7
G26 FF 61161 034600  780 445 2681     3600421     42          12     -1   24  66  105    0   68    7   68    7  18  0  0 L3P 95
G29 FF 61161 034600  780 413  804     3300253    -69          10      3   22  99  111    8   52   -2   52   -2  19  0  0 L3P 93
G10 FF 61161 040200  780 589 3126     5874429    -25          17     -8   12  81   86   -6   67   -2   67   -2  10  0  0 L3P C7
G15 FF 61161 040200  780 209 1224    -4077394   -105          42    -72   39  75  204   25   37   70   37   70  33  0  0 L3P 0B
G16 FF 61161 040200  780 332 2378    -2549086    -48          21     22   21  78  134  -14   72   -6   72   -6  18  0  0 L3P F5
G18 FF 61161 040200  780 412 1543     3635385   -111          30    -18   21 181  111    6   30   18   30   18  18  0  0 L3P E4
G23 FF 61161 040200  780 758 1697    -6423704    -34           5      9   20 155   76    3   52  -17   52  -17  19  0  0 L3P DE
G26 FF 61161 040200  780 437 2791     3600460      7           9    -36   18  67  106    3   73   35   73   35  14  0  0 L3P B1
G29 FF 61161 040200  780 374  717     3300201    -64          30      8   20 100  121   12   44   -4   44   -4  16  0  0 L3P 9C
G10 FF 61161 041800  780 651 2994     5874409    -25          13     -8   14  81   81   -4   59    6   59    6  13  0  0 L3P B8
G16 FF 61161 041800  780 363 2457    -2549153    -79          21    -10   23  78  124   -8   74   11   74   11  19  0  0 L3P FE
G18 FF 61161 041800  780 385 1458     3635290    -65          24     29   18 181  118    7   36  -22   36  -22  17  0  0 L3P 0D
G23 FF 61161 041800  780 676 1665    -6423746    -23           5     20   16 155   80    5   48  -16   48  -16  14  0  0 L3P F1
G26 FF 61161 041800  780 415 2895     3600505     44          12      1   13  67  111    6   77    4   77    4  10  0  0 L3P 85
G29 FF 61161 041800  780 330  639     3300123    -85          23    -13   25 100  135   18   56   19   56   19  20  0  0 L3P E2
G10 FF 61161 043400  780 697 2798     5874393    -28          13    -11   12  81   78   -2   53    0   53    0  10  0  0 L3P B8
G16 FF 61161 043400  780 383 2549    -2549215   -104          26    -34   27  78  119   -4   72   25   72   25  23  0  0 L3P 14
G18 FF 61161 043400  780 360 1376     3635213   -117          37    -23   17 181  125    8   28   26   28   26  14  0  0 L3P 02
G23 FF 61161 043400  780 597 1636    -6423778    -21          14     22   18 155   85    7   43  -12   43  -12  15  0  0 L3P FC
G26 FF 61161 043400  780 383 2990     3600549     57          15     14   20  67  118   10   85    2   85    2  15  0  0 L3P B5
G27 FF 61161 043400  780 244 2174     1312162    179          64      7   35  52  178  -42   50  -13   50  -13  30  0  0 L3P EF
G29 FF 61161 043400  780 281  572     3300064    -62          33     11   24 100  156   27   58   -5   58   -5  21  0  0 L3P C9
G10 FF 61161 045000  780 716 2538     5874380    -36          17    -19   14  81   78    0   45    8   45    8  12  0  0 L3P B4
G16 FF 61161 045000  780 389 2647    -2549276    -70          31     -1   17  78  117    0   65   10   65   10  15  0  0 L3P DB
G18 FF 61161 045000  780 336 1295     3635118   -106          31    -13   18 181  133    9   38   18   38   18  13  0  0 L3P 02
G23 FF 61161 045000  780 523 1605    -6423814    -31          19     12   19 155   93    9   41   -7   41   -7  16  0  0 L3P CE
G26 FF 61161 045000  780 343 3073     3600594     26          18    -17   39  67  130   15   95   21   95   21  28  0  0 L3P E8
G27 FF 61161 045000  780 306 2166     1312334    138          71    -34   24  52  144  -28   28   19   28   19  21  0  0 L3P FB
G29 FF 61161 045000  780 228  515     3299994    -43          48     31   25   7  189   43   61  -21   61  -21  16  0  0 L3P E8
G32 FF 61161 045000  780 284   61     -303058   -154          15     46   24  97  154  -35  102  -72  102  -72  17  0  0 L3P 09
G10 FF 61161 050600  780 701 2277     5874367     10          21     27   15  81   78    1   34  -27   34  -27  14  0  0 L3P C9
G16 FF 61161 050600  780 381 2747    -2549345    -54          28     15   16  78  119    4   69  -16   69  -16  14  0  0 L3P 15
G18 FF 61161 050600  780 312 1216     3635029    -90          32      3   20 181  141   10   41   -6   41   -6  15  0  0 L3P B7
G23 FF 61161 050600  780 452 1572    -6423859    -72          16    -29   20 155  104   13   43   24   43   24  18  0  0 L3P 0A
G26 FF 61161 050600  780 299 3148     3600636     44          19      0   21  67  147   21  107   17  107   17  16  0  0 L3P E7
G27 FF 61161 050600  780 370 2168     1312471    125          44    -46   23  52  122  -19   48   27   48   27  19  0  0 L3P 05
G32 FF 61161 050600  780 353   91     -303241   -196          24      4   17  97  127  -23   65  -27   65  -27  13  0  0 L3P E0
G10 FF 61161 052200  780 662 2075     5874350    -16          20      1   12  81   80    3   34    1   34    1  11  0  0 L3P 66
G16 FF 61161 052200  780 361 2844    -2549413     -5          27     64   19  78  125    8   73  -38   73  -38  17  0  0 L3P FF
G18 FF 61161 052200  780 288 1138     3634956    -80          49     13   41 181  152   12   30   -3   30   -3  38  0  0 L3P E6
G23 FF 61161 052200  780 387 1536    -6423890    -49          27     -6   29 155  118   17   33    0   33    0  27  0  0 L3P DF
G26 FF 61161 052200  780 253 3214     3600692     25          33    -18   26  67  171   30  119   40  119   40  21  0  0 L3P F4
G27 FF 61161 052200  780 437 2183     1312632    172          40      0   20  52  106  -14   42   -5   42   -5  18  0  0 L3P B9
G32 FF 61161 052200  780 426  124     -303440   -192          17      8   33  97  109  -16   59  -17   59  -17  30  0  0 L3P F2
G10 FF 61161 053800  780 611 1930     5874330    -26          16     -9   14  81   84    5   39    4   39    4  13  0  0 L3P 99
G16 FF 61161 053800  780 330 2933    -2549474    -60          33     10   24  78  135   13   81   -1   81   -1  21  0  0 L3P DB
G18 FF 61161 053800  780 263 1061     3634867    -92          49      1   34 181  165   15   35    9   35    9  32  0  0 L3P D1
G23 FF 61161 053800  780 325 1498    -6423919    -68          39    -25   20 155  136   23   25   18   25   18  16  0  0 L3P 22
G27 FF 61161 053800  780 504 2215     1312805    188          48     16   17  52   95  -10   36  -22   36  -22  17  0  0 L3P FB
G32 FF 61161 053800  780 501  164     -303624   -207          25     -7   14  97   96  -11   46    4   46    4  12  0  0 L3P A8
G08 FF 61161 055400  780 244 2213    -4516586     58          13    -14   32  27  177  -42   58   10   58   10  29  0  0 L3P 02
G10 FF 61161 055400  780 556 1821     5874320    -24          23     -6   11  81   89    6   33    5   33    5  10  0  0 L3P 8C
G16 FF 61161 055400  780 293 3014    -2549541    -67          32      2   28  78  150   19   99   19   99   19  23  0  0 L3P FD
G18 FF 61161 055400  780 237  986     3634774    -98          46     -5   27 181  182   20   43    8   43    8  22  0  0 L3P D8
G23 FF 61161 055400  780 269 1457    -6423980    -29          20     14   23 155  162   31   46  -20   46  -20  19  0  0 L3P 1A
G27 FF 61161 055400  780 570 2275     1312975    159          54    -13   14  52   88   -7   33   12   33   12  13  0  0 L3P DE
G32 FF 61161 055400  780 578  219     -303818   -227          23    -27   14  97   87   -8   43   13   43   13  12  0  0 L3P DC
G08 FF 61161 061000  780 304 2241    -4516511     38          20    -35   27  28  145  -26   50   29   50   29  24  0  0 L3P ED
G10 FF 61161 061000  780 501 1733     5874298    -48          19    -30   19  82   96    8   39   30   39   30  16  0  0 L3P DA
G16 FF 61161 061000  780 252 3088    -2549602    -70          42     -1   32  79  172   27  115   38  115   38  24  0  0 L3P 0D
G18 FF 61161 061000  780 209  913     3634702    -27          62     66   27 182  204   27   39  -37   39  -37  21  0  0 L3P 07
G23 FF 61161 061000  780 217 1412    -6423989    -27          58     16   38 156  198   44   27   11   27   11  32  0  0 L3P 0A
G27 FF 61161 061000  780 628 2376     1313131    171          42     -1   13  70   83   -4   37    2   37    2  11  0  0 L3P 8D
G32 FF 61161 061000  780 652  307     -304011   -198          19      2   16  98   81   -5   41    4   41    4  13  0  0 L3P 7D
G08 FF 61161 062600  780 361 2284    -4516450     69          12     -4   19  28  125  -17   52    7   52    7  18  0  0 L3P CF
G10 FF 61161 062600  780 448 1656     5874282    -20          20     -3   15  82  104   10   42   11   42   11  14  0  0 L3P C1
G16 FF 61161 062600  780 210 3156    -2549681   -110          29    -41   26  79  204   39  164   89  164   89  21  0  0 L3P 48
G27 FF 61161 062600  780 672 2538     1313288    160          34    -12   14  70   80   -2   46   15   46   15  12  0  0 L3P D6
G32 FF 61161 062600  780 717  464     -304203   -184          19     16   14  98   78   -3   42  -10   42  -10  13  0  0 L3P D5
G08 FF 61161 064200  780 414 2344    -4516379     65          13     -7   21  28  111  -11   54   10   54   10  19  0  0 L3P DA
G10 FF 61161 064200  780 398 1585     5874273    -15          28      2   28  82  115   12   43    2   43    2  25  0  0 L3P AE
G27 FF 61161 064200  780 687 2757     1313460    172          41      0   13  70   79    0   48    8   48    8  11  0  0 L3P 95
G32 FF 61161 064200  780 755  743     -304387   -224          27    -24   30  98   76   -1   41   21   41   21  20  0  0 L3P C8
G02 FF 61161 065800  780 227 2187     -897563    -39          55     38   39  53  189  -44   57  -46   57  -46  35  0  0 L3P 3C
G08 FF 61161 065800  780 459 2426    -4516307     49          15    -24   18  28  102   -7   55   19   55   19  15  0  0 L3P 00
G10 FF 61161 065800  780 351 1518     5874250      3          21     20   24  82  127   15   48  -13   48  -13  21  0  0 L3P D0
G27 FF 61161 065800  780 668 2976     1313629    195          46     23   13  70   80    2   50  -21   50  -21  12  0  0 L3P E1
G32 FF 61161 065800  780 743 1074     -304547   -177          59     23   11  98   76    1   22  -15   22  -15   9  0  0 L3P DD
G02 FF 61161 071400  780 285 2150     -897654    -92          38    -14   29  53  154  -30   58   -2   58   -2  26  0  0 L3P FB
G08 FF 61161 071400  780 491 2530    -4516243     89          10     16   17  28   97   -4   54  -16   54  -16  15  0  0 L3P EE
G10 FF 61161 071400  780 308 1452     5874254     -2          41     15   18  82  143   18   31  -11   31  -11  14  0  0 L3P D0
G27 FF 61161 071400  780 621 3143     1313794    191          46     19   11  70   83    4   52  -15   52  -15  10  0  0 L3P D1
G28 FF 61161 071400  780 234  397     5415326    -55          36     45   30   1  184  -35   81  -55   81  -55  23  0  0 L3P F0
G32 FF 61161 071400  780 691 1288     -304763   -217          35    -17   16  98   79    3   35   15   35   15  14  0  0 L3P E8
G02 FF 61161 073000  780 346 2116     -897732   -124          35    -46   18  53  129  -22   45   22   45   22  16  0  0 L3P 06
G08 FF 61161 073000  780 507 2651    -4516178     77           4      4   13  28   95   -1   53   -7   53   -7  12  0  0 L3P A4
G10 FF 61161 073000  780 269 1387     5874224      4          28     21   22  82  162   22   44  -22   44  -22  18  0  0 L3P D6
G27 FF 61161 073000  780 559 3256     1313965    189          51     18   16  70   89    7   44  -17   44  -17  14  0  0 L3P F8
G28 FF 61161 073000  780 280  461     5415230   -121          36    -21   37   1  156  -24   55    8   55    8  29  0  0 L3P C0
G32 FF 61161 073000  780 621 1394     -304960   -200          31      0   14  98   83    6   31  -12   31  -12  12  0  0 L3P B1
G02 FF 61161 074600  780 413 2087     -897792    -38          49     40   19  53  111  -16   28  -42   28  -42  16  0  0 L3P 16
G08 FF 61161 074600  780 504 2779    -4516110     73           2      1   16  28   95    2   53   -5   53   -5  13  0  0 L3P 90
G10 FF 61161 074600  780 233 1321     5874224    -23          44     -6   21  82  185   27   29    3   29    3  17  0  0 L3P B6
G27 FF 61161 074600  780 490 3334     1314123    181          45      9   31  70   97   11   46  -18   46  -18  32  0  0 L3P E1
G28 FF 61161 074600  780 326  531     5415137   -106          39     -6   37   1  136  -17   41   -7   41   -7  30  0  0 L3P CB
G31 FF 61161 074600  780 232  240     1519895    -88          40    -63   31  52  186  -41   66   29   66   29  25  0  0 L3P 00
G32 FF 61161 074600  780 547 1445     -305157   -200          26      0   20  98   90    9   32   -6   32   -6  19  0  0 L3P AC
G02 FF 61161 080200  780 484 2063     -897878    -68          35      9   19  55   98  -12   28   -1   28   -1  16  0  0 L3P DB
G08 FF 61161 080200  780 483 2901    -4516036     56          14    -17   17  38   98    5   46    2   46    2  14  0  0 L3P AE
G27 FF 61161 080200  780 420 3393     1314281    143          36    -29   29  72  110   16   52   27   52   27  26  0  0 L3P ED
G28 FF 61161 080200  780 368  610     5415032   -105          28     -5   19   2  123  -12   42    0   42    0  16  0  0 L3P 94
G31 FF 61161 080200  780 287  293     1519868     12          34     37   28  57  153  -28   49  -48   49  -48  24  0  0 L3P 0F
G32 FF 61161 080200  780 473 1467     -305350   -211          23    -11   30  99  100   12   32   11   32   11  27  0  0 L3P D1
G01 FF 61161 081800  780 264 2162    -2854361     80          13    -10   27 127  165  -36   44   10   44   10  24  0  0 L3P FA
G02 FF 61161 081800  780 560 2045     -897952    -65          34     12   16  55   89   -8   33   -5   33   -5  14  0  0 L3P CC
G08 FF 61161 081800  780 448 3009    -4515956     96          24     24   37  38  104    8   43  -11   43  -11  23  0  0 L3P F3
G27 FF 61161 081800  780 350 3440     1314458    138          48    -34   46  72  128   23   51   40   51   40  41  0  0 L3P EF
G28 FF 61161 081800  780 404  700     5414930    -71          22     29   24   2  113   -8   44  -17   44  -17  18  0  0 L3P CD
G31 FF 61161 081800  780 343  350     1519833    -32          24     -7   19  57  130  -19   51    6   51    6  16  0  0 L3P B1
G32 FF 61161 081800  780 400 1471     -305542   -204          23     -4   21  99  114   17   34    4   34    4  20  0  0 L3P AB
G01 FF 61161 083400  780 326 2140    -2854294    101          -6     11   20 127  136  -25   55   -1   55   -1  17  0  0 L3P EA
G02 FF 61161 083400  780 639 2037     -898028    -70          33      7   16  55   82   -6   34    0   34    0  12  0  0 L3P 8F
G08 FF 61161 083400  780 403 3100    -4515884     74          25      2   18  38  114   12   45    5   45    5  13  0  0 L3P A3
G27 FF 61161 083400  780 283 3482     1314630    193          55     22   20  72  155   34   53  -10   53  -10  17  0  0 L3P F4
G28 FF 61161 083400  780 430  801     5414847    -60          35     40   26   2  108   -4   31  -35   31  -35  23  0  0 L3P C4
G31 FF 61161 083400  780 398  416     1519804      0          18     25   19  57  115  -14   52  -24   52  -24  15  0  0 L3P D7
G32 FF 61161 083400  780 331 1463     -305737   -187          20     14   23  99  135   25   38  -15   38  -15  19  0  0 L3P 10
G01 FF 61161 085000  780 392 2125    -2854194     64           8    -25   25 127  116  -17   42   25   42   25  23  0  0 L3P F7
G02 FF 61161 085000  780 722 2050     -898103    -72          32      5   13  55   77   -4   33   -7   33   -7  12  0  0 L3P 9F
G03 FF 61161 085000  780 222 2380    -4823117    146          26     -6   32  23  194  -24   43   -6   43   -6  28  0  0 L3P E9
G08 FF 61161 085000  780 352 3178    -4515803     65          37     -8   22  38  127   17   45   11   45   11  17  0  0 L3P E2
G27 FF 61161 085000  780 219 3521     1314797    266          57     94   26  72  196   52   62  -79   62  -79  18  0  0 L3P 2F
G28 FF 61161 085000  780 442  910     5414743   -140          27    -40   20   2  105   -1   40   33   40   33  20  0  0 L3P B1
G31 FF 61161 085000  780 451  495     1519787    -55          25    -30   16  57  104   -9   51   22   51   22  13  0  0 L3P D7
G32 FF 61161 085000  780 265 1447     -305944   -189           6     11   23  99  164   38   59   -5   59   -5  20  0  0 L3P EB
G01 FF 61161 090600  780 462 2120    -2854095    113          20     23   19 127  102  -13   33  -11   33  -11  17  0  0 L3P 05
G02 FF 61161 090600  780 806 2130     -898180    -74          30      4   13  55   75   -2   37    7   37    7  12  0  0 L3P 91
G03 FF 61161 090600  780 250 2311    -4822979    150          18     -2   27  23  173  -20   47    2   47    2  23  0  0 L3P CB
G04 FF 61161 090600  780 268 3024     -554098    -49          37    -35   24 157  163  -30   51   21   51   21  21  0  0 L3P 03
G08 FF 61161 090600  780 300 3245    -4515732     78          38      6   21  38  147   24   56   18   56   18  18  0  0 L3P E1
G28 FF 61161 090600  780 439 1019     5414640   -129          20    -29   26   2  106    2   49   39   49   39  22  0  0 L3P E8
G31 FF 61161 090600  780 498  591     1519769    -15          31     10   20  57   96   -6   50    1   50    1  15  0  0 L3P 97
G01 FF 61161 092200  780 534 2127    -2854008     85          22     -4   14 127   92   -9   40   12   40   12  14  0  0 L3P C3
G02 FF 61161 092200  780 867 2816     -898263    -69          21      8   11  55   74    0   57    5   57    5  10  0  0 L3P 97
G03 FF 61161 092200  780 281 2243    -4822836    167          14     15   28  23  156  -17   52    3   52    3  24  0  0 L3P D7
G04 FF 61161 092200  780 317 2956     -554128     12          20     25   25 157  140  -19   61   -9   61   -9  20  0  0 L3P E0
G08 FF 61161 092200  780 247 3306    -4515656    108          44     35   47  38  175   35   77   16   77   16  43  0  0 L3P 10
G28 FF 61161 092200  780 420 1121     5414531    -99           7      1   19   2  110    6   73   14   73   14  17  0  0 L3P 8A
G31 FF 61161 092200  780 534  707     1519738    -10          25     15   20  57   92   -4   65    1   65    1  19  0  0 L3P 94
G01 FF 61161 093800  780 608 2156    -2853922     77          21    -12   13 127   84   -6   54   22   54   22  11  0  0 L3P E7
G02 FF 61161 093800  780 804 3492     -898314    -80          44     -3   31  55   75    2   53   20   53   20  30  0  0 L3P B2
G03 FF 61161 093800  780 313 2174    -4822671    162          33     10   26  23  141  -14   51    4   51    4  21  0  0 L3P C3
G04 FF 61161 093800  780 362 2878     -554132    -11          30      2   32 157  124  -13   65   10   65   10  27  0  0 L3P DC
G28 FF 61161 093800  780 387 1210     5414436    -77           8     23   33   2  117   10   90  -10   90  -10  28  0  0 L3P D1
G31 FF 61161 093800  780 553  840     1519718    -64          28    -39   15  57   89   -1   77   41   77   41  12  0  0 L3P E5
G01 FF 61161 095400  780 681 2225    -2853843     73          14    -17   12 127   79   -4   70   26   70   26  10  0  0 L3P EC
G02 FF 61161 095400  780 718 3579     -898400   -108          32    -30   15  55   77    4   82   44   82   44  13  0  0 L3P EB
G03 FF 61161 095400  780 349 2105    -4822533    146          25     -6   20  23  128  -12   76   26   76   26  18  0  0 L3P FF
G04 FF 61161 095400  780 401 2790     -554153     19          22     33   17 157  114   -9   83  -13   83  -13  14  0  0 L3P F3
G28 FF 61161 095400  780 343 1281     5414346   -101          14     -1   24   2  130   17  106   27  106   27  20  0  0 L3P E5
G31 FF 61161 095400  780 553  980     1519697    -41          31    -16   18  57   89    1   88   32   88   32  15  0  0 L3P DB
G01 FF 61161 101000  780 746 2381    -2853759     84          16     -6   17 128   76   -2   87   27   87   27  14  0  0 L3P F0
G02 FF 61161 101000  780 631    7     -898473    -89          31    -12   19  58   83    7  102   28  102   28  16  0  0 L3P B5
G03 FF 61161 101000  780 387 2035    -4822401    161          13      9   26  34  117  -11   99    0   99    0  24  0  0 L3P B9
G04 FF 61161 101000  780 434 2692     -554171     -8          21      5   22 158  107   -6   99   10   99   10  20  0  0 L3P BA
G28 FF 61161 101000  780 292 1336     5414245    -71           6     29   21   3  150   26  142   15  142   15  18  0  0 L3P CC
G31 FF 61161 101000  780 532 1108     1519666    -13          21     12   21  58   92    4  108    3  108    3  18  0  0 L3P A3
G01 FF 61161 102600  780 782 2708    -2853673     84          15     -6   14 128   75    0  102   23  102   23  12  0  0 L3P DF
G02 FF 61161 102600  780 546   20     -898557    -91          21    -13   16  58   90   10  132   36  132   36  13  0  0 L3P CE
G03 FF 61161 102600  780 429 1962    -4822250    155          18      2   17  34  108   -9  106   16  106   16  16  0  0 L3P F8
G04 FF 61161 102600  780 459 2585     -554184    -71          21    -57   20 158  102   -4  110   54  110   54  16  0  0 L3P 0D
G28 FF 61161 102600  780 236 1376     5414163    -99          19      1   42   3  183   43  167   33  167   33  32  0  0 L3P EA
G31 FF 61161 102600  780 495 1213     1519641    -11          20     14   24  58   97    7  124    8  124    8  22  0  0 L3P B3
G01 FF 61161 104200  780 761 3087    -2853602     74           0    -16   15 128   76    2  131   30  131   30  12  0  0 L3P D1
G02 FF 61161 104200  780 463   30     -898641    -92          11    -15   18  58  102   14  176   56  176   56  13  0  0 L3P EB
G03 FF 61161 104200  780 473 1885    -4822111    142          11    -10   24  34  100   -8  130   25  130   25  21  0  0 L3P F1
G04 FF 61161 104200  780 476 2472     -554216    -60           3    -46   18 158   99   -2  135   53  135   53  16  0  0 L3P FD
G09 FF 61161 104200  780 219 2731    -7547671   -137         -77   -174   38  48  196  -28  294  181  294  181  34  0  0 L3P AE
G31 FF 61161 104200  780 445 1291     1519610    -60          13    -35   17  58  105   10  157   61  157   61  16  0  0 L3P 03
G01 FF 61161 105800  780 701 3298    -2853511     61           5    -29   14 128   78    4  151   57  151   57  11  0  0 L3P F2
G02 FF 61161 105800  780 384   39     -898713    -65          14     12   12  58  118   21  230   54  230   54  11  0  0 L3P D7
G03 FF 61161 105800  780 519 1800    -4821968    128           8    -24   12  34   93   -6  152   42  152   42   9  0  0 L3P F0
G04 FF 61161 105800  780 487 2356     -554231    -48           1    -34   18 158   98   -1  153   45  153   45  15  0  0 L3P 04
G09 FF 61161 105800  780 249 2657    -7547562    243          -4    205   36  48  174  -20  236 -176  236 -176  31  0  0 L3P 8C
G26 FF 61161 105800  780 217  893     3601545     55          12     12   31  68  198  -12  309    1  309    1  27  0  0 L3P D3
G31 FF 61161 105800  780 389 1347     1519592     -9          19     16   21  58  117   15  188   23  188   23  18  0  0 L3P 10
G01 FF 61161 111400  780 626 3401    -2853424     45           6    -45   42 128   83    6  184   87  184   87  42  0  0 L3P FC
G02 FF 61161 111400  780 309   51     -898786    -29          14     48   14  58  143   31  303   42  303   42  13  0  0 L3P D9
G03 FF 61161 111400  780 566 1702    -4821814    185          15     33   18  34   88   -5  164  -10  164  -10  17  0  0 L3P 14
G04 FF 61161 111400  780 491 2239     -554247    -15          -3     -1   19 158   97    0  174   25  174   25  17  0  0 L3P E8
G09 FF 61161 111400  780 277 2581    -7547488     31          34     -7   19  48  158  -14  218   20  218   20  18  0  0 L3P 20
G26 FF 61161 111400  780 226  968     3601588    -56          13    -99   32  68  190   -4  321   89  321   89  31  0  0 L3P 1A
G31 FF 61161 111400  780 329 1383     1519559     -6          11     19   21  58  135   23  237   35  237   35  18  0  0 L3P F9
G01 FF 61161 113000  780 549 3459    -2853328    109          15     20   26 128   90    9  218   23  218   23  22  0  0 L3P 04
G02 FF 61161 113000  780 239   64     -898852    -73          23      4   30  58  181   50  390  104  390  104  26  0  0 L3P ED
G03 FF 61161 113000  780 611 1582    -4821668    179          15     27   16  34   84   -4  184   -4  184   -4  13  0  0 L3P FB
G04 FF 61161 113000  780 491 2124     -554241     -3          18     11   17 159   97    0  184   17  184   17  13  0  0 L3P D2
G09 FF 61161 113000  780 303 2501    -7547456     48          30     11   22  48  145  -11  239    6  239    6  19  0  0 L3P EB
G16 FF 61161 113000  780 230  721    -2550987    -94          -4    -24   34  91  187  -23  409    3  409    3  30  0  0 L3P F0
G26 FF 61161 113000  780 227 1044     3601604     78         -13     35   21  68  189    3  379    2  379    2  20  0  0 L3P CF
G31 FF 61161 113000  780 268 1405     1519546     -6          22     19   24  58  163   36  285   42  285   42  19  0  0 L3P FD
G01 FF 61161 114600  780 471 3499    -2853245     65          12    -25   28 128  100   13  261   74  261   74  24  0  0 L3P 26
G03 FF 61161 114600  780 651 1430    -4821521    158          16      5   15  34   81   -2  195    9  195    9  12  0  0 L3P C9
G04 FF 61161 114600  780 486 2012     -554260      4          12     17   18 159   98    1  208   -4  208   -4  14  0  0 L3P BE
G07 FF 61161 114600  780 258 3201     1795982     65          15     20   21   0  169  -39  351  -50  351  -50  17  0  0 L3P 0E
G09 FF 61161 114600  780 326 2420    -7547429     38          21      1   20  48  136   -9  256    0  256    0  18  0  0 L3P CB
G16 FF 61161 114600  780 256  797    -2551052   -181          -3   -111   31  91  169  -15  396   90  396   90  28  0  0 L3P 50
G26 FF 61161 114600  780 219 1117     3601661     28           3    -15   31  68  196   11  386   34  386   34  27  0  0 L3P FE
G01 FF 61161 120200  780 395 3529    -2853165     74          10    -16   16 129  115   19  314   67  314   67  13  0  0 L3P 27
G03 FF 61161 120200  780 677 1236    -4821381    144           7     -9   14  36   79   -1  213   18  213   18  11  0  0 L3P E2
G04 FF 61161 120200  780 479 1904     -554279    -40           5    -26   25 160   99    1  225   35  225   35  20  0  0 L3P E8
G07 FF 61161 120200  780 321 3157     1796016     75           9     31   20   8  138  -25  327  -66  327  -66  17  0  0 L3P 05
G09 FF 61161 120200  780 349 2338    -7547397     29          12     -8   20  49  128   -7  261   18  261   18  18  0  0 L3P 13
G16 FF 61161 120200  780 276  876    -2551155    -31         -41     38   24  94  158   -9  412  -42  412  -42  20  0  0 L3P 20
G01 FF 61161 121800  780 323 3556    -2853078    136          11     46   17 129  137   28  377   36  377   36  15  0  0 L3P 3F
G03 FF 61161 121800  780 681 1014    -4821229    164          13     12   20  36   79    0  223    8  223    8  18  0  0 L3P C1
G04 FF 61161 121800  780 471 1799     -554306     -7         -10      6   19 160  100    2  251    3  251    3  15  0  0 L3P B2
G07 FF 61161 121800  780 382 3100     1796054     38           4     -7   16   8  119  -17  305  -17  305  -17  11  0  0 L3P F2
G09 FF 61161 121800  780 372 2254    -7547357     14          16    -24   20  49  121   -6  267   30  267   30  17  0  0 L3P 12
G16 FF 61161 121800  780 287  958    -2551166    -78          15     -9   33  94  152   -3  368   18  368   18  29  0  0 L3P 23
G01 FF 61161 123400  780 255 3582    -2852983     22          20    -67   24 129  171   43  454  149  454  149  21  0  0 L3P 56
G03 FF 61161 123400  780 660  801    -4821089    160           7      7   10  36   81    2  244   19  244   19   9  0  0 L3P AA
G04 FF 61161 123400  780 462 1696     -554307    -38           3    -24   20 160  102    2  255   39  255   39  18  0  0 L3P FA
G06 FF 61161 123400  780 245 2383     6071236    -15          14     13   40  69  177  -19  342   -2  342   -2  34  0  0 L3P 00
G07 FF 61161 123400  780 441 3028     1796092     81          -1     37   47   8  106  -11  291  -36  291  -36  32  0  0 L3P 0C
G09 FF 61161 123400  780 394 2169    -7547323      7          14    -30   28  49  116   -6  274   32  274   32  25  0  0 L3P 0A
G16 FF 61161 123400  780 289 1040    -2551258   -114         -10    -45   25  94  152    2  401   42  401   42  21  0  0 L3P 10
G03 FF 61161 125000  780 617  633    -4820947    153           3      0   13  36   84    4  271   23  271   23  11  0  0 L3P AD
G04 FF 61161 125000  780 452 1595     -554315     20           7     33   28 160  104    2  266  -12  266  -12  26  0  0 L3P EA
G06 FF 61161 125000  780 266 2460     6071204    -24           9      5   18  69  163  -10  357   10  357   10  16  0  0 L3P E4
G07 FF 61161 125000  780 495 2937     1796136      6           1    -39   18   8   97   -8  278   23  278   23  15  0  0 L3P DF
G09 FF 61161 125000  780 417 2082    -7547292     38           9      1   20  49  110   -5  284    8  284    8  18  0  0 L3P C7
G16 FF 61161 125000  780 279 1120    -2551316    -98          -2    -29   45  94  156    8  404   36  404   36  41  0  0 L3P 0F
G03 FF 61161 130600  780 560  510    -4820794    138           9    -15   12  36   89    7  292   44  292   44  11  0  0 L3P E5
G04 FF 61161 130600  780 441 1496     -554332     32           4     45   20 160  105    2  283  -36  283  -36  18  0  0 L3P F0
G06 FF 61161 130600  780 277 2543     6071178    -10          11     18   16  69  158   -3  370    4  370    4  13  0  0 L3P D9
G07 FF 61161 130600  780 541 2825     1796166     61         -11     16   12   8   91   -5  275  -23  275  -23   9  0  0 L3P ED
G09 FF 61161 130600  780 440 1993    -7547258     72           7     34   14  49  106   -5  289  -29  289  -29  13  0  0 L3P 30
G16 FF 61161 130600  780 259 1194    -2551390    -62         -10      8   21  94  167   15  425   17  425   17  17  0  0 L3P 13
G03 FF 61161 132200  780 494  421    -4820639    157          18      4   12  36   97   10  315   29  315   29  11  0  0 L3P E1
G04 FF 61161 132200  780 429 1398     -554367     23         -18     37   19 160  108    3  317  -18  317  -18  18  0  0 L3P 28
G06 FF 61161 132200  780 276 2629     6071142    -44           1    -15   18  69  158    4  399   36  399   36  15  0  0 L3P 0A
G07 FF 61161 132200  780 577 2688     1796219      3          -1    -42   10   8   87   -3  262   16  262   16   9  0  0 L3P C4
G09 FF 61161 132200  780 464 1900    -7547228     43           1      6   21  49  101   -4  291  -11  291  -11  17  0  0 L3P E8
G16 FF 61161 132200  780 230 1260    -2551459   -131         -12    -62   21  94  187   26  452   83  452   83  18  0  0 L3P 3D
G30 FF 61161 132200  780 255 2949    -2069989   -129           6      6   21  10  170  -30  432  -58  432  -58  17  0  0 L3P 36
G03 FF 61161 133800  780 425  357    -4820491    157          20      5   18  36  109   15  352   45  352   45  16  0  0 L3P F8
G04 FF 61161 133800  780 416 1301     -554369    -30          -7    -16   22 160  110    3  319   24  319   24  15  0  0 L3P F4
G06 FF 61161 133800  780 264 2714     6071096    -17         -17     11   28  69  164   10  446   23  446   23  25  0  0 L3P 1A
G07 FF 61161 133800  780 599 2531     1796249     51         -14      7   20   8   85   -1  266   -7  266   -7  15  0  0 L3P DC
G09 FF 61161 133800  780 489 1802    -7547193     11           0    -26   11  49   98   -4  291   17  291   17   9  0  0 L3P F2
G30 FF 61161 133800  780 300 2880    -2070118   -110           7     25   19  10  146  -20  397  -47  397  -47  15  0  0 L3P 35
G03 FF 61161 135400  780 353  311    -4820342    170          23     17   27  36  127   23  407   45  407   45  21  0  0 L3P F5
G04 FF 61161 135400  780 401 1205     -554384    -13          -9      1   17 160  114    4  329    2  329    2  14  0  0 L3P AE
G06 FF 61161 135400  780 244 2796     6071099    -31          13     -3   36  69  177   17  468   65  468   65  34  0  0 L3P 2A
G07 FF 61161 135400  780 604 2363     1796294     28         -12    -17   11   8   85    0  260    4  260    4  10  0  0 L3P B1
G09 FF 61161 135400  780 512 1697    -7547158     37          -1     -1   16  49   94   -3  286  -21  286  -21  12  0  0 L3P 11
G30 FF 61161 135400  780 341 2804    -2070249   -173           6    -38   21  10  131  -14  373    5  373    5  19  0  0 L3P FA
G03 FF 61161 141000  780 282  278    -4820200    132          21    -20   22  43  156   37  484  102  484  102  16  0  0 L3P 19
G04 FF 61161 141000  780 383 1111     -554403    -23         -10    -10   17 161  118    5  336    6  336    6  14  0  0 L3P D4
G06 FF 61161 141000  780 216 2874     6071080    -46          22    -17   28  93  198   27  539   95  539   95  24  0  0 L3P 35
G07 FF 61161 141000  780 595 2199     1796340     38          -4     -7    9   9   85    1  253    5  253    5   7  0  0 L3P 88
G09 FF 61161 141000  780 534 1584    -7547113     16           8    -21   13  50   92   -2  267   18  267   18  10  0  0 L3P E9
G30 FF 61161 141000  780 378 2719    -2070376   -165           3    -30   23  11  120   -9  342   -8  342   -8  19  0  0 L3P 06
G04 FF 61161 142600  780 361 1020     -554414    -14          -8     -1   23 161  124    7  345   25  345   25  20  0  0 L3P DA
G07 FF 61161 142600  780 574 2050     1796374     40         -13     -4   16   9   87    3  260    3  260    3  14  0  0 L3P A3
G09 FF 61161 142600  780 552 1460    -7547083     18           2    -19   13  50   90   -2  269   11  269   11  11  0  0 L3P E7
G14 FF 61161 142600  780 263 3391    -7450503     18          -5     30   43 142  166  -43  509 -135  509 -135  40  0  0 L3P 5B
G30 FF 61161 142600  780 409 2626    -2070514   -113          -5     22   19  11  112   -7  327  -54  327  -54  15  0  0 L3P 23
G04 FF 61161 144200  780 335  933     -554440    -29         -21    -15   20 161  133   10  372   43  372   43  17  0  0 L3P 07
G07 FF 61161 144200  780 545 1918     1796420     54         -10      9   17   9   90    4  254   -9  254   -9  16  0  0 L3P C7
G09 FF 61161 144200  780 563 1326    -7547050     30          -1     -7   13  50   88   -1  266    4  266    4  11  0  0 L3P B9
G14 FF 61161 144200  780 335 3379    -7450506    -59           3    -48   30 142  133  -27  429  -16  429  -16  26  0  0 L3P 55
G30 FF 61161 144200  780 435 2527    -2070644   -115          -5     20   17  11  107   -5  298  -34  298  -34  13  0  0 L3P 2C
G04 FF 61161 145800  780 306  850     -554414      4          18     17   33 161  144   14  373   33  373   33  29  0  0 L3P E2
G07 FF 61161 145800  780 512 1803     1796463     39          -9     -5   19   9   94    5  254    3  254    3  17  0  0 L3P AE
G09 FF 61161 145800  780 566 1185    -7547012      7           1    -31   20  50   88    0  268   38  268   38  16  0  0 L3P DF
G14 FF 61161 145800  780 409 3358    -7450525    -41          -5    -30   31 142  112  -18  391   -3  391   -3  30  0  0 L3P 26
G21 FF 61161 145800  780 230 2235    -4149990    -11          15    -12   39 147  188  -44  395  -60  395  -60  35  0  0 L3P 6A
G22 FF 61161 145800  780 240 3356       95963    -17           9     47   43  14  180  -49  577 -132  577 -132  41  0  0 L3P 36
G30 FF 61161 145800  780 455 2423    -2070779   -121         -10     14   18  11  103   -3  285  -25  285  -25  16  0  0 L3P 3B
G04 FF 61161 151400  780 271  772     -554442     45           3     58   34 161  161   20  435    5  435    5  26  0  0 L3P BA
G07 FF 61161 151400  780 478 1700     1796502     51         -13      7   17   9   99    6  269    3  269    3  15  0  0 L3P B0
G09 FF 61161 151400  780 557 1044    -7546977     67           0     29   14  50   89    2  282   -4  282   -4  12  0  0 L3P DA
G14 FF 61161 151400  780 486 3327    -7450529      3           1     15   26 142   98  -12  351  -53  351  -53  24  0  0 L3P 0A
G21 FF 61161 151400  780 283 2280    -4150003    -32           1    -33   22 147  155  -26  352  -21  352  -21  20  0  0 L3P 1D
G22 FF 61161 151400  780 308 3337       95890   -121          -4    -58   26  14  143  -30  501  -24  501  -24  23  0  0 L3P 11
G30 FF 61161 151400  780 470 2315    -2070901   -135          -2      0   19  11  100   -2  266   -9  266   -9  16  0  0 L3P E4
G04 FF 61161 153000  780 233  701     -554472    -77         -15    -63   39 161  185   31  511  126  511  126  32  0  0 L3P 34
G07 FF 61161 153000  780 443 1605     1796543    -16         -14    -60   25   9  105    7  286   70  286   70  23  0  0 L3P 03
G09 FF 61161 153000  780 536  909    -7546932     25           9    -12   18  50   91    3  293   32  293   32  15  0  0 L3P DA
G14 FF 61161 153000  780 562 3279    -7450541    -31           0    -20   20 142   88   -8  322   -5  322   -5  16  0  0 L3P EE
G21 FF 61161 153000  780 330 2340    -4150003    -10           0    -11   20 147  135  -16  329    1  329    1  18  0  0 L3P D4
G22 FF 61161 153000  780 378 3308       95826    -64          -6     -1   40  14  120  -20  438  -50  438  -50  38  0  0 L3P FB
G30 FF 61161 153000  780 481 2205    -2071045   -135         -16      1   19  11   99   -1  277   -1  277   -1  17  0  0 L3P ED
G07 FF 61161 154600  780 410 1517     1796577      4         -23    -41   18   9  112    8  311   53  311   53  16  0  0 L3P DB
G09 FF 61161 154600  780 504  788    -7546909     33          -4     -5   22  50   95    5  333   36  333   36  20  0  0 L3P D9
G14 FF 61161 154600  780 638 3204    -7450548    -32           4    -21   17 142   82   -5  300    2  300    2  15  0  0 L3P CE
G21 FF 61161 154600  780 369 2415    -4150006    -10          -5    -11   19 147  122  -10  330    8  330    8  16  0  0 L3P F9
G22 FF 61161 154600  780 448 3268       95755    -79         -16    -15   14  14  104  -13  398  -30  398  -30  12  0  0 L3P 35
G30 FF 61161 154600  780 488 2094    -2071164   -140          -6     -4   13  11   98   -1  265   -1  265   -1  11  0  0 L3P EB
G07 FF 61161 160200  780 378 1433     1796627     70         -12     26   16  11  120    9  325   -5  325   -5  13  0  0 L3P E3
G09 FF 61161 160200  780 462  684    -7546864     30           5     -7   21  87  102    8  356   41  356   41  19  0  0 L3P DE
G14 FF 61161 160200  780 708 3078    -7450567     -5          -7      7   15 143   78   -3  289  -10  289  -10  14  0  0 L3P 0F
G21 FF 61161 160200  780 396 2504    -4150013     17          -9     16   19 148  115   -5  344    2  344    2  14  0  0 L3P D8
G22 FF 61161 160200  780 517 3211       95693    -54         -19      9   12  22   94   -9  361  -50  361  -50   9  0  0 L3P D2
G30 FF 61161 160200  780 492 1984    -2071312   -162         -27    -27   16  56   97    0  287   32  287   32  13  0  0 L3P 22
G05 FF 61161 161800  780 221 2361     2324453     39         -18     34   24  82  195  -24  449    1  449    1  21  0  0 L3P EF
G07 FF 61161 161800  780 347 1352     1796672     33         -10    -11   14  11  129   10  351   36  351   36  13  0  0 L3P 05
G09 FF 61161 161800  780 413  596    -7546821     53          12     16   20  87  111   12  391   36  391   36  18  0  0 L3P 01
G14 FF 61161 161800  780 763 2844    -7450576     -6          -4      6   14 143   76   -1  286   -2  286   -2  10  0  0 L3P E7
G17 FF 61161 161800  780 240  144     1255538     61           6    -24   24  51  180  -42  659 -113  659 -113  19  0  0 L3P 32
G21 FF 61161 161800  780 409 2603    -4150000     11           3     10   29 148  112   -1  363   36  363   36  24  0  0 L3P E2
G22 FF 61161 161800  780 584 3130       95632    -50         -19     13   14  22   86   -6  335  -21  335  -21  12  0  0 L3P E5
G30 FF 61161 161800  780 493 1874    -2071437   -144         -22     -9   19  56   97    0  291   22  291   22  18  0  0 L3P 17
G05 FF 61161 163400  780 244 2433     2324460     45         -15     40   22  82  177  -13  480   -3  480   -3  18  0  0 L3P FD
G07 FF 61161 163400  780 318 1274     1796698      4         -27    -41   16  11  139   12  386   64  386   64  13  0  0 L3P 1C
G09 FF 61161 163400  780 359  524    -7546786     56          11     18   25  87  125   18  446   49  446   49  18  0  0 L3P 27
G14 FF 61161 163400  780 782 2462    -7450578     -4           5      7   18 143   75    0  280   -8  280   -8  14  0  0 L3P D0
G17 FF 61161 163400  780 299  186     1255612     69          -2    -16   31  51  147  -28  561  -73  561  -73  27  0  0 L3P 2D
G21 FF 61161 163400  780 408 2707    -4150000     10           2      9   25 148  112    2  402   34  402   34  24  0  0 L3P BA
G22 FF 61161 163400  780 645 3012       95584    -58          -6      6   16  22   81   -4  314  -10  314  -10  13  0  0 L3P BE
G30 FF 61161 163400  780 493 1764    -2071558   -101         -13     35   15  56   97    0  295  -17  295  -17  13  0  0 L3P 33
G05 FF 61161 165000  780 257 2511     2324475     41          -6     36   18  82  169   -5  499    1  499    1  16  0  0 L3P DE
G07 FF 61161 165000  780 289 1197     1796746      1         -22    -43   27  11  151   14  405   51  405   51  23  0  0 L3P 00
G09 FF 61161 165000  780 300  465    -7546744     93          17     56   32  87  147   27  511   26  511   26  27  0  0 L3P 08
G14 FF 61161 165000  780 752 2118    -7450599     -2          -5     10   15 143   76    2  286  -16  286  -16  13  0  0 L3P 0A
G17 FF 61161 165000  780 362  231     1255697     66           1    -19   27  51  124  -20  492  -50  492  -50  23  0  0 L3P 08
G21 FF 61161 165000  780 392 2809    -4150001     -7           0     -8   17 148  116    6  446   49  446   49  14  0  0 L3P EF
G22 FF 61161 165000  780 694 2838       95517    -61         -11      3   16  22   79   -2  310   -8  310   -8  14  0  0 L3P BA
G30 FF 61161 165000  780 490 1655    -2071701   -119         -26     17   15  56   97    1  316   -9  316   -9  13  0  0 L3P 07
G05 FF 61161 170600  780 259 2593     2324484     -3          -1     -7   29  82  167    2  530   55  530   55  26  0  0 L3P E4
G07 FF 61161 170600  780 261 1122     1796797     57         -13     13   36  11  166   17  417    4  417    4  34  0  0 L3P EA
G09 FF 61161 170600  780 239  418    -7546701     58          24     21   28  87  181   45  590   89  590   89  21  0  0 L3P 20
G14 FF 61161 170600  780 697 1918    -7450613    -24          -9    -13   12 143   78    3  283    7  283    7   9  0  0 L3P EB
G17 FF 61161 170600  780 426  283     1255777    107           0     22   15  51  109  -14  431  -68  431  -68  12  0  0 L3P 0E
G19 FF 61161 170600  780 233   19    -6986513    -92          16    -81   23  36  185  -51  717 -119  717 -119  19  0  0 L3P 69
G20 FF 61161 170600  780 244 2175    -1348316   -197          34    -20   35 218  178  -45  425  -39  425  -39  30  0  0 L3P 78
G21 FF 61161 170600  780 365 2903    -4149993    -13           7    -14   15 148  123   10  491   69  491   69  12  0  0 L3P 32
G22 FF 61161 170600  780 720 2597       95454    -80         -14    -16   13  22   77   -1  302    2  302    2  11  0  0 L3P AC
G30 FF 61161 170600  780 486 1546    -2071803   -168           2    -33   16  56   98    1  290   29  290   29  15  0  0 L3P 0C
G05 FF 61161 172200  780 251 2676     2324519     21          30     17   32  82  172    8  562   61  562   61  29  0  0 L3P EA
G07 FF 61161 172200  780 233 1049     1796844     91          -9     47   40  11  185   22  436  -19  436  -19  35  0  0 L3P 23
G14 FF 61161 172200  780 635 1796    -7450626    -12         -11     -1   12 143   82    5  282    0  282    0  10  0  0 L3P D1
G17 FF 61161 172200  780 490  348     1255869     80          10     -5   14  51   97  -10  378  -32  378  -32  10  0  0 L3P 01
G19 FF 61161 172200  780 301   47    -6986519    -36          20    -26   21  36  146  -32  572 -101  572 -101  17  0  0 L3P 46
G20 FF 61161 172200  780 309 2181    -1348509   -208          13    -30   26 218  143  -28  403  -12  403  -12  22  0  0 L3P 50
G21 FF 61161 172200  780 330 2988    -4149988    -26          11    -27   21 148  135   15  559  104  559  104  15  0  0 L3P 6A
G22 FF 61161 172200  780 715 2332       95404    -59          -2      4   18  22   78    1  280  -18  280  -18  17  0  0 L3P C0
G30 FF 61161 172200  780 479 1438    -2071938   -158          -4    -23   12  56   99    1  294   15  294   15  11  0  0 L3P 19
G05 FF 61161 173800  780 234 2756     2324537   -180          44   -185   39  82  184   16  636  299  636  299  39  0  0 L3P 94
G14 FF 61161 173800  780 572 1710    -7450637      5         -11     17   20 143   87    6  288    1  288    1  17  0  0 L3P D5
G17 FF 61161 173800  780 551  434     1255948     82           7     -4    9  51   90   -7  345  -32  345  -32   9  0  0 L3P C6
G19 FF 61161 173800  780 373   77    -6986547      3           3     14   17  36  121  -21  483 -102  483 -102  15  0  0 L3P 16
G20 FF 61161 173800  780 375 2199    -1348676   -205          15    -27   23 218  121  -19  370    2  370    2  20  0  0 L3P 2E
G21 FF 61161 173800  780 289 3063    -4149980      1          18      0   33 148  152   21  651  116  651  116  24  0  0 L3P 1B
G22 FF 61161 173800  780 684 2112       95338    -71          -8     -8   14  22   79    2  279    3  279    3  12  0  0 L3P A2
G30 FF 61161 173800  780 469 1331    -2072078    -98         -14     38   21  56  101    2  306  -43  306  -43  18  0  0 L3P 28
G05 FF 61161 175400  780 210 2833     2324502     10           5      6   23  82  204   25  801  139  801  139  20  0  0 L3P E1
G14 FF 61161 175400  780 511 1640    -7450634      5           3     17   21 143   94    8  283  -15  283  -15  18  0  0 L3P EB
G17 FF 61161 175400  780 603  553     1256024     64           1    -21   12  51   85   -4  315  -11  315  -11  10  0  0 L3P C6
G19 FF 61161 175400  780 448  111    -6986566    -31          -7    -21   28  36  104  -15  414  -48  414  -48  26  0  0 L3P 45
G20 FF 61161 175400  780 441 2234    -1348847   -182          15     -5   22 218  106  -13  342  -21  342  -21  19  0  0 L3P 4A
G21 FF 61161 175400  780 245 3132    -4149975    -14          22    -15   22 148  176   30  780  162  780  162  15  0  0 L3P 5D
G22 FF 61161 175400  780 638 1952       95281    -80          -3    -16   17  22   82    4  267    2  267    2  14  0  0 L3P AA
G30 FF 61161 175400  780 456 1226    -2072191   -131           4      4   19  56  103    3  295   -3  295   -3  17  0  0 L3P DF
G14 FF 61161 181000  780 453 1578    -7450655    -10          -5      1   27 144  103   10  290   -8  290   -8  23  0  0 L3P FA
G15 FF 61161 181000  780 252 2254    -4079085    -61          11    -28   32  91  172  -34  419  -17  419  -17  27  0  0 L3P 4D
G17 FF 61161 181000  780 639  714     1256098     89          -7      4   12  52   82   -2  295  -21  295  -21  10  0  0 L3P DC
G19 FF 61161 181000  780 526  153    -6986573     48          -3     58   20  37   93  -10  361  -87  361  -87  17  0  0 L3P 26
G20 FF 61161 181000  780 503 2292    -1349019   -169          11      8   14 219   95   -9  320  -24  320  -24  13  0  0 L3P 1B
G22 FF 61161 181000  780 586 1833       95209    -55         -13      9   16  23   86    5  274  -24  274  -24  14  0  0 L3P DE
G30 FF 61161 181000  780 439 1123    -2072321   -108          -2     28   16  65  106    4  292  -25  292  -25  14  0  0 L3P 15
G14 FF 61161 182600  780 399 1520    -7450666    -21          -5    -10   19 144  114   13  293   23  293   23  15  0  0 L3P 2B
G15 FF 61161 182600  780 301 2300    -4079107      2          20     35   25  91  146  -22  380  -63  380  -63  23  0  0 L3P 09
G17 FF 61161 182600  780 649  906     1256195     87           7      1   13  52   81    0  271  -26  271  -26  12  0  0 L3P C4
G19 FF 61161 182600  780 604  214    -6986578     -5           1      5   20  37   85   -7  316  -47  316  -47  17  0  0 L3P EB
G20 FF 61161 182600  780 559 2382    -1349192   -192           9    -15   16 219   89   -5  311    5  311    5  13  0  0 L3P 02
G22 FF 61161 182600  780 532 1738       95144    -47         -16     16   15  23   92    7  276  -14  276  -14  13  0  0 L3P EF
G30 FF 61161 182600  780 417 1025    -2072459   -122         -11     13   22  65  110    5  301   -8  301   -8  18  0  0 L3P F8
G14 FF 61161 184200  780 349 1463    -7450681    -21         -10     -9   23 144  128   16  300   11  300   11  20  0  0 L3P 0E
G15 FF 61161 184200  780 346 2359    -4079152    -35           7     -2   22  91  129  -14  362  -35  362  -35  18  0  0 L3P 2E
G17 FF 61161 184200  780 629 1088     1256269     80          -1     -6   15  52   83    3  257   -6  257   -6  14  0  0 L3P D3
G19 FF 61161 184200  780 679  316    -6986599    -14          -5     -3   12  39   79   -4  283  -32  283  -32   9  0  0 L3P 15
G20 FF 61161 184200  780 600 2510    -1349367   -173           5      4   19 219   85   -3  305  -13  305  -13  15  0  0 L3P 09
G22 FF 61161 184200  780 480 1657       95087    -53         -12     11   21  23   99    8  267  -13  267  -13  19  0  0 L3P F2
G30 FF 61161 184200  780 390  932    -2072595   -118         -16     17   28  65  117    8  312  -14  312  -14  26  0  0 L3P 28
G14 FF 61161 185800  780 303 1406    -7450673    -42          10    -31   18 144  145   20  280    8  280    8  15  0  0 L3P 06
G15 FF 61161 185800  780 381 2434    -4079187    -31           3      2   28  91  119   -8  345  -22  345  -22  25  0  0 L3P 11
G17 FF 61161 185800  780 585 1227     1256350     75          -1    -10   22  52   86    5  245  -10  245  -10  20  0  0 L3P EC
G19 FF 61161 185800  780 740  509    -6986605     -7          -1      3   37  39   77   -2  248  -33  248  -33  28  0  0 L3P 02
G20 FF 61161 185800  780 620 2674    -1349538   -224           4    -47   34 219   83   -1  299   15  299   15  20  0  0 L3P 34
G22 FF 61161 185800  780 430 1584       95026    -50         -12     14   26  23  108   10  260  -22  260  -22  27  0  0 L3P F2
G30 FF 61161 185800  780 358  845    -2072725   -172         -16    -37   26  65  126   11  319   42  319   42  23  0  0 L3P 3B
G14 FF 61161 191400  780 260 1349    -7450701     13          -7     24   22 144  167   25  282  -39  282  -39  18  0  0 L3P 35
G15 FF 61161 191400  780 407 2522    -4079222    -36           1     -3   21  91  113   -4  337   -4  337   -4  18  0  0 L3P E1
G17 FF 61161 191400  780 527 1319     1256427     89          -6      3   23  52   92    8  232  -28  232  -28  20  0  0 L3P E2
G19 FF 61161 191400  780 765  840    -6986617      7          -4     17   12  39   76    0  223  -36  223  -36  11  0  0 L3P E7
G20 FF 61161 191400  780 613 2849    -1349704   -189           8    -11   15 219   84    2  291    8  291    8  14  0  0 L3P FE
G22 FF 61161 191400  780 382 1515       94966    -55         -11      8   22  23  119   13  253  -26  253  -26  18  0  0 L3P FB
G30 FF 61161 191400  780 321  765    -2072863    -86         -25     50   25  65  138   15  332  -42  332  -42  21  0  0 L3P 24
G06 FF 61161 193000  780 255  470     6070519    -31          12     -2   34  96  170  -30  405  -92  405  -92  23  0  0 L3P 0E
G14 FF 61161 193000  780 220 1292    -7450699    -29           6    -17   29 144  195   33  243  -21  243  -21  21  0  0 L3P 3A
G15 FF 61161 193000  780 418 2620    -4079246    -16           9     17   31  91  110   -1  324  -18  324  -18  27  0  0 L3P 11
G17 FF 61161 193000  780 461 1377     1256509     79          -5     -6   27  52  102   12  213   -6  213   -6  25  0  0 L3P E2
G19 FF 61161 193000  780 737 1159    -6986634      6         -11     16   12  39   77    2  209  -31  209  -31   9  0  0 L3P FB
G20 FF 61161 193000  780 581 3002    -1349869   -177          13      1   18 219   87    4  288    6  288    6  15  0  0 L3P F6
G22 FF 61161 193000  780 338 1448       94896    -38         -20     26   19  23  132   15  240  -45  240  -45  15  0  0 L3P 0C
G24 FF 61161 193000  780 239 2190       96783   -135          -2     47   31  37  181  -41  310 -100  310 -100  28  0  0 L3P 26
G30 FF 61161 193000  780 281  693    -2072997    -93         -28     42   33  65  156   22  345  -17  345  -17  27  0  0 L3P 40
G06 FF 61161 194600  780 301  538     6070489     24           9     53   21  96  146  -20  320 -128  320 -128  17  0  0 L3P 25
G15 FF 61161 194600  780 416 2723    -4079273    -24          13      9   23  91  111    2  316  -13  316  -13  20  0  0 L3P FC
G17 FF 61161 194600  780 393 1409     1256591     88          -6      3   17  52  116   18  198  -24  198  -24  14  0  0 L3P 1B
G19 FF 61161 194600  780 677 1333    -6986635     28          -1     39   12  39   80    4  185  -41  185  -41  11  0  0 L3P 15
G20 FF 61161 194600  780 533 3122    -1350039   -183          13     -6   16 219   92    7  290    6  290    6  14  0  0 L3P E7
G22 FF 61161 194600  780 296 1382       94850    -96          -5    -32   18  23  148   19  210   -5  210   -5  13  0  0 L3P E4
G24 FF 61161 194600  780 296 2169       96610   -199           0    -17   26  37  148  -28  257  -49  257  -49  22  0  0 L3P 42
G30 FF 61161 194600  780 236  629    -2073099   -137           0     -1   27  65  183   34  341   19  341   19  23  0  0 L3P 04
G06 FF 61161 200200  780 344  614     6070459    -22           6      6   21 100  130  -14  247  -65  247  -65  17  0  0 L3P F8
G12 FF 61161 200200  780 229 2549     6078516     12          18     13   38  65  187  -22  397 -113  397 -113  36  0  0 L3P 53
G15 FF 61161 200200  780 400 2824    -4079307    -41          11     -8   23  92  114    5  310   -4  310   -4  19  0  0 L3P D1
G17 FF 61161 200200  780 324 1425     1256679    116           5     30   16  54  137   27  180  -52  180  -52  13  0  0 L3P 07
G19 FF 61161 200200  780 605 1416    -6986641    -16           3     -6   13  45   84    6  161  -17  161  -17  11  0  0 L3P EF
G20 FF 61161 200200  780 475 3212    -1350225   -165          -3     12   23 220  100   10  302   -8  302   -8  19  0  0 L3P F2
G22 FF 61161 200200  780 257 1316       94770   -145         -21    -81   21  24  168   23  203   42  203   42  16  0  0 L3P F3
G24 FF 61161 200200  780 357 2155       96432   -165          -4     17   20  38  126  -20  213  -65  213  -65  15  0  0 L3P 07
G06 FF 61161 201800  780 382  700     6070436     30          11     59   23 100  119   -9  189 -108  189 -108  18  0  0 L3P 32
G11 FF 61161 201800  780 281  214     3544464   -112          10     14   32 228  156  -31  326 -127  326 -127  28  0  0 L3P 50
G12 FF 61161 201800  780 256 2477     6078504      8           6      9   25  65  169  -17  319  -95  319  -95  22  0  0 L3P 0F
G15 FF 61161 201800  780 373 2917    -4079344    -53           5    -20   23  92  121    9  316   24  316   24  20  0  0 L3P F5
G17 FF 61161 201800  780 257 1428     1256777    123          20     37   35  54  169   42  152  -59  152  -59  29  0  0 L3P 3D
G19 FF 61161 201800  780 532 1454    -6986653      6           1     16   21  45   92    9  144  -29  144  -29  18  0  0 L3P EE
G20 FF 61161 201800  780 413 3282    -1350380   -174          12      3   24 220  111   14  303   11  303   11  22  0  0 L3P EA
G22 FF 61161 201800  780 221 1251       94717     14         -13     77   22  24  194   30  180 -104  180 -104  18  0  0 L3P 07
G24 FF 61161 201800  780 421 2149       96258   -167          -4     15   17  38  109  -14  176  -48  176  -48  17  0  0 L3P 2D
G06 FF 61161 203400  780 410  797     6070408     -8          10     20   24 100  112   -5  149  -52  149  -52  20  0  0 L3P EF
G11 FF 61161 203400  780 342  264     3544330   -141          -3    -14   26 228  131  -22  236  -66  236  -66  22  0  0 L3P 31
G12 FF 61161 203400  780 283 2403     6078501     -9           5     -8   27  65  155  -14  242  -64  242  -64  24  0  0 L3P 02
G15 FF 61161 203400  780 338 3003    -4079367    -23          14     10   23  92  132   14  325   10  325   10  18  0  0 L3P F6
G19 FF 61161 203400  780 459 1467    -6986658     -6           6      4   23  45  102   13  122  -15  122  -15  22  0  0 L3P FA
G20 FF 61161 203400  780 350 3340    -1350565   -165          -3     12   48 220  128   20  334   13  334   13  45  0  0 L3P 11
G24 FF 61161 203400  780 489 2154       96088   -168           0     14   19  38   98  -11  141  -37  141  -37  17  0  0 L3P 07
G06 FF 61161 205000  780 427  902     6070368    -30          -2     -1   26 100  108   -2  129  -29  129  -29  23  0  0 L3P FE
G11 FF 61161 205000  780 404  321     3544214   -147           2    -21   24 228  113  -15  169  -39  169  -39  20  0  0 L3P 27
G12 FF 61161 205000  780 309 2330     6078498      0           3      2   32  65  143  -12  186  -62  186  -62  27  0  0 L3P E6
G15 FF 61161 205000  780 297 3079    -4079392    -52          21    -19   41  92  148   20  346   35  346   35  29  0  0 L3P 33
G19 FF 61161 205000  780 389 1466    -6986664    -29           9    -19   19  45  117   18  103    1  103    1  17  0  0 L3P FF
G20 FF 61161 205000  780 289 3389    -1350725   -148           7     29   51 220  152   30  353   10  353   10  47  0  0 L3P 1B
G24 FF 61161 205000  780 558 2176       95910   -201          -3    -19   14  38   89   -8  122   -2  122   -2  13  0  0 L3P D0
G06 FF 61161 210600  780 428 1010     6070341    -40          -2    -12   28 100  108    1   99   -6   99   -6  26  0  0 L3P CB
G11 FF 61161 210600  780 466  391     3544095   -131           4     -5   14 228  101  -10  123  -38  123  -38  12  0  0 L3P 0E
G12 FF 61161 210600  780 337 2255     6078486     22          -9     23   17  65  132  -10  149  -62  149  -62  14  0  0 L3P 1F
G15 FF 61161 210600  780 254 3149    -4079426    -53          18    -20   20  92  171   28  385   67  385   67  18  0  0 L3P 38
G19 FF 61161 210600  780 323 1455    -6986667      9          16     19   20  45  137   25   79  -37   79  -37  15  0  0 L3P 12
G20 FF 61161 210600  780 230 3434    -1350903   -261           0    -84   31 220  187   45  400  108  400  108  24  0  0 L3P 30
G24 FF 61161 210600  780 627 2227       95742   -173           3      9   16  38   83   -5   97  -19   97  -19  14  0  0 L3P CC
G06 FF 61161 212200  780 413 1113     6070308    -28          -8      1   27 100  111    5   90   -1   90   -1  26  0  0 L3P 98
G11 FF 61161 212200  780 524  481     3543964   -101          -6     25   19 228   93   -7  103  -35  103  -35  15  0  0 L3P 0A
G12 FF 61161 212200  780 365 2180     6078491     29          -2     30   24  65  123   -9  112  -59  112  -59  21  0  0 L3P 01
G19 FF 61161 212200  780 260 1437    -6986678     44          15     54   30  45  167   37   71  -37   71  -37  25  0  0 L3P 17
G24 FF 61161 212200  780 692 2329       95563   -186          -1     -4   12  38   79   -3   92    3   92    3  11  0  0 L3P 91
G06 FF 61161 213800  780 384 1205     6070290    -28           1      1   24 100  118   10   76   -6   76   -6  21  0  0 L3P B1
G11 FF 61161 213800  780 572  598     3543850   -145           1    -18   16 228   87   -4   84   -1   84   -1  14  0  0 L3P DA
G12 FF 61161 213800  780 395 2103     6078487      5          -5      6   16  65  115   -8   97  -18   97  -18  16  0  0 L3P DE
G24 FF 61161 213800  780 742 2529       95387   -176          -2      6   18  38   76   -1   89  -16   89  -16  15  0  0 L3P E2
G06 FF 61161 220600  780 306 1326     6070256    -43          20    -15   27 101  144   23   60   16   60   16  23  0  0 L3P E0
G11 FF 61161 220600  780 613  876     3543635   -118           3      8   21 229   84    0   71  -22   71  -22  16  0  0 L3P BF
G12 FF 61161 220600  780 452 1963     6078488     15          -1     16   20  67  103   -6   74  -30   74  -30  18  0  0 L3P E4
G24 FF 61161 220600  780 736 3070       95077   -174          -7      8   13  46   77    2   86   -4   86   -4   9  0  0 L3P 90
G29 FF 61161 220600  780 225 2892     3295417    -64          29      9   24  61  191  -34  271 -125  271 -125  23  0  0 L3P 4C
G06 FF 61161 222200  780 252 1374     6070232      1          23     29   31 101  172   37   61  -23   61  -23  22  0  0 L3P CB
G11 FF 61161 222200  780 601 1043     3543513   -122           2      4   10 229   85    2   67   -6   67   -6  10  0  0 L3P 97
G12 FF 61161 222200  780 487 1876     6078484    -48          -4    -47   20  67   98   -5   67   26   67   26  16  0  0 L3P FE
G24 FF 61161 222200  780 679 3264       94915   -179           5      3   14  46   79    4   81   -1   81   -1  13  0  0 L3P 8A
G25 FF 61161 222200  780 228 2237    -4258888     58          20     30   37  25  188  -35  107  -54  107  -54  33  0  0 L3P 3C
G29 FF 61161 222200  780 265 2821     3295359   -103          43    -29   30  61  164  -22  188  -37  188  -37  27  0  0 L3P 60
G11 FF 61161 223800  780 566 1182     3543394   -112           4     14   17 229   88    5   64  -15   64  -15  15  0  0 L3P F1
G12 FF 61161 223800  780 522 1782     6078498     -9          11     -8   17  67   93   -5   55   10   55   10  15  0  0 L3P C3
G24 FF 61161 223800  780 609 3372       94752   -142          16     39   26  46   84    6   77  -32   77  -32  26  0  0 L3P E1
G25 FF 61161 223800  780 274 2190    -4258858     33          22      4   45  25  159  -26   89  -12   89  -12  38  0  0 L3P 13
G29 FF 61161 223800  780 300 2745     3295291   -123          45    -49   22  61  147  -15  143    8  143    8  20  0  0 L3P 10
G11 FF 61161 225400  780 515 1282     3543279    -99          10     27   25 229   94    8   56  -18   56  -18  23  0  0 L3P 01
G12 FF 61161 225400  780 557 1676     6078488      7           3      8   14  67   89   -4   64    5   64    5  12  0  0 L3P 85
G24 FF 61161 225400  780 533 3438       94574   -178          13      4   26  46   92    9   90    3   90    3  26  0  0 L3P 88
G25 FF 61161 225400  780 324 2145    -4258840    -14          13    -42   25  25  137  -20   87   36   87   36  23  0  0 L3P 0B
G29 FF 61161 225400  780 331 2662     3295215    -54          40     20   21  61  134  -11  118  -36  118  -36  18  0  0 L3P 20
G05 FF 61161 231000  780 242  431     2324598     11          10      6   46  88  179  -34  108  -10  108  -10  35  0  0 L3P EA
G11 FF 61161 231000  780 454 1349     3543158   -138          10    -12   37 229  103   12   53    8   53    8  34  0  0 L3P E2
G12 FF 61161 231000  780 589 1553     6078507     28          23     29   13  67   86   -3   51  -25   51  -25  11  0  0 L3P DD
G21 FF 61161 231000  780 223  716    -4149955      5          16      4   34 151  192  -24   89    0   89    0  28  0  0 L3P A9
G24 FF 61161 231000  780 457 3485       94391   -215           5    -33   31  46  103   14  106   37  106   37  28  0  0 L3P EA
G25 FF 61161 231000  780 378 2103    -4258802      7          23    -21   16  25  120  -16   71   18   71   18  12  0  0 L3P D5
G29 FF 61161 231000  780 358 2575     3295143    -98          40    -24   21  61  125   -8  101    5  101    5  18  0  0 L3P E2
G05 FF 61161 232600  780 289  497     2324599    -50           7    -54   26  88  152  -23   96   18   96   18  22  0  0 L3P 00
G11 FF 61161 232600  780 389 1391     3543033   -142           6    -15   26 229  117   17   51    1   51    1  23  0  0 L3P CC
G12 FF 61161 232600  780 615 1410     6078497     16          13     17   13  67   84   -2   56  -20   56  -20  12  0  0 L3P D1
G21 FF 61161 232600  780 250  792    -4149936    -61          35    -62   39 151  173  -16   63   57   63   57  37  0  0 L3P 21
G24 FF 61161 232600  780 382 3521       94219   -171           7     10   18  46  119   20  112   11  112   11  14  0  0 L3P C3
G25 FF 61161 232600  780 435 2062    -4258761     44          37     15   17  25  107  -12   53  -30   53  -30  15  0  0 L3P FD
G29 FF 61161 232600  780 381 2485     3295063    -68          31      6   15  61  119   -6   94  -18   94  -18  14  0  0 L3P FE
G05 FF 61161 234200  780 334  570     2324598    -32           1    -37   25  88  133  -16   92   23   92   23  23  0  0 L3P D8
G11 FF 61161 234200  780 323 1415     3542909   -116           3     10   21 229  137   26   53  -12   53  -12  16  0  0 L3P F3
G12 FF 61161 234200  780 630 1246     6078487     22           4     23   16  67   82   -1   62  -18   62  -18  14  0  0 L3P C6
G21 FF 61161 234200  780 269  873    -4149987     17         -18     16   25 151  162   -9  100  -19  100  -19  20  0  0 L3P 2C
G24 FF 61161 234200  780 311 3553       94046   -218           9    -36   18  46  142   30  140   72  140   72  13  0  0 L3P E1
G25 FF 61161 234200  780 497 2022    -4258749     50          22     22   17  25   96   -9   56  -33   56  -33  15  0  0 L3P F3
G29 FF 61161 234200  780 401 2391     3294986    -38          25     36   22  61  114   -4   91  -38   91  -38  19  0  0 L3P 0B
