CGGTTS     GENERIC DATA FORMAT VERSION = 2E
REV DATE = 2025-11-01
RCVR = PolaRx5TR (5.6.0)     sbf2cggtts-1.5.0
CH = 80
IMS = PolaRx5TR
LAB = LRTE
X = 3967035.920 m
Y = -4390028.540 m
Z = -2375644.640 m
FRAME = ITRF
COMMENTS = LS=18; ElMask=10deg; 'Generated from the SBF in 2026-04-15 at 23:58:00'
INT DLY = 24.9 ns (GPS P1),  15.7 ns (GPS P2)     CAL_ID = 1201-2025
CAB DLY = 103.1 ns
REF DLY = 47.2 ns
REF = UTC(LRTE)
CKSUM = 01

SAT CL  MJD  STTIME TRKL ELV AZTH   REFSV      SRSV     REFSYS    SRSYS  DSG IOE MDTR SMDT MDIO SMDI MSIO SMSI ISG FR HC FRC CK
             hhmmss  s  .1dg .1dg    .1ns     .1ps/s     .1ns    .1ps/s .1ns     .1ns.1ps/s.1ns.1ps/s.1ns.1ps/s.1ns
G05 FF 61145 000200  780 192  370     2317405      6           2      1   37  12  222  -52   77  -19   77  -19  30  0  0 L3P A2
G11 FF 61145 000200  780 526 1270     3728951    -86         -11     42   18  10   93    7   43  -25   43  -25  14  0  0 L3P D8
G12 FF 61145 000200  780 555 1676     6079711    -11          -5    -11   14  39   89   -4   44   11   44   11  12  0  0 L3P C3
G21 FF 61145 000200  780 189  647    -4143146     34          35     44   44 170  225  -38   55  -49   55  -49  40  0  0 L3P 12
G24 FF 61145 000200  780 543 3428      356827   -176          -7      0   36  45   91    9   62  -10   62  -10  34  0  0 L3P BD
G25 FF 61145 000200  780 321 2148    -4300112    -33          -4    -61   23  88  138  -20   66   50   66   50  19  0  0 L3P EC
G29 FF 61145 000200  780 332 2667     3400960    -40          18     31   21  58  134  -11   70  -29   70  -29  18  0  0 L3P FE
G05 FF 61145 001800  780 238  430     2317418     -7          11    -12   32  12  181  -35   57   -9   57   -9  25  0  0 L3P C6
G11 FF 61145 001800  780 466 1342     3728842   -156           3    -29   33  10  101   11   36   15   36   15  31  0  0 L3P DA
G12 FF 61145 001800  780 587 1553     6079710     18          -6     18   12  39   86   -3   43  -28   43  -28  10  0  0 L3P DD
G21 FF 61145 001800  780 219  718    -4143182     12           9     22   32 170  195  -25   75  -26   75  -26  23  0  0 L3P F5
G24 FF 61145 001800  780 467 3477      356651   -150         -14     26   30  45  101   13   65  -28   65  -28  29  0  0 L3P 0F
G25 FF 61145 001800  780 374 2105    -4300068    -28          13    -55   18  88  121  -16   49   52   49   52  16  0  0 L3P 0C
G29 FF 61145 001800  780 359 2580     3400872    -83          -1    -11   20  58  125   -8   77   -4   77   -4  16  0  0 L3P E4
G05 FF 61145 003400  780 285  496     2317418    -33           7    -37   36  12  153  -24   58   30   58   30  30  0  0 L3P D6
G11 FF 61145 003400  780 402 1387     3728718   -146           1    -18   29  10  114   16   35   12   35   12  28  0  0 L3P E0
G12 FF 61145 003400  780 613 1411     6079706     38         -10     38   13  39   84   -2   45  -37   45  -37  12  0  0 L3P E2
G21 FF 61145 003400  780 246  794    -4143169    -66          32    -55   44 170  176  -16   52   58   52   58  40  0  0 L3P 18
G24 FF 61145 003400  780 392 3515      356477   -150         -19     26   15  45  116   19   74  -16   74  -16  12  0  0 L3P 0F
G25 FF 61145 003400  780 432 2064    -4300041     78          14     51   19  88  107  -12   43  -48   43  -48  16  0  0 L3P 01
G29 FF 61145 003400  780 383 2489     3400809    -64           5      8   19  58  119   -6   64  -11   64  -11  15  0  0 L3P E2
G05 FF 61145 005000  780 331  569     2317422      5           6      0   27  12  134  -16   59   -9   59   -9  25  0  0 L3P 8E
G11 FF 61145 005000  780 336 1413     3728573   -142         -22    -15   22  10  133   24   51    2   51    2  17  0  0 L3P C3
G12 FF 61145 005000  780 628 1249     6079711      7          -5      7   15  39   83   -1   44  -12   44  -12  13  0  0 L3P A8
G18 FF 61145 005000  780 199 3227     3765590    -77          -3     16   25 215  215  -68  147  -82  147  -82  17  0  0 L3P 56
G21 FF 61145 005000  780 266  875    -4143219     -6          -9      5   26 170  164   -9   86  -14   86  -14  22  0  0 L3P E4
G24 FF 61145 005000  780 320 3548      356332   -152           6     24   26  45  139   28   66  -16   66  -16  23  0  0 L3P EA
G25 FF 61145 005000  780 493 2024    -4300017      1          12    -27   16  88   97  -10   36   11   36   11  14  0  0 L3P BC
G29 FF 61145 005000  780 402 2395     3400743    -72           8      0   18  58  114   -4   59   -1   59   -1  16  0  0 L3P AA
G05 FF 61145 010600  780 372  651     2317418    -21          -2    -26   21  12  121  -11   65   23   65   23  18  0  0 L3P C6
G11 FF 61145 010600  780 270 1425     3728447   -104         -26     23   26  10  162   37   48  -16   48  -16  19  0  0 L3P 15
G12 FF 61145 010600  780 628 1074     6079714      6          -2      6   15  39   83    1   42    0   42    0  13  0  0 L3P 53
G18 FF 61145 010600  780 262 3189     3765517   -101          13     -8   25 215  166  -38   85  -27   85  -27  19  0  0 L3P 3F
G21 FF 61145 010600  780 277  958    -4143240    -87         -20    -77   26 170  158   -3   86   59   86   59  21  0  0 L3P 20
G24 FF 61145 010600  780 251 3579      356162   -209           5    -33   22  45  173   44   82   55   82   55  19  0  0 L3P E8
G25 FF 61145 010600  780 559 1984    -4300008     30          -5      3   14  88   89   -7   42  -12   42  -12  12  0  0 L3P C6
G29 FF 61145 010600  780 419 2299     3400677    -91          11    -20   17  58  110   -3   51   13   51   13  16  0  0 L3P DD
G05 FF 61145 012200  780 405  744     2317432    -23           7    -28   29  12  113   -7   53   19   53   19  26  0  0 L3P BD
G11 FF 61145 012200  780 206 1425     3728328   -145         -22    -18   31  10  208   62   50   19   50   19  26  0  0 L3P F9
G12 FF 61145 012200  780 611  906     6079714      2          -2      2   17  39   84    2   48    7   48    7  14  0  0 L3P 53
G18 FF 61145 012200  780 325 3139     3765415   -122           1    -29   19 215  137  -24   76    8   76    8  14  0  0 L3P F3
G21 FF 61145 012200  780 278 1042    -4143204    -48          26    -38   33 170  157    2   47   17   47   17  25  0  0 L3P F4
G24 FF 61145 012200  780 187   10      356020    -76          32    100   21  45  228   72   87  -56   87  -56  17  0  0 L3P D5
G25 FF 61145 012200  780 629 1942    -4299991     29         -15      2   14  88   83   -5   46   -7   46   -7  12  0  0 L3P D8
G28 FF 61145 012200  780 186 2324     5549956    -57          14     35   28  31  229  -42   80  -28   80  -28  23  0  0 L3P 1D
G29 FF 61145 012200  780 433 2202     3400604    -90           6    -19   15  58  107   -3   54   16   54   16  13  0  0 L3P C5
G05 FF 61145 013800  780 428  847     2317421    -25          -8    -30   25  12  108   -3   58   25   58   25  23  0  0 L3P D1
G12 FF 61145 013800  780 578  758     6079703     26         -12     26   16  39   87    4   56  -22   56  -22  15  0  0 L3P DD
G18 FF 61145 013800  780 385 3077     3765334    -94          10     -1   26 215  118  -16   61  -10   61  -10  20  0  0 L3P 0A
G21 FF 61145 013800  780 268 1124    -4143214     18          26     29   42 170  163    9   44  -28   44  -28  40  0  0 L3P F8
G25 FF 61145 013800  780 703 1892    -4299963     60         -13     32   13  88   78   -4   43  -26   43  -26  11  0  0 L3P 04
G28 FF 61145 013800  780 216 2388     5549863    -88           9      4   29  31  199  -23   80  -10   80  -10  23  0  0 L3P FD
G29 FF 61145 013800  780 446 2104     3400538    -64           9      7   23  58  105   -2   48   -4   48   -4  20  0  0 L3P AF
G05 FF 61145 015400  780 436  956     2317426    -20          -8    -25   26  12  106    0   52   22   52   22  26  0  0 L3P B3
G12 FF 61145 015400  780 532  638     6079725    -42           9    -42   25  39   92    6   42   30   42   30  18  0  0 L3P AC
G18 FF 61145 015400  780 441 2999     3765237    -86           2      7   47 215  106  -11   64  -10   64  -10  29  0  0 L3P 04
G21 FF 61145 015400  780 247 1199    -4143230      0          20     11   25 170  175   18   45   -5   45   -5  18  0  0 L3P C6
G25 FF 61145 015400  780 779 1811    -4299930     52          -5     25   11  88   75   -2   38  -26   38  -26  10  0  0 L3P F4
G28 FF 61145 015400  780 236 2461     5549776   -122          11    -29   23  31  182  -12   79   31   79   31  21  0  0 L3P 14
G29 FF 61145 015400  780 458 2004     3400464    -72           4     -1   16  58  102   -2   51    3   51    3  14  0  0 L3P 88
G05 FF 61145 021000  780 429 1063     2317434     35          -9     31   22  13  108    3   54  -10   54  -10  22  0  0 L3P B3
G12 FF 61145 021000  780 477  543     6079720     -5           9     -5   17  43   99   10   48    7   48    7  14  0  0 L3P 7F
G18 FF 61145 021000  780 491 2904     3765142   -109           1    -16   21 216   97   -7   54    3   54    3  17  0  0 L3P C3
G21 FF 61145 021000  780 216 1266    -4143245     19          16     29   36 171  198   31   54  -17   54  -17  28  0  0 L3P 0E
G25 FF 61145 021000  780 852 1537    -4299922     57         -27     30   42  89   74   -1   51  -32   51  -32  41  0  0 L3P F7
G28 FF 61145 021000  780 247 2539     5549695    -66          21     26   28  32  175   -4   77  -29   77  -29  22  0  0 L3P 1B
G29 FF 61145 021000  780 468 1904     3400394    -82           3    -10   17  72  101   -2   47    5   47    5  15  0  0 L3P A7
G05 FF 61145 022600  780 406 1161     2317447    -21           0    -26   26  16  113    7   47   27   47   27  25  0  0 L3P BF
G12 FF 61145 022600  780 416  469     6079721     18          10     18   20  43  111   14   50   -3   50   -3  13  0  0 L3P 9F
G18 FF 61145 022600  780 533 2788     3765048   -116          -4    -23   20 216   92   -4   56   18   56   18  17  0  0 L3P 09
G23 FF 61145 022600  780 210 3520    -6362711   -105          25    -61   23 187  204  -66   86   12   86   12  21  0  0 L3P 1C
G25 FF 61145 022600  780 844  465    -4299891     41         -22     14   12  89   74    1   46   -3   46   -3   9  0  0 L3P B1
G28 FF 61145 022600  780 247 2620     5549606   -189          20    -97   34  32  175    3   76   92   76   92  32  0  0 L3P 0F
G29 FF 61145 022600  780 479 1801     3400327    -61           5     11   17  72   99   -2   44   -6   44   -6  15  0  0 L3P B1
G05 FF 61145 024200  780 371 1244     2317454      5           3      1   22  16  122   12   44   -4   44   -4  18  0  0 L3P 76
G12 FF 61145 024200  780 352  412     6079719     28           8     28   19  43  128   21   59  -14   59  -14  15  0  0 L3P D6
G18 FF 61145 024200  780 562 2653     3764974    -67          12     26   17 216   88   -3   45  -13   45  -13  15  0  0 L3P 08
G23 FF 61145 024200  780 281 3530    -6362751    -18          28     26   22 187  156  -38   68  -46   68  -46  18  0  0 L3P 43
G25 FF 61145 024200  780 766  244    -4299854     43         -12     16   19  89   76    3   47    0   47    0  17  0  0 L3P AB
G28 FF 61145 024200  780 237 2701     5549445    -47         -53     45   35  32  182   10  162  -38  162  -38  31  0  0 L3P 33
G29 FF 61145 024200  780 488 1695     3400260    -46           7     25   15  72   98   -1   49   -8   49   -8  12  0  0 L3P C7
G05 FF 61145 025800  780 325 1310     2317445     -9         -10    -13   29  16  137   19   52   -1   52   -1  25  0  0 L3P CC
G12 FF 61145 025800  780 286  368     6079732     29          21     29   25  43  153   34   50  -20   50  -20  19  0  0 L3P E0
G18 FF 61145 025800  780 579 2504     3764879    -81           7     13   15 216   87   -1   44  -13   44  -13  11  0  0 L3P F7
G23 FF 61145 025800  780 357 3536    -6362801    -25          21     19   17 187  126  -25   58  -41   58  -41  12  0  0 L3P 34
G25 FF 61145 025800  780 683  182    -4299823     40          -7     13   14  89   79    5   46   -5   46   -5  11  0  0 L3P B7
G28 FF 61145 025800  780 219 2779     5549457   -257          48   -165   65  32  195   18   76  193   76  193  61  0  0 L3P 7A
G29 FF 61145 025800  780 495 1587     3400195   -108          11    -37   18  72   97   -1   41   24   41   24  15  0  0 L3P F4
G05 FF 61145 031400  780 273 1361     2317455    -25          -5    -30   27  16  160   31   45   32   45   32  21  0  0 L3P D1
G12 FF 61145 031400  780 219  335     6079715     24           4     24   24  43  196   58   67  -18   67  -18  21  0  0 L3P DA
G18 FF 61145 031400  780 581 2351     3764784    -89           0      4   13 216   87    0   44  -12   44  -12  11  0  0 L3P C3
G23 FF 61145 031400  780 435 3539    -6362858    -23           6     21   25 187  107  -16   59  -33   59  -33  18  0  0 L3P 2B
G25 FF 61145 031400  780 599  151    -4299800      3         -10    -24   21  89   85    7   51   20   51   20  20  0  0 L3P AA
G26 FF 61145 031400  780 228 2238     3538056     52          29      6   43  38  189  -45   39  -11   39  -11  38  0  0 L3P FE
G28 FF 61145 031400  780 195 2854     5549333   -120          12    -28   30  32  218   29  169  107  169  107  24  0  0 L3P 54
G29 FF 61145 031400  780 500 1475     3400131    -70          16      1   10  72   96    0   37   -8   37   -8   9  0  0 L3P 83
G05 FF 61145 033000  780 216 1397     2317463    -45          -2    -50   44  16  199   52   44   51   44   51  36  0  0 L3P E9
G15 FF 61145 033000  780 205  769    -4032018    -48           9    -16   29  10  209  -24   64   28   64   28  23  0  0 L3P E7
G18 FF 61145 033000  780 572 2203     3764692    -74          -2     20   14 216   87    2   42  -16   42  -16  13  0  0 L3P DB
G23 FF 61145 033000  780 518 3537    -6362892    -61          15    -17   18 187   94  -11   48   14   48   14  14  0  0 L3P 19
G25 FF 61145 033000  780 517  133    -4299756     48           8     20   17  89   94   11   40  -11   40  -11  15  0  0 L3P C4
G26 FF 61145 033000  780 283 2273     3538077     38           5     -9   27  38  155  -28   54    1   54    1  24  0  0 L3P B2
G29 FF 61145 033000  780 501 1360     3400050    -27           4     45   17  72   96    0   52  -36   52  -36  15  0  0 L3P B2
G10 FF 61145 034600  780 222 3370     5893143     -5          -6      6   52  81  194  -60  118  -24  118  -24  49  0  0 L3P 07
G15 FF 61145 034600  780 226  844    -4032053   -102           5    -69   37  10  190  -15   63   53   63   53  30  0  0 L3P EB
G18 FF 61145 034600  780 553 2067     3764588    -71         -17     22   25 216   89    2   49  -23   49  -23  20  0  0 L3P 0E
G23 FF 61145 034600  780 603 3531    -6362946    -33           3     11   23 187   85   -8   51  -16   51  -16  22  0  0 L3P F1
G25 FF 61145 034600  780 436  124    -4299742     22          -4     -5   39  89  107   16   51    4   51    4  36  0  0 L3P AC
G26 FF 61145 034600  780 334 2323     3538121     31           5    -15   16  38  133  -18   53   16   53   16  14  0  0 L3P D0
G29 FF 61145 034600  780 497 1243     3399984   -122           6    -50   23  72   96    1   49   35   49   35  19  0  0 L3P F1
G10 FF 61145 040200  780 293 3351     5893119    -43         -18    -33   22  82  150  -35   92  -14   92  -14  17  0  0 L3P 1F
G15 FF 61145 040200  780 240  922    -4032079     61          12     94   42  88  179   -8   48  -73   48  -73  39  0  0 L3P FC
G18 FF 61145 040200  780 528 1946     3764499    -70         -12     23   22 217   92    3   44  -12   44  -12  20  0  0 L3P F5
G23 FF 61145 040200  780 689 3521    -6363009    -59         -16    -15   19 188   79   -5   60   19   60   19  18  0  0 L3P 1F
G25 FF 61145 040200  780 358  121    -4299716      4          -8    -23   31  96  126   24   57   31   57   31  25  0  0 L3P CA
G26 FF 61145 040200  780 380 2389     3538160      5          -1    -42   22  66  119  -11   53   19   53   19  19  0  0 L3P D9
G29 FF 61145 040200  780 487 1127     3399919   -111           7    -40   20 107   98    2   42   31   42   31  17  0  0 L3P DD
G10 FF 61145 041800  780 365 3322     5893103     32         -25     43   61  82  123  -22   72  -59   72  -59  57  0  0 L3P 11
G15 FF 61145 041800  780 247 1001    -4032105    -44          17    -11   28  88  175   -1   46   15   46   15  23  0  0 L3P E6
G18 FF 61145 041800  780 500 1836     3764419    -84          -2      9   19 217   96    4   37  -14   37  -14  18  0  0 L3P EA
G23 FF 61145 041800  780 777 3502    -6363046    -83          -9    -39   26 188   75   -3   52   32   52   32  25  0  0 L3P 07
G25 FF 61145 041800  780 283  123    -4299674     26           7     -2   23  96  155   38   55    5   55    5  19  0  0 L3P AF
G26 FF 61145 041800  780 416 2472     3538191      6         -15    -40   23  66  111   -7   57   23   57   23  21  0  0 L3P D6
G29 FF 61145 041800  780 470 1014     3399852    -84           8    -12   23 107  101    4   45   19   45   19  21  0  0 L3P DF
G10 FF 61145 043400  780 439 3280     5893087    -17         -31     -6   18  82  106  -15   68   11   68   11  16  0  0 L3P 00
G15 FF 61145 043400  780 244 1078    -4032116     -5          38     27   31  88  177    5   24   -8   24   -8  26  0  0 L3P C7
G16 FF 61145 043400  780 239 2257    -2452333    -86           7    -15   35  32  181  -37   55    7   55    7  32  0  0 L3P DF
G18 FF 61145 043400  780 472 1736     3764329   -106          -3    -13   22 217  100    5   32    0   32    0  18  0  0 L3P C2
G23 FF 61145 043400  780 865 3439    -6363065    -41          14      4   18 188   74   -1   26    1   26    1  16  0  0 L3P B9
G25 FF 61145 043400  780 211  130    -4299650     72           5     45   26  96  203   65   63  -53   63  -53  21  0  0 L3P D9
G26 FF 61145 043400  780 439 2570     3538232     45         -18     -1   22  66  106   -3   59    3   59    3  19  0  0 L3P BD
G29 FF 61145 043400  780 445  908     3399783    -62          -9      9   19  56  105    5   38   -4   38   -4  18  0  0 L3P C5
G10 FF 61145 045000  780 512 3221     5893092      5         -16     15   14  82   94  -10   56   -5   56   -5  13  0  0 L3P B7
G15 FF 61145 045000  780 231 1152    -4032171    -45          14    -12   29  88  186   14   47    5   47    5  24  0  0 L3P CF
G16 FF 61145 045000  780 287 2307    -2452409    -63          -1      7   33  32  153  -23   57   -3   57   -3  27  0  0 L3P D8
G18 FF 61145 045000  780 443 1643     3764230    -81         -12     12   23 217  105    5   36   -5   36   -5  18  0  0 L3P D8
G23 FF 61145 045000  780 847 1740    -6363116    -34           6     10   11 188   74    1   32  -13   32  -13  10  0  0 L3P CD
G26 FF 61145 045000  780 447 2678     3538283     47         -12      1   23  66  104    0   58    6   58    6  21  0  0 L3P A4
G29 FF 61145 045000  780 413  810     3399727    -47           3     25   23  56  111    8   35  -19   35  -19  19  0  0 L3P D4
G10 FF 61145 050600  780 582 3135     5893089    -27          -9    -17   14  82   87   -7   54   15   54   15  13  0  0 L3P E8
G15 FF 61145 050600  780 209 1220    -4032196   -113          21    -80   34  88  204   25   39   65   39   65  28  0  0 L3P 0F
G16 FF 61145 050600  780 328 2372    -2452477    -46          -1     25   24  32  135  -14   58  -19   58  -19  21  0  0 L3P 18
G18 FF 61145 050600  780 416 1554     3764150    -85          -2      8   22 217  111    6   28   -8   28   -8  20  0  0 L3P C2
G23 FF 61145 050600  780 762 1692    -6363176    -23         -13     21   20 188   76    3   45  -23   45  -23  17  0  0 L3P 07
G26 FF 61145 050600  780 440 2788     3538333     41          -7     -6   15  66  106    3   59    3   59    3  13  0  0 L3P A0
G29 FF 61145 050600  780 374  722     3399658    -75           3     -4   23  56  121   12   40   13   40   13  19  0  0 L3P BA
G10 FF 61145 052200  780 645 3009     5893088    -15          -1     -5   12  82   82   -4   42    2   42    2   9  0  0 L3P 84
G15 FF 61145 052200  780 179 1280    -4032238   -104          10    -71   28  88  236   42   47   52   47   52  23  0  0 L3P 0C
G16 FF 61145 052200  780 361 2450    -2452547   -108          -4    -38   21  32  125   -8   61   29   61   29  18  0  0 L3P 02
G18 FF 61145 052200  780 389 1469     3764050    -78         -14     15   19 217  117    7   42  -15   42  -15  16  0  0 L3P 16
G23 FF 61145 052200  780 680 1663    -6363221    -42         -15      2   14 188   79    5   45   -9   45   -9  12  0  0 L3P D6
G26 FF 61145 052200  780 419 2893     3538387     51           2      4   30  66  110    6   55   -8   55   -8  23  0  0 L3P A2
G29 FF 61145 052200  780 330  644     3399596    -59          10     12   30  56  135   17   40  -12   40  -12  24  0  0 L3P E2
G10 FF 61145 053800  780 693 2820     5893071      1          -8     11   12  82   79   -2   47  -12   47  -12  11  0  0 L3P BE
G16 FF 61145 053800  780 381 2540    -2452602    -83           9    -12   25  32  119   -4   57   20   57   20  22  0  0 L3P DB
G18 FF 61145 053800  780 364 1387     3763983    -78           9     15   20 217  124    7   27  -11   27  -11  17  0  0 L3P FF
G23 FF 61145 053800  780 601 1635    -6363258    -44          -9      1   12 188   85    7   39    7   39    7  10  0  0 L3P B6
G26 FF 61145 053800  780 387 2989     3538428     44          -2     -3   25  66  118   10   60    1   60    1  19  0  0 L3P B6
G27 FF 61145 053800  780 238 2175     1075802    116          31    -48   34  52  182  -44   31   44   31   44  31  0  0 L3P FD
G29 FF 61145 053800  780 281  577     3399528    -37          11     35   38  56  156   27   41  -20   41  -20  31  0  0 L3P FA
G32 FF 61145 053800  780 217   34      -30776   -210         -26    -15   22  27  198  -56   89    4   89    4  20  0  0 L3P C7
G10 FF 61145 055400  780 715 2566     5893057     -6         -11      4   15  82   78    0   47   -8   47   -8  13  0  0 L3P AF
G16 FF 61145 055400  780 389 2638    -2452667    -70          11      1   23  32  117    0   62   -1   62   -1  19  0  0 L3P BB
G18 FF 61145 055400  780 340 1306     3763884   -151           0    -58   21 217  131    8   43   44   43   44  16  0  0 L3P EE
G23 FF 61145 055400  780 526 1605    -6363294    -26          -3     19   18 188   93    9   39  -12   39  -12  17  0  0 L3P 0A
G26 FF 61145 055400  780 346 3073     3538472     38          -2     -9   37  66  129   14   61    5   61    5  26  0  0 L3P B9
G27 FF 61145 055400  780 299 2167     1075934    170           6      6   30  52  147  -29   49   -1   49   -1  24  0  0 L3P D8
G29 FF 61145 055400  780 229  519     3399473   -113          25    -42   21  56  188   43   40   37   40   37  17  0  0 L3P 03
G32 FF 61145 055400  780 282   63      -30936   -155           1     41   27  27  155  -35   57  -47   57  -47  22  0  0 L3P D8
G10 FF 61145 061000  780 703 2302     5893062     15           4     25   13  83   78    1   37  -21   37  -21  11  0  0 L3P A2
G16 FF 61145 061000  780 382 2739    -2452733    -64          18      6   21  35  119    4   59  -11   59  -11  18  0  0 L3P EC
G18 FF 61145 061000  780 316 1226     3763784    -77          -7     16   20 218  140   10   47  -20   47  -20  15  0  0 L3P 00
G23 FF 61145 061000  780 455 1572    -6363339    -60          -3    -15   22 189  103   12   41   10   41   10  20  0  0 L3P EA
G26 FF 61145 061000  780 302 3147     3538520     53           2      6   20  67  146   21   65   -6   65   -6  16  0  0 L3P 9F
G27 FF 61145 061000  780 364 2167     1076089    150           4    -13   18  70  124  -20   47    2   47    2  16  0  0 L3P C0
G32 FF 61145 061000  780 351   93      -31130   -218         -10    -22   17  30  128  -23   53   12   53   12  15  0  0 L3P B3
G10 FF 61145 062600  780 666 2094     5893049    -14           1     -3   14  83   80    3   40    4   40    4  13  0  0 L3P 7A
G16 FF 61145 062600  780 363 2836    -2452810    -54           9     17   26  35  124    8   67   -8   67   -8  22  0  0 L3P D7
G18 FF 61145 062600  780 292 1147     3763711   -133          10    -39   27 218  150   12   38   48   38   48  26  0  0 L3P 20
G23 FF 61145 062600  780 389 1537    -6363376    -64           2    -20   23 189  117   17   39   17   39   17  20  0  0 L3P 12
G26 FF 61145 062600  780 256 3214     3538567     46           4      0   28  67  169   29   67    7   67    7  23  0  0 L3P B1
G27 FF 61145 062600  780 430 2180     1076242    150           0    -14   27  70  108  -14   46   16   46   16  24  0  0 L3P DC
G32 FF 61145 062600  780 423  127      -31305   -204           3     -9   26  30  109  -16   40   10   40   10  24  0  0 L3P 96
G10 FF 61145 064200  780 616 1944     5893033    -40          -6    -30   14  83   84    4   39   22   39   22  13  0  0 L3P C5
G16 FF 61145 064200  780 333 2926    -2452868    -52          19     19   19  35  133   12   59   -8   59   -8  15  0  0 L3P 01
G18 FF 61145 064200  780 267 1070     3763624    -73          12     21   42 218  163   15   38  -16   38  -16  41  0  0 L3P 0E
G23 FF 61145 064200  780 328 1499    -6363410    -54          11     -9   22 189  136   22   32   12   32   12  20  0  0 L3P EF
G26 FF 61145 064200  780 211 3276     3538610    -70           2   -117   50  67  203   42   69  109   69  109  41  0  0 L3P 16
G27 FF 61145 064200  780 498 2211     1076410    190          12     26   18  70   96  -10   35  -23   35  -23  16  0  0 L3P F2
G32 FF 61145 064200  780 498  167      -31499   -185          -4     11   15  30   96  -11   42   -5   42   -5  13  0  0 L3P B6
G08 FF 61145 065800  780 241 2212    -4612659     74         -25      7   31  62  180  -43   60    5   60    5  25  0  0 L3P C5
G10 FF 61145 065800  780 561 1832     5893019     -2          -9      9   14  83   89    6   38   -6   38   -6  13  0  0 L3P A8
G16 FF 61145 065800  780 297 3007    -2452916    -41          38     29   25  35  148   18   47  -14   47  -14  23  0  0 L3P 1E
G18 FF 61145 065800  780 242  995     3763539    -29          16     64   37 218  179   19   42  -44   42  -44  30  0  0 L3P 23
G23 FF 61145 065800  780 271 1458    -6363471    -86          -7    -42   28 189  161   31   53   32   53   32  22  0  0 L3P 19
G27 FF 61145 065800  780 563 2267     1076571    162          16     -1   15  70   88   -7   33    5   33    5  15  0  0 L3P B3
G32 FF 61145 065800  780 574  223      -31680   -203           3     -8   11  30   87   -8   37   13   37   13   9  0  0 L3P 88
G08 FF 61145 071400  780 301 2238    -4612591     70         -21      3   30  62  146  -27   50    4   50    4  25  0  0 L3P B1
G10 FF 61145 071400  780 506 1742     5893014    -33          -5    -23   18  83   95    8   37   17   37   17  14  0  0 L3P D0
G16 FF 61145 071400  780 256 3082    -2452980    -74          41     -4   34  35  169   27   48    2   48    2  26  0  0 L3P D4
G18 FF 61145 071400  780 214  921     3763465    -62          32     31   39 218  200   26   35  -19   35  -19  37  0  0 L3P 03
G23 FF 61145 071400  780 219 1414    -6363485    -16          22     28   25 189  196   44   30  -15   30  -15  19  0  0 L3P 22
G27 FF 61145 071400  780 623 2364     1076728    161          15     -3   19  70   83   -4   38    2   38    2  16  0  0 L3P AC
G32 FF 61145 071400  780 648  310      -31863   -185           8     10   18  30   81   -5   36   -4   36   -4  15  0  0 L3P 90
G08 FF 61145 073000  780 358 2280    -4612514     41          -8    -26   24  62  125  -18   42   38   42   38  20  0  0 L3P F3
G10 FF 61145 073000  780 453 1664     5893003    -30          -6    -20   15  83  103   10   42   16   42   16  14  0  0 L3P CD
G16 FF 61145 073000  780 214 3150    -2453059    -97          31    -27   26  35  200   39   60   36   60   36  20  0  0 L3P F1
G18 FF 61145 073000  780 184  851     3763354    -84          11      9   30 218  231   38   51  -25   51  -25  25  0  0 L3P ED
G27 FF 61145 073000  780 669 2520     1076886    142          16    -21   16  70   80   -2   41   22   41   22  14  0  0 L3P D1
G32 FF 61145 073000  780 713  465      -32052   -217           7    -22   12  30   78   -3   38   19   38   19  12  0  0 L3P A5
G08 FF 61145 074600  780 412 2339    -4612458     51         -17    -16   21  62  112  -12   48   10   48   10  19  0  0 L3P 00
G10 FF 61145 074600  780 403 1592     5892992    -60          -7    -50   30  83  114   12   47   53   47   53  26  0  0 L3P F6
G27 FF 61145 074600  780 687 2735     1077042    155          15     -8   15  70   79    0   41    7   41    7  14  0  0 L3P A7
G32 FF 61145 074600  780 751  738      -32233   -148          13     47   38  30   76   -1   34  -31   34  -31  24  0  0 L3P C9
G02 FF 61145 080200  780 229 2187     -791245     16          13     93   32  99  188  -44   42  -77   42  -77  31  0  0 L3P 10
G08 FF 61145 080200  780 457 2420    -4612389     65          -9     -2   22 101  103   -7   46    8   46    8  18  0  0 L3P C5
G10 FF 61145 080200  780 356 1524     5892982    -19          -7     -9   24  84  126   14   49   12   49   12  20  0  0 L3P E5
G27 FF 61145 080200  780 671 2957     1077209    182          21     18   16  72   80    2   36  -15   36  -15  14  0  0 L3P E2
G32 FF 61145 080200  780 741 1063      -32423   -219          10    -23   24  31   77    1   38   21   38   21  16  0  0 L3P AA
G02 FF 61145 081800  780 286 2149     -791325    -68           7      9   30  99  153  -30   51  -14   51  -14  26  0  0 L3P EE
G08 FF 61145 081800  780 491 2523    -4612327     75         -11      8   16 101   97   -4   46   -6   46   -6  13  0  0 L3P D6
G10 FF 61145 081800  780 313 1458     5892988     25           9     35   22  84  141   17   33  -33   33  -33  19  0  0 L3P F0
G27 FF 61145 081800  780 627 3129     1077364    164          19      0   12  72   83    4   38   -1   38   -1  10  0  0 L3P A9
G28 FF 61145 081800  780 228  383     5547667    -59          35     33   41  36  189  -37   42  -14   42  -14  30  0  0 L3P 12
G32 FF 61145 081800  780 690 1279      -32620   -209           0    -13   15  31   79    3   44   10   44   10  13  0  0 L3P A0
G02 FF 61145 083400  780 347 2115     -791394   -124          12    -47   19  99  129  -22   42   44   42   44  16  0  0 L3P 13
G08 FF 61145 083400  780 508 2643    -4612255     75          -3      8   16 101   95   -1   43   -5   43   -5  14  0  0 L3P BB
G10 FF 61145 083400  780 274 1393     5892965      1          -4     11   25  84  159   21   52    0   52    0  22  0  0 L3P 96
G27 FF 61145 083400  780 566 3247     1077523    157          20     -7   17  72   88    7   40   11   40   11  15  0  0 L3P C1
G28 FF 61145 083400  780 275  445     5547576   -105          32    -13   27  36  159  -26   44   20   44   20  25  0  0 L3P 07
G32 FF 61145 083400  780 621 1388      -32801   -190           7      5   13  31   83    6   38   -7   38   -7  11  0  0 L3P 8A
G02 FF 61145 085000  780 414 2085     -791482    -61          -2     16   15  99  111  -16   48  -18   48  -18  12  0  0 L3P 05
G08 FF 61145 085000  780 506 2772    -4612197     76         -10      8   13 101   95    2   50    5   50    5  12  0  0 L3P 9F
G10 FF 61145 085000  780 237 1328     5892969     -2          10      9   19  84  182   26   55   20   55   20  14  0  0 L3P C9
G27 FF 61145 085000  780 497 3328     1077682    175          22     12   28  72   96   10   43    2   43    2  25  0  0 L3P BB
G28 FF 61145 085000  780 321  514     5547480    -46          24     46   43  36  138  -18   54  -26   54  -26  33  0  0 L3P 05
G31 FF 61145 085000  780 225  229     1552875    -31         -15     -7   26  93  191  -44   76   19   76   19  22  0  0 L3P F8
G32 FF 61145 085000  780 547 1441      -32985   -173          10     23   27  31   90    9   37  -14   37  -14  26  0  0 L3P D3
G01 FF 61145 090600  780 197 2194    -2972409     76          17     -6   39 160  217  -60   49    7   49    7  34  0  0 L3P F8
G02 FF 61145 090600  780 485 2060     -791555    -75          -1      2   15  99   98  -12   47   -3   47   -3  13  0  0 L3P C5
G08 FF 61145 090600  780 486 2895    -4612118     71           4      4   22 101   98    4   45    1   45    1  18  0  0 L3P 8F
G10 FF 61145 090600  780 204 1262     5892945    -70          -5    -60   23  84  209   32   91   93   91   93  19  0  0 L3P FD
G27 FF 61145 090600  780 427 3388     1077844    167          27      3   27  72  108   15   48   11   48   11  25  0  0 L3P EA
G28 FF 61145 090600  780 364  592     5547389    -43          22     49   27  36  124  -12   63  -33   63  -33  23  0  0 L3P 0C
G31 FF 61145 090600  780 279  281     1552871    -14           5     10   26  93  157  -30   74    7   74    7  22  0  0 L3P B0
G32 FF 61145 090600  780 473 1464      -33175   -187           8      8   24  31  100   12   46    2   46    2  22  0  0 L3P 8A
G01 FF 61145 092200  780 255 2166    -2972339     73           9     -9   32 160  170  -38   60   20   60   20  30  0  0 L3P E3
G02 FF 61145 092200  780 560 2040     -791625    -58           4     19   13  99   89   -8   46   -7   46   -7  11  0  0 L3P BF
G08 FF 61145 092200  780 451 3004    -4612049     72           9      5   43 101  104    8   52   13   52   13  30  0  0 L3P A5
G27 FF 61145 092200  780 357 3436     1078007    177          32     13   40  72  126   22   58   10   58   10  40  0  0 L3P E0
G28 FF 61145 092200  780 402  681     5547292    -76          14     16   30  36  114   -8   76   -5   76   -5  25  0  0 L3P D2
G31 FF 61145 092200  780 335  337     1552849     32           6     56   22  93  133  -20   86  -29   86  -29  18  0  0 L3P EE
G32 FF 61145 092200  780 400 1469      -33365   -198           6     -2   20  31  114   17   60   20   60   20  17  0  0 L3P AD
G01 FF 61145 093800  780 316 2143    -2972288     48         -18    -34   25 160  140  -26   96   42   96   42  19  0  0 L3P 30
G02 FF 61145 093800  780 640 2030     -791696    -72           7      6   11  99   82   -6   57   15   57   15   9  0  0 L3P AB
G03 FF 61145 093800  780 188 2458    -5026395    112          13    -31   45  24  225  -32   75   47   75   47  39  0  0 L3P 25
G08 FF 61145 093800  780 407 3096    -4611990     78           4     11   20 101  113   11   76   22   76   22  14  0  0 L3P DD
G27 FF 61145 093800  780 289 3478     1078170    185          38     21   26  72  152   33   80    8   80    8  23  0  0 L3P E0
G28 FF 61145 093800  780 430  780     5547211    -91          21      1   26  36  108   -5   83    5   83    5  23  0  0 L3P 9B
G31 FF 61145 093800  780 391  401     1552844    -37          24    -13   17  93  116  -14   82   21   82   21  14  0  0 L3P E4
G32 FF 61145 093800  780 331 1462      -33549   -162          10     33   24  31  134   25   80   -8   80   -8  20  0  0 L3P C6
G01 FF 61145 095400  780 382 2128    -2972181     80          10     -2   24 160  119  -18   85   15   85   15  22  0  0 L3P FA
G02 FF 61145 095400  780 723 2039     -791769    -72           8      5   14  99   77   -4   66    3   66    3  14  0  0 L3P A0
G03 FF 61145 095400  780 216 2389    -5026257    185          15     42   27  24  199  -25   90  -15   90  -15  24  0  0 L3P 2C
G04 FF 61145 095400  780 212 3086     -533794     56          37     72   40 194  202  -51  100  -45  100  -45  28  0  0 L3P 29
G08 FF 61145 095400  780 357 3175    -4611920     62           9     -5   15 101  126   16   94   22   94   22  11  0  0 L3P DE
G27 FF 61145 095400  780 225 3517     1078315    153          26    -11   24  72  191   51  127   42  127   42  19  0  0 L3P 19
G28 FF 61145 095400  780 445  889     5547123    -83          21      9   21  36  105   -1   88    3   88    3  20  0  0 L3P AB
G31 FF 61145 095400  780 445  478     1552807    -25           9     -1   18  93  105  -10   96   -1   96   -1  15  0  0 L3P C8
G32 FF 61145 095400  780 265 1446      -33747   -161           0     34   23  31  164   38  114    1  114    1  17  0  0 L3P BB
G01 FF 61145 101000  780 451 2121    -2972100     22          11    -60   17 161  104  -13   85   45   85   45  15  0  0 L3P E8
G02 FF 61145 101000  780 807 2108     -791849   -105           4    -27   12 100   75   -2   76   19   76   19  10  0  0 L3P DE
G03 FF 61145 101000  780 244 2321    -5026116    151          20      8   29  43  177  -20   97  -13   97  -13  27  0  0 L3P F7
G04 FF 61145 101000  780 265 3029     -533809    -76          33    -60   28 195  164  -31  106   45  106   45  24  0  0 L3P 2A
G08 FF 61145 101000  780 304 3243    -4611857     57           7    -10   24 104  145   24  114   21  114   21  20  0  0 L3P EC
G28 FF 61145 101000  780 445 1000     5547042   -150          31    -58   34  37  105    2   87   52   87   52  29  0  0 L3P E8
G31 FF 61145 101000  780 494  570     1552795    -57          16    -33   14  94   97   -7   95   31   95   31  11  0  0 L3P D6
G32 FF 61145 101000  780 203 1424      -33930   -260           2    -64   46  53  211   61  134   79  134   79  34  0  0 L3P EA
G01 FF 61145 102600  780 523 2127    -2972024     71           7    -11   18 161   93  -10   88   14   88   14  15  0  0 L3P E2
G02 FF 61145 102600  780 871 2810     -791933    -74          -5      3   14 100   74    0   91    3   91    3  11  0  0 L3P 7F
G03 FF 61145 102600  780 274 2253    -5025984    118          15    -25   35  43  159  -17  105   32  105   32  31  0  0 L3P 26
G04 FF 61145 102600  780 315 2962     -533834    -20          24     -4   23 195  140  -20  113    2  113    2  18  0  0 L3P D7
G08 FF 61145 102600  780 252 3303    -4611787     36          12    -31   42 104  172   34  137   49  137   49  36  0  0 L3P 26
G28 FF 61145 102600  780 428 1104     5546935   -135          13    -43   25  37  108    5  107   39  107   39  22  0  0 L3P 17
G31 FF 61145 102600  780 532  683     1552774    -28          18     -4   26  94   92   -4   93   -2   93   -2  21  0  0 L3P B4
G01 FF 61145 104200  780 597 2152    -2971943     87          10      5   15 161   85   -7   91    5   91    5  13  0  0 L3P AF
G02 FF 61145 104200  780 806 3515     -791993    -97           8    -20   35 100   75    2   86   25   86   25  35  0  0 L3P D7
G03 FF 61145 104200  780 307 2185    -5025842    159          19     16   23  43  143  -15  104    1  104    1  20  0  0 L3P E2
G04 FF 61145 104200  780 360 2884     -533845    -13          28      3   34 195  125  -13  114   -2  114   -2  27  0  0 L3P F5
G08 FF 61145 104200  780 201 3359    -4611730     93           5     26   41 104  213   51  182   37  182   37  33  0  0 L3P FA
G28 FF 61145 104200  780 397 1196     5546844   -121          11    -29   20  37  115    9  114   44  114   44  18  0  0 L3P 17
G31 FF 61145 104200  780 555  816     1552748    -22          14      2   16  94   89   -1   97    3   97    3  14  0  0 L3P 91
G01 FF 61145 105800  780 670 2214    -2971866     56           9    -26   17 161   80   -4   93   23   93   23  14  0  0 L3P E4
G02 FF 61145 105800  780 719 3592     -792076    -63           0     14   13 100   77    4  102   -4  102   -4  11  0  0 L3P BE
G03 FF 61145 105800  780 342 2116    -5025717    127           7    -16   26  43  130  -13  116    6  116    6  23  0  0 L3P E8
G04 FF 61145 105800  780 400 2796     -533874    -47          14    -31   22 195  114   -9  122   28  122   28  18  0  0 L3P 1F
G28 FF 61145 105800  780 355 1271     5546752    -82           7     10   26  37  127   15  128   10  128   10  23  0  0 L3P F2
G31 FF 61145 105800  780 558  957     1552705    -47          -6    -23   23  94   89    1  109   16  109   16  21  0  0 L3P EA
G01 FF 61145 111400  780 736 2354    -2971792     73           4     -9   12 161   77   -2  102   18  102   18  10  0  0 L3P DF
G02 FF 61145 111400  780 632   16     -792143    -51           7     26   23 100   82    7  112    6  112    6  21  0  0 L3P 74
G03 FF 61145 111400  780 381 2047    -5025582    105           4    -38   27  43  119  -11  117   33  117   33  24  0  0 L3P 0D
G04 FF 61145 111400  780 433 2698     -533878      9          26     24   21 195  107   -6  118  -20  118  -20  17  0  0 L3P 0D
G28 FF 61145 111400  780 304 1328     5546667   -114          11    -22   29  37  145   24  142   43  142   43  26  0  0 L3P 1E
G31 FF 61145 111400  780 540 1089     1552680      4          -7     28   20  94   91    3  115  -15  115  -15  18  0  0 L3P CE
G01 FF 61145 113000  780 778 2653    -2971716     92           2     10   17 161   75   -1  113    6  113    6  14  0  0 L3P BF
G02 FF 61145 113000  780 547   27     -792224    -92           0    -15   14 100   90   10  139   34  139   34  11  0  0 L3P BE
G03 FF 61145 113000  780 422 1975    -5025439    124           9    -20   19  43  109   -9  115   14  115   14  16  0  0 L3P 00
G04 FF 61145 113000  780 459 2592     -533905     -8          14      8   18 195  102   -4  133   -9  133   -9  16  0  0 L3P E4
G09 FF 61145 113000  780 186 2805    -7595528     37           1      5   72  48  228  -42  216  -14  216  -14  71  0  0 L3P 16
G28 FF 61145 113000  780 249 1370     5546569   -100           0     -8   23  37  174   39  172   30  172   30  19  0  0 L3P 01
G31 FF 61145 113000  780 505 1199     1552653    -33         -12     -9   25  94   95    6  130   24  130   24  22  0  0 L3P DD
G01 FF 61145 114600  780 766 3038    -2971646     50          -7    -32   14 161   76    1  130   40  130   40  12  0  0 L3P E9
G02 FF 61145 114600  780 464   35     -792307    -71          -8      6   14 100  102   14  173   31  173   31  11  0  0 L3P BD
G03 FF 61145 114600  780 466 1899    -5025311    147           0      4   20  43  101   -8  129    0  129    0  17  0  0 L3P BA
G04 FF 61145 114600  780 477 2479     -533933    -29           2    -13   16 195   99   -2  145   21  145   21  15  0  0 L3P 03
G09 FF 61145 114600  780 220 2735    -7595578   -199         -79   -231   37  48  195  -28  296  240  296  240  34  0  0 L3P B8
G26 FF 61145 114600  780 197  818     3539438     74         -24     27   31  75  216  -21  300  -15  300  -15  26  0  0 L3P 1F
G28 FF 61145 114600  780 190 1399     5546471   -128          -9    -36   42  37  224   65  220  104  220  104  31  0  0 L3P 45
G31 FF 61145 114600  780 457 1282     1552632      2         -10     25   25  94  103   10  148    0  148    0  25  0  0 L3P B8
G01 FF 61145 120200  780 709 3271    -2971559    105           4     23   18 162   78    3  141   12  141   12  14  0  0 L3P E2
G02 FF 61145 120200  780 385   44     -792383    -64          -8     14   19 101  118   21  215   42  215   42  15  0  0 L3P DA
G03 FF 61145 120200  780 512 1816    -5025173    159           2     16   15  51   94   -6  134   -4  134   -4  13  0  0 L3P D0
G04 FF 61145 120200  780 488 2363     -533949     -4          -6     12   22 196   98   -1  152    2  152    2  20  0  0 L3P BB
G09 FF 61145 120200  780 251 2661    -7595497    180         -28    148   31  49  173  -19  248 -143  248 -143  26  0  0 L3P A0
G26 FF 61145 120200  780 214  891     3539521      0          15    -47   32  84  200  -12  272   39  272   39  28  0  0 L3P ED
G31 FF 61145 120200  780 401 1340     1552606    -73         -12    -49   17 103  114   14  172   66  172   66  15  0  0 L3P 1B
G01 FF 61145 121800  780 636 3385    -2971481     60           4    -22   32 162   82    6  165   41  165   41  30  0  0 L3P EC
G02 FF 61145 121800  780 310   54     -792454    -72          -4      5   24 101  143   31  270   62  270   62  18  0  0 L3P C4
G03 FF 61145 121800  780 560 1720    -5025046    174          -8     31   18  51   89   -5  157  -20  157  -20  16  0  0 L3P 0F
G04 FF 61145 121800  780 492 2246     -533962    -30          -5    -14   24 196   97    0  162   24  162   24  20  0  0 L3P F2
G09 FF 61145 121800  780 279 2584    -7595439     24           0     -7   28  49  157  -14  221    7  221    7  23  0  0 L3P F0
G16 FF 61145 121800  780 197  644    -2454285    -54           8     17   38 111  217  -35  348  -31  348  -31  34  0  0 L3P 39
G26 FF 61145 121800  780 223  966     3539549      5          -2    -42   33  84  192   -5  291   44  291   44  28  0  0 L3P F1
G31 FF 61145 121800  780 341 1379     1552583    -38         -12    -14   20 103  131   21  204   53  204   53  15  0  0 L3P 15
G01 FF 61145 123400  780 559 3449    -2971406     80           0     -2   37 162   89    8  197   42  197   42  37  0  0 L3P F9
G02 FF 61145 123400  780 239   67     -792528    -75          -4      2   31 101  181   50  343   90  343   90  26  0  0 L3P D6
G03 FF 61145 123400  780 606 1605    -5024905    153          -5      9   11  51   84   -4  166   13  166   13  11  0  0 L3P DA
G04 FF 61145 123400  780 492 2130     -533979      4          -6     20   13 196   97    0  177   -2  177   -2  13  0  0 L3P C3
G09 FF 61145 123400  780 304 2504    -7595408     51           0     19   20  49  145  -11  233   -3  233   -3  18  0  0 L3P EB
G16 FF 61145 123400  780 228  715    -2454372   -108         -11    -38   33 111  189  -24  363   31  363   31  28  0  0 L3P 49
G26 FF 61145 123400  780 225 1042     3539615     31          19    -16   32  84  191    3  288   40  288   40  27  0  0 L3P FA
G31 FF 61145 123400  780 280 1403     1552561    -14         -11     10   21 103  156   33  256   58  256   58  16  0  0 L3P 11
G01 FF 61145 125000  780 481 3491    -2971336     83          -8      1   35 162   99   12  234   42  234   42  31  0  0 L3P EE
G03 FF 61145 125000  780 648 1458    -5024770    166          -7     23   11  51   81   -3  180   -5  180   -5   9  0  0 L3P DD
G04 FF 61145 125000  780 487 2018     -534001     18         -13     34   17 196   98    1  195  -13  195  -13  14  0  0 L3P 06
G07 FF 61145 125000  780 247 3205     1734471     37         -33     -8   17  12  175  -43  334   -8  334   -8  12  0  0 L3P 02
G09 FF 61145 125000  780 328 2423    -7595376     25           2     -7   28  49  135   -9  242   17  242   17  25  0  0 L3P FC
G16 FF 61145 125000  780 254  790    -2454424   -191           5   -121   38 111  170  -15  345  116  345  116  34  0  0 L3P 58
G26 FF 61145 125000  780 217 1115     3539636     45          -5     -2   27  84  198   11  343   36  343   36  19  0  0 L3P FA
G31 FF 61145 125000  780 218 1414     1552557    -87           8    -63   23 103  197   54  298  135  298  135  19  0  0 L3P 50
G01 FF 61145 130600  780 405 3522    -2971260    121         -11     39   18 162  113   18  282   30  282   30  14  0  0 L3P 1C
G03 FF 61145 130600  780 677 1269    -5024639    152         -13      9   13  51   80   -1  197   -3  197   -3  11  0  0 L3P F5
G04 FF 61145 130600  780 480 1909     -534015      0         -11     16   18 196   99    1  209   -2  209   -2  15  0  0 L3P CA
G07 FF 61145 130600  780 310 3162     1734533     55         -15     10   18  12  143  -27  305  -21  305  -21  14  0  0 L3P 0A
G09 FF 61145 130600  780 351 2340    -7595351     32          -4      0   23  49  128   -7  253    5  253    5  19  0  0 L3P C6
G16 FF 61145 130600  780 274  869    -2454528    -63         -32      7   27 111  159   -9  380  -13  380  -13  21  0  0 L3P 2D
G26 FF 61145 130600  780 200 1184     3539690     68           4     22   23  84  213   22  373   24  373   24  16  0  0 L3P E5
G01 FF 61145 132200  780 333 3550    -2971177     49          -7    -32   17 162  134   26  340   91  340   91  12  0  0 L3P 19
G03 FF 61145 132200  780 685 1046    -5024499    138         -11     -6   12  51   79    0  207   21  207   21  10  0  0 L3P E9
G04 FF 61145 132200  780 472 1804     -534033     -9         -14      7   23 196  100    2  224   -1  224   -1  20  0  0 L3P BC
G06 FF 61145 132200  780 209 2310     6103573    -24          10     -6   33  69  205  -36  318   -2  318   -2  29  0  0 L3P F4
G07 FF 61145 132200  780 371 3107     1734582     33         -10    -12   19  12  122  -18  291   -5  291   -5  14  0  0 L3P 02
G09 FF 61145 132200  780 373 2256    -7595314     51           3     19   26  49  121   -6  249  -12  249  -12  23  0  0 L3P 10
G16 FF 61145 132200  780 287  951    -2454553    -23          11     47   38 111  153   -4  346  -38  346  -38  33  0  0 L3P 31
G01 FF 61145 133800  780 264 3576    -2971098    134          -6     52   26 162  165   40  416   54  416   54  22  0  0 L3P 33
G03 FF 61145 133800  780 667  827    -5024375    142         -24     -2   13  51   80    2  229   16  229   16  12  0  0 L3P E7
G04 FF 61145 133800  780 462 1701     -534049    -11         -15      5   23 196  102    2  236   13  236   13  20  0  0 L3P E1
G06 FF 61145 133800  780 242 2377     6103552     -5           6     13   33  69  178  -20  328    8  328    8  31  0  0 L3P D6
G07 FF 61145 133800  780 430 3037     1734618     50         -18      4   32  12  108  -12  287  -15  287  -15  21  0  0 L3P 15
G09 FF 61145 133800  780 395 2171    -7595290      9          -4    -23   26  49  115   -6  257   15  257   15  24  0  0 L3P 11
G16 FF 61145 133800  780 289 1033    -2454628   -137           4    -67   22 111  152    1  349   56  349   56  19  0  0 L3P 34
G01 FF 61145 135400  780 199    3    -2970987    107          26     25   28 162  215   66  502  125  502  125  20  0  0 L3P 1B
G03 FF 61145 135400  780 627  650    -5024230    140         -17     -3   13  51   83    4  240   19  240   19  12  0  0 L3P CF
G04 FF 61145 135400  780 452 1600     -534053     37          -4     53   25 196  103    2  239  -28  239  -28  23  0  0 L3P 05
G06 FF 61145 135400  780 265 2453     6103539      0          11     19   22  69  164  -10  338    7  338    7  20  0  0 L3P CF
G07 FF 61145 135400  780 485 2950     1734673     45          -6      0   18  12   98   -8  266  -13  266  -13  14  0  0 L3P F7
G09 FF 61145 135400  780 418 2084    -7595260     67          -4     35   22  49  110   -5  261  -31  261  -31  18  0  0 L3P 1A
G16 FF 61145 135400  780 281 1113    -2454703   -119          -4    -48   47 111  156    7  354   48  354   48  43  0  0 L3P 37
G03 FF 61145 141000  780 571  521    -5024085    161          -7     18   14  59   88    6  244   -7  244   -7  12  0  0 L3P D2
G04 FF 61145 141000  780 441 1501     -534065      9          -4     25   17 197  105    2  249  -26  249  -26  16  0  0 L3P F1
G06 FF 61145 141000  780 277 2535     6103524      1          17     19   20  96  158   -3  348  -17  348  -17  16  0  0 L3P 03
G07 FF 61145 141000  780 532 2841     1734702     56         -24     10   10  13   92   -5  257  -24  257  -24   8  0  0 L3P EB
G09 FF 61145 141000  780 441 1994    -7595224     68           2     37   14  50  106   -5  258  -31  258  -31  12  0  0 L3P 10
G16 FF 61145 141000  780 262 1188    -2454767    -39           0     32   25 118  166   14  356  -20  356  -20  20  0  0 L3P 28
G30 FF 61145 141000  780 206 3013    -1884997   -104          33     29   32  84  208  -49  462  -79  462  -79  26  0  0 L3P 67
G03 FF 61145 142600  780 506  428    -5023946    142          -6     -2   16  59   95   10  252    8  252    8  14  0  0 L3P C9
G04 FF 61145 142600  780 430 1403     -534099     16         -22     32   18 197  108    3  262  -45  262  -45  17  0  0 L3P 18
G06 FF 61145 142600  780 277 2621     6103501    -44          12    -25   30  96  158    3  355   32  355   32  25  0  0 L3P FA
G07 FF 61145 142600  780 570 2709     1734767     48          -3      2   15  13   88   -3  224  -27  224  -27  13  0  0 L3P EF
G09 FF 61145 142600  780 464 1901    -7595196     20          -1    -12   19  50  101   -4  245   -9  245   -9  17  0  0 L3P 04
G16 FF 61145 142600  780 233 1254    -2454830   -140           5    -69   30 118  185   25  356   79  356   79  23  0  0 L3P 47
G30 FF 61145 142600  780 255 2953    -1885138   -112          19     21   24  84  170  -30  414  -82  414  -82  23  0  0 L3P 4D
G03 FF 61145 144200  780 436  362    -5023811    141          -8     -2   16  59  107   14  269   15  269   15  12  0  0 L3P F6
G04 FF 61145 144200  780 416 1306     -534086      1           6     17   25 197  110    3  224  -35  224  -35  19  0  0 L3P DD
G06 FF 61145 144200  780 266 2707     6103467    -41          -6    -22   33  96  164    9  389   25  389   25  30  0  0 L3P 14
G07 FF 61145 144200  780 594 2555     1734797     35         -16    -11   18  13   85   -2  215   -7  215   -7  14  0  0 L3P FE
G09 FF 61145 144200  780 488 1803    -7595160    -12           4    -44   14  50   98   -4  223   13  223   13  11  0  0 L3P F1
G16 FF 61145 144200  780 197 1311    -2454895    -79           7     -8   25 118  217   43  369   37  369   37  20  0  0 L3P 32
G30 FF 61145 144200  780 300 2885    -1885258   -110          27     23   15  84  147  -20  343  -92  343  -92  13  0  0 L3P 4E
G03 FF 61145 145800  780 365  314    -5023685    139         -20     -4   20  59  124   22  305   48  305   48  16  0  0 L3P 0E
G04 FF 61145 145800  780 401 1211     -534130    -45         -23    -29   20 197  114    4  235   25  235   25  15  0  0 L3P 04
G06 FF 61145 145800  780 246 2789     6103485    -11          30      8   31  96  176   16  361    3  361    3  27  0  0 L3P E0
G07 FF 61145 145800  780 602 2390     1734844     50         -12      5   15  13   85    0  192  -24  192  -24  13  0  0 L3P E3
G09 FF 61145 145800  780 511 1698    -7595131     31           3     -1   16  50   94   -3  203  -25  203  -25  13  0  0 L3P EC
G30 FF 61145 145800  780 341 2809    -1885396   -161          17    -28   22  84  131  -14  286  -39  286  -39  19  0  0 L3P 7E
G03 FF 61145 151400  780 293  279    -5023531    147          -3      4   24  59  150   34  353   70  353   70  19  0  0 L3P EF
G04 FF 61145 151400  780 383 1117     -534135     -8         -13      8   20 197  118    5  229   -2  229   -2  17  0  0 L3P DB
G06 FF 61145 151400  780 219 2867     6103459    -47          21    -28   29  96  196   26  407   61  407   61  25  0  0 L3P 31
G07 FF 61145 151400  780 595 2225     1734891     54          -9      8   15  13   85    1  176  -17  176  -17  12  0  0 L3P EB
G09 FF 61145 151400  780 533 1585    -7595101     61           3     29   14  50   92   -2  186  -43  186  -43  11  0  0 L3P FE
G30 FF 61145 151400  780 378 2724    -1885523   -120          18     13   23  84  120  -10  237  -49  237  -49  19  0  0 L3P 53
G03 FF 61145 153000  780 222  255    -5023389    160           1     17   23  59  194   60  458  121  458  121  19  0  0 L3P 16
G04 FF 61145 153000  780 361 1026     -534152    -26         -14    -10   20 197  124    7  246   45  246   45  17  0  0 L3P 0B
G06 FF 61145 153000  780 187 2940     6103442    -14          22      4   39  96  227   40  471  102  471  102  30  0  0 L3P 09
G07 FF 61145 153000  780 576 2074     1734938     40          -6     -6   13  13   87    2  171    7  171    7  12  0  0 L3P AA
G09 FF 61145 153000  780 550 1461    -7595061     44          12     12   14  50   90   -2  172    0  172    0  12  0  0 L3P AF
G14 FF 61145 153000  780 255 3392    -7433514    -44           5    -30   19 177  170  -45  428 -103  428 -103  16  0  0 L3P 6B
G30 FF 61145 153000  780 409 2631    -1885673   -119          -4     14   18  84  112   -7  235  -13  235  -13  15  0  0 L3P 31
G04 FF 61145 154600  780 336  938     -534167    -54         -13    -39   27 197  133   10  271   73  271   73  24  0  0 L3P 2D
G07 FF 61145 154600  780 549 1940     1734979     52          -9      7   24  13   90    3  176   -1  176   -1  21  0  0 L3P C6
G09 FF 61145 154600  780 561 1328    -7595039     22           3    -10   15  50   89   -1  187   28  187   28  13  0  0 L3P FF
G14 FF 61145 154600  780 327 3380    -7433497    -20          34     -7   39 177  136  -28  309  -64  309  -64  35  0  0 L3P 67
G30 FF 61145 154600  780 435 2532    -1885779   -144          17    -11   16  84  107   -5  200   -3  200   -3  14  0  0 L3P 1A
G04 FF 61145 160200  780 306  855     -534157    -77           8    -61   33 198  144   14  281   89  281   89  30  0  0 L3P 18
G07 FF 61145 160200  780 517 1822     1735023     46          -7      1   17  26   94    4  186   21  186   21  14  0  0 L3P BA
G09 FF 61145 160200  780 563 1188    -7595004     26           9     -6   15  87   88    0  192   20  192   20  13  0  0 L3P D8
G14 FF 61145 160200  780 401 3360    -7433545    -45          -6    -32   24 178  114  -18  289   -2  289   -2  23  0  0 L3P 33
G21 FF 61145 160200  780 232 2235    -4143744    -28          14    -17   37 179  186  -43  261    2  261    2  33  0  0 L3P 14
G22 FF 61145 160200  780 234 3357      181684    -58          15      2   44  36  185  -51  471 -119  471 -119  41  0  0 L3P 37
G30 FF 61145 160200  780 456 2428    -1885913   -122           8     11   18  85  103   -3  203  -18  203  -18  15  0  0 L3P 1F
G04 FF 61145 161800  780 272  778     -534190     23          -9     39   36 198  160   20  345   14  345   14  29  0  0 L3P 02
G07 FF 61145 161800  780 483 1717     1735070     29          -4    -16   13  26   98    5  199   27  199   27  12  0  0 L3P FC
G08 FF 61145 161800  780 179 1025    -4610372    152          15     85   35  26  237   -4  396 -102  396 -102  27  0  0 L3P 5C
G09 FF 61145 161800  780 555 1048    -7594973     57          10     25   18  87   89    2  208  -12  208  -12  16  0  0 L3P 1A
G14 FF 61145 161800  780 477 3330    -7433549    -22           4     -9   32 178   99  -13  254  -17  254  -17  30  0  0 L3P 38
G21 FF 61145 161800  780 286 2280    -4143757    -42          11    -32   30 179  153  -26  256   24  256   24  27  0  0 L3P 45
G22 FF 61145 161800  780 302 3339      181620    -89           8    -29   29  36  146  -31  379  -51  379  -51  25  0  0 L3P 30
G30 FF 61145 161800  780 471 2320    -1886048   -140           0     -7   19  85  100   -2  205    9  205    9  15  0  0 L3P DB
G04 FF 61145 163400  780 234  706     -534222    -23         -26     -7   41 198  184   30  416   70  416   70  33  0  0 L3P 05
G07 FF 61145 163400  780 449 1621     1735112     34          -5    -11   24  26  104    6  209   19  209   19  20  0  0 L3P E3
G08 FF 61145 163400  780 177 1097    -4610300     67          23      0   39  26  239    7  372  -18  372  -18  34  0  0 L3P 09
G09 FF 61145 163400  780 534  914    -7594947      4           4    -28   17  87   92    3  228   37  228   37  15  0  0 L3P E3
G14 FF 61145 163400  780 554 3284    -7433562    -51           4    -37   17 178   89   -9  236   22  236   22  15  0  0 L3P 20
G21 FF 61145 163400  780 333 2340    -4143770     -2           8      9   28 179  134  -16  253  -12  253  -12  24  0  0 L3P 0D
G22 FF 61145 163400  780 371 3311      181554   -116           1    -56   30  36  122  -20  325    4  325    4  30  0  0 L3P CC
G30 FF 61145 163400  780 482 2209    -1886179   -105          -3     28   16  85   99   -1  205  -25  205  -25  14  0  0 L3P 2F
G04 FF 61145 165000  780 192  641     -534233    -46         -21    -30   41 198  221   49  488  118  488  118  35  0  0 L3P 4E
G07 FF 61145 165000  780 416 1532     1735150     54         -10      8   22  26  111    7  227   11  227   11  18  0  0 L3P C9
G09 FF 61145 165000  780 503  793    -7594915     20           7    -12   18  87   96    5  247   33  247   33  16  0  0 L3P E9
G14 FF 61145 165000  780 630 3212    -7433575    -52           4    -38   17 178   83   -6  226   22  226   22  15  0  0 L3P 0B
G21 FF 61145 165000  780 372 2415    -4143778     -9          10      1   20 179  121  -10  251   -3  251   -3  17  0  0 L3P ED
G22 FF 61145 165000  780 441 3272      181492    -95          -4    -35   15  36  106  -14  294   11  294   11  13  0  0 L3P 01
G30 FF 61145 165000  780 488 2098    -1886295   -126           9      7   16  85   98   -1  198   -6  198   -6  13  0  0 L3P 13
G05 FF 61145 170600  780 188 2296     2317709     48           4     44   29  87  226  -44  342  -35  342  -35  26  0  0 L3P 2B
G07 FF 61145 170600  780 384 1447     1735195     43         -10     -3   15  26  118    8  239   14  239   14  12  0  0 L3P F3
G09 FF 61145 170600  780 461  689    -7594878     24          12     -8   17  87  102    8  268   44  268   44  16  0  0 L3P 0F
G14 FF 61145 170600  780 701 3093    -7433593    -20          -1     -6   16 178   78   -3  223   -8  223   -8  14  0  0 L3P FE
G21 FF 61145 170600  780 400 2504    -4143793    -13           5     -3   20 179  114   -5  260   14  260   14  18  0  0 L3P F2
G22 FF 61145 170600  780 511 3217      181430    -68          -8     -7   13  36   94  -10  275  -13  275  -13  12  0  0 L3P F6
G30 FF 61145 170600  780 492 1987    -1886434   -154          -2    -21   19  85   97    0  211   20  211   20  16  0  0 L3P 0A
G05 FF 61145 172200  780 221 2359     2317726    -28          17    -33   30  87  194  -25  339   31  339   31  24  0  0 L3P 29
G07 FF 61145 172200  780 353 1365     1735244     21          -4    -24   19  26  127   10  246   39  246   39  17  0  0 L3P 05
G09 FF 61145 172200  780 413  601    -7594851     50           9     18   22  87  111   12  305   24  305   24  20  0  0 L3P D8
G14 FF 61145 172200  780 758 2875    -7433605     -7           0      6   16 178   76   -2  220   -2  220   -2  12  0  0 L3P CC
G17 FF 61145 172200  780 233  137     1135158    106          30     16   35  30  185  -44  562 -144  562 -144  29  0  0 L3P 41
G21 FF 61145 172200  780 413 2604    -4143794    -15          13     -5   28 179  111   -1  270   24  270   24  26  0  0 L3P 0D
G22 FF 61145 172200  780 578 3139      181382    -66           2     -6   13  36   87   -6  254   -2  254   -2  12  0  0 L3P C1
G30 FF 61145 172200  780 493 1877    -1886564   -135          -5     -2   16  85   97    0  217    7  217    7  16  0  0 L3P EF
G05 FF 61145 173800  780 245 2431     2317719     20           6     16   26  87  176  -13  359    7  359    7  23  0  0 L3P E7
G07 FF 61145 173800  780 324 1286     1735278     21         -14    -24   24  26  137   11  271   46  271   46  18  0  0 L3P 1B
G09 FF 61145 173800  780 358  529    -7594808     11          22    -20   30  87  125   18  342   75  342   75  23  0  0 L3P 1B
G14 FF 61145 173800  780 782 2505    -7433613    -15           5     -2   14 178   75    0  217    4  217    4  12  0  0 L3P C6
G17 FF 61145 173800  780 292  178     1135220    107           6     17   44  30  151  -30  478 -108  478 -108  39  0  0 L3P 3E
G21 FF 61145 173800  780 412 2709    -4143817     22           0     32   22 179  112    2  304   -5  304   -5  19  0  0 L3P DA
G22 FF 61145 173800  780 640 3025      181334    -36          12     24   15  36   82   -4  240  -23  240  -23  14  0  0 L3P DF
G30 FF 61145 173800  780 492 1768    -1886685   -121           2     12   15  85   97    0  215    0  215    0  13  0  0 L3P D1
G05 FF 61145 175400  780 259 2509     2317733     38          16     34   25  87  168   -5  371  -16  371  -16  22  0  0 L3P 24
G07 FF 61145 175400  780 295 1209     1735330     30          -5    -16   19  26  149   13  288   36  288   36  14  0  0 L3P 14
G09 FF 61145 175400  780 300  469    -7594778     32          21      0   31  87  147   27  409   79  409   79  23  0  0 L3P 0D
G13 FF 61145 175400  780 222 2162    -6794133     44         -14     28   24 135  194  -50  324  -56  324  -56  21  0  0 L3P 4E
G14 FF 61145 175400  780 757 2148    -7433630     -8           1      6   12 178   76    2  219  -13  219  -13  11  0  0 L3P EB
G17 FF 61145 175400  780 354  222     1135320     53          20    -37   26  30  127  -20  393  -44  393  -44  24  0  0 L3P 0F
G21 FF 61145 175400  780 396 2811    -4143821    -27           6    -16   19 179  115    6  329   51  329   51  16  0  0 L3P 1F
G22 FF 61145 175400  780 690 2856      181274    -70          10     -9   14  36   79   -2  235   -3  235   -3  12  0  0 L3P D1
G30 FF 61145 175400  780 490 1659    -1886825   -154         -10    -21   16  85   97    1  224   13  224   13  14  0  0 L3P 22
G05 FF 61145 181000  780 262 2591     2317747    -17          20    -21   29  88  166    2  389   49  389   49  27  0  0 L3P 27
G07 FF 61145 181000  780 268 1133     1735382     83           0     37   26  27  163   16  287  -35  287  -35  26  0  0 L3P 13
G09 FF 61145 181000  780 240  421    -7594737     64          32     32   24  91  180   45  484   84  484   84  18  0  0 L3P 10
G13 FF 61145 181000  780 283 2145    -6794126    -46         -24    -62   29 146  155  -33  302   18  302   18  25  0  0 L3P 4F
G14 FF 61145 181000  780 703 1935    -7433641     -8           3      6   16 179   78    3  212   -7  212   -7  14  0  0 L3P C5
G17 FF 61145 181000  780 418  273     1135394     34           7    -56   19  51  110  -14  340  -24  340  -24  16  0  0 L3P FC
G19 FF 61145 181000  780 230   20    -6971527    -91          51    -80   17  98  188  -52  647 -135  647 -135  14  0  0 L3P 62
G20 FF 61145 181000  780 233 2175    -1094220   -164          15     27   37   7  185  -49  326  -58  326  -58  31  0  0 L3P 42
G21 FF 61145 181000  780 369 2906    -4143826    -11           7     -1   15 180  122    9  363   39  363   39  13  0  0 L3P 00
G22 FF 61145 181000  780 718 2621      181203    -96           0    -35   14  37   77   -1  228   13  228   13  12  0  0 L3P C9
G30 FF 61145 181000  780 485 1550    -1886941   -184           8    -51   23  86   98    1  213   51  213   51  21  0  0 L3P 02
G05 FF 61145 182600  780 254 2674     2317783     44          52     39   27  88  171    8  384   -1  384   -1  24  0  0 L3P FA
G07 FF 61145 182600  780 240 1059     1735422     80          -4     35   32  27  180   20  302   -2  302   -2  27  0  0 L3P D2
G13 FF 61145 182600  780 347 2135    -6794115     11         -29     -4   17 146  129  -22  282  -24  282  -24  15  0  0 L3P 4D
G14 FF 61145 182600  780 641 1808    -7433650    -27           6    -14   14 179   82    5  203    9  203    9  12  0  0 L3P DF
G17 FF 61145 182600  780 482  336     1135486    118          12     29   14  51   99  -10  284  -74  284  -74  11  0  0 L3P 22
G19 FF 61145 182600  780 298   49    -6971549    -51          39    -40   22  98  148  -33  487 -100  487 -100  20  0  0 L3P 6C
G20 FF 61145 182600  780 298 2180    -1094413   -202           5    -11   30   7  148  -31  305  -13  305  -13  27  0  0 L3P 1E
G21 FF 61145 182600  780 333 2991    -4143837    -22           6    -12   28 180  134   14  407   62  407   62  22  0  0 L3P 20
G22 FF 61145 182600  780 716 2356      181148    -44           2     16   17  37   77    1  212  -25  212  -25  14  0  0 L3P D2
G30 FF 61145 182600  780 478 1442    -1887059   -167          17    -34   24  86   99    1  200   24  200   24  21  0  0 L3P 18
G05 FF 61145 184200  780 237 2755     2317794   -173          59   -178   48  88  182   15  424  227  424  227  46  0  0 L3P 8A
G07 FF 61145 184200  780 211  987     1735471     86           1     40   35  27  202   27  315  -18  315  -18  32  0  0 L3P F4
G13 FF 61145 184200  780 414 2135    -6794076     14          -5     -2   18 146  111  -16  240  -30  240  -30  16  0  0 L3P 21
G14 FF 61145 184200  780 578 1719    -7433673    -26          -3    -12   19 179   87    6  212    7  212    7  16  0  0 L3P FE
G17 FF 61145 184200  780 544  418     1135562     92           2      2   11  51   90   -7  254  -39  254  -39  10  0  0 L3P C7
G19 FF 61145 184200  780 369   79    -6971565     -8          35      3   21  98  122  -22  367 -110  367 -110  18  0  0 L3P 32
G20 FF 61145 184200  780 364 2196    -1094593   -211           9    -20   27   7  124  -20  278  -16  278  -16  22  0  0 L3P 3B
G21 FF 61145 184200  780 292 3067    -4143839      0          13     10   36 180  150   21  458   65  458   65  25  0  0 L3P 0D
G22 FF 61145 184200  780 687 2130      181099    -71          11    -11   22  37   79    2  202    8  202    8  19  0  0 L3P B4
G30 FF 61145 184200  780 468 1336    -1887209   -116          -5     17   26  86  101    2  219  -31  219  -31  22  0  0 L3P 2A
G05 FF 61145 185800  780 213 2832     2317748    -22           8    -27   34  88  201   25  536  102  536  102  28  0  0 L3P 2E
G07 FF 61145 185800  780 182  918     1735499     23         -14    -23   30  27  233   38  348   39  348   39  24  0  0 L3P 26
G13 FF 61145 185800  780 484 2149    -6794067     -8         -11    -24   20 146   98  -11  225  -10  225  -10  17  0  0 L3P 4A
G14 FF 61145 185800  780 517 1648    -7433691    -34          -8    -20   18 179   94    8  207    4  207    4  16  0  0 L3P 03
G15 FF 61145 185800  780 196 2221    -4033814    -25          54      8   42 111  218  -60  321  -87  321  -87  38  0  0 L3P 44
G17 FF 61145 185800  780 599  532     1135645     63          -1    -27   17  51   85   -4  223   -5  223   -5  15  0  0 L3P DB
G19 FF 61145 185800  780 445  113    -6971593    -52          17    -40   32  98  105  -15  302  -31  302  -31  30  0  0 L3P 34
G20 FF 61145 185800  780 430 2229    -1094787   -210          -3    -19   20   7  108  -14  260  -16  260  -16  18  0  0 L3P 3D
G21 FF 61145 185800  780 248 3135    -4143864    -51          -1    -41   30 180  174   30  568  154  568  154  24  0  0 L3P 5E
G22 FF 61145 185800  780 642 1965      181039    -40          10     20   14  37   82    4  195  -31  195  -31  13  0  0 L3P E8
G30 FF 61145 185800  780 455 1231    -1887347   -129         -15      4   19  86  103    3  224  -23  224  -23  17  0  0 L3P 2E
G05 FF 61145 191400  780 184 2905     2317762     35          18     31   37  88  231   38  631   98  631   98  29  0  0 L3P 20
G13 FF 61145 191400  780 555 2183    -6794054     19         -14      3   14 146   89   -8  208  -17  208  -17  13  0  0 L3P 29
G14 FF 61145 191400  780 459 1585    -7433704      6          -8     19   27 179  102   10  202  -30  202  -30  25  0  0 L3P 16
G15 FF 61145 191400  780 249 2252    -4033876    -71          23    -38   32 111  174  -35  294  -13  294  -13  28  0  0 L3P 62
G17 FF 61145 191400  780 638  688     1135730     61          -2    -29   18  51   82   -2  203   -5  203   -5  16  0  0 L3P CF
G19 FF 61145 191400  780 522  155    -6971613     -5           8      7   19  98   93  -10  259  -48  259  -48  15  0  0 L3P 0B
G20 FF 61145 191400  780 493 2284    -1094968   -204          -1    -13   19   7   97   -9  238   -5  238   -5  18  0  0 L3P 15
G21 FF 61145 191400  780 204 3198    -4143870    -33           2    -23   30 180  209   44  682  105  682  105  24  0  0 L3P 3F
G22 FF 61145 191400  780 591 1843      180974    -34           2     26   16  37   86    5  193  -34  193  -34  13  0  0 L3P E9
G30 FF 61145 191400  780 438 1128    -1887458   -188           2    -54   21  86  106    4  203   47  203   47  19  0  0 L3P 21
G13 FF 61145 193000  780 624 2251    -6794041     39         -16     23   19 146   83   -5  195  -39  195  -39  17  0  0 L3P 44
G14 FF 61145 193000  780 405 1526    -7433729    -42         -19    -29   19 179  113   13  196   13  196   13  15  0  0 L3P 4F
G15 FF 61145 193000  780 300 2297    -4033916     -5          16     28   31 111  147  -22  264  -52  264  -52  29  0  0 L3P 35
G17 FF 61145 193000  780 652  879     1135810     80          -8     -9   17  51   81    0  182  -13  182  -13  16  0  0 L3P D8
G19 FF 61145 193000  780 600  216    -6971620     -2          12      9   22  98   85   -7  219  -42  219  -42  18  0  0 L3P EC
G20 FF 61145 193000  780 549 2368    -1095151   -205           0    -14   21   7   90   -6  222  -14  222  -14  18  0  0 L3P FE
G22 FF 61145 193000  780 537 1746      180919    -85           5    -25   27  37   91    6  176    3  176    3  24  0  0 L3P BE
G30 FF 61145 193000  780 416 1030    -1887608   -166         -21    -33   23  86  111    5  218   31  218   31  19  0  0 L3P 24
G13 FF 61145 194600  780 685 2379    -6794026     12         -16     -3   15 146   79   -3  176  -16  176  -16  12  0  0 L3P 40
G14 FF 61145 194600  780 354 1469    -7433742    -22         -19     -8   29 179  127   16  183  -12  183  -12  25  0  0 L3P 5F
G15 FF 61145 194600  780 344 2355    -4033941    -37          22     -4   26 111  130  -14  231  -28  231  -28  21  0  0 L3P 35
G17 FF 61145 194600  780 635 1066     1135893     95         -12      5   16  51   82    2  162  -27  162  -27  15  0  0 L3P F7
G19 FF 61145 194600  780 674  317    -6971635     -4           8      8   15  98   80   -4  187  -37  187  -37  12  0  0 L3P 00
G20 FF 61145 194600  780 593 2490    -1095352   -233         -17    -42   14   7   86   -3  213   11  213   11  12  0  0 L3P 08
G22 FF 61145 194600  780 485 1664      180852    -83          -4    -23   22  37   98    8  162    0  162    0  21  0  0 L3P BB
G30 FF 61145 194600  780 389  937    -1887718   -138          -4     -5   18  86  117    8  197    5  197    5  16  0  0 L3P 0C
G13 FF 61145 200200  780 724 2600    -6794011     36         -13     20   16 181   77   -1  163  -18  163  -18  14  0  0 L3P 16
G14 FF 61145 200200  780 308 1412    -7433745     -6         -14      8   27 180  143   19  153  -27  153  -27  21  0  0 L3P 1E
G15 FF 61145 200200  780 381 2429    -4033983    -25          11      8   24 113  119   -9  213  -43  213  -43  22  0  0 L3P 16
G17 FF 61145 200200  780 594 1212     1135975     93         -16      3   16  84   85    5  143  -22  143  -22  15  0  0 L3P E5
G19 FF 61145 200200  780 736  505    -6971635     -4          21      7   23  99   77   -2  155  -22  155  -22  16  0  0 L3P EA
G20 FF 61145 200200  780 616 2649    -1095519   -140           2     51   50   8   84   -1  191  -36  191  -36  32  0  0 L3P FD
G22 FF 61145 200200  780 434 1590      180805    -37          11     23   27  38  107   10  137  -33  137  -33  25  0  0 L3P F8
G30 FF 61145 200200  780 358  850    -1887856   -136         -12     -3   27  95  126   11  199    0  199    0  21  0  0 L3P 00
G06 FF 61145 201800  780 205  403     6103130    -45          32    -27   43 105  209  -46  335  -84  335  -84  38  0  0 L3P 32
G13 FF 61145 201800  780 724 2884    -6793984     47          -2     31   15 181   77    1  149  -30  149  -30  13  0  0 L3P 1C
G14 FF 61145 201800  780 264 1356    -7433776    -52         -32    -38   20 180  164   25  156   17  156   17  13  0  0 L3P 46
G15 FF 61145 201800  780 407 2516    -4034013    -24          13      9   23 113  113   -5  192  -19  192  -19  21  0  0 L3P 12
G17 FF 61145 201800  780 537 1310     1136060    102         -18     12   17  84   91    8  129  -27  129  -27  16  0  0 L3P 07
G19 FF 61145 201800  780 763  826    -6971658    -17           9     -6   17  99   76    0  139  -19  139  -19  12  0  0 L3P 11
G20 FF 61145 201800  780 613 2822    -1095700   -204           4    -13   14   8   84    1  188   12  188   12  11  0  0 L3P D6
G22 FF 61145 201800  780 386 1521      180739    -41           2     19   20  38  118   12  128  -28  128  -28  17  0  0 L3P FB
G30 FF 61145 201800  780 321  770    -1887974   -113          -2     20   37  95  138   15  187  -21  187  -21  35  0  0 L3P 32
G06 FF 61145 203400  780 251  464     6103093    -13          12      5   38 105  173  -31  261  -92  261  -92  27  0  0 L3P 0E
G13 FF 61145 203400  780 684 3114    -6793968    -13           7    -29   13  25   79    3  147   18  147   18  11  0  0 L3P 01
G14 FF 61145 203400  780 224 1298    -7433765      5          -8     19   29 180  191   32  121  -27  121  -27  21  0  0 L3P 1B
G15 FF 61145 203400  780 420 2615    -4034039    -20          19     13   32 113  110   -1  183   -9  183   -9  30  0  0 L3P F7
G17 FF 61145 203400  780 471 1371     1136155     87          -9     -3   26  84  100   11  111   -7  111   -7  25  0  0 L3P D2
G19 FF 61145 203400  780 737 1146    -6971680      2          -3     13   14  99   77    2  129  -27  129  -27  11  0  0 L3P F7
G20 FF 61145 203400  780 585 2979    -1095883   -204           5    -13   16   8   86    4  184    6  184    6  15  0  0 L3P DF
G22 FF 61145 203400  780 342 1454      180663    -72         -15    -11   22  38  131   15  131   -3  131   -3  19  0  0 L3P E4
G24 FF 61145 203400  780 231 2193      343765   -115          -9     62   33  38  186  -43  165  -80  165  -80  30  0  0 L3P 2D
G30 FF 61145 203400  780 281  698    -1888107    -86          -8     47   29  95  156   22  194  -34  194  -34  21  0  0 L3P 39
G06 FF 61145 205000  780 297  531     6103060    -41          -3    -23   31 105  148  -21  198  -54  198  -54  26  0  0 L3P 2D
G12 FF 61145 205000  780 203 2622     6079653    -71         -21    -71   31  65  210  -29  315  -35  315  -35  27  0  0 L3P 3A
G13 FF 61145 205000  780 621 3256    -6793964     -8          -4    -24   19  25   83    6  149   15  149   15  15  0  0 L3P F8
G14 FF 61145 205000  780 187 1240    -7433819    -13         -49      1   25 180  227   42  136  -21  136  -21  21  0  0 L3P 29
G15 FF 61145 205000  780 418 2717    -4034078    -25          11      8   37 113  110    2  185   -9  185   -9  30  0  0 L3P F0
G17 FF 61145 205000  780 403 1407     1136232     74         -18    -16   19  84  114   17  101   -1  101   -1  16  0  0 L3P E6
G19 FF 61145 205000  780 678 1325    -6971686      2           2     14   17  99   79    4  105  -25  105  -25  16  0  0 L3P ED
G20 FF 61145 205000  780 539 3103    -1096065   -199           6     -8   18   8   91    6  181    5  181    5  16  0  0 L3P BC
G22 FF 61145 205000  780 300 1388      180621    -49           0     11   23  38  147   18  101  -19  101  -19  17  0  0 L3P E1
G24 FF 61145 205000  780 288 2172      343599   -203          -5    -25   26  38  152  -29  135    7  135    7  22  0  0 L3P FD
G30 FF 61145 205000  780 237  634    -1888226   -176           1    -43   41  95  182   34  187   45  187   45  35  0  0 L3P 24
G06 FF 61145 210600  780 340  607     6103054    -33           8    -15   23 105  131  -15  141  -28  141  -28  20  0  0 L3P 05
G11 FF 61145 210600  780 215  159     3719340   -269          27   -142   36  21  200  -51  388  -96  388  -96  27  0  0 L3P 62
G12 FF 61145 210600  780 231 2551     6079676    -48           2    -48   31  65  186  -21  215  -15  215  -15  29  0  0 L3P 2D
G13 FF 61145 210600  780 549 3344    -6793953     24          -8      8   20  25   90    9  155    1  155    1  19  0  0 L3P B6
G15 FF 61145 210600  780 403 2819    -4034107    -12          14     21   23 113  114    5  184  -12  184  -12  20  0  0 L3P 05
G17 FF 61145 210600  780 334 1424     1136322    123         -14     34   21  84  133   25   88  -48   88  -48  17  0  0 L3P 10
G19 FF 61145 210600  780 607 1410    -6971688     -6          12      5   15  99   84    6   86  -18   86  -18  13  0  0 L3P E3
G20 FF 61145 210600  780 482 3197    -1096261   -186          -6      5   23   8   99    9  196    3  196    3  17  0  0 L3P CF
G22 FF 61145 210600  780 261 1322      180553   -130         -10    -70   24  38  166   23   98   54   98   54  19  0  0 L3P FA
G24 FF 61145 210600  780 349 2157      343434   -168           0      9   20  38  128  -21  112  -30  112  -30  16  0  0 L3P F1
G30 FF 61145 210600  780 190  577    -1888343   -147          11    -14   35  95  224   56  185   37  185   37  30  0  0 L3P 34
G06 FF 61145 212200  780 379  692     6103036     18           8     36   26 105  120  -10  111  -67  111  -67  22  0  0 L3P FD
G11 FF 61145 212200  780 273  204     3719209   -179          18    -52   43  21  160  -33  245  -69  245  -69  35  0  0 L3P 41
G12 FF 61145 212200  780 258 2479     6079671     -1          -3     -1   25  65  168  -17  171  -52  171  -52  22  0  0 L3P 15
G13 FF 61145 212200  780 474 3403    -6793947     15         -17     -1   18  25  100   12  173   19  173   19  17  0  0 L3P 0F
G15 FF 61145 212200  780 377 2913    -4034136    -48          17    -15   21 113  120    9  189   17  189   17  17  0  0 L3P 25
G17 FF 61145 212200  780 266 1428     1136404     59         -18    -31   28  84  164   39   78    1   78    1  21  0  0 L3P D6
G19 FF 61145 212200  780 533 1450    -6971699    -21          11     -9   24  99   92    9   77   -1   77   -1  22  0  0 L3P D4
G20 FF 61145 212200  780 421 3270    -1096445   -190          -7      1   23   8  110   14  212   20  212   20  21  0  0 L3P C9
G22 FF 61145 212200  780 224 1257      180486    -12         -19     48   30  38  191   29  100  -50  100  -50  22  0  0 L3P 00
G24 FF 61145 212200  780 412 2150      343270   -167           6     10   23  38  111  -15   97  -21   97  -21  20  0  0 L3P DB
G06 FF 61145 213800  780 408  788     6103005      6          -6     25   26 105  112   -6   98  -41   98  -41  20  0  0 L3P D5
G11 FF 61145 213800  780 334  253     3719096   -106          27     21   26  21  134  -23  151  -72  151  -72  22  0  0 L3P 1C
G12 FF 61145 213800  780 284 2405     6079666    -37          -7    -37   19  65  154  -13  138    4  138    4  19  0  0 L3P 10
G13 FF 61145 213800  780 399 3447    -6793927     34         -13     18   43  25  114   18  192   18  192   18  39  0  0 L3P 37
G15 FF 61145 213800  780 342 2999    -4034176    -32           9      1   25 113  131   13  211   26  211   26  21  0  0 L3P EE
G17 FF 61145 213800  780 201 1423     1136489    148         -20     58   40  84  213   66   65  -61   65  -61  32  0  0 L3P 13
G19 FF 61145 213800  780 461 1466    -6971713     -1           8     10   24  99  102   13   68  -10   68  -10  22  0  0 L3P E7
G20 FF 61145 213800  780 359 3329    -1096628   -197          -7     -6   45   8  125   19  239   54  239   54  45  0  0 L3P 30
G22 FF 61145 213800  780 190 1191      180451    -91           3    -31   29  38  224   38   74   31   74   31  23  0  0 L3P C4
G24 FF 61145 213800  780 479 2153      343096   -170           3      7   18  38   99  -11   84  -14   84  -14  15  0  0 L3P E4
G06 FF 61145 215400  780 426  892     6102975     29         -19     47   24 105  109   -2   95  -63   95  -63  21  0  0 L3P 0E
G11 FF 61145 215400  780 396  309     3718960   -150          13    -23   16  21  115  -16  122  -21  122  -21  14  0  0 L3P 1D
G12 FF 61145 215400  780 311 2331     6079667     35          -7     35   34  65  142  -11  114  -49  114  -49  31  0  0 L3P 18
G13 FF 61145 215400  780 327 3485    -6793910     28         -10     12   23  25  136   27  235   53  235   53  19  0  0 L3P 1A
G15 FF 61145 215400  780 301 3076    -4034194    -58          22    -25   35 113  146   19  234   60  234   60  27  0  0 L3P 29
G19 FF 61145 215400  780 391 1466    -6971722     15          10     26   16  99  117   18   62  -36   62  -36  15  0  0 L3P 11
G20 FF 61145 215400  780 297 3380    -1096801   -151           3     40   38   8  148   28  287   35  287   35  37  0  0 L3P 17
G24 FF 61145 215400  780 548 2173      342923   -206           0    -29   14  38   90   -8   75    9   75    9  12  0  0 L3P B1
G06 FF 61145 221000  780 429 1001     6102958    -65         -21    -46   23 106  108    1   70   28   70   28  20  0  0 L3P E6
G11 FF 61145 221000  780 458  376     3718832   -137           4    -10   14  22  102  -11   93  -28   93  -28  12  0  0 L3P F8
G12 FF 61145 221000  780 338 2257     6079665    -10          -4    -10   23  67  132  -10   95   -8   95   -8  21  0  0 L3P EB
G13 FF 61145 221000  780 258 3519    -6793906      8         -24     -7   27  27  168   42  306   87  306   87  26  0  0 L3P 1F
G15 FF 61145 221000  780 258 3146    -4034236    -71          12    -38   26 119  168   28  300  100  300  100  23  0  0 L3P 36
G19 FF 61145 221000  780 324 1455    -6971729     46          11     57   26 101  137   25   46  -55   46  -55  23  0  0 L3P 1A
G20 FF 61145 221000  780 238 3426    -1097000   -132          -9     59   27   9  181   42  368   36  368   36  22  0  0 L3P 14
G24 FF 61145 221000  780 617 2219      342753   -182          -1     -4   18  46   84   -6   68    2   68    2  16  0  0 L3P A1
G06 FF 61145 222600  780 415 1105     6102938     -3         -22     17   26 106  111    5   64  -22   64  -22  22  0  0 L3P DC
G11 FF 61145 222600  780 517  462     3718691   -137         -15     -9   18  22   94   -7   83  -18   83  -18  16  0  0 L3P 04
G12 FF 61145 222600  780 366 2181     6079662     16          -7     16   24  67  123   -9   82  -32   82  -32  20  0  0 L3P EB
G13 FF 61145 222600  780 194 3553    -6793898    -28         -31    -44   34  27  220   70  414  191  414  191  26  0  0 L3P 67
G15 FF 61145 222600  780 213 3210    -4034282    -79          -2    -46   25 119  201   40  386  130  386  130  22  0  0 L3P 3E
G19 FF 61145 222600  780 262 1437    -6971746     32           5     44   21 101  166   37   49  -43   49  -43  17  0  0 L3P 0E
G20 FF 61145 222600  780 183 3469    -1097185   -173         -11     18   33   9  232   64  477  136  477  136  23  0  0 L3P 5B
G24 FF 61145 222600  780 683 2313      342579   -176          -5      1   15  46   79   -4   69   -9   69   -9  13  0  0 L3P C9
G06 FF 61145 224200  780 387 1197     6102925    -45         -17    -26   28 106  117    9   58   13   58   13  25  0  0 L3P 0B
G11 FF 61145 224200  780 568  575     3718570   -128         -13     -1   19  22   88   -5   71  -13   71  -13  16  0  0 L3P F1
G12 FF 61145 224200  780 396 2104     6079659    -14         -10    -14   20  67  115   -8   74   -1   74   -1  19  0  0 L3P EB
G19 FF 61145 224200  780 203 1413    -6971751      8           2     19   51  39  211   57   50   -3   50   -3  38  0  0 L3P B0
G24 FF 61145 224200  780 736 2498      342401   -180         -13     -3   17  46   77   -2   72   -6   72   -6  15  0  0 L3P CB
G06 FF 61145 231000  780 311 1321     6102901     15          -8     35   27 106  142   22   47  -20   47  -20  24  0  0 L3P D5
G11 FF 61145 231000  780 615  848     3718359   -131         -11     -4   21  22   84    0   61    6   61    6  19  0  0 L3P 97
G12 FF 61145 231000  780 452 1963     6079657     24         -12     24   20  67  104   -6   62  -26   62  -26  18  0  0 L3P F7
G24 FF 61145 231000  780 740 3033      342105   -175         -10      2   23  46   77    2   67    6   67    6  15  0  0 L3P 86
G29 FF 61145 231000  780 225 2896     3395037    -94          13    -22   27  67  191  -34  234  -79  234  -79  20  0  0 L3P 55
G06 FF 61145 232600  780 257 1370     6102871     -7         -19     12   30 106  169   35   59  -13   59  -13  20  0  0 L3P 07
G11 FF 61145 232600  780 608 1020     3718243   -141          -4    -13   15  22   84    2   53   10   53   10  12  0  0 L3P B0
G12 FF 61145 232600  780 486 1876     6079662    -17          -7    -17   19  67   98   -5   57    4   57    4  16  0  0 L3P DD
G24 FF 61145 232600  780 687 3242      341937   -168          -8     10   16  46   79    4   70   -6   70   -6  14  0  0 L3P C0
G25 FF 61145 232600  780 226 2240    -4297746    -23          17    -50   33  25  190  -36   67   18   67   18  29  0  0 L3P 1C
G29 FF 61145 232600  780 265 2826     3394978    -52          23     20   28  67  164  -22  154  -66  154  -66  25  0  0 L3P 4F
G06 FF 61145 234200  780 199 1405     6102858    -36         -14    -16   34 106  215   62   53   39   53   39  30  0  0 L3P 13
G11 FF 61145 234200  780 575 1165     3718119   -137          -6     -9   14  22   87    4   53    4   53    4  12  0  0 L3P A3
G12 FF 61145 234200  780 521 1782     6079677    -13           8    -13   13  67   93   -5   44   20   44   20  12  0  0 L3P C4
G24 FF 61145 234200  780 617 3359      341770   -158          -4     20   16  46   84    6   75   -5   75   -5  15  0  0 L3P BE
G25 FF 61145 234200  780 272 2193    -4297741     10          -4    -17   41  25  160  -27   74   -2   74   -2  36  0  0 L3P EA
G29 FF 61145 234200  780 301 2749     3394912    -33          26     39   16  67  146  -15  117  -56  117  -56  12  0  0 L3P 3F
