CGGTTS     GENERIC DATA FORMAT VERSION = 2E
REV DATE = 2025-11-01
RCVR = PolaRx5TR (5.6.0)     sbf2cggtts-1.5.0
CH = 80
IMS = PolaRx5TR
LAB = LRTE
X = 3967035.920 m
Y = -4390028.540 m
Z = -2375644.640 m
FRAME = ITRF
COMMENTS = LS=18; ElMask=10deg; 'Generated from the SBF in 2025-12-17 at 23:58:00'
INT DLY = 24.9 ns (GPS P1),  15.7 ns (GPS P2)     CAL_ID = 1201-2025
CAB DLY = 103.1 ns
REF DLY = 47.2 ns
REF = UTC(LRTE)
CKSUM = 01

SAT CL  MJD  STTIME TRKL ELV AZTH   REFSV      SRSV     REFSYS    SRSYS  DSG IOE MDTR SMDT MDIO SMDI MSIO SMSI ISG FR HC FRC CK
             hhmmss  s  .1dg .1dg    .1ns     .1ps/s     .1ns    .1ps/s .1ns     .1ns.1ps/s.1ns.1ps/s.1ns.1ps/s.1ns
G03 FF 61026 000200  780 147  232    -6220311    116         -16     28   45  11  287  131  490   45  490   45  37  0  0 L3P 11
G04 FF 61026 000200  780 298  883     -319465    -59         -14    -33   29  99  148   14  289   70  289   70  24  0  0 L3P 2E
G06 FF 61026 000200  780 141 3016     5904916     85         -12     28   55  61  297   71  451 -119  451 -119  46  0  0 L3P 4A
G07 FF 61026 000200  780 545 1952     1220361     35         -57    -19   18  57   90    3  221   23  221   23  16  0  0 L3P DB
G08 FF 61026 000200  780 163  904    -5139386     79          -1     44   38  37  259  -23  266  -72  266  -72  32  0  0 L3P 2B
G09 FF 61026 000200  780 559 1265    -7678205    -32         -45    -16   21  66   89    0  202   26  202   26  18  0  0 L3P 09
G14 FF 61026 000200  780 334 3370    -7223860    -54          13    -27   48  67  133  -27  291   70  291   70  85  0  0 L3P 30
G20 FF 61026 000200  780 238 2283    -3620271    -46         -17    -47   24  42  182  -35  368   48  368   48  20  0  0 L3P 3E
G21 FF 61026 000200  780 239 2228    -3575692    -99         -15      4   31  70  181  -42  312   29  312   29  25  0  0 L3P 1A
G22 FF 61026 000200  780 163 3357      688325    -77          42    -39   91  34  260 -104  331  262  331  262  80  0  0 L3P 41
G04 FF 61026 001800  780 265  806     -319518     39         -42     65   36  99  164   20  336  -69  336  -69  32  0  0 L3P 27
G06 FF 61026 001800  780 107 3080     5904987     89           5     32   42  61  386  118  518  251  518  251  36  0  0 L3P 34
G07 FF 61026 001800  780 516 1833     1220420     35         -51    -20   14  57   94    4  207  -53  207  -53  16  0  0 L3P F5
G08 FF 61026 001800  780 174  976    -5139371    108         -21     72   32  37  243  -11  285  -34  285  -34  25  0  0 L3P 43
G09 FF 61026 001800  780 556 1125    -7678213    -12         -39      4   14  66   89    1  204   -1  204   -1  13  0  0 L3P D6
G14 FF 61026 001800  780 409 3348    -7223907    -28          -8     -1   46  67  112  -18   63  -82   63  -82  45  0  0 L3P 1C
G20 FF 61026 001800  780 281 2341    -3620274     -9         -21    -11   36  42  155  -21  379  -10  379  -10  30  0  0 L3P 29
G21 FF 61026 001800  780 294 2270    -3575783   -102          -7      2   28  70  149  -25  344  -17  344  -17  22  0  0 L3P 36
G22 FF 61026 001800  780 228 3345      688264   -196          16   -158   62  37  189  -52  371   67  371   67  73  0  0 L3P 5B
G04 FF 61026 003400  780 229  734     -319528    -52         -27    -26   35  99  188   30  315   55  315   55  29  0  0 L3P 1D
G07 FF 61026 003400  780 484 1726     1220473     84         -50     30   22  57   98    5  156  -84  156  -84  21  0  0 L3P 05
G08 FF 61026 003400  780 178 1049    -5139323     28          -7     -7   35  37  237    0  273  -35  273  -35  28  0  0 L3P 10
G09 FF 61026 003400  780 542  989    -7678214    -21         -24     -5   15  66   91    2  202   18  202   18  14  0  0 L3P E7
G14 FF 61026 003400  780 484 3314    -7223953    -38         -28    -11   17  67   98  -12  106   89  106   89  15  0  0 L3P 3D
G20 FF 61026 003400  780 317 2412    -3620276     18         -25     17   26  42  140  -12  354  -31  354  -31  25  0  0 L3P 1D
G21 FF 61026 003400  780 345 2326    -3575882   -114          -7    -11   23  70  130  -16  334   -4  334   -4  21  0  0 L3P 19
G22 FF 61026 003400  780 295 3324      688196    -29         -16      9   42  37  149  -32  319   93  319   93  42  0  0 L3P 1A
G04 FF 61026 005000  780 189  668     -319531      3          -5     29   47  99  225   49  290   -4  290   -4  44  0  0 L3P D5
G05 FF 61026 005000  780 129 2222     2256198     19         -17     12   41  20  325 -117  330  -37  330  -37  37  0  0 L3P 2C
G07 FF 61026 005000  780 453 1629     1220538     82         -37     28   13  57  103    6  153   -7  153   -7  11  0  0 L3P E0
G08 FF 61026 005000  780 174 1120    -5139279     26           4     -9   36  37  243   11  246    4  246    4  32  0  0 L3P C3
G09 FF 61026 005000  780 517  862    -7678233    -44         -32    -28   19  69   94    4  214   37  214   37  17  0  0 L3P 0E
G14 FF 61026 005000  780 560 3263    -7223976    -35         -24     -8   19  67   89   -8  166   10  166   10  22  0  0 L3P 0E
G20 FF 61026 005000  780 342 2495    -3620286     -2         -35     -3   22  42  131   -7  264 -199  264 -199  18  0  0 L3P 44
G21 FF 61026 005000  780 387 2400    -3575994   -142         -19    -39   18  70  117  -10  302  -19  302  -19  15  0  0 L3P 60
G22 FF 61026 005000  780 364 3295      688163      5         -12     42   25  37  124  -21  274  -79  274  -79  18  0  0 L3P 19
G04 FF 61026 010600  780 146  608     -319533    -35          19     -9   52  99  288   87  286   -5  286   -5  46  0  0 L3P 06
G05 FF 61026 010600  780 173 2269     2256221    -88          -1    -95   32  20  245  -58  273   67  273   67  32  0  0 L3P 27
G07 FF 61026 010600  780 421 1537     1220591     74         -37     19   20  57  109    7  185    0  185    0  19  0  0 L3P CA
G08 FF 61026 010600  780 162 1188    -5139243     21           6    -14   36  37  261   27  222  -17  222  -17  30  0  0 L3P 0B
G09 FF 61026 010600  780 481  750    -7678254    -23         -38     -7   24  69   99    6  199  -69  199  -69  20  0  0 L3P 38
G14 FF 61026 010600  780 634 3185    -7224010    -81         -32    -54   22  67   82   -5  187   76  187   76  22  0  0 L3P 20
G17 FF 61026 010600  780 114   29       27262    198          -1     75   50  73  363 -151  260 -180  260 -180  36  0  0 L3P 13
G20 FF 61026 010600  780 354 2585    -3620281     11         -31     10   18  42  127   -2  143  -42  143  -42  17  0  0 L3P 06
G21 FF 61026 010600  780 418 2489    -3576105   -136         -30    -32   20  70  110   -5  263  -22  263  -22  18  0  0 L3P 3D
G22 FF 61026 010600  780 433 3254      688116    -65         -24    -27   25  37  107  -14  255    6  255    6  24  0  0 L3P F7
G05 FF 61026 012200  780 210 2327     2256206     14         -21      7   30  20  204  -32  343   41  343   41  28  0  0 L3P D3
G07 FF 61026 012200  780 391 1451     1220646     60         -34      5   20  57  116    8  197   28  197   28  18  0  0 L3P E5
G08 FF 61026 012200  780 141 1251    -5139216     28          -1     -7   42  37  298   53  208    5  208    5  29  0  0 L3P D4
G09 FF 61026 012200  780 436  653    -7678249    -13         -18      3   17  69  106   10  143  -19  143  -19  17  0  0 L3P 20
G14 FF 61026 012200  780 703 3056    -7224032    -18         -28      9   13  67   78   -3  184  -17  184  -17  10  0  0 L3P 0E
G17 FF 61026 012200  780 166   67       27352    188         -29     64   41  73  255  -82  273  -49  273  -49  34  0  0 L3P 12
G20 FF 61026 012200  780 353 2679    -3620277    -30         -29    -31   21  42  127    2  195   92  195   92  19  0  0 L3P 1E
G21 FF 61026 012200  780 435 2592    -3576205    -93         -32     10   20  70  107   -2  131 -167  131 -167  19  0  0 L3P 45
G22 FF 61026 012200  780 501 3196      688084    -41         -20     -3   20  37   96  -10  227  -30  227  -30  15  0  0 L3P FA
G05 FF 61026 013800  780 239 2394     2256230    -43          -5    -49   40  20  180  -18  314  -57  314  -57  38  0  0 L3P 37
G07 FF 61026 013800  780 362 1367     1220704     48         -28     -7   19  57  124    9  212  -23  212  -23  14  0  0 L3P FF
G08 FF 61026 013800  780 111 1308    -5139167     86          14     51   59  37  371  106  190  -35  190  -35  48  0  0 L3P 3D
G09 FF 61026 013800  780 385  573    -7678273    -60         -26    -44   28  69  118   14  157   47  157   47  23  0  0 L3P 43
G13 FF 61026 013800  780 128 2206    -6919804      7           0     -1   56  38  327 -133  361  -34  361  -34  49  0  0 L3P 1B
G14 FF 61026 013800  780 756 2825    -7224060    -19         -30      8   12  67   76   -1  179  -18  179  -18   8  0  0 L3P 16
G17 FF 61026 013800  780 221  104       27487    161         -14     37   21  73  194  -50  257 -181  257 -181  20  0  0 L3P 27
G20 FF 61026 013800  780 340 2771    -3620278     -8         -31     -9   20  42  131    6  213  -94  213  -94  19  0  0 L3P 08
G21 FF 61026 013800  780 437 2701    -3576301    -77         -28     26   19  70  106    1  145   47  145   47  18  0  0 L3P 13
G22 FF 61026 013800  780 567 3117      688048    -60         -19    -23   15  37   88   -7  205    6  205    6  13  0  0 L3P DE
G05 FF 61026 015400  780 259 2469     2256227    -48         -14    -54   24  20  168   -9  264   55  264   55  21  0  0 L3P 2B
G07 FF 61026 015400  780 334 1286     1220751     81         -34     27   20  57  133   10  189  -60  189  -60  15  0  0 L3P 1A
G09 FF 61026 015400  780 330  506    -7678293    -35         -31    -19   33  69  135   22  153    4  153    4  27  0  0 L3P FD
G13 FF 61026 015400  780 183 2178    -6919828     36         -32     28   45  38  233  -71  254 -163  254 -163  39  0  0 L3P 7A
G14 FF 61026 015400  780 774 2467    -7224083    -48         -27    -20   13  67   75    0  162    5  162    5  12  0  0 L3P E5
G17 FF 61026 015400  780 281  141       27586    109         -34    -15   25  73  156  -32  207   48  207   48  24  0  0 L3P FF
G19 FF 61026 015400  780 141 3587    -6808356    -26         -19     -6   37   3  297 -121  349  -90  349  -90  26  0  0 L3P 65
G20 FF 61026 015400  780 317 2859    -3620277     30         -31     29   28  42  140   11  267   73  267   73  27  0  0 L3P 18
G21 FF 61026 015400  780 423 2808    -3576404    -96         -32      7   22  70  109    5  203   16  203   16  19  0  0 L3P F3
G22 FF 61026 015400  780 627 3004      688014    -43         -17     -5   15  37   83   -4  182  -13  182  -13  13  0  0 L3P F2
G30 FF 61026 015400  780 484 1649     -575834   -111         -41      9   18  42   98    1  181    1  181    1  15  0  0 L3P C6
G05 FF 61026 021000  780 268 2550     2256238    -20         -12    -26   31  21  163   -2  285   80  285   80  27  0  0 L3P 0B
G07 FF 61026 021000  780 306 1208     1220808     39         -32    -15   22  58  144   12  164  -12  164  -12  20  0  0 L3P 09
G09 FF 61026 021000  780 271  452    -7678309     32         -34     48   33  71  161   34  155  -29  155  -29  25  0  0 L3P 25
G13 FF 61026 021000  780 241 2156    -6919810     90         -25     83   35 149  179  -43  193 -146  193 -146  31  0  0 L3P 7C
G14 FF 61026 021000  780 746 2137    -7224112    -14         -30     13   14  68   76    2  162  -14  162  -14  13  0  0 L3P F8
G17 FF 61026 021000  780 345  181       27697    132         -44      8   25  74  130  -22  216  -53  216  -53  22  0  0 L3P EA
G19 FF 61026 021000  780 202   19    -6808390    -86         -36    -66   34  16  212  -65  282  -24  282  -24  26  0  0 L3P 35
G20 FF 61026 021000  780 286 2940    -3620276     12         -32     11   29  43  153   17  290    1  290    1  24  0  0 L3P D3
G21 FF 61026 021000  780 396 2907    -3576502   -135         -30    -32   25  71  115    8  188   16  188   16  20  0  0 L3P 2B
G22 FF 61026 021000  780 675 2842      687972    -37         -23      1   19  38   80   -2  130  -95  130  -95  18  0  0 L3P FD
G30 FF 61026 021000  780 476 1543     -575950   -125         -42     -5   18  43  100    2  173  -13  173  -13  18  0  0 L3P 0E
G05 FF 61026 022600  780 265 2634     2256229     64         -27     57   29  21  164    4  303  -58  303  -58  25  0  0 L3P 17
G07 FF 61026 022600  780 279 1131     1220856    -20         -37    -75   44  58  156   14  165   87  165   87  43  0  0 L3P 33
G09 FF 61026 022600  780 210  408    -7678327     -9         -37      7   47  71  204   58  188   38  188   38  37  0  0 L3P 13
G13 FF 61026 022600  780 303 2141    -6919828     -9         -51    -17   26 149  145  -29  142  -22  142  -22  22  0  0 L3P 4E
G14 FF 61026 022600  780 694 1935    -7224139    -28         -31     -1   16  68   79    3  160  -10  160  -10  13  0  0 L3P 09
G17 FF 61026 022600  780 411  226       27823    139         -37     15   18  74  112  -16  180  -17  180  -17  15  0  0 L3P 00
G19 FF 61026 022600  780 267   50    -6808404    -61         -31    -41   28  16  163  -39  231   -5  231   -5  22  0  0 L3P 02
G20 FF 61026 022600  780 250 3014    -3620270     15         -27     14   21  43  173   25  312   31  312   31  16  0  0 L3P E4
G21 FF 61026 022600  780 360 2996    -3576598    -91         -27     13   20  71  125   12  219   81  219   81  21  0  0 L3P 2B
G22 FF 61026 022600  780 703 2624      687927    -40         -32     -2   20  38   78   -1  104   -1  104   -1  17  0  0 L3P C7
G30 FF 61026 022600  780 465 1439     -576068   -140         -45    -19   27  43  101    2  159  -23  159  -23  24  0  0 L3P 35
G05 FF 61026 024200  780 253 2717     2256284   -138          21   -145   32  21  171   11  262  144  262  144  28  0  0 L3P 4B
G07 FF 61026 024200  780 252 1056     1220908     59         -37      4   30  58  172   18  187   22  187   22  29  0  0 L3P F9
G09 FF 61026 024200  780 148  374    -7678330    -31         -25    -15   49  71  284  117  217   71  217   71  39  0  0 L3P 3F
G13 FF 61026 024200  780 369 2134    -6919821     55         -51     47   20 149  122  -20  151   -9  151   -9  17  0  0 L3P 27
G14 FF 61026 024200  780 633 1810    -7224151    -48         -17    -21   15  68   82    5  151   35  151   35  15  0  0 L3P FB
G15 FF 61026 024200  780 108 2193    -3678761      2         -29     37   42  56  384 -195  286  -38  286  -38  31  0  0 L3P 5D
G17 FF 61026 024200  780 478  281       27941    164         -37     40   16  74   99  -11  175  -37  175  -37  13  0  0 L3P 0A
G19 FF 61026 024200  780 337   81    -6808431    -14         -38      7   23  16  132  -26  196  -30  196  -30  22  0  0 L3P 0F
G20 FF 61026 024200  780 212 3082    -3620254     -3         -12     -4   41  43  202   36  340   62  340   62  28  0  0 L3P E1
G21 FF 61026 024200  780 317 3074    -3576681    -52         -11     51   35  71  139   18  243   -5  243   -5  22  0  0 L3P 0E
G22 FF 61026 024200  780 703 2377      687903    -20         -20     17   13  38   78    1   81  -12   81  -12  11  0  0 L3P C3
G30 FF 61026 024200  780 452 1337     -576177   -165         -38    -45   23  43  103    3  132   40  132   40  20  0  0 L3P 02
G05 FF 61026 025800  780 232 2796     2256267    -58          -2    -65   27  21  185   19  312   84  312   84  22  0  0 L3P 1E
G07 FF 61026 025800  780 224  983     1220974     62         -24      7   26  58  192   24  199   14  199   14  22  0  0 L3P F8
G13 FF 61026 025800  780 437 2138    -6919800     -1         -37     -9   20 149  106  -14  138   -1  138   -1  17  0  0 L3P 1D
G14 FF 61026 025800  780 572 1720    -7224174     -2         -14     26   17  68   87    6  153  -32  153  -32  15  0  0 L3P 04
G15 FF 61026 025800  780 164 2207    -3678785   -130         -19    -95   46  56  258  -87  255   53  255   53  41  0  0 L3P 74
G17 FF 61026 025800  780 544  353       28063    126         -35      2   13  74   90   -8  162  -17  162  -17  12  0  0 L3P CE
G19 FF 61026 025800  780 410  115    -6808435     12         -23     32   26  16  112  -17  158  -62  158  -62  22  0  0 L3P 20
G20 FF 61026 025800  780 173 3145    -3620249     43          -8     42   40  43  245   53  387   39  387   39  31  0  0 L3P 10
G21 FF 61026 025800  780 272 3144    -3576773    -65          -4     38   27  71  160   26  263   -1  263   -1  21  0  0 L3P 05
G22 FF 61026 025800  780 679 2159      687870    -58         -18    -20   14  38   79    2   98   30   98   30  12  0  0 L3P EA
G30 FF 61026 025800  780 436 1237     -576269   -168         -15    -48   18  43  106    3  113   35  113   35  16  0  0 L3P 1F
G05 FF 61026 031400  780 205 2872     2256260    -14         -16    -20   36  21  208   29  352   49  352   49  30  0  0 L3P 15
G07 FF 61026 031400  780 194  912     1221029    -48         -21   -102   24  58  219   33  219   95  219   95  21  0  0 L3P 1F
G13 FF 61026 031400  780 507 2158    -6919794      4         -39     -4   15 149   95  -10  127  -12  127  -12  14  0  0 L3P 29
G14 FF 61026 031400  780 512 1648    -7224200    -51         -13    -24   15  68   94    8  152   13  152   13  14  0  0 L3P F3
G15 FF 61026 031400  780 219 2231    -3678818    -28         -18      7   42  56  196  -47  238  -12  238  -12  41  0  0 L3P 44
G17 FF 61026 031400  780 605  456       28179    135         -38     11   18  74   84   -5  152  -35  152  -35  16  0  0 L3P EB
G19 FF 61026 031400  780 486  156    -6808463    -10         -31     10   20  16   98  -12  130  -21  130  -21  16  0  0 L3P 09
G20 FF 61026 031400  780 135 3205    -3620230     12          10     10   31  43  309   82  426    6  426    6  24  0  0 L3P BA
G21 FF 61026 031400  780 226 3207    -3576881   -137         -13    -33   37  71  190   37  301   57  301   57  30  0  0 L3P 39
G22 FF 61026 031400  780 638 1992      687842    -41          -9     -4   13  38   82    3  104   14  104   14  11  0  0 L3P C0
G30 FF 61026 031400  780 418 1139     -576389   -139         -19    -18   15  43  110    5  120   18  120   18  12  0  0 L3P 0F
G05 FF 61026 033000  780 174 2944     2256274    -10          -8    -16   26  21  243   44  383   48  383   48  23  0  0 L3P 12
G07 FF 61026 033000  780 163  845     1221119     80          17     25   30  58  258   50  193  -37  193  -37  25  0  0 L3P 03
G13 FF 61026 033000  780 578 2202    -6919783     15         -36      7   18 149   87   -7  119   -9  119   -9  15  0  0 L3P 11
G14 FF 61026 033000  780 456 1584    -7224219    -36          -7     -8   29  68  103   10  141   -6  141   -6  25  0  0 L3P FA
G15 FF 61026 033000  780 272 2267    -3678862    -23         -29     12   31  56  161  -29  233  -29  233  -29  29  0  0 L3P 54
G17 FF 61026 033000  780 654  607       28308     96         -27    -28   20  74   81   -3  134   20  134   20  18  0  0 L3P BE
G19 FF 61026 033000  780 563  211    -6808480    -30         -28     -9   17  16   88   -8  120    2  120    2  13  0  0 L3P C0
G20 FF 61026 033000  780 100 3264    -3620214     -5          25     -6   37  43  409  131  399   -5  399   -5  28  0  0 L3P FE
G21 FF 61026 033000  780 181 3266    -3576988    -61         -19     43   32  71  235   56  331    3  331    3  25  0  0 L3P FE
G22 FF 61026 033000  780 589 1865      687797    -42         -19     -4   14  38   86    5  121   16  121   16  13  0  0 L3P E8
G30 FF 61026 033000  780 395 1045     -576513    -98         -27     22   21  43  115    6  138   -6  138   -6  16  0  0 L3P F0
G05 FF 61026 034600  780 141 3011     2256294     15           5      8   44  21  297   69  413   43  413   43  33  0  0 L3P CE
G07 FF 61026 034600  780 131  781     1221156    119           2     64   50  58  320   81  190  -56  190  -56  46  0  0 L3P 00
G13 FF 61026 034600  780 645 2286    -6919768     14         -28      6   18 149   81   -4  115    1  115    1  16  0  0 L3P E7
G14 FF 61026 034600  780 403 1524    -7224243    -54          -5    -26   26  68  114   12  133   40  133   40  20  0  0 L3P FE
G15 FF 61026 034600  780 320 2317    -3678896    -37         -29     -2   20  56  138  -18  213  -21  213  -21  18  0  0 L3P 43
G17 FF 61026 034600  780 678  810       28417    118         -37     -6   15  74   79   -1  134   -5  134   -5  13  0  0 L3P C4
G19 FF 61026 034600  780 638  296    -6808508      4         -37     24   17  16   82   -5  126  -30  126  -30  14  0  0 L3P FC
G21 FF 61026 034600  780 138 3322    -3577055   -105          13     -1   38  71  302   87  337   33  337   33  36  0  0 L3P 1E
G22 FF 61026 034600  780 538 1764      687760    -29         -19      9   15  38   91    6  131   -1  131   -1  12  0  0 L3P C7
G30 FF 61026 034600  780 369  956     -576613   -118         -12      3   23  43  122    8  132    9  132    9  20  0  0 L3P C2
G05 FF 61026 040200  780 108 3076     2256298     -3           5    -10   31  22  383  114  446   25  446   25  24  0  0 L3P F5
G06 FF 61026 040200  780 128  293     5905731     41         -12    -16   23  64  325 -103  230   -4  230   -4  19  0  0 L3P FC
G13 FF 61026 040200  780 700 2442    -6919762     -4         -33    -12   17 150   78   -2  116    0  116    0  15  0  0 L3P D8
G14 FF 61026 040200  780 353 1465    -7224284    -81         -16    -54   23  69  127   15  152   45  152   45  18  0  0 L3P 2F
G15 FF 61026 040200  780 363 2381    -3678932    -58         -28    -22   19  59  124  -12  199   -1  199   -1  16  0  0 L3P 43
G17 FF 61026 040200  780 670 1026       28536    123         -39     -1   14  80   80    2  124   -4  124   -4  12  0  0 L3P A3
G19 FF 61026 040200  780 704  442    -6808520    -12         -32      8   14  17   78   -3  119   -8  119   -8  12  0  0 L3P D8
G22 FF 61026 040200  780 488 1678      687722    -32         -17      6   16  39   98    8  137   -4  137   -4  14  0  0 L3P DA
G30 FF 61026 040200  780 338  872     -576740   -148         -26    -28   23  44  132   12  153   31  153   31  19  0  0 L3P 12
G06 FF 61026 041800  780 171  348     5905794     55          -3     -1   35  64  247  -63  189  -41  189  -41  29  0  0 L3P 22
G12 FF 61026 041800  780 129 2797     6052974     32          11     26   53  65  323  -84  426 -197  426 -197  55  0  0 L3P 67
G13 FF 61026 041800  780 728 2693    -6919756      9         -35      1   10 150   77    0  112   -5  112   -5   8  0  0 L3P C6
G14 FF 61026 041800  780 307 1408    -7224285    -14          10     13   23  69  143   19  130  -13  130  -13  19  0  0 L3P 15
G15 FF 61026 041800  780 396 2460    -3678973    -37         -36     -2   22  59  115   -7  189  -11  189  -11  19  0  0 L3P 4E
G17 FF 61026 041800  780 631 1198       28661    117         -33     -7   15  80   83    4  117    8  117    8  12  0  0 L3P AB
G19 FF 61026 041800  780 746  699    -6808534    -54         -26    -34   24  17   76   -1  112   18  112   18  18  0  0 L3P 1A
G22 FF 61026 041800  780 439 1601      687686    -37         -16      0   24  39  106    9  140   -6  140   -6  22  0  0 L3P D3
G24 FF 61026 041800  780 130 2248     1989471   -227          13    -86   40  38  322 -119  289   15  289   15  35  0  0 L3P 5D
G30 FF 61026 041800  780 304  793     -576838   -226          -9   -106   28  44  145   16  147   95  147   95  27  0  0 L3P 3D
G06 FF 61026 043400  780 217  406     5905839     22         -13    -35   26  64  197  -41  172    2  172    2  22  0  0 L3P E7
G12 FF 61026 043400  780 162 2731     6052929     19         -40     14   22  65  261  -50  374  -84  374  -84  22  0  0 L3P 31
G13 FF 61026 043400  780 714 2970    -6919739      3         -26     -5   11 150   78    2   99   -5   99   -5   9  0  0 L3P CA
G14 FF 61026 043400  780 265 1350    -7224327    -19          -6      8   22  69  164   24  143   -9  143   -9  17  0  0 L3P F8
G15 FF 61026 043400  780 417 2553    -3679006    -42         -35     -7   17  59  110   -3  174  -10  174  -10  16  0  0 L3P 27
G17 FF 61026 043400  780 573 1310       28782    110         -31    -14   18  80   87    6  114    6  114    6  17  0  0 L3P AD
G19 FF 61026 043400  780 742 1022    -6808543     61         -16     81   22  17   76    1   99  -62   99  -62  17  0  0 L3P FA
G22 FF 61026 043400  780 393 1529      687654    -36         -12      1   22  39  116   11  126  -16  126  -16  18  0  0 L3P 07
G24 FF 61026 043400  780 180 2217     1989331   -184           8    -43   48  38  236  -67  231  -39  231  -39  43  0  0 L3P 4F
G30 FF 61026 043400  780 265  722     -576961   -131         -16    -11   33  44  164   24  152    3  152    3  28  0  0 L3P E9
G06 FF 61026 045000  780 264  468     5905899     80          -7     23   34  64  165  -28  141  -43  141  -43  28  0  0 L3P 1D
G11 FF 61026 045000  780 118   70     5073039   -183          21    -49   36 147  354 -142  217  -11  217  -11  25  0  0 L3P 3B
G12 FF 61026 045000  780 192 2663     6052950     14         -25      8   31  65  221  -33  325  -10  325  -10  25  0  0 L3P 03
G13 FF 61026 045000  780 664 3168    -6919737     22         -31     14   10 150   80    4  101  -10  101  -10   8  0  0 L3P EB
G14 FF 61026 045000  780 226 1291    -7224336    -29          11     -2   25  69  190   31  119   -4  119   -4  19  0  0 L3P FC
G15 FF 61026 045000  780 425 2655    -3679032    -20         -27     15   19  59  109    0  161   -6  161   -6  18  0  0 L3P 03
G17 FF 61026 045000  780 507 1377       28911    151         -21     27   20  80   95   10  109  -26  109  -26  18  0  0 L3P F4
G19 FF 61026 045000  780 696 1250    -6808549    -34          -2    -13   10  17   79    3   90   17   90   17   8  0  0 L3P CF
G22 FF 61026 045000  780 349 1459      687609    -45         -21     -7   21  39  128   14  127    6  127    6  17  0  0 L3P E5
G24 FF 61026 045000  780 234 2192     1989185    -86          -2     55   34  38  184  -42  183  -93  183  -93  30  0  0 L3P 42
G30 FF 61026 045000  780 223  657     -577073    -67         -12     54   27  44  193   37  148  -41  148  -41  24  0  0 L3P 1E
G06 FF 61026 050600  780 311  537     5905945     86         -16     29   33  64  142  -19  125  -41  125  -41  25  0  0 L3P 20
G11 FF 61026 050600  780 168  113     5072884   -123          -5     12   35 147  252  -78  172  -69  172  -69  30  0  0 L3P 43
G12 FF 61026 050600  780 221 2592     6052965     80         -15     74   27  65  194  -24  270 -127  270 -127  24  0  0 L3P 57
G13 FF 61026 050600  780 597 3288    -6919725     21         -27     13   18 150   85    6   98   -6   98   -6  17  0  0 L3P FC
G14 FF 61026 050600  780 189 1232    -7224376     40          -2     67   21  69  224   41  123  -66  123  -66  15  0  0 L3P 19
G15 FF 61026 050600  780 418 2759    -3679062    -79          -9    -43   18  18  110    3  160   34  160   34  16  0  0 L3P 14
G17 FF 61026 050600  780 437 1415       29028    122         -17     -2   28   2  106   14  106    1  106    1  26  0  0 L3P 9A
G19 FF 61026 050600  780 630 1369    -6808573    -22          -6     -1   13  17   83    5   90    0   90    0  11  0  0 L3P 95
G22 FF 61026 050600  780 309 1391      687590      8          -5     45   15  39  143   17  105  -41  105  -41  13  0  0 L3P E5
G24 FF 61026 050600  780 292 2172     1989032   -174         -21    -33   31  38  150  -29  139  -16  139  -16  28  0  0 L3P 5F
G30 FF 61026 050600  780 177  599     -577212    -78         -36     42   33  44  239   62  168  -27  168  -27  25  0  0 L3P 36
G06 FF 61026 052200  780 354  614     5905999     32         -17    -25   21  64  127  -13  108   18  108   18  17  0  0 L3P 16
G11 FF 61026 052200  780 223  156     5072756   -168          -4    -34   25 147  193  -48  142   -3  142   -3  19  0  0 L3P 20
G12 FF 61026 052200  780 248 2520     6052977    -13          -9    -19   28  65  174  -18  222  -28  222  -28  24  0  0 L3P 3C
G13 FF 61026 052200  780 524 3364    -6919719     21         -28     13   48 150   93   10  103    1  103    1  49  0  0 L3P E3
G14 FF 61026 052200  780 155 1173    -7224382     43          17     71   30  69  271   57   99  -47   99  -47  27  0  0 L3P 1A
G15 FF 61026 052200  780 399 2858    -3679093      5          -6     40   20  18  115    6  156  -21  156  -21  17  0  0 L3P 01
G17 FF 61026 052200  780 366 1433       29145    123         -20     -1   19   2  123   21  103   -8  103   -8  16  0  0 L3P B1
G19 FF 61026 052200  780 558 1428    -6808593    -17          -7      3   17  17   89    8   88   -3   88   -3  15  0  0 L3P D3
G22 FF 61026 052200  780 271 1324      687552    -94          -7    -57   22  39  161   21   99   43   99   43  17  0  0 L3P EE
G24 FF 61026 052200  780 353 2158     1988911   -138          -6      2   16  38  127  -20   98  -12   98  -12  15  0  0 L3P 10
G30 FF 61026 052200  780 130  548     -577300   -140          -7    -20   39  44  323  120  158   43  158   43  33  0  0 L3P 08
G06 FF 61026 053800  780 392  702     5906068    127          -2     70   24  64  116   -9   92  -62   92  -62  19  0  0 L3P F7
G11 FF 61026 053800  780 282  200     5072618   -105         -13     29   36 147  155  -32  119  -23  119  -23  32  0  0 L3P 3D
G12 FF 61026 053800  780 274 2447     6052985     22          -6     16   27  65  159  -14  182  -43  182  -43  23  0  0 L3P 2A
G13 FF 61026 053800  780 449 3418    -6919725     28         -42     20   18 150  104   14  122   -8  122   -8  16  0  0 L3P 1C
G14 FF 61026 053800  780 123 1112    -7224400     69          26     96   48  69  337   84   92  -91   92  -91  40  0  0 L3P 12
G15 FF 61026 053800  780 368 2950    -3679125    -20          -4     15   15  18  122   10  159   -2  159   -2  11  0  0 L3P FE
G17 FF 61026 053800  780 298 1437       29271     88         -12    -36   15   2  148   32   93   28   93   28  13  0  0 L3P CF
G19 FF 61026 053800  780 485 1455    -6808614     -6          -8     14   18  17   98   11   87   -9   87   -9  16  0  0 L3P EA
G22 FF 61026 053800  780 235 1257      687524    -13           2     24   20  39  183   26   87  -30   87  -30  14  0  0 L3P DB
G24 FF 61026 053800  780 417 2154     1988767   -135         -14      5   23  38  110  -15   99   -8   99   -8  21  0  0 L3P 0F
G06 FF 61026 055400  780 421  801     5906128     61           3      4   27  64  110   -5   91  -12   91  -12  23  0  0 L3P A1
G11 FF 61026 055400  780 344  249     5072490    -92         -12     42   21 147  130  -22  105  -36  105  -36  16  0  0 L3P 26
G12 FF 61026 055400  780 300 2372     6052981      5         -15     -1   23  65  146  -12  159  -32  159  -32  22  0  0 L3P 08
G13 FF 61026 055400  780 375 3460    -6919696      5         -21     -3   32 150  121   21  117   17  117   17  28  0  0 L3P 0C
G15 FF 61026 055400  780 330 3033    -3679154      2           1     37   24  18  135   15  165  -22  165  -22  17  0  0 L3P F0
G17 FF 61026 055400  780 231 1430       29401    110          -1    -14   35   2  187   51   84    6   84    6  31  0  0 L3P 7E
G19 FF 61026 055400  780 414 1463    -6808622    -44           3    -23   26  17  111   16   85   25   85   25  21  0  0 L3P EB
G22 FF 61026 055400  780 201 1190      687481    -77          -6    -39   33  39  212   34   89   42   89   42  24  0  0 L3P EB
G24 FF 61026 055400  780 484 2161     1988631   -124         -16     17   16  38   98  -11   94  -32   94  -32  15  0  0 L3P 28
G06 FF 61026 061000  780 436  908     5906168     46         -12    -10   20  65  107   -2   96    8   96    8  16  0  0 L3P BF
G11 FF 61026 061000  780 408  304     5072367   -139          -4     -5   17 148  113  -15   95    4   95    4  14  0  0 L3P CD
G12 FF 61026 061000  780 327 2297     6052995     28          -8     22   19  66  136  -10  127  -64  127  -64  16  0  0 L3P 28
G13 FF 61026 061000  780 304 3496    -6919687     -2         -23    -10   23 151  145   31  133   22  133   22  19  0  0 L3P 1C
G15 FF 61026 061000  780 288 3108    -3679189    -30           6      5   28  36  152   22  172   10  172   10  20  0  0 L3P E5
G17 FF 61026 061000  780 168 1415       29532    119          14     -5   76  18  253   91   83   -5   83   -5  54  0  0 L3P BD
G19 FF 61026 061000  780 346 1458    -6808650    -20          -8      1   17  60  129   22   92    9   92    9  16  0  0 L3P C0
G22 FF 61026 061000  780 169 1123      687443     58          -7     95   32  47  250   46   96  -75   96  -75  27  0  0 L3P FB
G24 FF 61026 061000  780 553 2185     1988492   -147         -19     -6   11  77   89   -8   85   -3   85   -3  10  0  0 L3P F7
G06 FF 61026 062600  780 436 1018     5906221     63         -14      6   18  65  107    2   96   -2   96   -2  18  0  0 L3P B8
G11 FF 61026 062600  780 471  372     5072223   -114         -19     20   17 148  100  -10  101  -18  101  -18  15  0  0 L3P 23
G12 FF 61026 062600  780 354 2222     6052982     30         -27     25   24  66  127   -9  110  -42  110  -42  21  0  0 L3P 04
G13 FF 61026 062600  780 237 3530    -6919675     53         -19     45   18 151  182   49  148  -17  148  -17  12  0  0 L3P 58
G15 FF 61026 062600  780 244 3175    -3679219    -41          10     -6   14  36  177   31  178   22  178   22  11  0  0 L3P 11
G19 FF 61026 062600  780 282 1445    -6808668     53          -6     73   19  60  155   33   97  -41   97  -41  14  0  0 L3P 18
G22 FF 61026 062600  780 138 1057      687429    -35          14      2   27  47  303   67   82   -6   82   -6  22  0  0 L3P C0
G24 FF 61026 062600  780 621 2238     1988357   -159         -18    -18   17  77   83   -5   79   11   79   11  16  0  0 L3P 1B
G29 FF 61026 062600  780 112 3076     4085164    -93           1    -31   30  64  373 -169  312  -92  312  -92  21  0  0 L3P 3A
G06 FF 61026 064200  780 419 1122     5906283     54          -5     -3   22  65  110    5   86   -3   86   -3  19  0  0 L3P AE
G11 FF 61026 064200  780 531  460     5072099   -137         -14     -3   15 148   92   -7   95   -8   95   -8  13  0  0 L3P E7
G12 FF 61026 064200  780 382 2145     6052987     -6         -27    -12   16  66  119   -8  106   27  106   27  14  0  0 L3P 0E
G13 FF 61026 064200  780 174 3564    -6919664     17         -15      9   23 151  244   84  154   -4  154   -4  17  0  0 L3P 18
G15 FF 61026 064200  780 200 3238    -3679250    -43          13     -7   30  36  214   46  189   18  189   18  21  0  0 L3P 13
G19 FF 61026 064200  780 221 1424    -6808657    -92          24    -71   30  60  194   50   74   81   74   81  21  0  0 L3P 05
G22 FF 61026 064200  780 107  991      687379    -68           0    -31   34  47  385  107  100   31  100   31  29  0  0 L3P EE
G24 FF 61026 064200  780 685 2342     1988217   -130         -23     11   13  77   79   -3   83  -11   83  -11  11  0  0 L3P 01
G25 FF 61026 064200  780 116 2402    -4556134     36           7     14   25  25  357 -103  246  -82  246  -82  21  0  0 L3P 28
G29 FF 61026 064200  780 162 3025     4085108     -7           4     54   28  64  261  -78  220  -83  220  -83  20  0  0 L3P 08
G06 FF 61026 071000  780 357 1271     5906380     27          -4    -30   20  65  126   14   84   25   84   25  19  0  0 L3P DC
G11 FF 61026 071000  780 609  689     5071874   -125         -14      9   13 148   84   -2   86  -12   86  -12  10  0  0 L3P F9
G12 FF 61026 071000  780 435 2005     6053011     11         -12      6   13  66  107   -6  104  -20  104  -20  12  0  0 L3P CC
G15 FF 61026 071000  780 127 3341    -3679299    -87          24    -51   45  36  327   97  193   48  193   48  36  0  0 L3P 4B
G19 FF 61026 071000  780 125 1375    -6808688     32          28     53   42  60  334  136  104  -19  104  -19  33  0  0 L3P 38
G20 FF 61026 071000  780 160  461    -3620239   -117         -22   -118   45  45  264  -61  108   68  108   68  32  0  0 L3P 45
G24 FF 61026 071000  780 748 2758     1987980   -136         -23      5   12  77   76    0   85    0   85    0  10  0  0 L3P B8
G25 FF 61026 071000  780 180 2308    -4556101     35           4     14   31  25  236  -50  158  -40  158  -40  24  0  0 L3P 05
G29 FF 61026 071000  780 243 2918     4085006    -32           2     29   24   5  178  -31  193  -58  193  -58  21  0  0 L3P 13
G06 FF 61026 072600  780 308 1333     5906433     63          -6      6   21  65  143   23   84  -10   84  -10  16  0  0 L3P D0
G11 FF 61026 072600  780 626  863     5071746   -141         -16     -6   13 149   83    0   78   -4   78   -4  12  0  0 L3P D8
G12 FF 61026 072600  780 468 1921     6053012      8         -17      2   15  66  101   -6   92  -13   92  -13  12  0  0 L3P C3
G20 FF 61026 072600  780 197  525    -3620238     -1         -23     -2   37  45  216  -41  107  -10  107  -10  32  0  0 L3P 01
G21 FF 61026 072600  780 102  519    -3578426   -162           7    -58   32  73  403 -118  112   33  112   33  24  0  0 L3P 22
G24 FF 61026 072600  780 728 3052     1987844   -150         -24     -9   14  77   77    2   87   10   87   10  12  0  0 L3P EB
G25 FF 61026 072600  780 220 2257    -4556093     45          -9     24   33  25  195  -36  123  -52  123  -52  28  0  0 L3P 2C
G29 FF 61026 072600  780 284 2847     4084960    -88          15    -26   19   5  154  -20  155   -7  155   -7  17  0  0 L3P 22
G05 FF 61026 074200  780 124  289     2256370     -1         -15     -8   30  23  336 -108  111   -4  111   -4  24  0  0 L3P E3
G06 FF 61026 074200  780 252 1379     5906484     96         -10     40   32  65  172   38  102  -10  102  -10  23  0  0 L3P 11
G11 FF 61026 074200  780 615 1039     5071625   -140          -7     -4   15 149   84    2   68    9   68    9  13  0  0 L3P BD
G12 FF 61026 074200  780 502 1830     6053021     18         -13     13   14  66   96   -5   86  -17   86  -17  13  0  0 L3P DE
G20 FF 61026 074200  780 234  593    -3620247    -17         -32    -18   36  45  184  -28  115   11  115   11  29  0  0 L3P 1E
G21 FF 61026 074200  780 133  582    -3578515    -69          18     35   26  73  313  -73  102  -37  102  -37  22  0  0 L3P 2A
G24 FF 61026 074200  780 673 3245     1987709   -134         -23      7   11  77   80    4   88    0   88    0   9  0  0 L3P AD
G25 FF 61026 074200  780 264 2207    -4556070     20          -6     -2   28  25  165  -27  103    2  103    2  22  0  0 L3P CA
G29 FF 61026 074200  780 321 2768     4084889    -93           3    -31   15   5  138  -14  142   14  142   14  13  0  0 L3P 00
G05 FF 61026 075800  780 166  345     2256392     -1           0     -8   25  23  254  -66   98   12   98   12  20  0  0 L3P BC
G06 FF 61026 075800  780 193 1410     5906533     84         -15     28   49  65  221   67  155   47  155   47  33  0  0 L3P 21
G11 FF 61026 075800  780 579 1184     5071481   -130         -21      6   13 149   87    4   86    1   86    1  12  0  0 L3P C0
G12 FF 61026 075800  780 536 1730     6053021      6         -19      0   14  66   91   -4   86   -3   86   -3  13  0  0 L3P 9A
G20 FF 61026 075800  780 269  666    -3620247    -51         -33    -52   35  45  162  -19  116   54  116   54  28  0  0 L3P 35
G21 FF 61026 075800  780 165  649    -3578636   -122          -4    -18   41  73  256  -47  137   41  137   41  33  0  0 L3P 3C
G24 FF 61026 075800  780 604 3355     1987576   -156         -21    -15   17  77   85    6   90   12   90   12  13  0  0 L3P 00
G25 FF 61026 075800  780 311 2160    -4556054    -17         -11    -38   34  25  142  -21  109   39  109   39  30  0  0 L3P 33
G29 FF 61026 075800  780 353 2684     4084834    -97           6    -36   18   5  127  -10  124   13  124   13  16  0  0 L3P 09
G05 FF 61026 081400  780 211  404     2256383    -22         -17    -29   31  24  203  -43  122   43  122   43  27  0  0 L3P FD
G06 FF 61026 081400  780 133 1430     5906602   -198           4   -255   63  66  316  140  233  354  233  354  40  0  0 L3P 5A
G11 FF 61026 081400  780 527 1287     5071358   -111         -14     24   19 150   92    7   94   -3   94   -3  17  0  0 L3P E8
G12 FF 61026 081400  780 568 1617     6053030     58         -12     52    9  80   88   -3   91  -31   91  -31   8  0  0 L3P C6
G20 FF 61026 081400  780 299  746    -3620238     56         -26     54   31  58  147  -12  128  -35  128  -35  27  0  0 L3P 38
G21 FF 61026 081400  780 194  719    -3578723   -147           4    -43   58  74  219  -31  144   67  144   67  52  0  0 L3P 38
G24 FF 61026 081400  780 530 3424     1987433   -148         -24     -7   36  80   92    9  110   30  110   30  35  0  0 L3P F3
G25 FF 61026 081400  780 362 2114    -4556031      0         -12    -22   31  40  124  -16  111   19  111   19  26  0  0 L3P F2
G29 FF 61026 081400  780 380 2593     4084781    -92          13    -31   25  54  119   -7  115    1  115    1  22  0  0 L3P E6
G05 FF 61026 083000  780 257  467     2256383     20         -24     13   33  24  169  -29  154   15  154   15  27  0  0 L3P 02
G11 FF 61026 083000  780 466 1354     5071234   -156          -9    -21   33 150  101   11  115   45  115   45  30  0  0 L3P 12
G12 FF 61026 083000  780 597 1486     6053041      5          -5     -1   17  80   85   -2  101   21  101   21  17  0  0 L3P AC
G20 FF 61026 083000  780 322  832    -3620225    -27         -15    -28   31  58  138   -7  140   47  140   47  26  0  0 L3P 0B
G21 FF 61026 083000  780 220  793    -3578829    -48          -3     55   23  74  195  -20  178  -35  178  -35  20  0  0 L3P 39
G24 FF 61026 083000  780 454 3473     1987307   -145         -15     -4   36  80  103   14  114   23  114   23  34  0  0 L3P 14
G25 FF 61026 083000  780 417 2070    -4556022      4         -24    -18   17  40  110  -13  131   18  131   18  15  0  0 L3P FA
G29 FF 61026 083000  780 403 2498     4084717    -85           8    -24   16  54  113   -5  103   43  103   43  12  0  0 L3P F8
G05 FF 61026 084600  780 303  536     2256386     10         -27      3   24  24  145  -20  172   16  172   16  19  0  0 L3P E6
G11 FF 61026 084600  780 400 1396     5071102   -131         -11      4   24 150  114   16  147   29  147   29  19  0  0 L3P 11
G12 FF 61026 084600  780 617 1335     6053043      2          -9     -4   14  80   84   -1  118    8  118    8  13  0  0 L3P 9C
G18 FF 61026 084600  780 142 3247     4750284   -117          14    -18   20 115  298 -132  172    5  172    5  15  0  0 L3P 34
G20 FF 61026 084600  780 335  923    -3620234      7         -25      6   20  58  133   -3  168    8  168    8  19  0  0 L3P BD
G21 FF 61026 084600  780 240  871    -3578921   -182           5    -79   32  74  179  -12  187   91  187   91  27  0  0 L3P 43
G24 FF 61026 084600  780 380 3511     1987169   -138         -17      3   11  80  119   20  131    6  131    6   8  0  0 L3P DC
G25 FF 61026 084600  780 477 2026    -4555989     29         -11      8   10  40   99  -10  125   -9  125   -9  10  0  0 L3P 03
G28 FF 61026 084600  780 102 2214     6225093    -32          14      8   36 178  406 -189  195  -27  195  -27  26  0  0 L3P 56
G29 FF 61026 084600  780 421 2400     4084645    -55          -5      7   15  54  109   -4  138   21  138   21  11  0  0 L3P E3
G05 FF 61026 090200  780 346  614     2256391    -10         -29    -17   21  24  129  -14  189   33  189   33  15  0  0 L3P 1C
G11 FF 61026 090200  780 333 1419     5070972    -99         -10     36   15 150  134   24  187   20  187   20  12  0  0 L3P 1A
G12 FF 61026 090200  780 625 1168     6053049     28          -8     22   13  80   83    0  134   -4  134   -4  11  0  0 L3P B4
G18 FF 61026 090200  780 205 3216     4750168    -71          -7     28   30 115  209  -64  191   -9  191   -9  21  0  0 L3P 1A
G20 FF 61026 090200  780 336 1015    -3620245    -10         -37    -12   19  58  132    2  197   40  197   40  16  0  0 L3P 08
G21 FF 61026 090200  780 253  952    -3579053   -125         -28    -22   23  74  171   -5  245   42  245   42  19  0  0 L3P 29
G24 FF 61026 090200  780 309 3545     1987042   -158          -9    -17   20  80  143   30  151   55  151   55  15  0  0 L3P 20
G25 FF 61026 090200  780 540 1982    -4555958    -16          -2    -38   13  40   91   -8  131   45  131   45  11  0  0 L3P 05
G28 FF 61026 090200  780 148 2257     6225022    -71         -19    -31   30 178  284  -83  218   19  218   19  24  0  0 L3P 4B
G29 FF 61026 090200  780 436 2300     4084590    -42          -1     19   17  54  107   -3  148    7  148    7  12  0  0 L3P D5
G05 FF 61026 091800  780 383  701     2256395     41         -31     35   24  24  118   -9  204  -18  204  -18  19  0  0 L3P 09
G11 FF 61026 091800  780 267 1428     5070834   -142         -19     -7   17 150  163   38  255   81  255   81  14  0  0 L3P 3E
G12 FF 61026 091800  780 617  997     6053058      4          -5     -1   16  80   84    1  147   14  147   14  13  0  0 L3P AD
G18 FF 61026 091800  780 268 3175     4750087    -86           7     13   22 115  163  -36  183  -10  183  -10  18  0  0 L3P 38
G20 FF 61026 091800  780 325 1105    -3620238    -58         -31    -59   34  58  136    7  224   87  224   87  30  0  0 L3P 26
G21 FF 61026 091800  780 256 1033    -3579164   -140         -39    -36   36  74  169    1  275   67  275   67  28  0  0 L3P 4F
G24 FF 61026 091800  780 241 3577     1986912   -127          -4     14   21  80  179   47  185   41  185   41  16  0  0 L3P 2A
G25 FF 61026 091800  780 608 1934    -4555943     21          -7     -1   13  40   84   -6  141    9  141    9  11  0  0 L3P C4
G28 FF 61026 091800  780 189 2309     6224987    -50         -15    -10   36 178  225  -44  229   12  229   12  32  0  0 L3P 51
G29 FF 61026 091800  780 447 2199     4084535    -75           3    -14   19  54  104   -2  165   20  165   20  16  0  0 L3P 06
G05 FF 61026 093400  780 411  798     2256407     11         -26      4   16  24  112   -5  214   12  214   12  12  0  0 L3P C2
G11 FF 61026 093400  780 203 1426     5070722   -176          -1    -40   23 150  210   64  328  135  328  135  21  0  0 L3P 3C
G12 FF 61026 093400  780 592  839     6053058     37         -11     31   18  80   86    3  171    0  171    0  13  0  0 L3P A7
G18 FF 61026 093400  780 329 3123     4749983    -98          -2      1   23 115  135  -23  194    0  194    0  16  0  0 L3P F4
G20 FF 61026 093400  780 302 1186    -3620250     17         -44     16   18  58  146   13  270   29  270   29  15  0  0 L3P 0D
G21 FF 61026 093400  780 249 1113    -3579245   -231         -21   -128   32  74  174    9  297  159  297  159  27  0  0 L3P 83
G24 FF 61026 093400  780 178   10     1986776   -170          -4    -29   30  80  239   81  237   74  237   74  22  0  0 L3P 15
G25 FF 61026 093400  780 679 1877    -4555922     -3          -7    -25   11  40   79   -4  151   26  151   26   9  0  0 L3P F7
G28 FF 61026 093400  780 222 2372     6224958    -44          -6     -4   19 178  193  -25  228    7  228    7  19  0  0 L3P 16
G29 FF 61026 093400  780 456 2097     4084463    -71         -11     -9   15  54  103   -2  190   31  190   31  13  0  0 L3P 05
G05 FF 61026 095000  780 427  903     2256402     19         -37     12   23  24  108   -2  236    6  236    6  20  0  0 L3P BC
G11 FF 61026 095000  780 142 1416     5070657   -208          64    -73   59 150  296  123  386  171  386  171  40  0  0 L3P 7C
G12 FF 61026 095000  780 553  705     6053059    -28         -15    -34   16  80   89    5  197   47  197   47  14  0  0 L3P 06
G18 FF 61026 095000  780 388 3058     4749890   -106           0     -8   43 115  117  -15  194   -2  194   -2  28  0  0 L3P 2A
G20 FF 61026 095000  780 267 1257    -3620244    -20         -25    -21   18   2  163   23  315   62  315   62  14  0  0 L3P 04
G21 FF 61026 095000  780 231 1188    -3579335    -70         -12     33   17  74  187   18  339   29  339   29  14  0  0 L3P 38
G24 FF 61026 095000  780 119   44     1986654    -69           9     72   30  80  349  161  295   22  295   22  21  0  0 L3P FA
G25 FF 61026 095000  780 752 1790    -4555905     -6         -11    -27    9  40   76   -3  159   32  159   32   8  0  0 L3P F4
G28 FF 61026 095000  780 247 2444     6224918    -44          -8     -4   26 178  175  -13  240   14  240   14  20  0  0 L3P 1C
G29 FF 61026 095000  780 464 1994     4084410    -68          -4     -7   17  54  101   -1  200   18  200   18  14  0  0 L3P EF
G05 FF 61026 100600  780 427 1010     2256413     10         -35      3   22  90  108    2  246   21  246   21  22  0  0 L3P B5
G12 FF 61026 100600  780 503  598     6053068     12         -13      6   22 107   96    8  220   25  220   25  13  0  0 L3P BB
G18 FF 61026 100600  780 443 2978     4749797    -89           5      9   16 116  105  -10  181   -4  181   -4  12  0  0 L3P 0C
G20 FF 61026 100600  780 225 1316    -3620230     27         -13     25   24  36  192   38  368   58  368   58  19  0  0 L3P 17
G21 FF 61026 100600  780 203 1256    -3579431    -34          -9     70   27  75  210   33  388    2  388    2  22  0  0 L3P E7
G23 FF 61026 100600  780 116 3504    -5869349    -54          22     -2   18 116  359 -189  314   -9  314   -9  14  0  0 L3P 44
G25 FF 61026 100600  780 823 1580    -4555880     52         -14     30   28  42   74   -1  164  -15  164  -15  27  0  0 L3P 13
G28 FF 61026 100600  780 261 2522     6224885    -31           0      8   24 179  167   -5  255   26  255   26  21  0  0 L3P F3
G29 FF 61026 100600  780 470 1892     4084348    -64          -8     -3   14  55  100   -1  214   11  214   11  11  0  0 L3P DE
G05 FF 61026 102200  780 412 1112     2256422     38         -33     31   22  90  111    5  261   -3  261   -3  18  0  0 L3P BF
G12 FF 61026 102200  780 446  513     6053077     17          -9     12   19 107  105   12  242   23  242   23  16  0  0 L3P D8
G18 FF 61026 102200  780 491 2880     4749695    -92          -3      6   13 116   97   -7  195   13  195   13  11  0  0 L3P 00
G20 FF 61026 102200  780 176 1362    -3620212     53           3     52   28  36  242   70  441   51  441   51  21  0  0 L3P D3
G21 FF 61026 102200  780 167 1315    -3579518    -93           4     10   28  75  254   60  453   77  453   77  21  0  0 L3P 0F
G23 FF 61026 102200  780 181 3521    -5869416    -76           4    -24   31 116  235  -86  303   -5  303   -5  22  0  0 L3P 19
G25 FF 61026 102200  780 849  804    -4555864     33         -18     11    9  42   74    0  179    4  179    4   7  0  0 L3P A8
G28 FF 61026 102200  780 264 2604     6224854    -66           7    -26   25 179  165    1  275   44  275   44  24  0  0 L3P 12
G29 FF 61026 102200  780 476 1788     4084285    -45         -12     17   16  55   99   -1  224   -6  224   -6  14  0  0 L3P 02
G31 FF 61026 102200  780 101 2319     1775507    -26          -7     -7   30  42  406 -100  378   10  378   10  26  0  0 L3P 06
G05 FF 61026 103800  780 383 1202     2256435     49         -27     42   28  90  118   10  285    3  285    3  24  0  0 L3P E0
G12 FF 61026 103800  780 384  447     6053082     56          -9     50   21 107  118   17  274    1  274    1  17  0  0 L3P CC
G18 FF 61026 103800  780 530 2763     4749601   -105          -3     -7   13 116   92   -4  207   19  207   19  11  0  0 L3P 05
G21 FF 61026 103800  780 124 1363    -3579606     36          15    139   62  75  337  122  537    6  537    6  47  0  0 L3P 1B
G23 FF 61026 103800  780 250 3534    -5869470    -76           1    -24   19 116  174  -48  282    7  282    7  14  0  0 L3P 1B
G25 FF 61026 103800  780 786  364    -4555845     47         -20     25    8  42   75    2  192    8  192    8   6  0  0 L3P B1
G28 FF 61026 103800  780 257 2686     6224869     52          60     92   22 179  169    7  239  -71  239  -71  18  0  0 L3P 42
G29 FF 61026 103800  780 480 1683     4084230    -55          -8      7   13  55   99   -1  233    6  233    6  11  0  0 L3P B9
G31 FF 61026 103800  780 123 2381     1775492      5          -4     24   29  42  337  -48  380   -1  380   -1  22  0  0 L3P E0
G05 FF 61026 105400  780 343 1277     2256434    -14         -34    -21   17  90  130   15  324   57  324   57  14  0  0 L3P 14
G12 FF 61026 105400  780 319  396     6053103     -2           6     -7   16 107  139   27  305   60  305   60  13  0  0 L3P CC
G15 FF 61026 105400  780 128  590    -3679774    -48          26    -13   29  38  325  -74  483   16  483   16  24  0  0 L3P 3D
G18 FF 61026 105400  780 558 2629     4749513    -78           2     20   14 116   89   -2  210   -9  210   -9  13  0  0 L3P EC
G23 FF 61026 105400  780 323 3544    -5869514    -84           7    -32   16 116  137  -30  257   11  257   11  13  0  0 L3P 2A
G25 FF 61026 105400  780 707  248    -4555821     20         -17     -2   18  42   78    4  205   18  205   18  13  0  0 L3P D4
G26 FF 61026 105400  780 146 2207     2960879    -34          12    -98   48  76  289 -113  409   43  409   43  44  0  0 L3P 54
G28 FF 61026 105400  780 241 2767     6224787     20          16     60   28 179  179   14  304  -27  304  -27  25  0  0 L3P 36
G29 FF 61026 105400  780 483 1576     4084171   -116          -8    -54   17  55   98    0  244   55  244   55  14  0  0 L3P 10
G31 FF 61026 105400  780 137 2448     1775476    -62          -1    -43   32  42  305  -21  389   49  389   49  25  0  0 L3P 33
G05 FF 61026 111000  780 294 1335     2256457     62         -17     55   20  90  149   25  358   15  358   15  17  0  0 L3P 0D
G12 FF 61026 111000  780 252  357     6053112     39           9     34   22 107  172   43  356   24  356   24  17  0  0 L3P D9
G15 FF 61026 111000  780 158  657    -3679812    -49          22    -14   31  38  267  -48  478    6  478    6  24  0  0 L3P 19
G18 FF 61026 111000  780 572 2482     4749421    -95           4      3   19 116   87   -1  212   -3  212   -3  15  0  0 L3P CA
G23 FF 61026 111000  780 400 3550    -5869570    -57           1     -4   15 116  114  -19  256   -6  256   -6  11  0  0 L3P 06
G25 FF 61026 111000  780 624  196    -4555798     18         -15     -3    9  42   83    6  220   23  220   23   7  0  0 L3P B3
G26 FF 61026 111000  780 204 2224     2960937    -45           8   -109   29  76  210  -58  374   38  374   38  27  0  0 L3P 34
G28 FF 61026 111000  780 218 2844     6224756      4          23     44   22 179  197   23  330   -6  330   -6  19  0  0 L3P F2
G29 FF 61026 111000  780 484 1467     4084113    -33          -7     28   15  55   98    0  259  -10  259  -10  12  0  0 L3P F6
G31 FF 61026 111000  780 142 2519     1775471     11          13     31   23  42  294   -3  389  -16  389  -16  19  0  0 L3P 0D
G05 FF 61026 112600  780 240 1378     2256469     21         -12     14   31  90  180   41  407   48  407   48  22  0  0 L3P FF
G10 FF 61026 112600  780 101 3380     5743967    -51          29    -89   23  93  413 -260  429   30  429   30  16  0  0 L3P 39
G12 FF 61026 112600  780 186  327     6053126     29          18     24   21 107  229   80  417   49  417   49  17  0  0 L3P 03
G15 FF 61026 112600  780 185  727    -3679837     50          31     85   40  38  229  -32  453 -104  453 -104  36  0  0 L3P 4F
G18 FF 61026 112600  780 574 2332     4749327   -107           5    -10   12 116   87    0  217   18  217   18  11  0  0 L3P FB
G23 FF 61026 112600  780 481 3552    -5869617    -35           4     17   20 116   99  -13  244  -34  244  -34  16  0  0 L3P 33
G25 FF 61026 112600  780 542  167    -4555775     18         -13     -4   20  42   91   10  239   20  239   20  17  0  0 L3P E3
G26 FF 61026 112600  780 260 2252     2960995     38           6    -25   28  76  167  -34  343  -14  343  -14  26  0  0 L3P 2B
G28 FF 61026 112600  780 189 2917     6224710    -48          16     -8   22 179  224   35  373   44  373   44  19  0  0 L3P 2D
G29 FF 61026 112600  780 482 1357     4084044    -81         -17    -20   11  55   99    1  274   24  274   24  12  0  0 L3P FD
G31 FF 61026 112600  780 140 2591     1775432      6          -8     25   26  42  299   14  428   -4  428   -4  20  0  0 L3P DA
G05 FF 61026 114200  780 183 1408     2256472     36          -1     29   30  25  233   73  500   66  500   66  21  0  0 L3P E5
G10 FF 61026 114200  780 167 3374     5743995     39          20      0   31  93  255 -102  404  -42  404  -42  20  0  0 L3P 14
G12 FF 61026 114200  780 121  307     6053136     40          23     35   29 107  347  183  494   78  494   78  23  0  0 L3P 14
G15 FF 61026 114200  780 209  800    -3679898     -7           4     28   17  38  204  -21  476  -25  476  -25  13  0  0 L3P 19
G18 FF 61026 114200  780 564 2188     4749224   -102          -5     -4   14 116   88    2  234   11  234   11  14  0  0 L3P F0
G23 FF 61026 114200  780 565 3552    -5869669    -30           3     22   12 116   88   -9  234  -20  234  -20  10  0  0 L3P 13
G25 FF 61026 114200  780 461  150    -4555740     28           2      7    9  42  102   14  262   38  262   38   7  0  0 L3P A6
G26 FF 61026 114200  780 315 2294     2961065     80          14     16   26  76  141  -22  314  -24  314  -24  22  0  0 L3P 11
G28 FF 61026 114200  780 158 2986     6224688    -41          32     -1   29 179  266   53  404   51  404   51  20  0  0 L3P 22
G29 FF 61026 114200  780 475 1246     4083995    -66          -7     -5   16  55  100    1  277   26  277   26  13  0  0 L3P FC
G31 FF 61026 114200  780 130 2664     1775425    -14           4      5   26  42  321   32  440   27  440   27  20  0  0 L3P C9
G10 FF 61026 115800  780 236 3361     5744021     58           8     19   43  93  183  -53  379  -56  379  -56  42  0  0 L3P 2E
G15 FF 61026 115800  780 228  875    -3679938     13          -2     49   24  38  188  -12  478  -54  478  -54  21  0  0 L3P 46
G18 FF 61026 115800  780 545 2056     4749131   -105          -4     -7   12 116   90    3  244   21  244   21  10  0  0 L3P EA
G23 FF 61026 115800  780 651 3551    -5869719    -57           3     -5   13 116   81   -6  228    6  228    6  11  0  0 L3P E4
G25 FF 61026 115800  780 382  141    -4555718      9           3    -13   24  42  119   21  308   71  308   71  25  0  0 L3P DD
G26 FF 61026 115800  780 364 2351     2961125     79          14     15   20  76  124  -14  299  -26  299  -26  16  0  0 L3P 35
G28 FF 61026 115800  780 126 3051     6224643    -32          25      8   31 179  330   82  462   52  462   52  22  0  0 L3P 06
G29 FF 61026 115800  780 464 1136     4083941    -75          -2    -13   18  55  101    3  293   35  293   35  14  0  0 L3P 02
G31 FF 61026 115800  780 114 2735     1775401    -37          -2    -18   23  42  363   57  476   65  476   65  20  0  0 L3P 1C
G10 FF 61026 121400  780 307 3338     5744060     13           9    -26   34 106  144  -32  338   -7  338   -7  31  0  0 L3P 01
G15 FF 61026 121400  780 240  953    -3679951    -40          21     -5   28  40  180   -5  461   20  461   20  21  0  0 L3P E6
G16 FF 61026 121400  780 130 2195    -1690151    -75          12      3   53  75  322 -135  481  -63  481  -63  47  0  0 L3P 39
G18 FF 61026 121400  780 522 1936     4749037   -134           0    -37   15 117   93    3  262   51  262   51  14  0  0 L3P FE
G23 FF 61026 121400  780 739 3550    -5869780   -102         -12    -50   20 117   77   -4  240   44  240   44  19  0  0 L3P 37
G25 FF 61026 121400  780 306  138    -4555694     65           4     43   18  69  144   33  355   25  355   25  15  0  0 L3P F2
G26 FF 61026 121400  780 406 2426     2961185     49           8    -15   11   2  113   -9  293    6  293    6  10  0  0 L3P B8
G29 FF 61026 121400  780 446 1029     4083887    -69           3     -7   30  60  105    4  308   33  308   33  26  0  0 L3P E3
G10 FF 61026 123000  780 379 3306     5744080     31          -8     -8   30 106  120  -20  326  -16  326  -16  29  0  0 L3P 15
G15 FF 61026 123000  780 242 1031    -3680002    -59           4    -24   24  40  178    1  488   41  488   41  20  0  0 L3P EA
G16 FF 61026 123000  780 184 2223    -1690231    -59           7     19   43  75  231  -66  444  -55  444  -55  38  0  0 L3P 35
G18 FF 61026 123000  780 495 1828     4748942    -82          -1     16   16 117   97    4  283    5  283    5  13  0  0 L3P E2
G23 FF 61026 123000  780 827 3563    -5869847     -7         -28     45   29 117   74   -2  260  -35  260  -35  29  0  0 L3P 40
G25 FF 61026 123000  780 233  141    -4555680     49          -3     28   15  69  185   55  432   72  432   72  12  0  0 L3P F4
G26 FF 61026 123000  780 437 2517     2961246     47           8    -16   16   2  106   -5  296   22  296   22  13  0  0 L3P E0
G29 FF 61026 123000  780 422  927     4083829    -66           3     -5   19  60  109    6  337   30  337   30  17  0  0 L3P D3
G10 FF 61026 124600  780 453 3260     5744116     49          -9     11   12 106  104  -14  315  -20  315  -20  11  0  0 L3P 09
G15 FF 61026 124600  780 236 1107    -3680038     41           2     76   29  40  183    8  507  -37  507  -37  25  0  0 L3P 04
G16 FF 61026 124600  780 236 2262    -1690316    -66          -2     12   24  75  183  -37  422  -40  422  -40  20  0  0 L3P 26
G18 FF 61026 124600  780 468 1728     4748850   -100           1     -3   13 117  101    5  303   28  303   28  11  0  0 L3P F3
G23 FF 61026 124600  780 884 1490    -5869866   -109           3    -56   13 117   74    0  237   61  237   61  13  0  0 L3P 25
G25 FF 61026 124600  780 164  149    -4555638     93          18     72   24  69  259  105  503   30  503   30  17  0  0 L3P 15
G26 FF 61026 124600  780 454 2622     2961303     54           4    -10   17   2  103   -2  304   15  304   15  15  0  0 L3P BE
G29 FF 61026 124600  780 391  832     4083769    -79           3    -18   20  60  116    9  367   46  367   46  16  0  0 L3P 01
G10 FF 61026 130200  780 525 3195     5744166     62           4     23   10 106   93   -9  295  -34  295  -34   8  0  0 L3P F1
G15 FF 61026 130200  780 220 1179    -3680049    -26          24      9   29  40  195   18  525   30  525   30  23  0  0 L3P FB
G16 FF 61026 130200  780 283 2314    -1690373    -58          16     20   27  75  155  -23  391  -30  391  -30  23  0  0 L3P 32
G18 FF 61026 130200  780 441 1634     4748756   -124           0    -27   26 117  106    5  333   52  333   52  21  0  0 L3P 09
G23 FF 61026 130200  780 799 1653    -5869932      5         -13     58   17 117   75    2  266  -36  266  -36  17  0  0 L3P 2C
G26 FF 61026 130200  780 455 2735     2961370     65          10      2   14   2  103    1  314   13  314   13  12  0  0 L3P 9E
G29 FF 61026 130200  780 354  746     4083719    -48          11     14   28  60  127   13  397   25  397   25  24  0  0 L3P 06
G10 FF 61026 131800  780 593 3102     5744203     64           4     25   10 106   86   -6  285  -23  285  -23   8  0  0 L3P E6
G15 FF 61026 131800  780 195 1243    -3680085     -3          22     32   28  40  218   32  572   35  572   35  23  0  0 L3P FF
G16 FF 61026 131800  780 323 2379    -1690455    -59           9     19   18  75  137  -14  384  -22  384  -22  15  0  0 L3P 42
G18 FF 61026 131800  780 414 1546     4748668   -105           7     -7   23 117  111    6  354   41  354   41  21  0  0 L3P 04
G23 FF 61026 131800  780 715 1648    -5869969    -40           0     12   11 117   78    4  272   12  272   12   9  0  0 L3P EA
G26 FF 61026 131800  780 440 2845     2961423     72           2      8   12   2  106    4  333   12  333   12   9  0  0 L3P 8F
G29 FF 61026 131800  780 312  669     4083673    -82          25    -21   20  60  141   19  436   74  436   74  15  0  0 L3P 0E
G32 FF 61026 131800  780 137    3     2037111   -231          26    -68   22 101  307 -123  574    7  574    7  17  0  0 L3P EE
G10 FF 61026 133400  780 652 2964     5744236     35          -1     -4    8 106   81   -4  290   10  290   10   8  0  0 L3P BD
G15 FF 61026 133400  780 163 1300    -3680134    -31           7      4   27  40  260   57  645   79  645   79  22  0  0 L3P F4
G16 FF 61026 133400  780 354 2458    -1690538    -87           2     -8   18  75  127   -8  380   -1  380   -1  14  0  0 L3P FC
G18 FF 61026 133400  780 389 1460     4748561    -73          -7     25   21 117  117    6  399   14  399   14  17  0  0 L3P 1F
G23 FF 61026 133400  780 634 1630    -5870024    -65          -5    -13   15 117   82    6  297   40  297   40  14  0  0 L3P 09
G26 FF 61026 133400  780 413 2947     2961484     65           2      2   16   2  111    8  352   31  352   31  15  0  0 L3P A8
G29 FF 61026 133400  780 266  601     4083616    -57          26      5   34  60  164   29  489   60  489   60  30  0  0 L3P F9
G32 FF 61026 133400  780 195   36     2036961   -244          32    -82   21 101  219  -67  505    5  505    5  17  0  0 L3P F7
G10 FF 61026 135000  780 695 2763     5744268     42          -5      4   12 106   79   -2  303    8  303    8  11  0  0 L3P B7
G15 FF 61026 135000  780 124 1348    -3680148   -100          27    -65   29  40  337  112  705  155  705  155  25  0  0 L3P 65
G16 FF 61026 135000  780 373 2548    -1690614    -43           1     35   21  75  121   -4  387  -16  387  -16  18  0  0 L3P 1E
G18 FF 61026 135000  780 365 1376     4748480    -99           6     -1   16 117  123    7  428   48  428   48  13  0  0 L3P 0C
G23 FF 61026 135000  780 557 1606    -5870064    -92           6    -39   22 117   89    8  326   79  326   79  19  0  0 L3P 24
G26 FF 61026 135000  780 375 3038     2961553     54          10     -9   33   2  120   12  373   35  373   35  23  0  0 L3P DA
G29 FF 61026 135000  780 215  542     4083554    -63          23     -1   30  60  199   47  563   71  563   71  25  0  0 L3P F7
G32 FF 61026 135000  780 257   67     2036792   -156          19      7   21 101  169  -41  461  -61  461  -61  17  0  0 L3P 1D
G10 FF 61026 140600  780 710 2508     5744307     33          -5     -5   12 107   78    0  311   14  311   14  11  0  0 L3P BB
G16 FF 61026 140600  780 378 2645    -1690671    -99          17    -21   25  76  120    0  383   22  383   22  21  0  0 L3P 15
G18 FF 61026 140600  780 341 1295     4748384   -121          12    -23   19 118  131    8  471   62  471   62  15  0  0 L3P 28
G23 FF 61026 140600  780 484 1578    -5870115    -55           6     -3   19 118   98   11  369   51  369   51  18  0  0 L3P 1A
G26 FF 61026 140600  780 332 3118     2961610    107           8     43   17  39  134   17  409   13  409   13  13  0  0 L3P F2
G29 FF 61026 140600  780 162  491     4083506    -79          35    -17   27  65  261   86  645   92  645   92  22  0  0 L3P 24
G32 FF 61026 140600  780 324   99     2036618   -150          -1     12   18 103  137  -27  439  -41  439  -41  15  0  0 L3P 21
G10 FF 61026 142200  780 693 2258     5744346     42          -3      3   11 107   79    2  320   14  320   14   9  0  0 L3P B0
G16 FF 61026 142200  780 370 2743    -1690764    -91           0    -12   18  76  122    4  407   28  407   28  15  0  0 L3P FE
G18 FF 61026 142200  780 318 1214     4748305   -112          28    -14   22 118  139    9  494   55  494   55  20  0  0 L3P 2E
G23 FF 61026 142200  780 415 1547    -5870162    -35           9     18   19 118  111   15  417   35  417   35  17  0  0 L3P 17
G26 FF 61026 142200  780 286 3188     2961673     88          10     24   21  39  153   24  448   25  448   25  16  0  0 L3P 11
G29 FF 61026 142200  780 108  449     4083439    -80          27    -19   51  65  387  196  748  139  748  139  41  0  0 L3P 6A
G32 FF 61026 142200  780 395  134     2036462   -159          -1      4   28 103  116  -18  410  -32  410  -32  26  0  0 L3P 0E
G08 FF 61026 143800  780 142 2192    -5137512     42          32      7   48  63  296 -122  677  -67  677  -67  36  0  0 L3P 51
G10 FF 61026 143800  780 654 2065     5744381     52          -5     14   10 107   81    3  339    2  339    2   9  0  0 L3P AB
G16 FF 61026 143800  780 351 2838    -1690836    -72           3      6   17  76  128    8  433   35  433   35  15  0  0 L3P F4
G18 FF 61026 143800  780 295 1135     4748206    -70          22     27   36 118  149   11  538   19  538   19  34  0  0 L3P 31
G23 FF 61026 143800  780 352 1512    -5870209    -19          12     34   23 118  127   20  474   39  474   39  21  0  0 L3P 29
G26 FF 61026 143800  780 239 3252     2961739    129          15     66   28  39  181   34  500   13  500   13  24  0  0 L3P 14
G32 FF 61026 143800  780 468  174     2036309   -158           2      5   15 103  101  -13  389  -23  389  -23  13  0  0 L3P 19
G08 FF 61026 145400  780 202 2199    -5137475    -25          35    -60   31  63  212  -62  613  -14  613  -14  27  0  0 L3P 43
G10 FF 61026 145400  780 603 1924     5744427    103           4     64   15 107   85    5  352  -35  352  -35  13  0  0 L3P FD
G16 FF 61026 145400  780 321 2926    -1690907    -69           8      9   20  76  138   13  465   30  465   30  16  0  0 L3P 02
G18 FF 61026 145400  780 270 1057     4748117    -77          27     21   33 118  161   14  581   35  581   35  28  0  0 L3P 27
G23 FF 61026 145400  780 292 1474    -5870259    -61          12     -9   17 118  150   27  545   84  545   84  12  0  0 L3P 36
G26 FF 61026 145400  780 193 3311     2961796     50          10    -14   41  39  220   50  578   87  578   87  32  0  0 L3P 20
G32 FF 61026 145400  780 543  228     2036151   -150           1     13   10 103   91   -9  376  -25  376  -25   8  0  0 L3P EA
G08 FF 61026 151000  780 262 2217    -5137450     47          26     12   36  63  166  -37  557  -73  557  -73  30  0  0 L3P 3A
G10 FF 61026 151000  780 549 1816     5744460     60          -1     21   12 107   90    6  385   12  385   12  10  0  0 L3P D0
G16 FF 61026 151000  780 285 3007    -1690979   -115          11    -36   27  76  154   20  500   73  500   73  23  0  0 L3P 2E
G18 FF 61026 151000  780 244  981     4748016    -91          19      7   38 118  177   19  632   47  632   47  32  0  0 L3P 11
G23 FF 61026 151000  780 238 1432    -5870280    -23          42     29   25 118  182   39  579   20  579   20  20  0  0 L3P 29
G26 FF 61026 151000  780 151 3368     2961860    -13          14    -77   44  39  279   75  650  139  650  139  33  0  0 L3P 53
G32 FF 61026 151000  780 616  307     2036000   -174           5    -11   14 103   84   -6  359   -3  359   -3  12  0  0 L3P D8
G08 FF 61026 152600  780 322 2249    -5137413      5          29    -30   28  63  138  -23  504  -24  504  -24  23  0  0 L3P 21
G10 FF 61026 152600  780 495 1728     5744504     40           6      1   17 107   97    8  404   24  404   24  14  0  0 L3P C4
G16 FF 61026 152600  780 245 3081    -1691031    -45          35     33   33  76  177   29  530   23  530   23  24  0  0 L3P 0F
G18 FF 61026 152600  780 216  907     4747935    -48          32     50   28 118  198   26  673   18  673   18  24  0  0 L3P 30
G23 FF 61026 152600  780 187 1388    -5870357    -47          15      5   39 118  227   57  660   45  660   45  28  0  0 L3P 3B
G26 FF 61026 152600  780 111 3423     2961940     72          32      8   38  39  371  119  710   43  710   43  25  0  0 L3P FC
G32 FF 61026 152600  780 682  438     2035842   -180           4    -17   14 103   79   -3  350    8  350    8  13  0  0 L3P D6
G02 FF 61026 154200  780 114 2274       35809    -79          32      6   39 183  363 -145  761  -68  761  -68  34  0  0 L3P 38
G08 FF 61026 154200  780 379 2296    -5137379     49          29     14   21  63  120  -15  467  -43  467  -43  16  0  0 L3P 4A
G10 FF 61026 154200  780 444 1650     5744536     16           2    -23   19 107  105   10  433   45  433   45  16  0  0 L3P F8
G16 FF 61026 154200  780 203 3148    -1691118    -85          22     -6   29  76  210   42  596   62  596   62  23  0  0 L3P 1F
G18 FF 61026 154200  780 186  836     4747866    -29          58     69   53 118  229   38  709  -23  709  -23  45  0  0 L3P 5A
G23 FF 61026 154200  780 141 1341    -5870371     11          50     64   34 118  297   92  685    9  685    9  27  0  0 L3P 0C
G28 FF 61026 154200  780 123  269     6224117   -126          28    -87   35 182  339 -105  741   38  741   38  29  0  0 L3P 5E
G32 FF 61026 154200  780 728  660     2035693   -152          11     10   10 103   77   -1  340  -12  340  -12   8  0  0 L3P E9
G02 FF 61026 155800  780 163 2230       35710    -62          14     22   45 183  259  -80  708  -98  708  -98  40  0  0 L3P 2C
G08 FF 61026 155800  780 431 2362    -5137351     40          23      5   13  63  108  -10  442  -29  442  -29  10  0  0 L3P 0D
G10 FF 61026 155800  780 395 1579     5744572      3           0    -36   30 107  115   12  462   61  462   61  27  0  0 L3P FA
G16 FF 61026 155800  780 162 3212    -1691199    -72          17      6   28  76  260   64  656   58  656   58  20  0  0 L3P 27
G18 FF 61026 155800  780 153  769     4747728   -149          14    -52   40 118  275   61  817  121  817  121  32  0  0 L3P 66
G28 FF 61026 155800  780 163  325     6224067    -52          16    -12   36 182  259  -66  711  -36  711  -36  29  0  0 L3P 4D
G32 FF 61026 155800  780 734  958     2035527   -162           1      0   13 103   77    1  345   -1  345   -1  11  0  0 L3P B8
G02 FF 61026 161400  780 216 2190       35621    -92           1     -7   41 185  199  -50  646  -64  646  -64  36  0  0 L3P 10
G08 FF 61026 161400  780 473 2451    -5137319     38          24      2   14  69  100   -6  420  -23  420  -23  13  0  0 L3P F7
G10 FF 61026 161400  780 350 1511     5744609     18          -1    -21   17 108  128   14  496   46  496   46  15  0  0 L3P 18
G16 FF 61026 161400  780 123 3273    -1691255    -73          35      5   32  77  338  101  696   38  696   38  25  0  0 L3P 30
G18 FF 61026 161400  780 117  706     4747643   -181          26    -83   61 119  356  111  884  156  884  156  50  0  0 L3P 7D
G28 FF 61026 161400  780 207  383     6224024    -37          15      3   42 183  207  -44  657  -73  657  -73  36  0  0 L3P 2C
G31 FF 61026 161400  780 100  105     1775124    -65          34    -46   40  12  410 -166  766   -6  766   -6  33  0  0 L3P 10
G32 FF 61026 161400  780 697 1201     2035375   -171           3     -8   10 105   78    3  346   16  346   16   9  0  0 L3P DC
G02 FF 61026 163000  780 274 2154       35539    -40          -1     44   42 185  159  -33  577 -113  577 -113  37  0  0 L3P 3F
G08 FF 61026 163000  780 502 2561    -5137292     21          18    -15   15  69   96   -3  411   -3  411   -3  13  0  0 L3P E4
G10 FF 61026 163000  780 308 1444     5744667     66          20     27   25 108  143   17  503    2  503    2  20  0  0 L3P D7
G28 FF 61026 163000  780 252  444     6223987    -79          16    -39   33 183  172  -30  606  -26  606  -26  24  0  0 L3P 4F
G31 FF 61026 163000  780 145  154     1775088     11          17     30   39  12  290  -92  722  -97  722  -97  30  0  0 L3P 18
G32 FF 61026 163000  780 635 1339     2035222   -159           6      3   14 105   82    5  354   18  354   18  13  0  0 L3P DA
G02 FF 61026 164600  780 336 2122       35469   -144          10    -60   21 185  133  -23  498  -21  498  -21  18  0  0 L3P 38
G08 FF 61026 164600  780 512 2687    -5137262     19          13    -17   18  69   94    0  405   -1  405   -1  14  0  0 L3P EA
G10 FF 61026 164600  780 269 1378     5744676     10          -8    -28   26 108  162   21  553   47  553   47  20  0  0 L3P 29
G28 FF 61026 164600  780 297  512     6223940    -19           7     20   34 183  148  -21  563  -75  563  -75  26  0  0 L3P 35
G31 FF 61026 164600  780 194  203     1775072    -17          19      3   30  12  220  -57  657  -72  657  -72  22  0  0 L3P 0E
G32 FF 61026 164600  780 563 1411     2035060   -170           0     -8   20 105   88    8  373   13  373   13  19  0  0 L3P E1
G01 FF 61026 170200  780 139 2224    -3509455     -1          21    -23   29  65  302 -112  722  -82  722  -82  25  0  0 L3P 38
G02 FF 61026 170200  780 403 2094       35379    -78           0      6   21 185  114  -17  442  -56  442  -56  19  0  0 L3P F9
G03 FF 61026 170200  780 103 2650    -6214897     74          37    -14   22 138  398 -103  737  -23  737  -23  18  0  0 L3P 6B
G08 FF 61026 170200  780 504 2816    -5137223     81          18     45   11  69   95    3  400  -23  400  -23   9  0  0 L3P E2
G10 FF 61026 170200  780 234 1312     5744725     57           4     19   22 108  184   26  577   28  577   28  16  0  0 L3P 0A
G28 FF 61026 170200  780 339  586     6223894    -37          -1      3   22 183  131  -14  526  -40  526  -40  18  0  0 L3P 1C
G31 FF 61026 170200  780 246  253     1775040    -22           5     -3   20  12  176  -37  600  -61  600  -61  16  0  0 L3P E7
G32 FF 61026 170200  780 490 1446     2034903   -188           0    -25   28 105   97   11  389   46  389   46  27  0  0 L3P 29
G01 FF 61026 195800  780 753 3027    -3509250     19           0     -3   16  66   76    1  273   -9  273   -9  13  0  0 L3P CB
G02 FF 61026 195800  780 468    9       34487    -28          -4     56   14 186  101   14  331  -27  331  -27  11  0  0 L3P D8
G03 FF 61026 195800  780 472 1897    -6213983     82          23     -6   20 139  100   -8  308  -32  308  -32  16  0  0 L3P 35
G04 FF 61026 195800  780 502 2387     -321336    -45           6    -19   12 109   96   -1  327  -12  327  -12  10  0  0 L3P 0B
G09 FF 61026 195800  780 239 2704    -7679302    126         -40    140   28  93  181  -23  590 -195  590 -195  26  0  0 L3P A7
G26 FF 61026 195800  780 198  855     2962971     43          27    -21   26  42  215  -18  475  -31  475  -31  24  0  0 L3P 3B
G31 FF 61026 195800  780 432 1307     1774829    -30           3    -11   18  16  107   11  310   16  310   16  17  0  0 L3P EF
G01 FF 61026 201400  780 698 3249    -3509218     45          13     23   16  67   78    3  263  -20  263  -20  12  0  0 L3P F9
G02 FF 61026 201400  780 390   21       34404    -78          -6      6   17 187  117   20  355   28  355   28  12  0  0 L3P B0
G03 FF 61026 201400  780 520 1815    -6213910     84          13     -4   10 140   93   -6  278  -36  278  -36   9  0  0 L3P 00
G04 FF 61026 201400  780 506 2265     -321357    -27           8     -1   15 110   95    0  304  -15  304  -15  14  0  0 L3P D2
G09 FF 61026 201400  780 268 2629    -7679241    -73          41    -59   28 158  162  -16  459   -1  459   -1  23  0  0 L3P 55
G26 FF 61026 201400  780 211  929     2963036     53          30    -11   40  43  202   -9  433  -27  433  -27  33  0  0 L3P F9
G31 FF 61026 201400  780 375 1357     1774811    -10           5      9   19  44  121   17  314    1  314    1  15  0  0 L3P A9
G01 FF 61026 203000  780 627 3364    -3509194     27          16      5   20  67   83    6  264    0  264    0  18  0  0 L3P A7
G02 FF 61026 203000  780 315   35       34321    -55          -9     29   19 187  141   30  400   32  400   32  13  0  0 L3P A6
G03 FF 61026 203000  780 569 1719    -6213826     71          13    -16   14 140   88   -5  248  -11  248  -11  12  0  0 L3P 20
G04 FF 61026 203000  780 503 2146     -321382      2           8     28   17 110   95    1  285  -41  285  -41  15  0  0 L3P C3
G09 FF 61026 203000  780 295 2550    -7679251    -15          44      0   19 158  149  -12  409  -46  409  -46  16  0  0 L3P 4C
G16 FF 61026 203000  780 208  644    -1692483     -3           4     75   34 109  205  -32  462 -116  462 -116  26  0  0 L3P 36
G26 FF 61026 203000  780 217 1004     2963103    136          37     72   35  43  197   -2  383 -104  383 -104  26  0  0 L3P 38
G31 FF 61026 203000  780 314 1389     1774791    -16           3      3   22  44  141   25  323    5  323    5  17  0  0 L3P AF
G01 FF 61026 204600  780 551 3430    -3509188     59           2     37   49  67   90    9  283  -37  283  -37  45  0  0 L3P 08
G02 FF 61026 204600  780 244   50       34230   -145         -12    -61   22   1  177   48  471  136  471  136  18  0  0 L3P E9
G03 FF 61026 204600  780 617 1602    -6213756     93          -1      6   14 140   83   -4  237  -33  237  -33  12  0  0 L3P F8
G04 FF 61026 204600  780 497 2031     -321410    -34           5     -8   19 110   96    1  266  -16  266  -16  17  0  0 L3P E8
G09 FF 61026 204600  780 320 2469    -7679285    -25          25    -10   19 158  138  -10  382  -39  382  -39  16  0  0 L3P 76
G16 FF 61026 204600  780 239  716    -1692549    -24          13     54   30 109  180  -21  408  -92  408  -92  24  0  0 L3P 44
G26 FF 61026 204600  780 214 1078     2963146     -5          18    -68   29  43  200    7  369   22  369   22  22  0  0 L3P FB
G31 FF 61026 204600  780 253 1408     1774779     17          10     37   17  44  172   40  329  -32  329  -32  14  0  0 L3P 17
G01 FF 61026 210200  780 474 3475    -3509163     13           6     -8   39  67  100   13  291   29  291   29  36  0  0 L3P F4
G03 FF 61026 210200  780 660 1449    -6213676     74          -5    -14   10 140   81   -2  222    1  222    1   8  0  0 L3P B5
G04 FF 61026 210200  780 487 1921     -321451    -29         -11     -3   14 110   98    2  263  -10  263  -10  11  0  0 L3P EB
G07 FF 61026 210200  780 242 3193     1224493     59          -5      4   21 105  179  -44  483 -114  483 -114  17  0  0 L3P 3C
G09 FF 61026 210200  780 343 2386    -7679300     -8          23      7   21 158  130   -8  351  -38  351  -38  17  0  0 L3P 1D
G16 FF 61026 210200  780 266  791    -1692635   -160           3    -82   26 109  163  -14  375   34  375   34  22  0  0 L3P 34
G26 FF 61026 210200  780 203 1149     2963196     48           7    -16   24  43  211   16  355   -7  355   -7  20  0  0 L3P E8
G31 FF 61026 210200  780 192 1415     1774743      0          -8     19   29  44  223   68  353  -12  353  -12  23  0  0 L3P F3
G01 FF 61026 211800  780 399 3509    -3509155     12          -7     -9   17  67  114   18  330   39  330   39  12  0  0 L3P 04
G03 FF 61026 211800  780 689 1250    -6213598     79         -11     -8   10 140   79   -1  219   -3  219   -3   8  0  0 L3P F5
G04 FF 61026 211800  780 475 1814     -321475    -37         -10    -11   15 110  100    2  246   -6  246   -6  12  0  0 L3P F1
G07 FF 61026 211800  780 304 3148     1224538     40         -12    -14   19 105  145  -27  409  -56  409  -56  16  0  0 L3P 4A
G09 FF 61026 211800  780 365 2302    -7679331     -5           7     10   23 158  123   -7  335  -43  335  -43  21  0  0 L3P 13
G16 FF 61026 211800  780 286  872    -1692730    -51         -17     28   26 109  153   -8  349  -71  349  -71  20  0  0 L3P 4B
G26 FF 61026 211800  780 182 1215     2963252     42           2    -22   19  43  233   31  338   -1  338   -1  15  0  0 L3P D9
G01 FF 61026 213400  780 327 3538    -3509113     25          14      3   17  67  136   27  354   52  354   52  13  0  0 L3P EE
G03 FF 61026 213400  780 695 1014    -6213516     80         -13     -8   11 140   79    0  217    4  217    4  10  0  0 L3P BE
G04 FF 61026 213400  780 463 1712     -321493    -15          -3     11   26 110  102    2  231  -15  231  -15  21  0  0 L3P E2
G06 FF 61026 213400  780 211 2321     5909343     55          35      0   22 109  203  -33  419  -23  419  -23  19  0  0 L3P 0F
G07 FF 61026 213400  780 364 3092     1224581     65         -22     10   16 105  124  -18  365  -60  365  -60  11  0  0 L3P 2E
G09 FF 61026 213400  780 387 2217    -7679340      8          13     23   18 158  117   -6  301  -52  301  -52  16  0  0 L3P 1D
G16 FF 61026 213400  780 297  955    -1692777   -126          12    -47   26 109  148   -3  292    1  292    1  23  0  0 L3P 1B
G01 FF 61026 215000  780 259 3566    -3509081     80          25     58   20  67  168   41  412   31  412   31  14  0  0 L3P FE
G03 FF 61026 215000  780 673  790    -6213436     85         -17     -3   11 140   80    2  219   10  219   10  11  0  0 L3P D0
G04 FF 61026 215000  780 450 1612     -321524     29          -8     55   19 110  104    2  231  -60  231  -60  15  0  0 L3P E2
G06 FF 61026 215000  780 241 2390     5909384     49          22     -7   23 109  179  -18  410    0  410    0  18  0  0 L3P E7
G07 FF 61026 215000  780 422 3022     1224637     37         -19    -17   37 105  109  -12  322  -17  322  -17  24  0  0 L3P 35
G09 FF 61026 215000  780 408 2130    -7679348    -19          19     -4   23 158  112   -5  271  -18  271  -18  22  0  0 L3P 3B
G16 FF 61026 215000  780 298 1038    -1692848   -105          16    -26   33 109  147    2  259   19  259   19  29  0  0 L3P 4D
G01 FF 61026 220600  780 195 3595    -3509069     30          19      9   27  68  219   68  519  113  519  113  19  0  0 L3P 36
G03 FF 61026 220600  780 628  615    -6213341     81          -9     -6   13 141   83    4  220   14  220   14  12  0  0 L3P BA
G04 FF 61026 220600  780 436 1515     -321546    -25          -3      2   14 111  106    3  228  -12  228  -12  14  0  0 L3P DE
G06 FF 61026 220600  780 261 2467     5909439     46          21    -10   20 111  166   -9  409    6  409    6  16  0  0 L3P F3
G07 FF 61026 220600  780 475 2934     1224676     26         -30    -29   16 108  100   -8  302   -8  302   -8  13  0  0 L3P 0D
G09 FF 61026 220600  780 430 2041    -7679368    -12          13      2   19 159  108   -5  262  -23  262  -23  17  0  0 L3P 26
G16 FF 61026 220600  780 289 1119    -1692930    -70           8      9   33 110  152    7  256  -19  256  -19  30  0  0 L3P 12
G30 FF 61026 220600  780 220 3036     -584524    -95          19     25   35 106  196  -45  563 -144  563 -144  29  0  0 L3P 6A
G03 FF 61026 222200  780 569  491    -6213260     90         -12      3   14 141   88    7  229    9  229    9  13  0  0 L3P BC
G04 FF 61026 222200  780 422 1419     -321555      3          13     30   20 111  109    3  208  -31  208  -31  16  0  0 L3P CE
G06 FF 61026 222200  780 271 2550     5909507     45          35    -10   31 111  161   -2  404   20  404   20  25  0  0 L3P EF
G07 FF 61026 222200  780 522 2827     1224732     55         -26      1   11 108   93   -5  276  -15  276  -15   9  0  0 L3P F6
G09 FF 61026 222200  780 453 1949    -7679382     -8          14      7   21 159  103   -4  240  -29  240  -29  18  0  0 L3P 28
G16 FF 61026 222200  780 268 1194    -1693007    -91           6    -12   17 110  162   15  246   -4  246   -4  14  0  0 L3P 0A
G30 FF 61026 222200  780 270 2977     -584637   -108          21     13   22 106  161  -28  469  -83  469  -83  20  0  0 L3P 5A
G03 FF 61026 223800  780 502  404    -6213182     88         -18      0   15 141   96   10  243    6  243    6  12  0  0 L3P B8
G04 FF 61026 223800  780 407 1325     -321605    -55         -12    -29   22 111  112    4  222   17  222   17  19  0  0 L3P FB
G06 FF 61026 223800  780 268 2635     5909546     11          21    -44   26 111  162    4  430   54  430   54  21  0  0 L3P 00
G07 FF 61026 223800  780 558 2698     1224779     67         -32     13   13 108   89   -3  261  -33  261  -33  14  0  0 L3P 2F
G09 FF 61026 223800  780 476 1853    -7679410     14           0     28   13 159   99   -4  231  -49  231  -49  10  0  0 L3P 1F
G16 FF 61026 223800  780 238 1260    -1693079   -161          10    -83   25 110  181   25  231   61  231   61  22  0  0 L3P 32
G30 FF 61026 223800  780 318 2909     -584768   -120           6      0   14 106  139  -18  416  -61  416  -61  11  0  0 L3P 2A
G03 FF 61026 225400  780 432  343    -6213104    100         -24     12   13 141  107   15  262   15  262   15  11  0  0 L3P F2
G04 FF 61026 225400  780 391 1232     -321626    -24          -7      2   18 111  116    4  213    5  213    5  15  0  0 L3P A4
G06 FF 61026 225400  780 256 2720     5909595    -16          16    -72   27 111  170   11  467  127  467  127  24  0  0 L3P 58
G07 FF 61026 225400  780 582 2550     1224823     59         -40      4   16 108   87   -2  248  -28  248  -28  14  0  0 L3P 15
G09 FF 61026 225400  780 499 1752    -7679439    -19         -15     -4   15 159   96   -3  229  -14  229  -14  13  0  0 L3P 56
G16 FF 61026 225400  780 201 1316    -1693144    -60          20     18   18 110  213   43  219   -2  219   -2  13  0  0 L3P FB
G30 FF 61026 225400  780 361 2832     -584890   -113           0      8   14 106  125  -13  376  -46  376  -46  11  0  0 L3P 27
G03 FF 61026 231000  780 359  298    -6213018    108         -22     20   12 141  125   23  281   10  281   10  10  0  0 L3P FA
G04 FF 61026 231000  780 372 1140     -321657      2         -13     28   22 111  121    6  218  -26  218  -26  18  0  0 L3P E8
G06 FF 61026 231000  780 234 2800     5909642     41           9    -15   33 111  184   19  520   85  520   85  31  0  0 L3P FF
G07 FF 61026 231000  780 591 2391     1224869     33         -47    -22   15 108   86    0  239    4  239    4  14  0  0 L3P E0
G09 FF 61026 231000  780 520 1643    -7679452     -6         -14      9   11 159   93   -3  210   -7  210   -7  10  0  0 L3P E3
G30 FF 61026 231000  780 399 2745     -584996    -85           9     36   17 106  114   -9  329  -72  329  -72  15  0  0 L3P 3B
G03 FF 61026 232600  780 287  267    -6212934    129         -22     42   15 141  153   36  308   -4  308   -4  12  0  0 L3P 14
G04 FF 61026 232600  780 351 1051     -321679     -7         -10     19   26 111  128    8  220   -9  220   -9  24  0  0 L3P DE
G06 FF 61026 232600  780 206 2877     5909699     11          13    -45   31 111  207   30  588  126  588  126  26  0  0 L3P 55
G07 FF 61026 232600  780 586 2232     1224919     54         -49     -1   15 108   86    1  229   -3  229   -3  14  0  0 L3P EA
G09 FF 61026 232600  780 539 1526    -7679466    -65         -14    -51   13 159   91   -2  201   37  201   37  10  0  0 L3P 33
G30 FF 61026 232600  780 431 2649     -585125   -109          -4     11   14 106  107   -6  308  -49  308  -49  11  0  0 L3P 31
G03 FF 61026 234200  780 216  245    -6212844     96         -16      8   33 141  199   63  347   41  347   41  29  0  0 L3P 0E
G04 FF 61026 234200  780 326  965     -321705    -13         -11     14   23 111  136   10  228  -18  228  -18  15  0  0 L3P 0F
G07 FF 61026 234200  780 569 2084     1224971     56         -14      3   14   5   88    2  221  -23  221  -23  12  0  0 L3P CB
G09 FF 61026 234200  780 553 1399    -7679475    -27          -8    -12   17 159   89   -1  183   -2  183   -2  16  0  0 L3P 2F
G14 FF 61026 234200  780 263 3384    -7226217   -122         -10    -94   51  79  166  -43  454  -46  454  -46  48  0  0 L3P 7A
G30 FF 61026 234200  780 457 2546     -585232   -140           5    -20   13 106  103   -4  277  -20  277  -20  12  0  0 L3P 1C
