CGGTTS     GENERIC DATA FORMAT VERSION = 2E
REV DATE = 2025-11-01
RCVR = PolaRx5TR (5.6.0)     sbf2cggtts-1.5.0
CH = 80
IMS = PolaRx5TR
LAB = LRTE
X = 3967035.920 m
Y = -4390028.540 m
Z = -2375644.640 m
FRAME = ITRF
COMMENTS = LS=18; ElMask=10deg; 'Generated from the SBF in 2026-02-12 at 23:54:00'
INT DLY = 24.9 ns (GPS P1),  15.7 ns (GPS P2)     CAL_ID = 1201-2025
CAB DLY = 103.1 ns
REF DLY = 47.2 ns
REF = UTC(LRTE)
CKSUM = f8

SAT CL  MJD  STTIME TRKL ELV AZTH   REFSV      SRSV     REFSYS    SRSYS  DSG IOE MDTR SMDT MDIO SMDI MSIO SMSI ISG FR HC FRC CK
             hhmmss  s  .1dg .1dg    .1ns     .1ps/s     .1ns    .1ps/s .1ns     .1ns.1ps/s.1ns.1ps/s.1ns.1ps/s.1ns
G06 FF 61083 001400  780 143  318     6096663     58           3     37   33  23  293  -85  682 -385  682 -385  29  0  0 L3P 48
G12 FF 61083 001400  780 118 2832     6073890    -65           4    -67   60  63  352 -105 1298  281 1298  281  60  0  0 L3P 7B
G13 FF 61083 001400  780 713 2509    -6869679      1         -11    -12   16  46   78   -2  200    5  200    5  15  0  0 L3P CA
G14 FF 61083 001400  780 330 1438    -7341836     39          -2     59   22  86  135   17  150  -62  150  -62  18  0  0 L3P 1B
G15 FF 61083 001400  780 374 2405    -3851113    -38          10     -4   23  57  121  -10  277    1  277    1  21  0  0 L3P DC
G17 FF 61083 001400  780 633 1135      598862    112         -15      4   17  80   82    3  160  -21  160  -21  15  0  0 L3P D8
G19 FF 61083 001400  780 719  475    -6897105     -2           8     14   16   4   77   -2  192  -41  192  -41  14  0  0 L3P D9
G22 FF 61083 001400  780 463 1635      476409    -30           5     18   17 119  102    9  144  -26  144  -26  16  0  0 L3P F6
G24 FF 61083 001400  780 104 2268     1253746   -161          60     -3   45  84  399 -175  328  -43  328  -43  34  0  0 L3P 59
G30 FF 61083 001400  780 351  864    -1182526   -168         -18    -42   21  45  128   11  196   48  196   48  18  0  0 L3P 3B
G06 FF 61083 003000  780 187  374     6096676     18          -4     -2   30  23  227  -54  460 -142  460 -142  24  0  0 L3P 26
G12 FF 61083 003000  780 152 2768     6073878   -191         -11   -193   24  63  276  -59 1081 -320 1081 -320  17  0  0 L3P B9
G13 FF 61083 003000  780 729 2782    -6869673     17         -17      5   13  46   77    0  202   -3  202   -3  11  0  0 L3P D1
G14 FF 61083 003000  780 286 1381    -7341842    -15          12      5   19  86  153   22  132   -2  132   -2  15  0  0 L3P E2
G15 FF 61083 003000  780 404 2489    -3851151    -35           5     -1   20  57  113   -6  272   -2  272   -2  19  0  0 L3P DC
G17 FF 61083 003000  780 583 1264      598962     94         -19    -14   21  80   86    6  147    3  147    3  18  0  0 L3P CE
G19 FF 61083 003000  780 754  763    -6897103    -34          25    -18   36   4   76    0  156  -11  156  -11  23  0  0 L3P F5
G22 FF 61083 003000  780 415 1562      476350    -62          -9    -14   25 119  111   11  140    8  140    8  23  0  0 L3P CE
G24 FF 61083 003000  780 152 2234     1253571   -147          37     11   43  84  277  -90  279  -97  279  -97  38  0  0 L3P 5E
G30 FF 61083 003000  780 315  785    -1182645   -110         -16     16   29  45  140   15  196   -5  196   -5  27  0  0 L3P 14
G06 FF 61083 004600  780 233  434     6096713     57          13     37   35  23  185  -36  335 -136  335 -136  27  0  0 L3P 3E
G12 FF 61083 004600  780 184 2700     6073880     35         -11     32   20  63  230  -38  699 -304  699 -304  17  0  0 L3P 5A
G13 FF 61083 004600  780 702 3042    -6869651     -7          -7    -20   11  46   78    2  194   18  194   18  10  0  0 L3P EC
G14 FF 61083 004600  780 244 1324    -7341858     31          16     51   26  86  177   28  125  -42  125  -42  20  0  0 L3P 1F
G15 FF 61083 004600  780 421 2586    -3851187    -15           2     19   21  57  110   -2  271  -14  271  -14  18  0  0 L3P 0D
G17 FF 61083 004600  780 520 1346      599064    142         -21     34   28  80   93    9  136  -35  136  -35  26  0  0 L3P 06
G19 FF 61083 004600  780 739 1085    -6897119    -51          25    -35   18   4   77    2  133   -1  133   -1  13  0  0 L3P E8
G22 FF 61083 004600  780 369 1492      476306    -45          -7      3   21 119  122   13  134   -1  134   -1  18  0  0 L3P D6
G24 FF 61083 004600  780 204 2205     1253415   -202          32    -44   29  84  210  -54  228  -14  228  -14  24  0  0 L3P 34
G30 FF 61083 004600  780 276  713    -1182763    -74         -13     52   27  45  158   22  208  -29  208  -29  23  0  0 L3P 30
G06 FF 61083 010200  780 280  498     6096727     10           8    -11   27  23  156  -25  249  -62  249  -62  23  0  0 L3P 13
G11 FF 61083 010200  780 130   77     4420268   -166          23    -35   30 164  323 -122 1078 -285 1078 -285  30  0  0 L3P 8B
G12 FF 61083 010200  780 214 2630     6073863    -18         -30    -21   31  63  200  -26  515 -138  515 -138  27  0  0 L3P 57
G13 FF 61083 010200  780 645 3212    -6869642     32         -10     20   10  46   82    5  202  -13  202  -13  10  0  0 L3P E1
G14 FF 61083 010200  780 206 1265    -7341897    -58          -4    -37   21  86  207   36  139   39  139   39  17  0  0 L3P 34
G15 FF 61083 010200  780 424 2689    -3851217    -30           5      4   21  57  109    1  270    0  270    0  20  0  0 L3P 9E
G17 FF 61083 010200  780 453 1395      599172    104         -17     -4   16  80  103   13  129   -1  129   -1  16  0  0 L3P EA
G19 FF 61083 010200  780 686 1288    -6897155    -36           4    -20   13   4   79    4  130    1  130    1  12  0  0 L3P AF
G22 FF 61083 010200  780 326 1425      476254    -15         -13     33   18 119  136   16  138  -26  138  -26  13  0  0 L3P 22
G24 FF 61083 010200  780 259 2182     1253263   -186          32    -28   30  84  168  -35  192  -12  192  -12  26  0  0 L3P 4A
G30 FF 61083 010200  780 233  647    -1182872    -94          -1     32   27  45  185   34  220    9  220    9  23  0  0 L3P CF
G06 FF 61083 011800  780 326  570     6096737     49          -2     29   24  23  136  -17  204  -67  204  -67  22  0  0 L3P 15
G11 FF 61083 011800  780 182  120     4420153   -142          34    -12   25 164  234  -69  668 -340  668 -340  19  0  0 L3P 6C
G12 FF 61083 011800  780 242 2558     6073913    -14          18    -17   20  63  179  -19  354  -69  354  -69  19  0  0 L3P 56
G13 FF 61083 011800  780 575 3316    -6869634     -2         -14    -15   19  46   87    7  220   30  220   30  17  0  0 L3P FA
G14 FF 61083 011800  780 171 1206    -7341896     36          17     57   25  86  247   49  130  -29  130  -29  19  0  0 L3P 35
G15 FF 61083 011800  780 413 2792    -3851262    -44          -8    -10   14  57  111    4  291   25  291   25  13  0  0 L3P 01
G17 FF 61083 011800  780 383 1421      599278    147          -7     39   22   1  119   19  125  -31  125  -31  20  0  0 L3P FD
G19 FF 61083 011800  780 617 1390    -6897167      3           7     19   15   4   84    6  121  -22  121  -22  12  0  0 L3P C8
G22 FF 61083 011800  780 286 1358      476231    -71          10    -23   23 119  153   19  121   27  121   27  19  0  0 L3P 08
G24 FF 61083 011800  780 318 2164     1253098   -163          19     -5   23  84  139  -25  187  -10  187  -10  20  0  0 L3P 3B
G30 FF 61083 011800  780 187  590    -1182988   -114           5     13   33  45  228   57  252   44  252   44  27  0  0 L3P 0E
G06 FF 61083 013400  780 367  651     6096751     30          -7     10   23  23  123  -11  176  -48  176  -48  18  0  0 L3P 0D
G11 FF 61083 013400  780 238  162     4420008   -100          14     31   26 164  181  -43  435 -204  435 -204  21  0  0 L3P 3E
G12 FF 61083 013400  780 268 2484     6073900     11           3      8   23  63  162  -15  295  -79  295  -79  20  0  0 L3P 0C
G13 FF 61083 013400  780 501 3383    -6869621    -27         -13    -39   35  46   96   11  243   54  243   54  35  0  0 L3P 28
G14 FF 61083 013400  780 138 1147    -7341911    -51          22    -31   32  86  304   70  138   39  138   39  24  0  0 L3P 1F
G15 FF 61083 013400  780 389 2889    -3851282    -52           5    -18   21  57  117    8  304   51  304   51  15  0  0 L3P 09
G17 FF 61083 013400  780 314 1431      599378     98         -11    -10   24   1  141   28  129   11  129   11  22  0  0 L3P E2
G19 FF 61083 013400  780 544 1439    -6897187     14           3     30   18   4   90    9  122  -25  122  -25  17  0  0 L3P E2
G22 FF 61083 013400  780 249 1292      476170    -64          -5    -17   23 119  174   24  139   12  139   12  17  0  0 L3P 0D
G24 FF 61083 013400  780 380 2153     1252948   -126          21     32   23  84  119  -18  170  -44  170  -44  21  0  0 L3P 33
G30 FF 61083 013400  780 138  539    -1183107    -74           7     53   39  45  303  107  301   18  301   18  34  0  0 L3P F8
G06 FF 61083 015000  780 401  743     6096773     25          -6      4   22  23  114   -7  152  -17  152  -17  16  0  0 L3P DA
G11 FF 61083 015000  780 298  207     4419871   -137           3     -6   31 164  148  -29  311 -106  311 -106  29  0  0 L3P 48
G12 FF 61083 015000  780 294 2410     6073896     13          -3     10   21  63  149  -12  249  -51  249  -51  18  0  0 L3P 15
G13 FF 61083 015000  780 426 3432    -6869611     14         -15      1   40  46  109   16  281   45  281   45  37  0  0 L3P 01
G14 FF 61083 015000  780 106 1087    -7341910    -73          42    -52   27  86  388  110  133   74  133   74  26  0  0 L3P 34
G15 FF 61083 015000  780 356 2978    -3851314    -40           6     -6   13  57  126   12  348   66  348   66   9  0  0 L3P 02
G17 FF 61083 015000  780 247 1430      599493    120           1     12   22   1  175   45  123   -1  123   -1  18  0  0 L3P B0
G19 FF 61083 015000  780 472 1460    -6897192      4          12     20   14   4  100   12  116  -14  116  -14  12  0  0 L3P DF
G22 FF 61083 015000  780 214 1225      476149    -21          19     26   23 119  200   31  118  -22  118  -22  16  0  0 L3P 02
G24 FF 61083 015000  780 446 2152     1252794   -183          18    -25   21  84  105  -13  155    3  155    3  17  0  0 L3P 05
G06 FF 61083 020600  780 424  845     6096795     57          -9     36   22  41  109   -4  139  -50  139  -50  18  0  0 L3P 0C
G11 FF 61083 020600  780 361  257     4419744   -142           6    -11   23 165  125  -20  233  -53  233  -53  18  0  0 L3P 2A
G12 FF 61083 020600  780 319 2334     6073894     -4          -9     -6   17  64  138  -10  221  -18  221  -18  13  0  0 L3P 0C
G13 FF 61083 020600  780 353 3471    -6869593     26          -2     13   18  53  127   23  323   47  323   47  14  0  0 L3P 0A
G15 FF 61083 020600  780 317 3058    -3851341    -52          12    -18   34  58  140   17  417  102  417  102  21  0  0 L3P 31
G17 FF 61083 020600  780 183 1419      599582     89         -18    -19   47  19  233   76  154   23  154   23  31  0  0 L3P 1E
G19 FF 61083 020600  780 401 1464    -6897209    -15          13      1   28   5  114   17  116   -2  116   -2  24  0  0 L3P D8
G22 FF 61083 020600  780 181 1159      476100   -114          22    -66   30 120  234   41  134   67  134   67  22  0  0 L3P 0D
G24 FF 61083 020600  780 514 2165     1252640   -159          19     -1   15  86   94   -9  144  -16  144  -16  14  0  0 L3P 17
G06 FF 61083 022200  780 434  954     6096817     -3          -7    -23   20  41  107    0  126   20  126   20  15  0  0 L3P C2
G11 FF 61083 022200  780 425  314     4419615   -143           2    -13   17 165  109  -14  187  -29  187  -29  14  0  0 L3P 39
G12 FF 61083 022200  780 346 2258     6073899     -4          -7     -6   25  64  129   -9  193  -17  193  -17  23  0  0 L3P 18
G13 FF 61083 022200  780 283 3507    -6869585    -37          -7    -49   22  53  155   35  393  130  393  130  18  0  0 L3P 58
G15 FF 61083 022200  780 273 3130    -3851376      6          10     40   29  58  160   24  453  -99  453  -99  25  0  0 L3P 1D
G19 FF 61083 022200  780 334 1457    -6897221     63          16     79   18   5  133   24  113  -61  113  -61  15  0  0 L3P 11
G22 FF 61083 022200  780 149 1093      476068     -9          36     38   30 120  282   58  129  -14  129  -14  24  0  0 L3P 12
G24 FF 61083 022200  780 583 2198     1252480   -164          10     -6   15  86   86   -7  139  -10  139  -10  15  0  0 L3P 17
G06 FF 61083 023800  780 427 1061     6096825     27         -18      7   19  41  108    3  127   -9  127   -9  17  0  0 L3P E8
G11 FF 61083 023800  780 488  386     4419477   -105         -10     26   19 165   98  -10  163  -42  163  -42  16  0  0 L3P 4A
G12 FF 61083 023800  780 372 2181     6073892    -25         -16    -27   20  64  121   -8  180   -2  180   -2  18  0  0 L3P 0A
G13 FF 61083 023800  780 217 3541    -6869552     50          14     37   24  53  198   57  478   86  478   86  18  0  0 L3P 3C
G15 FF 61083 023800  780 229 3196    -3851415    -40           4     -6   38  58  188   35  386   34  386   34  30  0  0 L3P 1A
G19 FF 61083 023800  780 271 1441    -6897246    -32           6    -16   20   5  161   35  131    8  131    8  16  0  0 L3P D9
G22 FF 61083 023800  780 118 1027      476017    -20          31     28   35 120  351   90  140  -15  140  -15  29  0  0 L3P 06
G24 FF 61083 023800  780 651 2267     1252313   -173          -4    -15   15  86   81   -4  140   -1  140   -1  14  0  0 L3P E9
G29 FF 61083 023800  780 102 3067     3770405    -84           1    -18   36  45  405 -196 1127  130 1127  130  22  0  0 L3P 62
G06 FF 61083 025400  780 405 1160     6096855     24          -8      3   28  41  113    7  114    4  114    4  26  0  0 L3P A1
G11 FF 61083 025400  780 547  480     4419353   -147          -8    -17   15 165   90   -6  138  -11  138  -11  12  0  0 L3P 23
G12 FF 61083 025400  780 401 2102     6073887      1         -23     -1   24  64  114   -7  167  -24  167  -24  23  0  0 L3P F4
G13 FF 61083 025400  780 155 3575    -6869570    -48         -16    -61   28  53  273  103  636  221  636  221  21  0  0 L3P 75
G15 FF 61083 025400  780 185 3257    -3851450     48           1     83   35  58  229   52  312    9  312    9  32  0  0 L3P DE
G19 FF 61083 025400  780 211 1419    -6897256    -56          11    -40   35   5  203   54  130   57  130   57  25  0  0 L3P 10
G24 FF 61083 025400  780 711 2403     1252154   -175         -12    -17   15  86   78   -3  136    1  136    1  14  0  0 L3P E7
G25 FF 61083 025400  780 115 2393    -4440729    -15          32    -40   31   5  361 -107  410 -133  410 -133  27  0  0 L3P 54
G29 FF 61083 025400  780 152 3016     3770329    -76          19     -9   30  32  278  -88  925 -402  925 -402  21  0  0 L3P 63
G06 FF 61083 032200  780 335 1297     6096885     18         -12     -3   25  41  133   17  120    0  120    0  20  0  0 L3P C4
G11 FF 61083 032200  780 620  725     4419126   -147         -16    -16   15 165   83   -2  122   -5  122   -5  13  0  0 L3P FC
G12 FF 61083 032200  780 454 1958     6073905     61          -9     59   19  64  103   -6  134  -66  134  -66  16  0  0 L3P 1E
G15 FF 61083 032200  780 115 3359    -3851452    -63          58    -29   50  58  361  114  770  124  770  124  41  0  0 L3P 60
G19 FF 61083 032200  780 116 1366    -6897273      0          21     16   47   5  357  152  138   21  138   21  31  0  0 L3P F6
G24 FF 61083 032200  780 749 2891     1251884   -171         -16    -13   17  86   76    1  138    6  138    6  14  0  0 L3P FD
G25 FF 61083 032200  780 180 2301    -4440704     11          15    -14   30   5  236  -51  263  -49  263  -49  23  0  0 L3P 13
G29 FF 61083 032200  780 231 2910     3770214    -87          17    -20   31  32  186  -33  493 -142  493 -142  27  0  0 L3P 5E
G06 FF 61083 033800  780 284 1352     6096917    -11           0    -32   28  41  154   28  110   39  110   39  23  0  0 L3P FB
G11 FF 61083 033800  780 630  906     4418998   -142         -19    -11   20 165   83    0  109    2  109    2  18  0  0 L3P EA
G12 FF 61083 033800  780 486 1869     6073905     13         -11     11   17  64   98   -5  124  -19  124  -19  15  0  0 L3P 18
G21 FF 61083 033800  780 112  521    -3967659    -61          23     -5   60  95  369 -102  246  -73  246  -73  47  0  0 L3P 4C
G24 FF 61083 033800  780 711 3151     1251722   -160         -27     -2   14  86   78    3  149    7  149    7  12  0  0 L3P D9
G25 FF 61083 033800  780 221 2251    -4440682      6          13    -19   38   5  194  -37  210  -28  210  -28  31  0  0 L3P 0E
G29 FF 61083 033800  780 272 2839     3770151    -58          18      9   22  32  160  -22  375 -104  375 -104  18  0  0 L3P 4D
G05 FF 61083 035400  780 136  304     2288007    -15          27    -21   43  19  307  -92  288  -98  288  -98  33  0  0 L3P 45
G06 FF 61083 035400  780 227 1393     6096945      5           9    -16   34  41  190   47  113   27  113   27  25  0  0 L3P ED
G11 FF 61083 035400  780 612 1079     4418877   -130         -14      0   15 165   84    3  104   -6  104   -6  14  0  0 L3P EB
G12 FF 61083 035400  780 519 1773     6073906      9         -12      7   16  64   93   -4  124   -6  124   -6  14  0  0 L3P C9
G21 FF 61083 035400  780 144  585    -3967713    -54          22      2   38  95  291  -64  189  -47  189  -47  35  0  0 L3P 42
G24 FF 61083 035400  780 648 3304     1251579   -155         -18      3   19  86   81    5  148   12  148   12  17  0  0 L3P FE
G25 FF 61083 035400  780 265 2202    -4440677    -11          -6    -36   29   5  164  -27  192   15  192   15  23  0  0 L3P 18
G29 FF 61083 035400  780 308 2762     3770081    -37          13     30   32  32  143  -15  311  -89  311  -89  27  0  0 L3P 32
G05 FF 61083 041000  780 180  362     2287998    -40          11    -45   30  20  236  -58  228  -14  228  -14  22  0  0 L3P 21
G11 FF 61083 041000  780 571 1214     4418741   -150         -25    -19   16 166   88    5  112   23  112   23  15  0  0 L3P 0B
G12 FF 61083 041000  780 551 1666     6073917      6          -5      3   17  65   90   -4  114  -10  114  -10  14  0  0 L3P BF
G21 FF 61083 041000  780 176  652    -3967769      7          19     63   41  96  241  -42  157  -93  157  -93  33  0  0 L3P 2C
G24 FF 61083 041000  780 575 3393     1251421   -157         -21      1   37  93   87    8  165   10  165   10  35  0  0 L3P EB
G25 FF 61083 041000  780 313 2156    -4440654    -37          -9    -62   28  20  141  -21  167   28  167   28  25  0  0 L3P 27
G29 FF 61083 041000  780 340 2679     3770017    -70           9     -3   20  33  131  -10  265  -34  265  -34  19  0  0 L3P 0F
G05 FF 61083 042600  780 225  422     2287992     32          -1     26   25  20  191  -38  202  -49  202  -49  19  0  0 L3P 09
G11 FF 61083 042600  780 516 1308     4418624   -128         -17      2   19 166   94    8  109   -1  109   -1  17  0  0 L3P F9
G12 FF 61083 042600  780 580 1544     6073920    -11          -5    -13   13  65   87   -3  113    5  113    5  10  0  0 L3P BD
G21 FF 61083 042600  780 206  723    -3967815   -199          26   -143   34  96  207  -28  133  125  133  125  31  0  0 L3P 6F
G24 FF 61083 042600  780 500 3451     1251272   -138         -18     20   23  93   96   11  174   -7  174   -7  21  0  0 L3P 01
G25 FF 61083 042600  780 366 2112    -4440623      8          -2    -17   19  20  123  -16  142    1  142    1  15  0  0 L3P C7
G29 FF 61083 042600  780 367 2591     3769971    -18          28     49   15  33  123   -7  212  -80  212  -80  12  0  0 L3P 2F
G05 FF 61083 044200  780 272  486     2288017     33          19     27   38  20  160  -26  160  -39  160  -39  29  0  0 L3P 18
G11 FF 61083 044200  780 453 1368     4418504   -121         -11      9   27 166  103   12  112    1  112    1  27  0  0 L3P E0
G12 FF 61083 044200  780 603 1404     6073923     16          -5     14   15  65   85   -2  113  -15  113  -15  14  0  0 L3P E0
G18 FF 61083 044200  780 104 3264     4272810   -174          44    -78   36 133  399 -236  645  -73  645  -73  22  0  0 L3P 8C
G21 FF 61083 044200  780 232  798    -3967869     -2          25     53   37  96  186  -18  120  -66  120  -66  32  0  0 L3P 35
G24 FF 61083 044200  780 425 3493     1251117   -145         -22     13   12  93  109   16  191    5  191    5  12  0  0 L3P F2
G25 FF 61083 044200  780 422 2069    -4440609     60         -12     35   15  20  109  -13  138  -47  138  -47  13  0  0 L3P 32
G29 FF 61083 044200  780 391 2498     3769896   -126          17    -59   17  33  116   -5  188   24  188   24  14  0  0 L3P 50
G05 FF 61083 045800  780 317  557     2288011     27           8     21   14  20  140  -18  149  -48  149  -48  11  0  0 L3P 01
G11 FF 61083 045800  780 386 1404     4418379    -90         -11     41   20 166  118   18  118  -31  118  -31  17  0  0 L3P 3E
G12 FF 61083 045800  780 616 1247     6073930     26           0     23   16  65   84   -1  109  -18  109  -18  13  0  0 L3P EB
G18 FF 61083 045800  780 167 3238     4272684   -149          10    -54   28 133  254  -95  487 -152  487 -152  19  0  0 L3P AF
G21 FF 61083 045800  780 251  877    -3967923   -125          25    -69   30  96  172  -10  116   57  116   57  29  0  0 L3P 4E
G24 FF 61083 045800  780 351 3529     1250990   -121           3     37   18  93  128   23  187  -11  187  -11  14  0  0 L3P 26
G25 FF 61083 045800  780 482 2028    -4440581      3          -8    -22   15  20   99  -10  125   18  125   18  12  0  0 L3P F2
G29 FF 61083 045800  780 410 2403     3769829    -28          14     39   19  33  112   -4  164  -56  164  -56  15  0  0 L3P 32
G05 FF 61083 051400  780 359  637     2288023     13          15      7   19  20  125  -12  132  -14  132  -14  15  0  0 L3P E7
G11 FF 61083 051400  780 320 1423     4418255   -110          -9     21   28 166  139   27  122  -19  122  -19  23  0  0 L3P 2D
G12 FF 61083 051400  780 615 1080     6073934     20           3     18   17  65   84    1  106  -21  106  -21  14  0  0 L3P C6
G18 FF 61083 051400  780 231 3204     4272607   -101          24     -5   22 133  187  -50  318 -137  318 -137  19  0  0 L3P 67
G21 FF 61083 051400  780 263  959    -3967985    -55          17      0   26  96  165   -4  122   12  122   12  22  0  0 L3P F5
G24 FF 61083 051400  780 281 3561     1250844   -108           9     50   18  93  156   36  199  -32  199  -32  13  0  0 L3P 31
G25 FF 61083 051400  780 547 1986    -4440548    -11           1    -36   17  20   90   -8  113   17  113   17  14  0  0 L3P F3
G28 FF 61083 051400  780 144 2259     5969226    -82           9    -18   33 185  291  -86  254  -17  254  -17  27  0  0 L3P 63
G29 FF 61083 051400  780 426 2305     3769757    -80           7    -13   14  33  109   -3  150   -9  150   -9  13  0  0 L3P F8
G05 FF 61083 053000  780 394  727     2288026     31          12     25   18  20  116   -8  118  -32  118  -32  17  0  0 L3P F2
G11 FF 61083 053000  780 254 1429     4418131   -107          -8     23   25 166  171   42  121  -30  121  -30  20  0  0 L3P 1A
G12 FF 61083 053000  780 599  919     6073942      1           8     -1   22  65   85    2   98   -8   98   -8  18  0  0 L3P 91
G18 FF 61083 053000  780 294 3159     4272513   -154          22    -59   19 133  150  -30  213  -38  213  -38  13  0  0 L3P 5A
G21 FF 61083 053000  780 264 1042    -3968049    -43           7     12   34  96  164    2  125  -15  125  -15  27  0  0 L3P 05
G24 FF 61083 053000  780 215 3593     1250691   -133           7     25   22  93  200   58  209  -13  209  -13  16  0  0 L3P 15
G25 FF 61083 053000  780 615 1942    -4440527      6          -2    -19   16  20   84   -6  102    3  102    3  14  0  0 L3P AA
G28 FF 61083 053000  780 184 2313     5969166    -78          11    -14   28 185  231  -45  230  -21  230  -21  25  0  0 L3P 4A
G29 FF 61083 053000  780 439 2206     3769702    -44          17     23   15  33  106   -2  124  -36  124  -36  13  0  0 L3P 14
G05 FF 61083 054600  780 418  828     2288032      8          12      2   24  20  110   -4  106  -12  106  -12  18  0  0 L3P BE
G11 FF 61083 054600  780 191 1425     4417993   -257         -20   -126   39 166  224   72  137   81  137   81  26  0  0 L3P 6A
G12 FF 61083 054600  780 567  775     6073934     17          -2     15   18  65   88    4   98  -23   98  -23  16  0  0 L3P DC
G18 FF 61083 054600  780 355 3102     4272408   -105           8    -10   20 133  127  -19  161  -45  161  -45  14  0  0 L3P 3D
G21 FF 61083 054600  780 255 1122    -3968077   -101          32    -46   38  96  170    9   93   30   93   30  32  0  0 L3P 05
G24 FF 61083 054600  780 153   25     1250522   -138         -10     20   29  93  275  105  215  -33  215  -33  20  0  0 L3P 15
G25 FF 61083 054600  780 688 1889    -4440506     19          -5     -6   13  20   79   -4   92  -18   92  -18  11  0  0 L3P F7
G28 FF 61083 054600  780 216 2376     5969103   -108           9    -43   26 185  199  -25  199    8  199    8  21  0  0 L3P 41
G29 FF 61083 054600  780 450 2106     3769630   -103           9    -36   19  33  104   -2  117   13  117   13  17  0  0 L3P 07
G05 FF 61083 060200  780 430  934     2288024     57          -7     52   21  21  108   -1  108  -49  108  -49  16  0  0 L3P F2
G12 FF 61083 060200  780 523  657     6073947    -52           7    -54   27  67   93    6   86   40   86   40  23  0  0 L3P C0
G18 FF 61083 060200  780 412 3032     4272316    -79          14     16   44 134  111  -13  125  -32  125  -32  28  0  0 L3P 27
G21 FF 61083 060200  780 235 1197    -3968167    -21          -5     34   22  97  183   19  120  -30  120  -30  19  0  0 L3P 22
G25 FF 61083 060200  780 762 1809    -4440475     27           5      2   11  21   76   -3   75   -9   75   -9  10  0  0 L3P A3
G28 FF 61083 060200  780 239 2447     5969041    -65           9      0   28 186  181  -13  174  -24  174  -24  24  0  0 L3P 2F
G29 FF 61083 060200  780 460 2006     3769567    -73           6     -6   27  34  102   -2  103  -13  103  -13  25  0  0 L3P F6
G05 FF 61083 061800  780 426 1041     2288045     13           8      8   26  21  109    3   89   -3   89   -3  25  0  0 L3P 9B
G12 FF 61083 061800  780 469  561     6073946    -12           4    -14   35  67  101   10   87    5   87    5  26  0  0 L3P B5
G18 FF 61083 061800  780 465 2945     4272229   -107          19    -12   18 134  101   -9   99  -12   99  -12  16  0  0 L3P 3D
G21 FF 61083 061800  780 206 1264    -3968201     13          14     69   27  97  208   33  102  -69  102  -69  23  0  0 L3P 28
G23 FF 61083 061800  780 130 3505    -6115160    -23          55     25   26 115  322 -155  159 -117  159 -117  19  0  0 L3P 7E
G25 FF 61083 061800  780 835 1592    -4440463     41          -7     16   32  21   74   -1   81  -21   81  -21  31  0  0 L3P D7
G28 FF 61083 061800  780 252 2525     5968986    -24          17     40   33 186  172   -5  152  -54  152  -54  27  0  0 L3P 4B
G29 FF 61083 061800  780 469 1904     3769500    -85           3    -18   21  34  101   -1   89    3   89    3  19  0  0 L3P CB
G05 FF 61083 063400  780 407 1140     2288056     18          14     12   19  21  113    6   80  -12   80  -12  18  0  0 L3P C7
G12 FF 61083 063400  780 410  486     6073957      4          12      2   23  67  112   14   78   -8   78   -8  17  0  0 L3P A3
G18 FF 61083 063400  780 510 2839     4272136    -91          18      5   14 134   95   -6   83  -19   83  -19  12  0  0 L3P F8
G21 FF 61083 063400  780 168 1321    -3968252    -13          16     43   37  97  251   61  104  -42  104  -42  29  0  0 L3P 2C
G23 FF 61083 063400  780 196 3521    -6115219     18          42     65   35 115  218  -75  105  -92  105  -92  26  0  0 L3P 47
G25 FF 61083 063400  780 852  650    -4440435     39          -2     14   12  21   74    1   70  -17   70  -17  10  0  0 L3P B1
G28 FF 61083 063400  780 254 2606     5968929    -92          22    -27   35 186  171    2  130   -8  130   -8  30  0  0 L3P 1C
G29 FF 61083 063400  780 477 1801     3769437    -66           5      1   16  34   99   -1   77  -11   77  -11  13  0  0 L3P D9
G05 FF 61083 065000  780 374 1226     2288066     19          18     14   26  21  121   11   73  -15   73  -15  24  0  0 L3P E5
G12 FF 61083 065000  780 347  428     6073958      1          11     -1   21  67  129   22   77    6   77    6  16  0  0 L3P 93
G15 FF 61083 065000  780 109  546    -3851883    -89          59    -55   44  61  380 -100   82   40   82   40  36  0  0 L3P 1E
G18 FF 61083 065000  780 545 2714     4272037    -87          11      9   19 134   90   -3   75  -15   75  -15  17  0  0 L3P F4
G21 FF 61083 065000  780 124 1368    -3968291    109          31    165   57  97  336  125   95 -114   95 -114  45  0  0 L3P 72
G23 FF 61083 065000  780 266 3533    -6115267    -39          39      9   25 115  164  -43   78  -32   78  -32  19  0  0 L3P 2F
G25 FF 61083 065000  780 781  299    -4440415     46          -7     21   12  21   75    2   68  -14   68  -14  10  0  0 L3P C2
G26 FF 61083 065000  780 105 2201     3258375     -5          51    -63   29  40  395 -211  202  -22  202  -22  23  0  0 L3P 20
G28 FF 61083 065000  780 246 2688     5968847    -43           1     22   32 186  176    9  138  -19  138  -19  26  0  0 L3P 3D
G29 FF 61083 065000  780 484 1696     3769366    -64          -2      4   18  34   98   -1   78   -8   78   -8  14  0  0 L3P DD
G31 FF 61083 065000  780 117 2384     1674304   -143          16   -121   33 103  355  -50  194   58  194   58  24  0  0 L3P 57
G05 FF 61083 070600  780 331 1296     2288069     46          16     41   26  21  135   18   72  -24   72  -24  20  0  0 L3P EE
G12 FF 61083 070600  780 282  382     6073955    -50           6    -52   27  67  155   34   88   50   88   50  23  0  0 L3P E2
G15 FF 61083 070600  780 138  611    -3851914     36          61     70   39  61  302  -64   71  -71   71  -71  36  0  0 L3P FF
G18 FF 61083 070600  780 568 2573     4271948   -122          13    -26   19 134   88   -2   67   15   67   15  18  0  0 L3P 1B
G23 FF 61083 070600  780 340 3541    -6115327    -58          25    -11   20 115  131  -27   70   -2   70   -2  18  0  0 L3P F8
G25 FF 61083 070600  780 699  211    -4440383     85           1     60   16  21   78    4   64  -39   64  -39  12  0  0 L3P C4
G26 FF 61083 070600  780 163 2211     3258422     68          42     10   45  40  260  -91  142  -47  142  -47  38  0  0 L3P 1C
G28 FF 61083 070600  780 229 2767     5968836   -253          53   -188   40 186  187   16   80  197   80  197  40  0  0 L3P 87
G29 FF 61083 070600  780 489 1588     3769314    -74          10     -6   18  34   97   -1   65   -3   65   -3  16  0  0 L3P DE
G31 FF 61083 070600  780 129 2451     1674270    -77           3    -55   36 103  322  -21  175   17  175   17  26  0  0 L3P 22
G05 FF 61083 072200  780 280 1350     2288084    -25          26    -31   19  21  156   28   71   35   71   35  16  0  0 L3P ED
G12 FF 61083 072200  780 216  347     6073969    -17          17    -19   29  67  199   59   84   30   84   30  22  0  0 L3P FF
G15 FF 61083 072200  780 167  679    -3851979    -23          28     11   28  61  252  -42   90   -3   90   -3  23  0  0 L3P F1
G18 FF 61083 072200  780 577 2422     4271853   -126          10    -31   21 134   87    0   66   19   66   19  17  0  0 L3P F8
G23 FF 61083 072200  780 418 3545    -6115382    -49          16     -1   21 115  110  -18   70   -8   70   -8  16  0  0 L3P F8
G25 FF 61083 072200  780 616  171    -4440363     14          -3    -11   23  21   84    7   71   16   71   16  21  0  0 L3P A0
G26 FF 61083 072200  780 220 2232     3258460     22          25    -36   48  40  195  -49  118   -6  118   -6  40  0  0 L3P 07
G28 FF 61083 072200  780 206 2843     5968736    -68          16     -3   32 186  207   26  123    2  123    2  27  0  0 L3P FD
G29 FF 61083 072200  780 493 1478     3769253   -104          14    -37   21  34   97    0   58   27   58   27  19  0  0 L3P FE
G31 FF 61083 072200  780 133 2522     1674267    -50          21    -28   28 103  312   -1  145    6  145    6  26  0  0 L3P EB
G05 FF 61083 073800  780 225 1389     2288095    -20          31    -26   33  21  192   47   69   49   69   49  25  0  0 L3P 11
G10 FF 61083 073800  780 126 3381     5878245     37          40     21   49  33  334 -173  108  -90  108  -90  35  0  0 L3P 41
G12 FF 61083 073800  780 151  322     6073957    -34           3    -36   39  67  281  120   93   32   93   32  28  0  0 L3P EB
G15 FF 61083 073800  780 194  750    -3852006    -74          34    -40   54  61  219  -28   73   35   73   35  46  0  0 L3P 0B
G18 FF 61083 073800  780 573 2273     4271760    -98           9     -2   12 134   87    1   57  -13   57  -13  11  0  0 L3P E3
G23 FF 61083 073800  780 500 3546    -6115433    -66          12    -18   20 115   96  -12   62    3   62    3  18  0  0 L3P DE
G25 FF 61083 073800  780 533  148    -4440333     23           3     -2   18  21   92   10   63   -2   63   -2  18  0  0 L3P 8E
G26 FF 61083 073800  780 276 2264     3258504     71          13     13   28  40  158  -30   98  -35   98  -35  24  0  0 L3P 13
G28 FF 61083 073800  780 178 2916     5968671    -57          12      8   34 186  238   39  125  -13  125  -13  25  0  0 L3P 47
G29 FF 61083 073800  780 492 1365     3769168   -123          -7    -56   19  34   97    0   66   39   66   39  16  0  0 L3P 0D
G31 FF 61083 073800  780 130 2594     1674225    -28          -1     -7   24 103  321   18  155  -19  155  -19  18  0  0 L3P 2B
G05 FF 61083 075400  780 167 1415     2288086    101          17     96   65  21  254   88  101  -69  101  -69  49  0  0 L3P 3E
G10 FF 61083 075400  780 193 3372     5878203    -38         -17    -54   33  33  221  -78   99   33   99   33  22  0  0 L3P 25
G15 FF 61083 075400  780 217  824    -3852070    -61           3    -27   30  61  198  -18   99   22   99   22  29  0  0 L3P FD
G18 FF 61083 075400  780 559 2133     4271650   -129         -10    -34   19 134   89    2   64   17   64   17  15  0  0 L3P 0B
G23 FF 61083 075400  780 584 3544    -6115483    -80           7    -32   27 115   86   -8   56   14   56   14  24  0  0 L3P F9
G25 FF 61083 075400  780 452  135    -4440314     85          -2     60   27  21  104   15   64  -56   64  -56  26  0  0 L3P E4
G26 FF 61083 075400  780 329 2310     3258556     45          10    -13   24  40  135  -19   84   -6   84   -6  20  0  0 L3P E6
G28 FF 61083 075400  780 148 2984     5968608    -92          12    -27   21 186  284   59  126   20  126   20  12  0  0 L3P 43
G29 FF 61083 075400  780 488 1251     3769098    -79         -12    -12   17  34   98    1   62   10   62   10  16  0  0 L3P EC
G31 FF 61083 075400  780 119 2665     1674206    -35           1    -13   29 103  347   39  143    4  143    4  24  0  0 L3P ED
G10 FF 61083 081000  780 263 3356     5878234     11           1     -5   34  45  166  -43   68   -7   68   -7  33  0  0 L3P CE
G15 FF 61083 081000  780 233  901    -3852114     46          -7     80   40  64  185  -10  110  -60  110  -60  34  0  0 L3P FA
G16 FF 61083 081000  780 106 2186    -2064397   -172           6    -97   37  34  392 -202  143   28  143   28  29  0  0 L3P 50
G18 FF 61083 081000  780 538 2005     4271555   -103         -12     -7   22 135   91    3   59   -1   59   -1  19  0  0 L3P DA
G23 FF 61083 081000  780 671 3539    -6115538    -73          -1    -25   17 116   80   -5   58   10   58   10  16  0  0 L3P F3
G25 FF 61083 081000  780 373  129    -4440291      9          -5    -16   20  22  121   22   72   19   72   19  20  0  0 L3P B6
G26 FF 61083 081000  780 376 2373     3258609     41          10    -17   21  41  120  -12   74   -3   74   -3  18  0  0 L3P D9
G28 FF 61083 081000  780 116 3049     5968547    -74          12     -9   26 187  357   94  135   -2  135   -2  20  0  0 L3P 21
G29 FF 61083 081000  780 477 1137     3769037    -61         -12      6   18  37   99    2   64   -1   64   -1  15  0  0 L3P BF
G31 FF 61083 081000  780 103 2736     1674179    -24          -7     -3   25 104  399   70  145    8  145    8  22  0  0 L3P F0
G10 FF 61083 082600  780 335 3331     5878226    -65         -22    -80   42  45  133  -26   70   53   70   53  38  0  0 L3P 11
G15 FF 61083 082600  780 242  979    -3852144    -49          -4    -14   27  64  178   -3  114   28  114   28  22  0  0 L3P 16
G16 FF 61083 082600  780 161 2208    -2064482    -86          -6    -11   39  34  263  -88  110  -13  110  -13  39  0  0 L3P 3F
G18 FF 61083 082600  780 512 1890     4271453   -119         -22    -24   17 135   94    4   63   20   63   20  15  0  0 L3P FA
G23 FF 61083 082600  780 758 3532    -6115598    -37         -15     11   37 116   76   -3   60  -17   60  -17  35  0  0 L3P 22
G25 FF 61083 082600  780 297  129    -4440274     20         -12     -5   31  22  148   35   81   12   81   12  26  0  0 L3P CF
G26 FF 61083 082600  780 415 2452     3258641     57         -14     -1   20  41  111   -8   78   -6   78   -6  18  0  0 L3P D7
G29 FF 61083 082600  780 460 1027     3768968    -98         -17    -31   15  37  102    4   70   37   70   37  13  0  0 L3P 02
G10 FF 61083 084200  780 408 3294     5878231     39         -33     23   34  45  113  -17   82   -8   82   -8  32  0  0 L3P F3
G15 FF 61083 084200  780 242 1057    -3852187    -48         -15    -14   25  64  178    3  144   43  144   43  21  0  0 L3P 20
G16 FF 61083 084200  780 215 2240    -2064563    -95         -16    -20   31  34  200  -47  103    8  103    8  27  0  0 L3P 03
G18 FF 61083 084200  780 484 1785     4271360    -94         -23      3   20 136   98    4   71   14   71   14  16  0  0 L3P D7
G23 FF 61083 084200  780 846 3529    -6115634     61          -6    108   21 116   74   -1   55 -103   55 -103  19  0  0 L3P 29
G25 FF 61083 084200  780 225  134    -4440241     42          -3     17   31  22  191   58   91   19   91   19  22  0  0 L3P C3
G26 FF 61083 084200  780 442 2548     3258703     62          -7      4   22  41  105   -4   74   -1   74   -1  20  0  0 L3P A6
G29 FF 61083 084200  780 436  922     3768888   -105         -32    -38   31  37  107    6   96   56   96   56  27  0  0 L3P 1C
G10 FF 61083 085800  780 481 3242     5878257     26         -21     10   18  45   99  -12   89   10   89   10  15  0  0 L3P F2
G15 FF 61083 085800  780 232 1131    -3852203     21           2     55   20  64  185   11  152   -6  152   -6  19  0  0 L3P DA
G16 FF 61083 085800  780 265 2285    -2064630    -76         -11     -1   32  34  165  -28  102   19  102   19  29  0  0 L3P 2A
G18 FF 61083 085800  780 457 1689     4271276    -92         -14      4   24 136  103    5   85   29   85   29  21  0  0 L3P 00
G23 FF 61083 085800  780 866 1673    -6115678    -68          -4    -20   20 116   74    1   65   36   65   36  18  0  0 L3P 03
G25 FF 61083 085800  780 157  144    -4440201     34          14      9   38  22  270  113  119   39  119   39  27  0  0 L3P FA
G26 FF 61083 085800  780 454 2656     3258759     49          -7     -9   20  41  103   -1   86   23   86   23  16  0  0 L3P E4
G29 FF 61083 085800  780 405  825     3768838    -42         -18     25   24  37  113    8  108   15  108   15  19  0  0 L3P 0B
G10 FF 61083 091400  780 552 3169     5878284     17         -10      1   19  45   90   -8   95   13   95   13  16  0  0 L3P CE
G15 FF 61083 091400  780 213 1201    -3852237    -45           1    -10   24  64  201   22  189   36  189   36  19  0  0 L3P 08
G16 FF 61083 091400  780 309 2343    -2064708    -52         -16     23   24  34  143  -18  117   -4  117   -4  19  0  0 L3P 1E
G18 FF 61083 091400  780 429 1598     4271177    -80         -20     17   17 136  108    6  112    7  112    7  14  0  0 L3P F5
G23 FF 61083 091400  780 780 1673    -6115741    -13         -21     35   20 116   75    2   91  -25   91  -25  19  0  0 L3P 03
G26 FF 61083 091400  780 450 2768     3258808     27         -14    -31   28  41  104    2  106   34  106   34  24  0  0 L3P FF
G27 FF 61083 091400  780 103 2223      398236     44          25    -52   31  40  402 -198  171   43  171   43  25  0  0 L3P 0D
G29 FF 61083 091400  780 368  737     3768768   -100         -24    -33   23  37  123   12  140   55  140   55  21  0  0 L3P 28
G10 FF 61083 093000  780 618 3061     5878296      6         -13    -10   15  45   83   -5  110   15  110   15  13  0  0 L3P DB
G15 FF 61083 093000  780 186 1263    -3852271    -41           0     -7   29  64  229   38  242   46  242   46  27  0  0 L3P 09
G16 FF 61083 093000  780 345 2415    -2064771    -89          -7    -14   27  34  129  -11  124   26  124   26  24  0  0 L3P 29
G18 FF 61083 093000  780 403 1511     4271087   -129         -18    -33   19 136  113    6  137   60  137   60  16  0  0 L3P 2E
G23 FF 61083 093000  780 697 1655    -6115790    -67         -24    -19   14 116   78    4  106   33  106   33  12  0  0 L3P 26
G26 FF 61083 093000  780 431 2876     3258871     87          -7     29   18  41  107    5  116    2  116    2  15  0  0 L3P CB
G27 FF 61083 093000  780 157 2199      398348     65          44    -32   45  40  270  -94  152   30  152   30  43  0  0 L3P 0F
G29 FF 61083 093000  780 325  659     3768718    -18          -9     49   23  37  137   18  161   -5  161   -5  20  0  0 L3P 02
G32 FF 61083 093000  780 148    6      966494   -190         -13    -12   31   1  285 -108  193   28  193   28  24  0  0 L3P 03
G10 FF 61083 094600  780 673 2901     5878311     18         -13      2   11  45   80   -3  122    7  122    7  11  0  0 L3P AD
G15 FF 61083 094600  780 151 1317    -3852294     -1           9     33   29  64  279   69  301   10  301   10  20  0  0 L3P EC
G16 FF 61083 094600  780 371 2501    -2064843    -57          -7     18   19  34  122   -6  141    4  141    4  15  0  0 L3P E1
G18 FF 61083 094600  780 378 1426     4270998   -103         -14     -7   19 136  120    7  161   33  161   33  16  0  0 L3P 2D
G23 FF 61083 094600  780 617 1631    -6115827    -43         -15      5   16 116   84    6  116   13  116   13  14  0  0 L3P F9
G26 FF 61083 094600  780 401 2975     3258927     58          -6      0   23  41  114    9  139   20  139   20  20  0  0 L3P D7
G27 FF 61083 094600  780 214 2180      398427    104          31      7   34  40  201  -54  160   -9  160   -9  31  0  0 L3P E4
G29 FF 61083 094600  780 277  591     3768664    -33           1     34   35  37  158   27  194   20  194   20  30  0  0 L3P FF
G32 FF 61083 094600  780 207   37      966323   -174         -12      4   21   1  207  -60  206   15  206   15  15  0  0 L3P CA
G10 FF 61083 100200  780 707 2673     5878324     22         -18      6   13  47   78   -1  134   13  134   13  11  0  0 L3P D2
G15 FF 61083 100200  780 110 1361    -3852299    183          38    217   51  65  377  145  340 -120  340 -120  44  0  0 L3P 6F
G16 FF 61083 100200  780 384 2596    -2064909    -63          -6     12   24  38  118   -2  152   12  152   12  21  0  0 L3P FC
G18 FF 61083 100200  780 354 1344     4270917    -87          -5     10   20 137  127    8  183   26  183   26  16  0  0 L3P 02
G23 FF 61083 100200  780 541 1605    -6115874    -67         -15    -19   16 117   91    9  137   36  137   36  15  0  0 L3P 23
G26 FF 61083 100200  780 361 3062     3258988     48           2    -10   31  42  125   13  157   36  157   36  22  0  0 L3P F0
G27 FF 61083 100200  780 274 2168      398524    148          36     52   37  42  159  -34  152  -50  152  -50  32  0  0 L3P 25
G29 FF 61083 100200  780 226  532     3768585    -84         -17    -17   27  38  191   43  248   53  248   53  22  0  0 L3P 28
G32 FF 61083 100200  780 271   68      966168   -119           0     60   21   5  161  -37  194  -50  194  -50  16  0  0 L3P E3
G10 FF 61083 101800  780 709 2408     5878348     43          -9     27   15  47   78    1  139  -12  139  -12  13  0  0 L3P FC
G16 FF 61083 101800  780 383 2695    -2064975    -85           0    -10   24  38  118    2  167   33  167   33  18  0  0 L3P 0C
G18 FF 61083 101800  780 330 1263     4270815    -59         -13     38   25 137  134    9  220    0  220    0  19  0  0 L3P DF
G23 FF 61083 101800  780 469 1575    -6115915     -5         -10     42   25 117  101   12  161   -1  161   -1  23  0  0 L3P FC
G26 FF 61083 101800  780 317 3138     3259049     18           8    -40   21  42  140   19  181   62  181   62  18  0  0 L3P F6
G27 FF 61083 101800  780 338 2165      398602    100          21      4   20  42  132  -23  170    6  170    6  17  0  0 L3P BA
G29 FF 61083 101800  780 172  483     3768517    -57         -21     10   50  38  247   78  308   78  308   78  40  0  0 L3P 24
G32 FF 61083 101800  780 339   99      965994   -120          -3     59   24   5  132  -25  198  -40  198  -40  21  0  0 L3P 09
G08 FF 61083 103400  780 104 2193    -4926894    -27          41    -79   42  45  398 -217  269   65  269   65  32  0  0 L3P 6D
G10 FF 61083 103400  780 682 2175     5878363     13          -8     -3   12  47   79    2  151   15  151   15  11  0  0 L3P C8
G16 FF 61083 103400  780 369 2793    -2065053    -76          -6     -1   22  38  122    6  191   25  191   25  18  0  0 L3P FD
G18 FF 61083 103400  780 307 1183     4270737   -123           1    -26   19 137  144   10  239   55  239   55  15  0  0 L3P 27
G23 FF 61083 103400  780 402 1541    -6115951    -50           0     -2   16 117  114   16  183   44  183   44  13  0  0 L3P F4
G26 FF 61083 103400  780 270 3207     3259117     53          19     -5   23  42  161   27  204   33  204   33  18  0  0 L3P E5
G27 FF 61083 103400  780 403 2173      398691    126          18     29   19  42  113  -16  173  -25  173  -25  16  0  0 L3P 27
G29 FF 61083 103400  780 116  441     3768509     81          36    148   82  38  360  172  332  -31  332  -31  58  0  0 L3P 33
G32 FF 61083 103400  780 410  134      965826   -193           0    -14   26   5  112  -17  198   11  198   11  25  0  0 L3P E2
G08 FF 61083 105000  780 163 2194    -4926837     60          49      9   49  45  260  -94  259  -35  259  -35  45  0  0 L3P 46
G10 FF 61083 105000  780 637 2003     5878382     -1          -5    -17   13  47   82    4  161   29  161   29  12  0  0 L3P D3
G16 FF 61083 105000  780 344 2886    -2065111    -83           8     -8   20  38  130   10  203   29  203   29  17  0  0 L3P EF
G18 FF 61083 105000  780 283 1105     4270656    -82          12     15   43 137  155   13  272   23  272   23  42  0  0 L3P 0B
G23 FF 61083 105000  780 339 1505    -6115987    -22           9     26   22 117  132   21  219   35  219   35  20  0  0 L3P 0C
G26 FF 61083 105000  780 224 3269     3259173     73          20     15   36  42  192   38  243   27  243   27  33  0  0 L3P FD
G27 FF 61083 105000  780 471 2196      398785    112          19     16   28  42  100  -11  178  -11  178  -11  25  0  0 L3P 22
G32 FF 61083 105000  780 484  175      965658   -196           3    -17   19   5   98  -12  195   11  195   11  18  0  0 L3P F2
G08 FF 61083 110600  780 223 2205    -4926807     33          30    -18   36  45  193  -51  262   -1  262   -1  31  0  0 L3P 09
G10 FF 61083 110600  780 584 1877     5878402     26           0     10   17  47   86    5  171   11  171   11  17  0  0 L3P C3
G16 FF 61083 110600  780 310 2971    -2065187    -67           4      8   27  38  142   16  233   30  233   30  20  0  0 L3P E3
G18 FF 61083 110600  780 258 1028     4270554    -40           3     57   31 137  168   16  321   -2  321   -2  25  0  0 L3P EF
G23 FF 61083 110600  780 281 1466    -6116042    -58           1    -10   17 117  156   29  282   73  282   73  15  0  0 L3P 20
G26 FF 61083 110600  780 179 3327     3259228    108          23     50   47  11  237   56  297   16  297   16  38  0  0 L3P 26
G27 FF 61083 110600  780 538 2241      398886     89          27     -8   19  42   91   -8  173    5  173    5  17  0  0 L3P CD
G32 FF 61083 110600  780 559  230      965490   -160           7     18   18   5   89   -8  192  -14  192  -14  16  0  0 L3P E4
G08 FF 61083 112200  780 284 2227    -4926757     37          31    -14   21  45  154  -31  248   -7  248   -7  21  0  0 L3P 1F
G10 FF 61083 112200  780 529 1779     5878411     28          -7     12   17  47   92    7  195   16  195   16  14  0  0 L3P EB
G16 FF 61083 112200  780 271 3049    -2065248    -15          15     60   27  38  161   23  256   -9  256   -9  20  0  0 L3P 0A
G18 FF 61083 112200  780 231  953     4270484   -204          26   -107   34 137  186   22  344  150  344  150  30  0  0 L3P 50
G23 FF 61083 112200  780 227 1423    -6116073    -48          15      0   33 117  189   41  322   77  322   77  24  0  0 L3P 0D
G26 FF 61083 112200  780 138 3384     3259299     20          38    -38   35  11  304   86  347  102  347  102  23  0  0 L3P 31
G27 FF 61083 112200  780 600 2320      398967     87          16    -10   16  42   85   -5  185   14  185   14  15  0  0 L3P E5
G32 FF 61083 112200  780 633  315      965311   -170          -1      9   19   5   82   -5  198   -5  198   -5  17  0  0 L3P B3
G08 FF 61083 113800  780 343 2264    -4926724     74          15     23   25  45  130  -20  246  -39  246  -39  22  0  0 L3P 36
G10 FF 61083 113800  780 475 1696     5878421     22         -12      6   20  47  100    9  221   13  221   13  16  0  0 L3P D4
G16 FF 61083 113800  780 230 3119    -2065331    -37           4     38   33  38  187   33  312   29  312   29  25  0  0 L3P 01
G18 FF 61083 113800  780 202  881     4270385    -92          20      4   39 137  211   31  409   61  409   61  33  0  0 L3P F6
G23 FF 61083 113800  780 178 1378    -6116130     43           4     91   44 117  238   62  394  -16  394  -16  32  0  0 L3P 2F
G26 FF 61083 113800  780 100 3439     3259350      9          34    -49   41  11  410  139  416  102  416  102  29  0  0 L3P 21
G27 FF 61083 113800  780 653 2451      399058     81          14    -15   13  42   81   -3  191   23  191   23  13  0  0 L3P DD
G32 FF 61083 113800  780 697  459      965140   -198           0    -19   17   5   78   -3  199   23  199   23  15  0  0 L3P EE
G02 FF 61083 115400  780 142 2252     -368589    -31          -5     49   40  45  295  -99  375  -75  375  -75  36  0  0 L3P 4B
G08 FF 61083 115400  780 398 2317    -4926679     28          10    -23   17  45  115  -13  244   11  244   11  15  0  0 L3P 23
G10 FF 61083 115400  780 424 1622     5878434     23         -15      7   25  47  109   11  252   31  252   31  22  0  0 L3P E6
G16 FF 61083 115400  780 188 3185    -2065425    -76         -18     -1   25  38  227   50  374   51  374   51  17  0  0 L3P 2C
G18 FF 61083 115400  780 171  811     4270288   -105          16     -9   40 137  248   47  463   93  463   93  37  0  0 L3P 2D
G23 FF 61083 115400  780 133 1329    -6116151   -120          29    -72   41 117  314  100  432  118  432  118  31  0  0 L3P 5D
G27 FF 61083 115400  780 683 2646      399145    101           8      5   17  42   79   -1  206    4  206    4  14  0  0 L3P A1
G28 FF 61083 115400  780 129  264     5967677    -35          18     30   44 188  323  -98  469  -25  469  -25  38  0  0 L3P 68
G32 FF 61083 115400  780 739  706      964965   -185          -4     -6   11   5   77   -1  207    8  207    8  10  0  0 L3P AF
G02 FF 61083 121000  780 193 2210     -368672    -80         -15      1   32  53  221  -59  355  -11  355  -11  28  0  0 L3P 10
G08 FF 61083 121000  780 447 2391    -4926638     67           8     16   14  68  105   -8  254   -5  254   -5  12  0  0 L3P F7
G10 FF 61083 121000  780 376 1552     5878432     89         -29     73   24  52  120   13  298  -18  298  -18  20  0  0 L3P 35
G16 FF 61083 121000  780 147 3247    -2065479    -61          -5     14   22  40  286   76  427   58  427   58  17  0  0 L3P 24
G18 FF 61083 121000  780 137  746     4270222    103          41    200   68 138  306   78  526  -94  526  -94  60  0  0 L3P 40
G27 FF 61083 121000  780 681 2873      399228    104           5      7   14  43   79    1  228   11  228   11  12  0  0 L3P B1
G28 FF 61083 121000  780 171  320     5967594    -59           0      5   21 189  248  -62  472  -23  472  -23  18  0  0 L3P 1B
G32 FF 61083 121000  780 736 1015      964788   -176         -13      2   13  10   77    1  225   21  225   21  11  0  0 L3P C9
G02 FF 61083 122600  780 248 2171     -368761   -112         -26    -32   35  53  175  -39  355   17  355   17  33  0  0 L3P 43
G08 FF 61083 122600  780 485 2487    -4926592     42           4     -9   15  68   98   -5  267   12  267   12  14  0  0 L3P FE
G10 FF 61083 122600  780 332 1485     5878446     45         -30     29   17  52  134   16  343   22  343   22  12  0  0 L3P 04
G16 FF 61083 122600  780 109 3307    -2065536   -103          10    -28   41  40  380  123  489   89  489   89  37  0  0 L3P 5D
G27 FF 61083 122600  780 646 3068      399324     69           8    -28   14  43   81    3  243   48  243   48  12  0  0 L3P D9
G28 FF 61083 122600  780 215  377     5967536    -59           4      6   32 189  199  -41  447  -33  447  -33  28  0  0 L3P 39
G31 FF 61083 122600  780 105  101     1673880      4          27     25   35 106  394 -158  517  -46  517  -46  25  0  0 L3P 28
G32 FF 61083 122600  780 691 1242      964622   -194          -7    -16   12  10   79    3  239   37  239   37  11  0  0 L3P F5
G02 FF 61083 124200  780 307 2136     -368847    -32         -34     49   24  53  144  -27  346  -65  346  -65  20  0  0 L3P 41
G08 FF 61083 124200  780 508 2604    -4926556     43          -9     -8   17  68   95   -2  284   12  284   12  15  0  0 L3P FC
G10 FF 61083 124200  780 291 1419     5878469      3         -23    -13   23  52  150   19  378   65  378   65  18  0  0 L3P 1C
G27 FF 61083 124200  780 590 3205      399419     85          10    -12   16  43   86    6  264   28  264   28  15  0  0 L3P E2
G28 FF 61083 124200  780 261  439     5967460    -81         -11    -16   35 189  166  -28  437   -8  437   -8  28  0  0 L3P 4B
G31 FF 61083 124200  780 150  149     1673832    -42          -1    -20   40 106  280  -88  501  -14  501  -14  31  0  0 L3P 18
G32 FF 61083 124200  780 625 1364      964452   -191          -6    -12   21  10   83    5  257   29  257   29  18  0  0 L3P F4
G01 FF 61083 125800  780 113 2244    -3329778     70           0     19   31  76  368 -160  530  -40  530  -40  22  0  0 L3P 26
G02 FF 61083 125800  780 371 2105     -368935    -97         -45    -16   16  53  122  -19  342    5  342    5  14  0  0 L3P 0A
G08 FF 61083 125800  780 512 2732    -4926518     63         -20     12   18  68   94    1  305   12  305   12  14  0  0 L3P EC
G10 FF 61083 125800  780 254 1354     5878471     37         -36     21   21  52  171   23  442   42  442   42  16  0  0 L3P 06
G27 FF 61083 125800  780 524 3298      399506     81           4    -16   18  43   93    9  297   52  297   52  16  0  0 L3P EC
G28 FF 61083 125800  780 307  507     5967386     -9         -22     55   30 189  143  -20  429  -48  429  -48  22  0  0 L3P 50
G31 FF 61083 125800  780 200  197     1673786    -58         -25    -37   28 106  213  -54  491   -9  491   -9  22  0  0 L3P 3E
G32 FF 61083 125800  780 553 1426      964280   -173          -7      5   21  10   89    8  283   26  283   26  19  0  0 L3P E1
G01 FF 61083 133000  780 221 2180    -3329664    103          16     52   37  76  194  -49  470  -58  470  -58  31  0  0 L3P 48
G02 FF 61083 133000  780 514 2058     -369066    -62         -21     19   17  53   94  -10  317  -16  317  -16  14  0  0 L3P 1D
G03 FF 61083 133000  780 142 2559    -5716081    152          24     38   27  33  294  -54  562  -30  562  -30  19  0  0 L3P 43
G08 FF 61083 133000  780 466 2974    -4926369     59          31      8   47  68  101    7  339   40  339   40  30  0  0 L3P 01
G10 FF 61083 133000  780 188 1222     5878536     84          -1     68   21  52  226   37  552   23  552   23  17  0  0 L3P FD
G27 FF 61083 133000  780 383 3417      399728    114          41     17   31  43  118   19  377   45  377   45  32  0  0 L3P 11
G28 FF 61083 133000  780 389  668     5967297    -30          14     35   18 189  117   -9  399  -32  399  -32  16  0  0 L3P 55
G31 FF 61083 133000  780 310  300     1673762    -28          -9     -7   20 106  143  -24  444  -13  444  -13  19  0  0 L3P 0E
G32 FF 61083 133000  780 406 1464      963959   -192          15    -14   25  10  113   17  364   63  364   63  23  0  0 L3P 18
G01 FF 61083 134600  780 281 2155    -3329610     13          20    -38   25  76  156  -33  444   17  444   17  21  0  0 L3P 1B
G02 FF 61083 134600  780 591 2046     -369140    -70         -17     10   14  53   86   -7  316   -3  316   -3  13  0  0 L3P E3
G03 FF 61083 134600  780 169 2491    -5715964    103          31    -12   29  33  250  -39  554    5  554    5  24  0  0 L3P 1B
G04 FF 61083 134600  780 152 3147     -436988    -17          54      3   29 122  279 -104  570  -35  570  -35  21  0  0 L3P 49
G08 FF 61083 134600  780 424 3072    -4926322     70          28     19   23  68  109   10  376   29  376   29  17  0  0 L3P 1F
G10 FF 61083 134600  780 158 1156     5878565    -81          13    -97   25  52  267   48  613  178  613  178  21  0  0 L3P 60
G27 FF 61083 134600  780 315 3461      399821    100          42      3   12  43  141   28  436   66  436   66  10  0  0 L3P E8
G28 FF 61083 134600  780 419  765     5967241    -63          19      1   14 189  110   -5  399    8  399    8  12  0  0 L3P F6
G31 FF 61083 134600  780 367  359     1673750    -18           1      4   18 106  123  -17  424  -16  424  -16  14  0  0 L3P 0A
G32 FF 61083 134600  780 336 1460      963798   -130          25     48   14  10  133   25  411   19  411   19  11  0  0 L3P 01
G01 FF 61083 140200  780 345 2137    -3329577    121           0     70   26  77  130  -22  434  -66  434  -66  23  0  0 L3P 28
G02 FF 61083 140200  780 672 2049     -369210    -61          -9     20   12  79   80   -5  314    2  314    2  10  0  0 L3P AA
G03 FF 61083 140200  780 196 2423    -5715846    126          37     11   18  34  217  -30  538  -14  538  -14  17  0  0 L3P 44
G04 FF 61083 140200  780 208 3100     -436997    -69          66    -48   36 123  206  -54  519   12  519   12  23  0  0 L3P 36
G08 FF 61083 140200  780 375 3154    -4926262     67          44     16   18  77  121   15  414   39  414   39  14  0  0 L3P 16
G10 FF 61083 140200  780 130 1090     5878591     74          26     58   33  53  321   67  700   81  700   81  28  0  0 L3P FF
G27 FF 61083 140200  780 249 3502      399927     70          57    -27   25  53  174   43  507  119  507  119  18  0  0 L3P 35
G28 FF 61083 140200  780 437  871     5967180    -46          20     18   22 190  106   -2  403   -3  403   -3  20  0  0 L3P EC
G31 FF 61083 140200  780 423  428     1673736    -33           5    -12   19 107  109  -12  409    2  409    2  16  0  0 L3P DF
G32 FF 61083 140200  780 270 1447      963638   -134          36     45   19  32  162   37  481   54  481   54  17  0  0 L3P 18
G01 FF 61083 141800  780 412 2126    -3329500     45          28     -7   22  77  112  -16  393  -15  393  -15  20  0  0 L3P 1E
G02 FF 61083 141800  780 756 2086     -369275    -81           3     -1    9  79   76   -3  316   -1  316   -1   8  0  0 L3P B7
G03 FF 61083 141800  780 225 2355    -5715737     84          36    -31   28  34  191  -24  531    8  531    8  26  0  0 L3P 0B
G04 FF 61083 141800  780 262 3045     -437023    -62          61    -42   20 123  166  -32  496  -11  496  -11  13  0  0 L3P 39
G08 FF 61083 141800  780 322 3225    -4926211     40          46    -11   19  77  138   21  463   62  463   62  15  0  0 L3P 16
G10 FF 61083 141800  780 102 1024     5878628     49          48     33   32  53  402  103  785   60  785   60  27  0  0 L3P 1B
G27 FF 61083 141800  780 188 3540      400030     73          67    -24   25  53  227   70  607  136  607  136  18  0  0 L3P 20
G28 FF 61083 141800  780 439  980     5967130    -51          32     14   17 190  106    1  406   -6  406   -6  17  0  0 L3P F4
G31 FF 61083 141800  780 476  512     1673711     -5           1     17   11 107  100   -8  406  -27  406  -27  10  0  0 L3P E4
G32 FF 61083 141800  780 207 1426      963465   -197          35    -19   31  32  207   59  561  104  561  104  22  0  0 L3P 40
G01 FF 61083 143400  780 483 2126    -3329465     53          14      2   16  77   99  -11  384  -23  384  -23  13  0  0 L3P 12
G02 FF 61083 143400  780 836 2284     -369357    -87          -1     -7   10  79   74   -1  324   21  324   21   8  0  0 L3P D8
G03 FF 61083 143400  780 254 2288    -5715634     94          28    -21   31  34  170  -20  518   -3  518   -3  28  0  0 L3P 1C
G04 FF 61083 143400  780 313 2980     -437057      5          46     25   23 123  141  -21  474  -45  474  -45  19  0  0 L3P 1F
G08 FF 61083 143400  780 269 3287    -4926157     91          51     40   39  77  162   30  518   44  518   44  36  0  0 L3P 2A
G27 FF 61083 143400  780 131 3580      400121    135          65     39   25  53  320  131  724  104  724  104  17  0  0 L3P 1A
G28 FF 61083 143400  780 426 1086     5967057    -81          21    -16   18 190  109    4  429   36  429   36  16  0  0 L3P 30
G31 FF 61083 143400  780 521  615     1673684     -9          -6     12   24 107   93   -5  397  -17  397  -17  18  0  0 L3P 0B
G01 FF 61083 145000  780 556 2143    -3329420     51          10      0   18  77   89   -8  366  -20  366  -20  16  0  0 L3P F3
G02 FF 61083 145000  780 846 3245     -369429    -19           4     61   18  79   74    1  328  -44  328  -44  16  0  0 L3P FF
G03 FF 61083 145000  780 287 2220    -5715544     78           8    -37   31  34  153  -17  512   -3  512   -3  26  0  0 L3P 02
G04 FF 61083 145000  780 360 2904     -437085    -19          37      2   19 123  125  -14  458  -19  458  -19  14  0  0 L3P 33
G08 FF 61083 145000  780 217 3344    -4926125     30          34    -21   37  77  197   45  608  113  608  113  31  0  0 L3P 3D
G28 FF 61083 145000  780 398 1179     5966996    -72          23     -8   27 190  115    9  451   38  451   38  25  0  0 L3P 33
G31 FF 61083 145000  780 553  740     1673662    -41          -7    -20   18 107   89   -3  384    6  384    6  16  0  0 L3P E0
G01 FF 61083 150600  780 629 2185    -3329386     45          -5     -6   14  77   83   -6  358   -8  358   -8  12  0  0 L3P FC
G02 FF 61083 150600  780 767 3519     -369522    -64         -11     17   27  79   76    3  353   13  353   13  26  0  0 L3P FC
G03 FF 61083 150600  780 321 2153    -5715444     85          -2    -30   29  34  138  -14  496    4  496    4  25  0  0 L3P FF
G04 FF 61083 150600  780 401 2817     -437123    -48          19    -28   21 123  114   -9  456   10  456   10  16  0  0 L3P 11
G08 FF 61083 150600  780 169 3398    -4926056     26          55    -25   27  77  251   69  692  139  692  139  19  0  0 L3P 75
G09 FF 61083 150600  780 119 2942    -7698857     26          28     19   30  67  349 -121  779  -84  779  -84  23  0  0 L3P 85
G26 FF 61083 150600  780 112  603     3260065     76          27     18   52  43  368  -86  895  -46  895  -46  37  0  0 L3P 37
G28 FF 61083 150600  780 358 1257     5966924    -77          13    -12   25 190  125   14  482   49  482   49  20  0  0 L3P 46
G31 FF 61083 150600  780 567  881     1673619    -15         -29      7   13 107   88    0  395   -8  395   -8  12  0  0 L3P F4
G01 FF 61083 152200  780 699 2281    -3329343     63         -11     11   15  77   78   -3  356  -15  356  -15  13  0  0 L3P 1E
G02 FF 61083 152200  780 680 3578     -369590    -99          -1    -18   19  79   79    5  368   51  368   51  17  0  0 L3P 19
G03 FF 61083 152200  780 359 2085    -5715340    119          -9      5   24  34  125  -12  481  -32  481  -32  20  0  0 L3P 21
G04 FF 61083 152200  780 435 2720     -437145    -36          17    -16   15 123  107   -6  445    7  445    7  12  0  0 L3P F1
G08 FF 61083 152200  780 124 3450    -4926015     36          46    -15   21  77  336  113  809  131  809  131  14  0  0 L3P 49
G09 FF 61083 152200  780 160 2880    -7698865    -12          14    -18   31  67  264  -64  731  -54  731  -54  22  0  0 L3P 62
G26 FF 61083 152200  780 139  668     3260144     94          51     36   46  43  301  -56  849  -53  849  -53  42  0  0 L3P 2D
G28 FF 61083 152200  780 310 1318     5966853    -61           4      4   23 190  143   22  525   29  525   29  18  0  0 L3P 00
G31 FF 61083 152200  780 559 1023     1673591      3         -36     24   15 107   89    2  402  -14  402  -14  12  0  0 L3P ED
G01 FF 61083 153800  780 756 2486    -3329303     70         -21     19   12  77   76   -1  362  -11  362  -11   9  0  0 L3P 09
G02 FF 61083 153800  780 594    1     -369671    -85          -5     -4   12  79   85    8  404   45  404   45   8  0  0 L3P A5
G03 FF 61083 153800  780 399 2016    -5715248    132         -27     17   27  34  114  -10  472  -36  472  -36  22  0  0 L3P 54
G04 FF 61083 153800  780 463 2613     -437180    -26           1     -6   13 123  102   -4  449   -2  449   -2  12  0  0 L3P DF
G09 FF 61083 153800  780 197 2814    -7698844    -40          29    -47   55  67  216  -39  669    1  669    1  50  0  0 L3P 46
G26 FF 61083 153800  780 164  735     3260168     97          19     39   37  43  256  -37  834 -100  834 -100  31  0  0 L3P 49
G28 FF 61083 153800  780 255 1363     5966787    -29           1     36   31 190  170   36  567   22  567   22  25  0  0 L3P 2B
G31 FF 61083 153800  780 532 1148     1673563    -22         -43      0   20 107   92    4  419   21  419   21  18  0  0 L3P E8
G01 FF 61083 155400  780 773 2843    -3329252     62         -19     11   12  77   75    0  372   13  372   13  10  0  0 L3P EB
G02 FF 61083 155400  780 510   15     -369756    -62         -12     19   13  79   95   11  460   45  460   45  11  0  0 L3P DC
G03 FF 61083 155400  780 443 1943    -5715141    129         -30     14   15  34  105   -9  459  -16  459  -16  14  0  0 L3P 41
G04 FF 61083 155400  780 482 2499     -437202    -21           0      0   17 123   99   -2  447   11  447   11  14  0  0 L3P D1
G09 FF 61083 155400  780 231 2743    -7698779   -123          87   -130   37  67  186  -25  568  114  568  114  32  0  0 L3P A7
G16 FF 61083 155400  780 118  485    -2066442    -19          36     55   52  59  350  -95  912  -83  912  -83  37  0  0 L3P 4D
G26 FF 61083 155400  780 187  805     3260217     55          13     -3   45  43  227  -24  790  -23  790  -23  40  0  0 L3P 10
G28 FF 61083 155400  780 198 1394     5966730    -81           5    -16   29 190  216   63  630  103  630  103  24  0  0 L3P 49
G31 FF 61083 155400  780 489 1246     1673541    -48         -45    -26   34 107   98    7  438   60  438   60  31  0  0 L3P 2C
G01 FF 61083 161000  780 736 3155    -3329201     66         -13     14   17  78   77    2  388    8  388    8  15  0  0 L3P E0
G02 FF 61083 161000  780 429   25     -369829   -113          -7    -33   16  80  108   17  520   81  520   81  12  0  0 L3P F1
G03 FF 61083 161000  780 489 1866    -5715020    125         -16     10   22  62   97   -7  438  -31  438  -31  19  0  0 L3P 30
G04 FF 61083 161000  780 493 2381     -437221    -51           6    -31   19 124   97   -1  456   25  456   25  17  0  0 L3P FA
G09 FF 61083 161000  780 262 2668    -7698832    -88          25    -95   26  68  166  -18  617   80  617   80  24  0  0 L3P 66
G16 FF 61083 161000  780 152  548    -2066525    -57          27     16   50  62  277  -61  861  -91  861  -91  44  0  0 L3P 40
G26 FF 61083 161000  780 204  878     3260292     97          39     39   35  44  209  -15  743  -63  743  -63  30  0  0 L3P 29
G31 FF 61083 161000  780 436 1316     1673529      1         -38     22   19 108  107   11  472   28  472   28  17  0  0 L3P 08
G01 FF 61083 162600  780 671 3320    -3329142     49          -5     -3   17  78   80    4  400   24  400   24  14  0  0 L3P C9
G02 FF 61083 162600  780 352   37     -369907   -102          -8    -21   19  80  127   24  588   98  588   98  14  0  0 L3P 1F
G03 FF 61083 162600  780 538 1778    -5714913    121         -20      6   14  62   91   -6  428  -10  428  -10  12  0  0 L3P 15
G04 FF 61083 162600  780 498 2262     -437244     -3           3     17   17 124   96    0  463   -8  463   -8  13  0  0 L3P CD
G09 FF 61083 162600  780 290 2590    -7698838    -16          13    -23   21  68  151  -13  608  -11  608  -11  19  0  0 L3P 5B
G16 FF 61083 162600  780 185  614    -2066624   -114          -1    -40   40  62  229  -40  826  -37  826  -37  30  0  0 L3P 46
G26 FF 61083 162600  780 215  952     3260339    100          31     42   30  44  199   -7  730  -39  730  -39  25  0  0 L3P 16
G31 FF 61083 162600  780 378 1364     1673508    -37         -38    -15   18 108  120   17  516   73  516   73  17  0  0 L3P 47
G01 FF 61083 164200  780 596 3407    -3329091     48          -4     -4   47  78   85    7  422   29  422   29  47  0  0 L3P F8
G02 FF 61083 164200  780 279   50     -369976    -76           1      5   19  80  157   38  674  119  674  119  13  0  0 L3P 04
G03 FF 61083 164200  780 586 1676    -5714799    105         -16    -10   13  62   86   -5  412  -10  412  -10  11  0  0 L3P 31
G04 FF 61083 164200  780 497 2145     -437254    -37          12    -16   17 124   96    0  458   19  458   19  14  0  0 L3P 11
G07 FF 61083 164200  780 148 3247     1480062     -3          -5    -53   25  57  285 -118  845  -59  845  -59  17  0  0 L3P 59
G09 FF 61083 164200  780 316 2509    -7698847      7          -3      0   19  68  140  -10  598  -21  598  -21  15  0  0 L3P 25
G16 FF 61083 164200  780 218  683    -2066689   -191           5   -117   35  62  197  -27  754   45  754   45  29  0  0 L3P 5C
G26 FF 61083 164200  780 219 1027     3260393     29          29    -29   25  44  196    1  716    3  716    3  20  0  0 L3P DA
G31 FF 61083 164200  780 316 1395     1673475     -8         -50     13   18 108  140   25  573   34  573   34  15  0  0 L3P 1C
G01 FF 61083 165800  780 518 3460    -3329051     28         -15    -24   20  78   94   10  463   56  463   56  19  0  0 L3P 20
G02 FF 61083 165800  780 210   65     -370048    -99           6    -18   24  80  204   63  803  184  803  184  21  0  0 L3P 05
G03 FF 61083 165800  780 632 1547    -5714691    127         -18     12   11  62   82   -3  397  -24  397  -24   9  0  0 L3P 30
G04 FF 61083 165800  780 491 2031     -437281    -43           5    -23   19 124   97    1  458   14  458   14  17  0  0 L3P F6
G07 FF 61083 165800  780 210 3218     1480099     83         -17     33   22  57  205  -59  751 -130  751 -130  17  0  0 L3P 5A
G09 FF 61083 165800  780 339 2426    -7698838     52           0     45   21  68  131   -8  565  -62  565  -62  19  0  0 L3P 3A
G16 FF 61083 165800  780 246  756    -2066744    -18          21     56   24  62  175  -18  681  -87  681  -87  24  0  0 L3P 57
G26 FF 61083 165800  780 213 1100     3260429     41           9    -17   27  44  201    9  713  -10  713  -10  22  0  0 L3P E7
G31 FF 61083 165800  780 254 1411     1673457    -10         -48     11   18 108  171   40  619   37  619   37  13  0  0 L3P 2E
G01 FF 61083 171400  780 442 3497    -3328994     26          -7    -27   23  78  105   15  502   69  502   69  19  0  0 L3P 2D
G02 FF 61083 171400  780 146   84     -370134    -66          -2     15   28  80  288  119  977  163  977  163  20  0  0 L3P 29
G03 FF 61083 171400  780 670 1378    -5714584     74         -21    -41   12  62   80   -2  386   23  386   23  10  0  0 L3P 0E
G04 FF 61083 171400  780 483 1921     -437302     20           4     40   20 124   98    1  455  -40  455  -40  16  0  0 L3P DA
G06 FF 61083 171400  780 147 2233     6097966     51          36     31   42  86  286  -90  780 -117  780 -117  36  0  0 L3P 67
G07 FF 61083 171400  780 272 3179     1480162     44          -1     -6   22  57  161  -35  647  -98  647  -98  19  0  0 L3P 3A
G09 FF 61083 171400  780 361 2342    -7698824      5           8     -2   22  68  124   -7  533  -18  533  -18  20  0  0 L3P 04
G16 FF 61083 171400  780 270  833    -2066846    -81         -10     -8   31  62  161  -11  659  -45  659  -45  26  0  0 L3P 43
G26 FF 61083 171400  780 198 1170     3260493     52          18     -6   37  44  215   20  700   11  700   11  30  0  0 L3P E2
G31 FF 61083 171400  780 193 1416     1673398    -94         -85    -72   39 108  221   68  698   98  698   98  31  0  0 L3P 78
G01 FF 61083 173000  780 368 3528    -3328943     86          -7     34   17  78  123   21  554   44  554   44  13  0  0 L3P 18
G03 FF 61083 173000  780 692 1164    -5714479    120         -26      6   13  62   79   -1  384  -17  384  -17  11  0  0 L3P 22
G04 FF 61083 173000  780 474 1815     -437315    -13          10      7   13 124  100    2  449  -10  449  -10  10  0  0 L3P EA
G06 FF 61083 173000  780 191 2285     6097975     68          24     47   42  86  223  -46  708 -119  708 -119  37  0  0 L3P 74
G07 FF 61083 173000  780 334 3130     1480209     49          -3     -1   18  57  134  -22  571  -74  571  -74  13  0  0 L3P 15
G09 FF 61083 173000  780 382 2256    -7698822     46           3     39   29  68  119   -6  514  -53  514  -53  22  0  0 L3P 2C
G16 FF 61083 173000  780 286  915    -2066899    -56           9     18   36  62  153   -6  611  -53  611  -53  27  0  0 L3P 23
G26 FF 61083 173000  780 175 1234     3260557    113          26     55   34  44  242   37  706  -57  706  -57  27  0  0 L3P 36
G31 FF 61083 173000  780 133 1413     1673500     90          37    112   67 108  314  129  638   12  638   12  60  0  0 L3P 27
G01 FF 61083 174600  780 297 3556    -3328877     50           9     -2   22  78  148   32  622  101  622  101  16  0  0 L3P 1F
G03 FF 61083 174600  780 687  929    -5714364    119         -22      4   15  62   79    1  374  -10  374  -10  12  0  0 L3P 06
G04 FF 61083 174600  780 463 1713     -437330    -11          15      9   25 124  102    2  439  -10  439  -10  21  0  0 L3P F3
G06 FF 61083 174600  780 227 2347     6097989     14          18     -6   24  86  190  -26  658  -41  658  -41  20  0  0 L3P 46
G07 FF 61083 174600  780 393 3068     1480259     45          -1     -5   15  57  116  -15  514  -54  514  -54  12  0  0 L3P 22
G09 FF 61083 174600  780 403 2168    -7698797     28          22     21   24  68  114   -5  478  -38  478  -38  21  0  0 L3P 4E
G16 FF 61083 174600  780 292  997    -2066978    -46           0     28   42  62  150   -1  598  -60  598  -60  35  0  0 L3P 32
G26 FF 61083 174600  780 144 1291     3260611    119          25     61   33  44  291   69  724  -12  724  -12  26  0  0 L3P 2A
G30 FF 61083 174600  780 104 3120    -1190449   -109          53     17   29  16  399 -204  948 -110  948 -110  19  0  0 L3P 8F
G03 FF 61083 195400  780 189  241    -5713345    175         140     61   38   4  226   82  883  235  883  235  31  0  0 L3P 45
G04 FF 61083 195400  780 334  956     -437382    -10         121     11   40 125  133   10  413   14  413   14  35  0  0 L3P FA
G06 FF 61083 195400  780 164 2978     6098264     11         135    -10   32  94  257   53  884  113  884  113  24  0  0 L3P 5D
G08 FF 61083 195400  780 151  860    -4925084     46         138     -5   34   5  278  -33  557  -68  557  -68  28  0  0 L3P 4A
G09 FF 61083 195400  780 550 1323    -7698647     -5         117    -12   13  70   90   -1  308    8  308    8  13  0  0 L3P F5
G21 FF 61083 195400  780 183 2203    -3970799    -14         145     42   45 104  233  -73  598 -139  598 -139  40  0  0 L3P A8
G22 FF 61083 195400  780 132 3365      473096   -105         116    -56   34  14  317 -148 1031   44 1031   44  22  0  0 L3P 60
G30 FF 61083 195400  780 444 2543    -1191346   -124         129      2   17  17  105   -4  414  -41  414  -41  15  0  0 L3P 2E
G03 FF 61083 201000  780 121  231    -5713251    130         121     15   30  22  347  189 1149  176 1149  176  22  0  0 L3P 5B
G04 FF 61083 201000  780 305  873     -437392    -76         133    -56   38 126  145   14  424   67  424   67  33  0  0 L3P 2D
G06 FF 61083 201000  780 130 3044     6098285     30         139     10   28 100  321   84  985   84  985   84  19  0  0 L3P 2D
G08 FF 61083 201000  780 166  930    -4925037    -51         140   -103   41  17  254  -19  513   29  513   29  36  0  0 L3P 3B
G09 FF 61083 201000  780 551 1188    -7698649    -28         106    -34   18  71   90    0  307   20  307   20  15  0  0 L3P 14
G21 FF 61083 201000  780 240 2233    -3970872    -85         124    -29   39 105  180  -41  528  -63  528  -63  34  0  0 L3P 71
G22 FF 61083 201000  780 197 3357      473069    -40         134      9   41  22  217  -71  951 -170  951 -170  36  0  0 L3P 45
G30 FF 61083 201000  780 464 2437    -1191481   -141         119    -15   21  18  101   -3  392  -24  392  -24  18  0  0 L3P 47
G05 FF 61083 221800  780 267 2575     2288385     28           0     22   30  96  163    0  486   15  486   15  26  0  0 L3P ED
G07 FF 61083 221800  780 289 1173     1481057     52         -19      2   25  73  151   14  260   -7  260   -7  22  0  0 L3P E9
G09 FF 61083 221800  780 234  434    -7698702    -19         -11    -26   39   2  185   46  704  326  704  326  30  0  0 L3P 41
G13 FF 61083 221800  780 260 2150    -6868690    -51          16    -63   29  40  167  -38  340   -6  340   -6  24  0  0 L3P 2B
G14 FF 61083 221800  780 727 2021    -7343465    -39          -6    -19   13  98   77    2  250   -3  250   -3  11  0  0 L3P EF
G17 FF 61083 221800  780 383  228      607446    126          -7     18   22  95  119  -18  547 -116  547 -116  16  0  0 L3P 47
G19 FF 61083 221800  780 216   21    -6898363   -147          11   -131   28  70  198  -58  900   79  900   79  25  0  0 L3P 51
G21 FF 61083 221800  780 383 2913    -3971413    -85           5    -29   18 106  118    9  502   86  502   86  13  0  0 L3P 21
G22 FF 61083 221800  780 699 2747      472553    -46          -9      3   17  23   78   -2  299  -25  299  -25  16  0  0 L3P 0C
G30 FF 61083 221800  780 481 1553    -1192573   -167           0    -41   15  20   99    1  227   18  227   18  13  0  0 L3P FB
G05 FF 61083 223400  780 262 2658     2288401     93          10     87   33  96  166    6  510  -48  510  -48  28  0  0 L3P 17
G07 FF 61083 223400  780 262 1098     1481092     -1         -32    -51   36  73  166   17  263   53  263   53  35  0  0 L3P 13
G09 FF 61083 223400  780 173  395    -7698712    133         -27    126   42   2  246   86 1056  199 1056  199  43  0  0 L3P 85
G13 FF 61083 223400  780 323 2137    -6868705     18         -11      5   20  40  137  -25  314  -38  314  -38  17  0  0 L3P 26
G14 FF 61083 223400  780 668 1863    -7343497    -26         -18     -6   17  98   80    4  241  -15  241  -15  15  0  0 L3P 28
G17 FF 61083 223400  780 448  281      607534    112         -23      4   17  95  104  -12  475  -86  475  -86  15  0  0 L3P 1B
G19 FF 61083 223400  780 283   51    -6898396    -11          -7      5   24  70  155  -36  875  -58  875  -58  20  0  0 L3P 2D
G21 FF 61083 223400  780 347 2999    -3971489    -73         -17    -17   21 106  129   13  612  143  612  143  15  0  0 L3P 75
G22 FF 61083 223400  780 714 2500      472495    -32         -20     17   17  23   78    0  282  -46  282  -46  14  0  0 L3P F4
G30 FF 61083 223400  780 472 1447    -1192711   -166         -16    -40   15  20  100    2  221   14  221   14  13  0  0 L3P 03
G05 FF 61083 225000  780 247 2740     2288387   -135          -9   -140   37  96  175   13  593  225  593  225  35  0  0 L3P 75
G07 FF 61083 225000  780 234 1024     1481137     88         -35     38   35  73  184   21  278  -11  278  -11  30  0  0 L3P 21
G13 FF 61083 225000  780 390 2134    -6868685      5          -3     -8   22  40  117  -18  276  -25  276  -25  20  0  0 L3P 1B
G14 FF 61083 225000  780 606 1759    -7343525      7         -26     27   21  98   84    5  232  -41  232  -41  19  0  0 L3P 03
G15 FF 61083 225000  780 127 2196    -3853942     32         -21     66   48  14  331 -144  410 -101  410 -101  42  0  0 L3P 5A
G17 FF 61083 225000  780 514  349      607632     92         -28    -16   15  95   94   -9  418  -33  418  -33  13  0  0 L3P 07
G19 FF 61083 225000  780 354   82    -6898434    -65         -30    -49   17  20  127  -23  801  -97  801  -97  14  0  0 L3P 4C
G21 FF 61083 225000  780 304 3076    -3971547    -95         -21    -39   38 106  145   19  764  199  764  199  26  0  0 L3P 91
G22 FF 61083 225000  780 700 2254      472438    -69         -31    -20   18  23   78    1  264   -2  264   -2  16  0  0 L3P D7
G30 FF 61083 225000  780 461 1342    -1192861   -128         -45     -2   21  20  102    2  239   -5  239   -5  18  0  0 L3P FD
G05 FF 61083 230600  780 224 2819     2288357      5         -45      0   29  96  192   22  719  107  719  107  23  0  0 L3P 1E
G07 FF 61083 230600  780 205  952     1481185     48         -35     -2   39  73  208   29  313   55  313   55  33  0  0 L3P FB
G13 FF 61083 230600  780 459 2142    -6868684     20         -15      8   18  40  102  -13  276  -18  276  -18  15  0  0 L3P 36
G14 FF 61083 230600  780 544 1681    -7343559    -33         -41    -13   23  98   90    7  235   -5  235   -5  20  0  0 L3P 07
G15 FF 61083 230600  780 182 2214    -3853975    -10         -21     24   26  14  233  -70  389  -57  389  -57  20  0  0 L3P 56
G17 FF 61083 230600  780 575  441      607726     46         -38    -62   15  95   87   -6  377    5  377    5  14  0  0 L3P DA
G19 FF 61083 230600  780 428  116    -6898447    -49         -27    -33   24  20  108  -16  655 -130  655 -130  22  0  0 L3P 77
G21 FF 61083 230600  780 259 3145    -3971626    -82         -47    -27   48 106  167   28  744 -714  744 -714 102  0  0 L3P B0
G22 FF 61083 230600  780 664 2059      472382    -64         -40    -16   16  23   80    3  259    2  259    2  15  0  0 L3P C9
G30 FF 61083 230600  780 447 1239    -1192980   -249         -43   -123   13  20  104    3  238  111  238  111  12  0  0 L3P 4E
G05 FF 61083 232200  780 195 2893     2288336      0         -71     -6   33  96  218   33 1037  488 1037  488  34  0  0 L3P 59
G07 FF 61083 232200  780 175  884     1481227     60         -41     10   40  73  241   42  369   47  369   47  36  0  0 L3P 04
G13 FF 61083 232200  780 530 2168    -6868705    -22         -48    -34   15  40   92   -9  296   26  296   26  14  0  0 L3P 2E
G14 FF 61083 232200  780 486 1614    -7343595    -17         -57      3   22  98   98    9  236  -15  236  -15  21  0  0 L3P 1F
G15 FF 61083 232200  780 237 2242    -3854018    -62         -31    -28   29  14  182  -40  373   16  373   16  27  0  0 L3P 3C
G17 FF 61083 232200  780 626  572      607813    118         -54     10   13  95   83   -3  345  -63  345  -63  12  0  0 L3P FE
G19 FF 61083 232200  780 504  158    -6898476    -22         -41     -6   13  20   95  -11  539 -106  539 -106  10  0  0 L3P 4E
G21 FF 61083 232200  780 214 3207    -3971655   -211         -22   -156   90 106  200   41  250 -114  250 -114  49  0  0 L3P 86
G22 FF 61083 232200  780 617 1915      472316    -68         -59    -19   16  23   84    4  261    3  261    3  14  0  0 L3P CB
G30 FF 61083 232200  780 430 1139    -1193130   -145         -72    -19   18  20  108    4  266   26  266   26  13  0  0 L3P 1F
G05 FF 61083 233800  780 163 2964     2288344    147         -69    142   42  96  258   51 1139 -452 1139 -452  66  0  0 L3P B7
G07 FF 61083 233800  780 144  818     1481273      2         -43    -48   28  73  291   65  435  144  435  144  21  0  0 L3P 25
G13 FF 61083 233800  780 600 2222    -6868702     11         -57     -2   28  40   85   -6  300 -172  300 -172  52  0  0 L3P 2A
G14 FF 61083 233800  780 430 1553    -7343604     -8         -46     12   15  98  108   11  223  -10  223  -10  14  0  0 L3P 15
G15 FF 61083 233800  780 288 2282    -3854052    -41         -33     -7   30  14  152  -25  383   39  383   39  27  0  0 L3P 3B
G17 FF 61083 233800  780 658  750      607907    112         -64      4   14  95   81   -1  317  -19  317  -19  12  0  0 L3P F7
G19 FF 61083 233800  780 582  217    -6898499    -26         -48    -10   16  20   87   -7  462  -42  462  -42  14  0  0 L3P 43
G21 FF 61083 233800  780 170 3266    -3971670   -121          17    -65   85 106  248   61  261  106  261  106  64  0  0 L3P 71
G22 FF 61083 233800  780 565 1804      472260    -26         -67     22   16  23   88    5  266   -4  266   -4  14  0  0 L3P E0
G30 FF 61083 233800  780 408 1042    -1193249    -50         -70     76   19  20  112    6  286  -28  286  -28  18  0  0 L3P 33
