CGGTTS     GENERIC DATA FORMAT VERSION = 2E
REV DATE = 2025-11-01
RCVR = PolaRx5TR (5.6.0)     sbf2cggtts-1.5.0
CH = 80
IMS = PolaRx5TR
LAB = LRTE
X = 3967035.920 m
Y = -4390028.540 m
Z = -2375644.640 m
FRAME = ITRF
COMMENTS = LS=18; ElMask=10deg; 'Generated from the SBF in 2026-04-20 at 23:54:00'
INT DLY = 24.9 ns (GPS P1),  15.7 ns (GPS P2)     CAL_ID = 1201-2025
CAB DLY = 103.1 ns
REF DLY = 47.2 ns
REF = UTC(LRTE)
CKSUM = f9

SAT CL  MJD  STTIME TRKL ELV AZTH   REFSV      SRSV     REFSYS    SRSYS  DSG IOE MDTR SMDT MDIO SMDI MSIO SMSI ISG FR HC FRC CK
             hhmmss  s  .1dg .1dg    .1ns     .1ps/s     .1ns    .1ps/s .1ns     .1ns.1ps/s.1ns.1ps/s.1ns.1ps/s.1ns
G05 FF 61150 001400  780 286  496     2319593     -9          -6    -13   33  91  153  -24   86   -4   86   -4  28  0  0 L3P D9
G11 FF 61150 001400  780 398 1389     3673980   -107         -17     20   30  75  115   16   39  -17   39  -17  26  0  0 L3P 25
G12 FF 61150 001400  780 613 1411     6079516     28          -4     28   13  59   84   -2   46  -37   46  -37  12  0  0 L3P D0
G21 FF 61150 001400  780 247  793    -4146900   -131          24   -124   40 235  175  -16   57  108   57  108  33  0  0 L3P 46
G24 FF 61150 001400  780 389 3517      280135   -166         -17     12   17  65  117   19   97   -5   97   -5  14  0  0 L3P F1
G25 FF 61150 001400  780 433 2063    -4288010     55          20     27   18  32  107  -12   49  -27   49  -27  14  0  0 L3P F9
G29 FF 61150 001400  780 382 2488     3370135    -46           2     25   16   4  119   -6   77  -27   77  -27  13  0  0 L3P DC
G05 FF 61150 003000  780 332  569     2319593    -40         -10    -44   25  91  134  -16   82   19   82   19  24  0  0 L3P F1
G11 FF 61150 003000  780 332 1414     3673851    -85         -23     43   22  75  134   24   47  -35   47  -35  17  0  0 L3P FF
G12 FF 61150 003000  780 628 1248     6079512     38          -9     38   12  59   83   -1   47  -38   47  -38  11  0  0 L3P DF
G18 FF 61150 003000  780 201 3226     3725317    -97          22     -4   23  38  213  -66  199  -98  199  -98  17  0  0 L3P 41
G21 FF 61150 003000  780 267  874    -4146949     -2         -18      5   22 235  163   -9   89  -11   89  -11  18  0  0 L3P F9
G24 FF 61150 003000  780 317 3549      279978   -146          -2     32   25  65  140   29  100   -3  100   -3  21  0  0 L3P E4
G25 FF 61150 003000  780 494 2023    -4287979     44          23     15   18  32   97  -10   43  -27   43  -27  16  0  0 L3P FB
G29 FF 61150 003000  780 402 2394     3370074    -60           9     12   19   4  114   -4   65  -17   65  -17  17  0  0 L3P C8
G05 FF 61150 004600  780 373  652     2319598      9         -10      5   24  91  121  -11   69  -16   69  -16  22  0  0 L3P D5
G11 FF 61150 004600  780 266 1425     3673735    -61         -17     66   24  75  164   38   46  -52   46  -52  19  0  0 L3P 19
G12 FF 61150 004600  780 629 1074     6079513      8          -7      8   14  59   83    1   43   -7   43   -7  11  0  0 L3P 82
G18 FF 61150 004600  780 265 3187     3725220   -102          15     -9   31  38  164  -38  138  -54  138  -54  26  0  0 L3P 40
G21 FF 61150 004600  780 278  957    -4146944     21          -6     28   31 235  157   -3   71  -27   71  -27  28  0  0 L3P FF
G24 FF 61150 004600  780 249 3581      279815   -219           6    -40   20  65  174   45  124   76  124   76  17  0  0 L3P 10
G25 FF 61150 004600  780 560 1984    -4287971      5           4    -23   14  32   89   -7   44    8   44    8  11  0  0 L3P 9F
G29 FF 61150 004600  780 419 2298     3370002    -94           6    -23   20   4  110   -3   59    7   59    7  17  0  0 L3P A1
G05 FF 61150 010200  780 406  745     2319603    -10          -9    -14   25  91  113   -7   62   12   62   12  22  0  0 L3P B2
G11 FF 61150 010200  780 202 1425     3673611   -156         -19    -29   26  75  212   64   51   40   51   40  22  0  0 L3P F1
G12 FF 61150 010200  780 612  904     6079516      3          -5      3   18  59   84    2   43    3   43    3  15  0  0 L3P 43
G18 FF 61150 010200  780 327 3137     3725125    -72           9     22   25  38  136  -24  102  -39  102  -39  19  0  0 L3P 11
G21 FF 61150 010200  780 279 1042    -4146937    -39           7    -33   37 235  156    2   60   30   60   30  34  0  0 L3P DA
G24 FF 61150 010200  780 184   12      279675    -86          37     93   21  65  230   73  150  -41  150  -41  19  0  0 L3P E3
G25 FF 61150 010200  780 630 1942    -4287957     38         -10     10   20  32   83   -5   50  -16   50  -16  17  0  0 L3P E0
G28 FF 61150 010200  780 188 2327     5509756   -109          27    -15   34  96  226  -40   90    1   90    1  29  0  0 L3P F2
G29 FF 61150 010200  780 433 2201     3369921   -118          -6    -47   21   4  107   -3   57   22   57   22  19  0  0 L3P D7
G05 FF 61150 011800  780 429  848     2319607     -9         -10    -13   24  91  108   -3   59    6   59    6  21  0  0 L3P B5
G12 FF 61150 011800  780 578  756     6079504     44         -16     44   15  59   87    4   53  -28   53  -28  13  0  0 L3P DD
G18 FF 61150 011800  780 388 3074     3725037    -80          10     13   24  38  117  -15   75  -36   75  -36  18  0  0 L3P 11
G21 FF 61150 011800  780 269 1123    -4146930    -64          21    -57   48 235  162    9   45   54   45   54  44  0  0 L3P 02
G25 FF 61150 011800  780 704 1892    -4287930     38         -10      9   12  32   78   -4   46   -9   46   -9  11  0  0 L3P C8
G28 FF 61150 011800  780 218 2393     5509659    -70          21     24   30  96  197  -22   92  -29   92  -29  23  0  0 L3P 21
G29 FF 61150 011800  780 446 2103     3369850    -66          -8      6   21   4  105   -2   50   -1   50   -1  20  0  0 L3P 91
G05 FF 61150 013400  780 437  957     2319616    -13          -6    -17   25  91  106    0   51   10   51   10  25  0  0 L3P B0
G12 FF 61150 013400  780 532  636     6079527    -48           7    -48   22  59   92    6   44   36   44   36  17  0  0 L3P BC
G18 FF 61150 013400  780 444 2996     3724943    -59           6     34   39  38  105  -10   70  -32   70  -32  25  0  0 L3P 01
G21 FF 61150 013400  780 248 1199    -4146936     23          21     30   26 235  174   18   43  -28   43  -28  21  0  0 L3P 0A
G25 FF 61150 013400  780 780 1811    -4287896     67          -3     38   13  32   75   -2   44  -39   44  -39  12  0  0 L3P F1
G28 FF 61150 013400  780 238 2466     5509568    -88          20      6   27  96  181  -11   90   -7   90   -7  25  0  0 L3P EC
G29 FF 61150 013400  780 458 2004     3369771    -70         -18      2   16   4  103   -2   56   -4   56   -4  13  0  0 L3P B2
G05 FF 61150 015000  780 429 1064     2319611      2         -15     -3   25  91  108    3   56    3   56    3  23  0  0 L3P 7D
G12 FF 61150 015000  780 477  541     6079518    -26          -3    -26   15  59   99   10   52   22   52   22  14  0  0 L3P C3
G18 FF 61150 015000  780 493 2900     3724859   -109          12    -16   18  38   97   -7   57    7   57    7  14  0  0 L3P DF
G21 FF 61150 015000  780 217 1266    -4146958    -15           6     -8   35 235  197   31   52    3   52    3  30  0  0 L3P BE
G25 FF 61150 015000  780 853 1531    -4287879     58         -13     29   45  32   74   -1   56  -22   56  -22  44  0  0 L3P FF
G28 FF 61150 015000  780 248 2544     5509471    -77          13     17   31  96  174   -3   94  -18   94  -18  27  0  0 L3P 0F
G29 FF 61150 015000  780 468 1903     3369705    -70         -15      1   20   4  101   -2   50   -5   50   -5  18  0  0 L3P A5
G05 FF 61150 020600  780 407 1162     2319626    -35          -9    -40   22 103  113    7   41   32   41   32  20  0  0 L3P C3
G12 FF 61150 020600  780 416  467     6079508    -31          -8    -31   17  70  111   14   61   24   61   24  13  0  0 L3P C4
G18 FF 61150 020600  780 534 2784     3724760   -100           2     -6   19  39   92   -4   61    4   61    4  16  0  0 L3P 9F
G23 FF 61150 020600  780 211 3520    -6381728    -96          24    -51   29  12  203  -65  160  -15  160  -15  23  0  0 L3P 32
G25 FF 61150 020600  780 844  453    -4287847     35          -9      7   13  38   74    1   50   -7   50   -7  11  0  0 L3P 92
G28 FF 61150 020600  780 248 2625     5509381   -164          15    -69   44  97  175    4   97   80   97   80  41  0  0 L3P 14
G29 FF 61150 020600  780 479 1800     3369638    -74         -12     -2   15  16   99   -2   49    1   49    1  13  0  0 L3P B9
G05 FF 61150 022200  780 371 1245     2319626     14          -3     10   20   0  122   12   47    0   47    0  17  0  0 L3P 6B
G12 FF 61150 022200  780 352  410     6079516     30           0     30   21  70  127   21   62  -10   62  -10  16  0  0 L3P 98
G18 FF 61150 022200  780 564 2648     3724682    -88          13      6   16  39   88   -2   53   -4   53   -4  14  0  0 L3P C0
G23 FF 61150 022200  780 282 3530    -6381765    -26          29     18   17  12  155  -38  109  -74  109  -74  12  0  0 L3P 3F
G25 FF 61150 022200  780 765  241    -4287816     38          -5     10   19  38   76    3   48    1   48    1  17  0  0 L3P 8A
G28 FF 61150 022200  780 238 2706     5509224     -5         -51     89   36  97  181   11  178  -76  178  -76  32  0  0 L3P 39
G29 FF 61150 022200  780 488 1695     3369563    -46         -19     26   14  16   98   -1   58  -16   58  -16  12  0  0 L3P 11
G05 FF 61150 023800  780 325 1311     2319641     26           7     22   29   0  137   19   48  -11   48  -11  26  0  0 L3P BB
G12 FF 61150 023800  780 286  367     6079534     -2          18     -2   20  70  153   34   64   18   64   18  17  0  0 L3P BE
G18 FF 61150 023800  780 580 2498     3724587   -121           8    -28   17  39   87   -1   52   16   52   16  13  0  0 L3P ED
G23 FF 61150 023800  780 358 3536    -6381830    -68           7    -24   17  12  126  -24   83   -8   83   -8  13  0  0 L3P FB
G25 FF 61150 023800  780 682  179    -4287778     33           6      4   18  38   79    5   46    3   46    3  15  0  0 L3P 84
G28 FF 61150 023800  780 219 2784     5509230   -237          46   -142   59  97  195   19  114  178  114  178  57  0  0 L3P 84
G29 FF 61150 023800  780 495 1586     3369502   -107         -11    -35   15  16   97   -1   48   27   48   27  14  0  0 L3P 0B
G05 FF 61150 025400  780 273 1361     2319649    -36          11    -41   24   0  160   31   47   42   47   42  20  0  0 L3P C6
G12 FF 61150 025400  780 219  334     6079524     27           9     27   43  70  196   58   85    8   85    8  37  0  0 L3P AD
G18 FF 61150 025400  780 582 2345     3724490    -78           1     16   16  39   87    0   49  -17   49  -17  14  0  0 L3P DB
G23 FF 61150 025400  780 437 3538    -6381878    -28           1     17   25  12  107  -16   69  -42   69  -42  20  0  0 L3P 11
G25 FF 61150 025400  780 598  149    -4287750     26           6     -2   29  38   85    7   49    6   49    6  27  0  0 L3P 98
G26 FF 61150 025400  780 228 2238     3557947     30          19    -15   41  63  189  -45   53    0   53    0  35  0  0 L3P D2
G28 FF 61150 025400  780 195 2859     5509111   -103          17     -8   30  97  218   29  182   59  182   59  25  0  0 L3P 30
G29 FF 61150 025400  780 500 1474     3369432    -66         -12      6   18  16   96    0   47   -3   47   -3  14  0  0 L3P B0
G05 FF 61150 031000  780 216 1397     2319664    -42          21    -46   43   0  199   52   39   49   39   49  39  0  0 L3P EF
G15 FF 61150 031000  780 206  771    -4046171     -8          -4     25   28  51  208  -24   84  -16   84  -16  23  0  0 L3P E2
G18 FF 61150 031000  780 572 2197     3724396    -94          -5     -1   14  39   87    2   46   -5   46   -5  12  0  0 L3P B5
G23 FF 61150 031000  780 519 3536    -6381927    -52          -5     -8   23  12   93  -11   57    3   57    3  18  0  0 L3P BD
G25 FF 61150 031000  780 515  132    -4287713     58          16     30   14  38   94   11   48  -21   48  -21  14  0  0 L3P CA
G26 FF 61150 031000  780 283 2274     3557964     55          -8     10   26  63  155  -28   62  -20   62  -20  24  0  0 L3P F4
G29 FF 61150 031000  780 501 1359     3369349    -13         -26     58   17  16   96    0   59  -51   59  -51  15  0  0 L3P F3
G10 FF 61150 032600  780 224 3370     5888350    -31           1    -19   58  72  192  -59  170  -54  170  -54  55  0  0 L3P 30
G15 FF 61150 032600  780 227  846    -4046196   -107           2    -74   33  51  190  -15   75   62   75   62  27  0  0 L3P 00
G18 FF 61150 032600  780 552 2062     3724301    -83         -10     10   22  39   89    3   46  -12   46  -12  19  0  0 L3P D5
G23 FF 61150 032600  780 604 3530    -6381981    -31         -17     13   23  12   85   -8   61  -16   61  -16  21  0  0 L3P F1
G25 FF 61150 032600  780 435  123    -4287692     35          10      7   39  38  107   16   63    6   63    6  37  0  0 L3P A3
G26 FF 61150 032600  780 334 2324     3558017     33           2    -12   26  63  133  -18   49    0   49    0  21  0  0 L3P A6
G29 FF 61150 032600  780 497 1242     3369296   -113         -11    -41   12  16   96    1   46   28   46   28  12  0  0 L3P EF
G10 FF 61150 034200  780 295 3350     5888333    -17          -4     -4   21  72  149  -34  105  -62  105  -62  15  0  0 L3P 1A
G15 FF 61150 034200  780 241  924    -4046214      8          15     41   44  51  179   -8   52  -54   52  -54  39  0  0 L3P D2
G18 FF 61150 034200  780 527 1941     3724214    -66          -8     28   20  39   92    3   41  -20   41  -20  18  0  0 L3P C9
G23 FF 61150 034200  780 691 3519    -6382026    -69         -19    -24   23  12   79   -5   56   14   56   14  21  0  0 L3P F9
G25 FF 61150 034200  780 356  120    -4287669     52           6     24   21  38  126   24   73  -18   73  -18  16  0  0 L3P DD
G26 FF 61150 034200  780 379 2390     3558055     35          -4    -10   18  63  119  -11   48    6   48    6  16  0  0 L3P CD
G29 FF 61150 034200  780 487 1126     3369231   -111          -7    -39   20  16   98    2   39   30   39   30  17  0  0 L3P D9
G10 FF 61150 035800  780 368 3321     5888317     26          -8     39   51  72  123  -22   70  -59   70  -59  49  0  0 L3P 11
G15 FF 61150 035800  780 247 1002    -4046251    -27          10      6   30  51  175   -1   50   -4   50   -4  27  0  0 L3P AD
G18 FF 61150 035800  780 499 1831     3724123    -82          -9     11   20  39   96    4   40  -15   40  -15  18  0  0 L3P D7
G23 FF 61150 035800  780 778 3499    -6382068    -93         -19    -49   21  12   75   -3   48   43   48   43  20  0  0 L3P 14
G25 FF 61150 035800  780 281  122    -4287651     73          -4     45   25  38  156   38   87  -22   87  -22  18  0  0 L3P F9
G26 FF 61150 035800  780 415 2473     3558095      7          -8    -38   21  63  111   -7   47   28   47   28  19  0  0 L3P DE
G29 FF 61150 035800  780 470 1013     3369160    -95         -10    -23   23  16  100    4   40   22   40   22  21  0  0 L3P C4
G10 FF 61150 041400  780 441 3279     5888303    -21         -12     -8   17  73  106  -15   59    3   59    3  14  0  0 L3P D1
G15 FF 61150 041400  780 244 1080    -4046264    -42          29     -9   23  52  177    6   28    7   28    7  20  0  0 L3P B0
G16 FF 61150 041400  780 240 2258    -2482650    -86         -24    -16   36  58  180  -37   60   10   60   10  33  0  0 L3P 09
G18 FF 61150 041400  780 471 1732     3724031   -116         -12    -23   18  40  100    5   32    7   32    7  14  0  0 L3P B4
G23 FF 61150 041400  780 866 3427    -6382100    -61         -10    -17   17  13   74   -1   23   11   23   11  15  0  0 L3P D1
G25 FF 61150 041400  780 210  129    -4287608     76          16     48   29  48  204   66   87  -42   87  -42  21  0  0 L3P FD
G26 FF 61150 041400  780 438 2571     3558133     29         -17    -16   19  64  106   -3   50    8   50    8  17  0  0 L3P CA
G29 FF 61150 041400  780 445  906     3369088   -104         -12    -32   27  26  105    5   42   28   42   28  23  0  0 L3P E8
G10 FF 61150 043000  780 514 3219     5888297    -16          -6     -3   15  73   94  -10   45   -8   45   -8  13  0  0 L3P D0
G15 FF 61150 043000  780 231 1154    -4046320    -25           5      8   25  52  186   14   48   -7   48   -7  22  0  0 L3P B3
G16 FF 61150 043000  780 288 2309    -2482710    -64         -16      6   31  58  152  -23   49   -8   49   -8  27  0  0 L3P FA
G18 FF 61150 043000  780 442 1639     3723935   -109         -19    -16   20  40  105    6   37   17   37   17  16  0  0 L3P FA
G23 FF 61150 043000  780 846 1744    -6382150    -26         -18     19   12  13   74    1   27  -17   27  -17  10  0  0 L3P E7
G26 FF 61150 043000  780 446 2679     3558178     45         -16      0   19  64  105    0   50   -2   50   -2  18  0  0 L3P B0
G29 FF 61150 043000  780 413  808     3369022    -65           7      7   28  36  111    8   41    0   41    0  25  0  0 L3P 66
G10 FF 61150 044600  780 584 3132     5888280    -28         -11    -15   13  73   86   -6   43    5   43    5  10  0  0 L3P BF
G15 FF 61150 044600  780 209 1221    -4046346   -140          10   -107   31  52  204   25   38   80   38   80  26  0  0 L3P 09
G16 FF 61150 044600  780 329 2374    -2482787    -39         -25     31   21  58  135  -14   56  -31   56  -31  20  0  0 L3P 2A
G18 FF 61150 044600  780 415 1551     3723870    -83           6     10   15  40  111    6   21   -3   21   -3  15  0  0 L3P 97
G23 FF 61150 044600  780 761 1693    -6382204    -15         -30     29   17  13   76    3   42  -25   42  -25  16  0  0 L3P ED
G26 FF 61150 044600  780 439 2789     3558223     37         -14     -8   21  64  106    3   51    0   51    0  18  0  0 L3P A7
G29 FF 61150 044600  780 374  720     3368958    -69          12      2   24  36  121   12   41   -5   41   -5  20  0  0 L3P AF
G10 FF 61150 050200  780 647 3004     5888264     -9         -14      4   12  73   81   -4   39   -6   39   -6  10  0  0 L3P A9
G15 FF 61150 050200  780 179 1281    -4046374    -53          15    -20   31  52  237   42   32   19   32   19  25  0  0 L3P ED
G16 FF 61150 050200  780 361 2452    -2482861    -89         -32    -19   22  58  124   -8   58   20   58   20  18  0  0 L3P 0A
G18 FF 61150 050200  780 388 1466     3723774    -71          -1     22   15  40  117    7   33  -20   33  -20  13  0  0 L3P D2
G23 FF 61150 050200  780 679 1664    -6382241    -47         -24     -2   14  13   79    5   41    0   41    0  11  0  0 L3P 9C
G26 FF 61150 050200  780 418 2894     3558281     59           0     14   20  64  110    6   47   -9   47   -9  16  0  0 L3P B1
G29 FF 61150 050200  780 330  642     3368879    -60           2     11   23  36  135   18   52   -5   52   -5  20  0  0 L3P A9
G10 FF 61150 051800  780 694 2813     5888251    -14         -16     -1   15  73   79   -2   40    0   40    0  13  0  0 L3P A2
G16 FF 61150 051800  780 382 2543    -2482917   -103         -20    -32   26  58  119   -4   53   31   53   31  22  0  0 L3P 0B
G18 FF 61150 051800  780 363 1383     3723699    -95          14     -2   19  40  124    8   22    5   22    5  16  0  0 L3P AC
G23 FF 61150 051800  780 600 1635    -6382282    -42         -22      3   13  13   85    7   38    2   38    2  11  0  0 L3P 91
G26 FF 61150 051800  780 385 2989     3558322     44          -3     -2   24  64  118   10   54    2   54    2  19  0  0 L3P AE
G27 FF 61150 051800  780 240 2175     1148140    140          14    -32   37  28  180  -44   31   27   31   27  33  0  0 L3P EB
G29 FF 61150 051800  780 281  575     3368815    -59           6     13   33  36  156   27   50   -7   50   -7  30  0  0 L3P C3
G32 FF 61150 051800  780 218   34     -115126   -240         -20    -43   33  35  197  -56   75   25   75   25  26  0  0 L3P EB
G10 FF 61150 053400  780 715 2557     5888241     -2         -14     10   12  73   78    0   40   -8   40   -8  10  0  0 L3P A0
G16 FF 61150 053400  780 389 2641    -2482983    -47         -19     23   24  58  117    0   57  -15   57  -15  20  0  0 L3P 13
G18 FF 61150 053400  780 339 1302     3723592   -127          -3    -34   19  40  132    8   39   27   39   27  14  0  0 L3P ED
G23 FF 61150 053400  780 525 1605    -6382324    -58         -21    -14   19  13   93    9   35    5   35    5  17  0  0 L3P C1
G26 FF 61150 053400  780 345 3073     3558366     19          -2    -26   45  64  129   14   58   22   58   22  32  0  0 L3P E8
G27 FF 61150 053400  780 301 2166     1148292    148           1    -24   25  28  146  -29   35   18   35   18  20  0  0 L3P EA
G29 FF 61150 053400  780 229  518     3368762    -75          22     -3   33  36  188   43   41   12   41   12  25  0  0 L3P CE
G32 FF 61150 053400  780 283   63     -115309   -158         -14     38   24  35  155  -35   61  -40   61  -40  20  0  0 L3P ED
G10 FF 61150 055000  780 703 2295     5888243     12           0     24   13  73   78    1   29  -19   29  -19  11  0  0 L3P B8
G16 FF 61150 055000  780 382 2741    -2483036    -10          -4     61   18  58  119    4   57  -37   57  -37  17  0  0 L3P FA
G18 FF 61150 055000  780 315 1223     3723504    -81          -2     12   19  40  140   10   43   -8   43   -8  16  0  0 L3P B5
G23 FF 61150 055000  780 454 1572    -6382367    -62         -22    -17   25  13  103   13   37   13   37   13  23  0  0 L3P F8
G26 FF 61150 055000  780 301 3147     3558408     52          -4      6   18  64  146   21   69    6   69    6  15  0  0 L3P A3
G27 FF 61150 055000  780 366 2167     1148452    168          -4     -4   17  28  123  -20   48    1   48    1  16  0  0 L3P C2
G32 FF 61150 055000  780 352   93     -115474   -241           9    -44   19  35  128  -23   40   38   40   38  16  0  0 L3P CC
G10 FF 61150 060600  780 665 2088     5888222    -25         -11    -12   13  74   80    3   29    8   29    8  12  0  0 L3P B7
G16 FF 61150 060600  780 362 2838    -2483104    -24          -4     47   19  60  124    8   55  -36   55  -36  17  0  0 L3P FA
G18 FF 61150 060600  780 291 1144     3723425   -132          13    -38   29  41  151   12   38   46   38   46  28  0  0 L3P 00
G23 FF 61150 060600  780 388 1537    -6382399    -59         -14    -15   23  14  117   17   34   18   34   18  22  0  0 L3P 16
G26 FF 61150 060600  780 255 3214     3558453     31          -1    -14   29  76  170   29   73   14   73   14  23  0  0 L3P DB
G27 FF 61150 060600  780 432 2181     1148615    159          -3    -13   24  92  107  -14   43    5   43    5  22  0  0 L3P C9
G32 FF 61150 060600  780 424  126     -115664   -221           8    -25   34  36  109  -16   36    8   36    8  31  0  0 L3P B8
G10 FF 61150 062200  780 614 1940     5888209    -24         -11    -11   14  74   84    4   33   12   33   12  13  0  0 L3P C1
G16 FF 61150 062200  780 333 2928    -2483167    -77           0     -6   25  60  134   12   57   10   57   10  19  0  0 L3P D3
G18 FF 61150 062200  780 266 1067     3723353   -137          30    -43   43  41  163   15   30   40   30   40  39  0  0 L3P EC
G23 FF 61150 062200  780 327 1499    -6382427    -54           0    -10   18  14  136   22   29   10   29   10  17  0  0 L3P DD
G26 FF 61150 062200  780 210 3276     3558503    -51           6    -97   39  76  204   42   74  101   74  101  35  0  0 L3P FF
G27 FF 61150 062200  780 500 2212     1148789    180           6      8   17  92   96  -10   30  -14   30  -14  15  0  0 L3P CA
G32 FF 61150 062200  780 499  166     -115857   -191           4      6   15  36   96  -11   34   -1   34   -1  13  0  0 L3P A5
G08 FF 61150 063800  780 242 2212    -4583507     53          16    -15   31  44  179  -43   60   17   60   17  28  0  0 L3P FC
G10 FF 61150 063800  780 560 1829     5888202      1          -7     13   11  74   89    6   33   -6   33   -6  11  0  0 L3P 91
G16 FF 61150 063800  780 296 3009    -2483227    -58           9     13   30  60  148   18   56   -3   56   -3  25  0  0 L3P DF
G18 FF 61150 063800  780 240  992     3723260    -86          26      7   33  41  180   19   38   -7   38   -7  26  0  0 L3P C7
G23 FF 61150 063800  780 270 1458    -6382486    -66         -16    -22   30  14  161   31   45    8   45    8  24  0  0 L3P EB
G27 FF 61150 063800  780 565 2270     1148958    172          10      0   18  92   88   -7   27    8   27    8  17  0  0 L3P B4
G32 FF 61150 063800  780 576  222     -116038   -217          11    -20   11  36   87   -8   29   18   29   18   9  0  0 L3P C4
G08 FF 61150 065400  780 302 2239    -4583433     50          24    -18   25  44  146  -27   45    6   45    6  23  0  0 L3P D9
G10 FF 61150 065400  780 505 1739     5888195    -39          -2    -27   14  74   95    8   32   16   32   16  13  0  0 L3P D8
G16 FF 61150 065400  780 255 3084    -2483278   -102          25    -32   38  60  170   27   55   18   55   18  28  0  0 L3P 19
G18 FF 61150 065400  780 212  919     3723167    -30          23     63   36  41  201   27   41  -48   41  -48  30  0  0 L3P E2
G23 FF 61150 065400  780 218 1414    -6382501    -20          12     25   36  14  197   44   21  -21   21  -21  28  0  0 L3P ED
G27 FF 61150 065400  780 625 2368     1149117    156           5    -16   13  92   83   -4   38   10   38   10  11  0  0 L3P C8
G32 FF 61150 065400  780 650  310     -116222   -189          16      8   12  36   81   -5   28   -6   28   -6  10  0  0 L3P 9C
G08 FF 61150 071000  780 359 2281    -4583366     18          26    -50   22  44  125  -17   37   44   37   44  19  0  0 L3P 06
G10 FF 61150 071000  780 451 1661     5888177    -39          -8    -27   16  74  104   10   37   21   37   21  14  0  0 L3P E6
G16 FF 61150 071000  780 213 3152    -2483359    -76          12     -5   31  60  201   39   68   21   68   21  25  0  0 L3P DE
G18 FF 61150 071000  780 182  848     3723066    -53          11     40   37  41  233   39   49  -56   49  -56  28  0  0 L3P FB
G27 FF 61150 071000  780 670 2525     1149285    174           7      2   17  92   80   -2   38    2   38    2  14  0  0 L3P 86
G32 FF 61150 071000  780 714  465     -116409   -201          18     -5   15  36   78   -3   30    6   30    6  13  0  0 L3P 87
G08 FF 61150 072600  780 413 2341    -4583312     67          15     -2   23  44  111  -11   41    3   41    3  22  0  0 L3P A3
G10 FF 61150 072600  780 401 1590     5888162    -49         -10    -37   25  74  114   12   39   41   39   41  22  0  0 L3P F8
G27 FF 61150 072600  780 687 2742     1149455    164          13     -8   13  92   79    0   33    9   33    9  11  0  0 L3P AA
G32 FF 61150 072600  780 752  740     -116596   -182          20     15   32  36   76   -1   30   -7   30   -7  20  0  0 L3P AD
G02 FF 61150 074200  780 228 2187     -824551     -9          23     69   36  47  189  -44   29  -69   29  -69  34  0  0 L3P 1B
G08 FF 61150 074200  780 458 2422    -4583235     41          27    -27   16  44  103   -7   36   25   36   25  13  0  0 L3P E8
G10 FF 61150 074200  780 355 1522     5888149     -6         -12      6   20  74  126   14   41    3   41    3  18  0  0 L3P 9B
G27 FF 61150 074200  780 670 2963     1149625    198          18     27   11  92   80    2   29  -28   29  -28  10  0  0 L3P F1
G32 FF 61150 074200  780 741 1067     -116767   -223          37    -26   18  36   76    1   21   16   21   16  13  0  0 L3P CE
G02 FF 61150 075800  780 285 2149     -824636    -72          12      5   28  47  154  -30   43    6   43    6  24  0  0 L3P BA
G08 FF 61150 075800  780 491 2525    -4583176     86          20     17   17  44   97   -4   41   -4   41   -4  15  0  0 L3P D0
G10 FF 61150 075800  780 312 1456     5888155     43           7     56   23  74  142   17   26  -41   26  -41  19  0  0 L3P E7
G27 FF 61150 075800  780 625 3133     1149783    162          12     -9   13  92   83    4   32    8   32    8  12  0  0 L3P A0
G28 FF 61150 075800  780 230  388     5507382    -84          14     10   31 100  187  -37   55   -5   55   -5  22  0  0 L3P E9
G32 FF 61150 075800  780 690 1282     -116978   -212          15    -15   15  36   79    3   32   14   32   14  13  0  0 L3P D5
G02 FF 61150 081400  780 347 2115     -824724   -127           1    -49   27  48  129  -22   37   33   37   33  23  0  0 L3P F5
G08 FF 61150 081400  780 508 2646    -4583115     83          13     14   19  45   95   -1   41  -15   41  -15  16  0  0 L3P E4
G10 FF 61150 081400  780 272 1391     5888139     19           1     32   27  75  160   21   47  -28   47  -28  23  0  0 L3P E7
G27 FF 61150 081400  780 564 3249     1149957    180          18      8   19  93   88    7   31   -5   31   -5  17  0  0 L3P C4
G28 FF 61150 081400  780 277  450     5507286    -85          10      9   34 101  158  -25   53   -8   53   -8  27  0  0 L3P E1
G32 FF 61150 081400  780 621 1390     -117154   -191          27      6   11  37   83    6   29   -8   29   -8   9  0  0 L3P A3
G02 FF 61150 083000  780 414 2086     -824792    -54           6     23   14  48  111  -16   33  -20   33  -20  12  0  0 L3P D7
G08 FF 61150 083000  780 505 2774    -4583061     81           1     13   17  45   95    2   49   -5   49   -5  14  0  0 L3P A9
G10 FF 61150 083000  780 236 1326     5888137    -11          11      2   18  75  183   26   38   10   38   10  13  0  0 L3P C1
G27 FF 61150 083000  780 495 3330     1150123    170          19     -2   26  93   97   10   32    3   32    3  24  0  0 L3P 96
G28 FF 61150 083000  780 323  520     5507211   -100          26     -6   49 101  137  -18   42    8   42    8  37  0  0 L3P C6
G31 FF 61150 083000  780 227  233     1542636    -25         -19     -1   32  48  189  -43   62    2   62    2  26  0  0 L3P B7
G32 FF 61150 083000  780 547 1442     -117344   -174          27     22   18  37   90    9   29  -21   29  -21  18  0  0 L3P E4
G01 FF 61150 084600  780 200 2193    -2936649     78          16     -6   33 225  214  -59   45   17   45   17  30  0  0 L3P 05
G02 FF 61150 084600  780 485 2061     -824859    -51          14     26   14  48   98  -12   33  -13   33  -13  12  0  0 L3P F0
G08 FF 61150 084600  780 485 2897    -4582982     49          15    -20   23  45   98    4   41   15   41   15  19  0  0 L3P EB
G10 FF 61150 084600  780 203 1260     5888097    -69         -16    -57   21  75  211   33   69   78   69   78  18  0  0 L3P 23
G27 FF 61150 084600  780 424 3389     1150285    168          16     -3   31  93  109   15   35   10   35   10  27  0  0 L3P E1
G28 FF 61150 084600  780 366  598     5507114    -76          19     19   25 101  123  -12   53   -3   53   -3  21  0  0 L3P E6
G31 FF 61150 084600  780 281  285     1542623    -16          -9      8   28  48  155  -29   59    5   59    5  24  0  0 L3P BC
G32 FF 61150 084600  780 473 1465     -117537   -212          23    -15   26  37  100   12   33   13   33   13  25  0  0 L3P E3
G01 FF 61150 090200  780 258 2165    -2936567     92          16      8   36 225  169  -38   47   -6   47   -6  31  0  0 L3P FE
G02 FF 61150 090200  780 560 2042     -824930    -72          17      6   14  48   89   -8   35   -3   35   -3  10  0  0 L3P A1
G08 FF 61150 090200  780 450 3005    -4582902     56          30    -13   45  45  104    8   34   14   34   14  29  0  0 L3P CE
G27 FF 61150 090200  780 355 3437     1150452    155          19    -17   40  93  127   22   38   20   38   20  39  0  0 L3P F0
G28 FF 61150 090200  780 403  687     5507019    -62          14     32   18 101  114   -8   64  -16   64  -16  15  0  0 L3P F1
G31 FF 61150 090200  780 337  341     1542613    -17           4      7   18  48  132  -20   60    4   60    4  16  0  0 L3P 7D
G32 FF 61150 090200  780 400 1469     -117731   -213          17    -16   20  37  114   17   42   19   42   19  17  0  0 L3P E8
G01 FF 61150 091800  780 319 2142    -2936513    104         -11     20   18 225  139  -26   73    4   73    4  14  0  0 L3P EC
G02 FF 61150 091800  780 640 2033     -824997    -71          24      6    9  48   82   -6   39   19   39   19   7  0  0 L3P AE
G03 FF 61150 091800  780 190 2455    -4963615    106          31    -42   35  72  223  -31   57   38   57   38  31  0  0 L3P 15
G08 FF 61150 091800  780 406 3098    -4582850     81          16     12   20  45  113   11   50   10   50   10  14  0  0 L3P C9
G27 FF 61150 091800  780 287 3479     1150619    195          21     23   21  93  153   33   52   -2   52   -2  18  0  0 L3P E2
G28 FF 61150 091800  780 430  787     5506943    -67          29     27   23 101  108   -4   61  -15   61  -15  21  0  0 L3P FD
G31 FF 61150 091800  780 394  406     1542595    -11           9     13   20  48  116  -14   67    4   67    4  18  0  0 L3P AC
G32 FF 61150 091800  780 331 1462     -117921   -153          16     44   27  37  135   25   58  -18   58  -18  23  0  0 L3P 0E
G01 FF 61150 093400  780 385 2127    -2936409     69          13    -15   21 225  118  -18   67   37   67   37  19  0  0 L3P 23
G02 FF 61150 093400  780 723 2042     -825073    -84          22     -7   17  48   77   -4   52   14   52   14  15  0  0 L3P BC
G03 FF 61150 093400  780 217 2387    -4963453    171          52     24   33  72  197  -25   55    6   55    6  29  0  0 L3P F3
G04 FF 61150 093400  780 213 3085     -540311    -10          40      4   57  16  201  -50   57   18   57   18  41  0  0 L3P C0
G08 FF 61150 093400  780 355 3176    -4582780     77          20      9   19  45  126   17   67   12   67   12  14  0  0 L3P E5
G27 FF 61150 093400  780 223 3519     1150781    206          17     34   25  93  193   52   89   14   89   14  18  0  0 L3P FA
G28 FF 61150 093400  780 444  896     5506844    -83          20     11   25 101  105   -1   77   -3   77   -3  23  0  0 L3P D5
G31 FF 61150 093400  780 447  483     1542570    -54           7    -30   21  48  104  -10   79   29   79   29  18  0  0 L3P E6
G32 FF 61150 093400  780 265 1447     -118122   -126           4     70   21  37  164   38   98  -24   98  -24  17  0  0 L3P 00
G01 FF 61150 095000  780 454 2121    -2936316     87          25      3   16 225  103  -13   67    5   67    5  16  0  0 L3P C4
G02 FF 61150 095000  780 807 2115     -825149    -79          20     -2   12  48   75   -2   61   10   61   10  10  0  0 L3P A9
G03 FF 61150 095000  780 246 2318    -4963313    170          50     22   31  72  176  -20   79   -1   79   -1  27  0  0 L3P F3
G04 FF 61150 095000  780 266 3027     -540341    -43          24    -28   21  16  164  -30   90   46   90   46  20  0  0 L3P E6
G08 FF 61150 095000  780 303 3243    -4582724    108          11     39   25  45  146   24   94   -8   94   -8  20  0  0 L3P F1
G28 FF 61150 095000  780 443 1006     5506749    -70          16     25   22 101  105    2   89  -13   89  -13  19  0  0 L3P FA
G31 FF 61150 095000  780 495  577     1542553    -44          13    -20   16  48   97   -7   82   25   82   25  13  0  0 L3P D3
G32 FF 61150 095000  780 203 1424     -118302   -171          13     26   32  37  211   61  117   25  117   25  22  0  0 L3P ED
G01 FF 61150 100600  780 526 2127    -2936231     86          30      1   17 226   93   -9   69   12   69   12  16  0  0 L3P C7
G02 FF 61150 100600  780 869 2813     -825222    -57          19     20   14  49   74    0   80    9   80    9  12  0  0 L3P 95
G03 FF 61150 100600  780 276 2250    -4963174    150          45      2   29  78  158  -17   92    3   92    3  26  0  0 L3P D1
G04 FF 61150 100600  780 316 2960     -540357    -13          22      2   20  17  140  -20  102   -4  102   -4  17  0  0 L3P BE
G08 FF 61150 100600  780 250 3304    -4582637     63          35     -5   51  47  173   34  111   38  111   38  44  0  0 L3P F8
G28 FF 61150 100600  780 425 1110     5506660   -103          19     -9   22 102  109    5  101   21  101   21  18  0  0 L3P E3
G31 FF 61150 100600  780 533  691     1542530     -7          13     17   13  53   92   -4   89   -4   89   -4  11  0  0 L3P 96
G01 FF 61150 102200  780 600 2154    -2936151     95          29     10   14 226   85   -7   79   -1   79   -1  13  0  0 L3P C8
G02 FF 61150 102200  780 805 3507     -825274    -97          41    -19   35  49   75    2   72   13   72   13  35  0  0 L3P C8
G03 FF 61150 102200  780 309 2182    -4963024    150          53      2   23  78  143  -15   91    8   91    8  20  0  0 L3P BD
G04 FF 61150 102200  780 361 2882     -540376    -21          17     -6   27  17  125  -13  106   -3  106   -3  22  0  0 L3P E2
G08 FF 61150 102200  780 200 3360    -4582597    110          10     42   54  47  214   51  162    0  162    0  44  0  0 L3P D2
G28 FF 61150 102200  780 394 1200     5506576    -95          25      0   23 102  116   10  106   18  106   18  20  0  0 L3P E7
G31 FF 61150 102200  780 554  824     1542507    -46          13    -22   17  53   89   -1   95   24   95   24  14  0  0 L3P C3
G01 FF 61150 103800  780 673 2218    -2936075     58          25    -27   13 226   80   -4   85   27   85   27  11  0  0 L3P F4
G02 FF 61150 103800  780 719 3588     -825372    -69          18      8   17  49   77    4   94   -4   94   -4  15  0  0 L3P C3
G03 FF 61150 103800  780 344 2113    -4962898    163          37     15   23  78  130  -13  110   -2  110   -2  21  0  0 L3P 02
G04 FF 61150 103800  780 400 2794     -540402     -4           6     11   26  17  114   -9  116    1  116    1  20  0  0 L3P 8D
G28 FF 61150 103800  780 351 1274     5506479   -118          18    -24   20 102  128   15  123   35  123   35  17  0  0 L3P 2C
G31 FF 61150 103800  780 556  964     1542478    -12           7     12   24  53   89    1  105    6  105    6  21  0  0 L3P 95
G01 FF 61150 105400  780 739 2362    -2935999     56          19    -28   16 226   77   -2   96   36   96   36  14  0  0 L3P 13
G02 FF 61150 105400  780 632   13     -825447    -56          17     21   18  49   82    7  102    6  102    6  15  0  0 L3P 86
G03 FF 61150 105400  780 383 2043    -4962745    153          48      5   21  78  119  -11  110    9  110    9  20  0  0 L3P E2
G04 FF 61150 105400  780 433 2696     -540401     32          21     47   22  17  107   -6  114  -30  114  -30  19  0  0 L3P E8
G28 FF 61150 105400  780 300 1331     5506379    -65           9     29   23 102  147   25  153    7  153    7  20  0  0 L3P D9
G31 FF 61150 105400  780 537 1095     1542449     -9           1     15   16  53   91    3  117    3  117    3  16  0  0 L3P 8F
G01 FF 61150 111000  780 779 2670    -2935921     86          17      2   19 226   75    0  102   11  102   11  16  0  0 L3P CD
G02 FF 61150 111000  780 546   25     -825537    -68           1     10   17  49   90   10  130    6  130    6  14  0  0 L3P 79
G03 FF 61150 111000  780 424 1971    -4962606    189          45     41   16  78  109   -9  116  -26  116  -26  16  0  0 L3P 35
G04 FF 61150 111000  780 459 2590     -540418     -6          18      9   21  17  102   -4  121   -5  121   -5  16  0  0 L3P B1
G09 FF 61150 111000  780 186 2804    -7581421     70          25     36   85  40  228  -42  179  -47  179  -47  82  0  0 L3P 43
G28 FF 61150 111000  780 245 1372     5506304    -91          24      3   35 102  177   40  168   20  168   20  31  0  0 L3P EE
G31 FF 61150 111000  780 501 1203     1542421    -52          -5    -28   24  53   96    6  130   27  130   27  22  0  0 L3P C2
G01 FF 61150 112600  780 764 3054    -2935849     61           8    -23   15 226   76    1  121   32  121   32  12  0  0 L3P DF
G02 FF 61150 112600  780 464   34     -825604   -111           8    -34   20  49  102   14  155   62  155   62  16  0  0 L3P D5
G03 FF 61150 112600  780 468 1895    -4962461    139          16    -10   20  15  101   -8  127   19  127   19  18  0  0 L3P 23
G04 FF 61150 112600  780 477 2477     -540438    -28          12    -14   19  17   99   -2  129   21  129   21  16  0  0 L3P FB
G09 FF 61150 112600  780 220 2734    -7581479   -195         -67   -229   36  40  195  -28  276  227  276  227  33  0  0 L3P A8
G26 FF 61150 112600  780 198  818     3559306     70         -23     25   31   6  215  -21  284  -19  284  -19  25  0  0 L3P 15
G31 FF 61150 112600  780 453 1285     1542399    -10          -3     14   22  53  103   10  146   12  146   12  21  0  0 L3P DC
G01 FF 61150 114200  780 707 3280    -2935753     86          23      1   24 226   78    3  124   20  124   20  18  0  0 L3P D2
G02 FF 61150 114200  780 385   42     -825673    -88          14    -10   23  49  118   21  190   53  190   53  19  0  0 L3P E7
G03 FF 61150 114200  780 514 1811    -4962309    144          24     -5   16  15   94   -6  125    8  125    8  14  0  0 L3P CF
G04 FF 61150 114200  780 488 2360     -540453    -36          11    -21   25  17   98   -1  133   18  133   18  21  0  0 L3P E4
G09 FF 61150 114200  780 250 2660    -7581383    190          -3    156   36  40  173  -19  216 -161  216 -161  31  0  0 L3P 69
G26 FF 61150 114200  780 215  892     3559395     35          22    -11   29   6  199  -12  249   22  249   22  26  0  0 L3P FD
G31 FF 61150 114200  780 397 1342     1542374    -49          -5    -26   24  53  115   15  171   56  171   56  21  0  0 L3P 08
G01 FF 61150 115800  780 633 3390    -2935667     92          28      8   29 226   82    6  135    9  135    9  27  0  0 L3P DB
G02 FF 61150 115800  780 310   53     -825751   -104          10    -27   27  49  143   31  244   90  244   90  23  0  0 L3P EA
G03 FF 61150 115800  780 562 1715    -4962176    197          14     48   18  15   88   -5  139  -38  139  -38  16  0  0 L3P 3F
G04 FF 61150 115800  780 492 2244     -540469    -11          15      3   22  18   97    0  142   13  142   13  19  0  0 L3P BA
G09 FF 61150 115800  780 278 2583    -7581329     25          18     -9   27  40  157  -14  190    8  190    8  21  0  0 L3P 02
G16 FF 61150 115800  780 198  646    -2484561    -71          37     -1   45  61  216  -35  298    5  298    5  38  0  0 L3P 07
G26 FF 61150 115800  780 224  967     3559420     59           3     14   34   6  192   -5  273    5  273    5  28  0  0 L3P AC
G31 FF 61150 115800  780 337 1381     1542355    -75          -1    -51   26  53  132   22  198   77  198   77  22  0  0 L3P 1C
G01 FF 61150 121400  780 556 3452    -2935596    113          14     29   30 227   89    9  164   -6  164   -6  29  0  0 L3P 0D
G02 FF 61150 121400  780 239   66     -825825    -64           8     14   25  50  181   50  286   55  286   55  21  0  0 L3P D3
G03 FF 61150 121400  780 608 1598    -4962031    159          18     10   16  20   84   -4  141   -6  141   -6  14  0  0 L3P EA
G04 FF 61150 121400  780 491 2128     -540484      0          15     15   14  19   97    0  146   -8  146   -8  13  0  0 L3P AA
G09 FF 61150 121400  780 304 2503    -7581300     57          18     23   25  41  145  -11  191  -25  191  -25  22  0  0 L3P 16
G16 FF 61150 121400  780 228  717    -2484654    -82           7    -11   28  64  188  -23  322    7  322    7  24  0  0 L3P EC
G26 FF 61150 121400  780 225 1042     3559466     31           8    -14   30   7  191    3  284   26  284   26  27  0  0 L3P CF
G31 FF 61150 121400  780 276 1403     1542326    -33          -7    -10   28  54  158   34  243   55  243   55  22  0  0 L3P FF
G01 FF 61150 123000  780 478 3493    -2935519     98          11     14   34 227   99   13  186   17  186   17  30  0  0 L3P 1B
G03 FF 61150 123000  780 649 1450    -4961890    155          15      6   11  20   81   -2  145   -1  145   -1  10  0  0 L3P CA
G04 FF 61150 123000  780 487 2016     -540496     -4          17     11   21  19   98    1  148  -10  148  -10  18  0  0 L3P D6
G07 FF 61150 123000  780 250 3204     1753759     76          -3     31   21   4  173  -42  242  -47  242  -47  17  0  0 L3P FE
G09 FF 61150 123000  780 328 2422    -7581268     22          17    -12   19  41  135   -9  186    6  186    6  17  0  0 L3P F2
G16 FF 61150 123000  780 255  792    -2484705   -168          24    -98   32  64  170  -15  298   94  298   94  30  0  0 L3P 51
G26 FF 61150 123000  780 217 1116     3559507     47           5      2   20   7  197   11  304   14  304   14  16  0  0 L3P AE
G31 FF 61150 123000  780 215 1414     1542311    -97           1    -73   38  54  200   56  277  127  277  127  29  0  0 L3P 20
G01 FF 61150 124600  780 402 3525    -2935446    115           3     31   16 227  114   18  224   19  224   19  13  0  0 L3P 06
G03 FF 61150 124600  780 677 1259    -4961752    164          11     15   15  20   80   -1  158    1  158    1  13  0  0 L3P D5
G04 FF 61150 124600  780 480 1908     -540520    -50           6    -36   22  19   99    1  159   32  159   32  18  0  0 L3P DA
G07 FF 61150 124600  780 313 3160     1753805     98           0     54   23   4  141  -26  225  -59  225  -59  18  0  0 L3P FF
G09 FF 61150 124600  780 350 2339    -7581237     47          16     13   19  41  128   -7  187   -2  187   -2  18  0  0 L3P 06
G16 FF 61150 124600  780 275  871    -2484813    -34         -16     36   28  64  159   -9  326  -42  326  -42  23  0  0 L3P 36
G26 FF 61150 124600  780 200 1185     3559549     55           4      9   27   7  213   22  325   21  325   21  22  0  0 L3P BB
G01 FF 61150 130200  780 330 3552    -2935360    123           8     39   21 227  135   27  267   14  267   14  18  0  0 L3P 0E
G03 FF 61150 130200  780 684 1036    -4961603    158          16      9   16  20   79    0  165    4  165    4  14  0  0 L3P B9
G04 FF 61150 130200  780 471 1802     -540547      0          -7     15   28  19  100    2  182   -5  182   -5  23  0  0 L3P A5
G06 FF 61150 130200  780 210 2312     6095016     -5          21     16   34  27  204  -35  227   -9  227   -9  31  0  0 L3P DD
G07 FF 61150 130200  780 374 3104     1753861     42          13     -2   21   4  121  -17  208   -9  208   -9  16  0  0 L3P D0
G09 FF 61150 130200  780 373 2255    -7581200     13          19    -21   24  41  121   -6  193   10  193   10  21  0  0 L3P EB
G16 FF 61150 130200  780 287  953    -2484824   -103          41    -32   34  64  153   -4  275   24  275   24  32  0  0 L3P 1A
G01 FF 61150 131800  780 261 3578    -2935279     94           9     10   27 227  167   41  329   65  329   65  23  0  0 L3P 23
G03 FF 61150 131800  780 665  819    -4961465    159          12     10   14  20   80    2  180    8  180    8  12  0  0 L3P BA
G04 FF 61150 131800  780 462 1699     -540560    -34          -5    -20   23  19  102    2  189   28  189   28  19  0  0 L3P 00
G06 FF 61150 131800  780 243 2379     6095000    -30          25     -8   37  27  178  -20  230   20  230   20  33  0  0 L3P F5
G07 FF 61150 131800  780 433 3034     1753905     79          15     35   38   4  107  -12  204  -20  204  -20  24  0  0 L3P F9
G09 FF 61150 131800  780 395 2170    -7581168      8          18    -26   25  41  115   -6  195   24  195   24  24  0  0 L3P 0C
G16 FF 61150 131800  780 289 1035    -2484908   -120          24    -50   18  64  152    2  285   49  285   49  15  0  0 L3P 31
G01 FF 61150 133400  780 196    5    -2935156    129          51     45   26 227  218   68  373   40  373   40  22  0  0 L3P F8
G03 FF 61150 133400  780 624  645    -4961328    121           6    -28   12  20   83    4  200   34  200   34  11  0  0 L3P BE
G04 FF 61150 133400  780 452 1599     -540557     43          12     58   22  19  104    2  187  -42  187  -42  21  0  0 L3P FC
G06 FF 61150 133400  780 265 2455     6094979     -7          26     15   23  27  164  -10  238   -2  238   -2  19  0  0 L3P 03
G07 FF 61150 133400  780 488 2946     1753951     38          19     -7   17   4   98   -8  201    7  201    7  14  0  0 L3P BC
G09 FF 61150 133400  780 417 2083    -7581131     55          23     21   21  41  110   -5  196  -11  196  -11  19  0  0 L3P 08
G16 FF 61150 133400  780 280 1115    -2484980   -117          19    -46   48  64  156    7  295   33  295   33  44  0  0 L3P 36
G03 FF 61150 135000  780 567  517    -4961184    151           7      2   15  20   88    6  212   10  212   10  13  0  0 L3P A5
G04 FF 61150 135000  780 441 1500     -540571     10          13     25   31  19  105    2  197  -20  197  -20  28  0  0 L3P D9
G06 FF 61150 135000  780 277 2538     6094957    -33          24    -11   26  27  158   -3  250   18  250   18  22  0  0 L3P 12
G07 FF 61150 135000  780 535 2836     1753984     45           8      1   18   4   91   -5  204   -1  204   -1  15  0  0 L3P 9C
G09 FF 61150 135000  780 441 1993    -7581109     61          12     27   17  41  106   -5  206  -19  206  -19  15  0  0 L3P 18
G16 FF 61150 135000  780 261 1190    -2485047    -29          20     42   27  64  166   15  297  -18  297  -18  21  0  0 L3P 36
G30 FF 61150 135000  780 206 3012    -1942497   -148          18    -14   26   2  207  -49  312   -6  312   -6  23  0  0 L3P 12
G03 FF 61150 140600  780 502  426    -4961039    160          12     11   16  57   96   10  230   16  230   16  14  0  0 L3P D8
G04 FF 61150 140600  780 429 1402     -540609     27         -10     42   18  20  108    3  227  -27  227  -27  16  0  0 L3P F5
G06 FF 61150 140600  780 277 2624     6094927    -39          18    -18   18  28  158    3  286   59  286   59  15  0  0 L3P 30
G07 FF 61150 140600  780 572 2703     1754039     54          24     10   16  23   87   -3  193   -5  193   -5  14  0  0 L3P D5
G09 FF 61150 140600  780 464 1900    -7581072     36          20      2   15  42  101   -4  206   10  206   10  14  0  0 L3P C8
G16 FF 61150 140600  780 232 1256    -2485114   -150          21    -79   30  67  185   26  309   90  309   90  24  0  0 L3P 34
G30 FF 61150 140600  780 255 2952    -1942643   -119          -1     15   26   5  170  -30  312  -28  312  -28  22  0  0 L3P 23
G03 FF 61150 142200  780 433  361    -4960893     93          16    -56   18  57  107   15  254   80  254   80  15  0  0 L3P 0C
G04 FF 61150 142200  780 416 1305     -540603    -25           9    -10   25  20  110    3  216   12  216   12  18  0  0 L3P B8
G06 FF 61150 142200  780 265 2709     6094900    -28          12     -6   34  28  164    9  329   33  329   33  30  0  0 L3P F5
G07 FF 61150 142200  780 595 2548     1754075     58          18     14   21  23   85   -1  198   -8  198   -8  15  0  0 L3P F3
G09 FF 61150 142200  780 488 1802    -7581041      1          18    -33   15  42   98   -4  212   23  212   23  12  0  0 L3P D8
G16 FF 61150 142200  780 196 1312    -2485184    -77          19     -6   31  67  218   44  336   57  336   57  24  0  0 L3P 24
G30 FF 61150 142200  780 300 2884    -1942761   -138          10     -3   19   5  147  -20  291   -4  291   -4  14  0  0 L3P 01
G03 FF 61150 143800  780 361  313    -4960757    197           9     48   15  57  125   22  301   16  301   16  13  0  0 L3P F3
G04 FF 61150 143800  780 401 1209     -540638    -10         -11      5   20  20  114    4  241   16  241   16  16  0  0 L3P BD
G06 FF 61150 143800  780 245 2791     6094895    -25          27     -3   42  28  176   17  341   36  341   36  39  0  0 L3P 1C
G07 FF 61150 143800  780 603 2381     1754118     31          19    -13   16  23   85    0  200   14  200   14  14  0  0 L3P C2
G09 FF 61150 143800  780 512 1698    -7581013     39          14      5   15  42   94   -3  211  -14  211  -14  12  0  0 L3P EB
G30 FF 61150 143800  780 341 2807    -1942891   -173           9    -39   21   5  131  -14  280   25  280   25  19  0  0 L3P 1E
G03 FF 61150 145400  780 289  279    -4960617    177           6     28   26  57  152   35  370   46  370   46  21  0  0 L3P 10
G04 FF 61150 145400  780 383 1115     -540643    -14          -3      0   14  20  118    5  250   15  250   15   9  0  0 L3P A4
G06 FF 61150 145400  780 218 2869     6094874    -32          27    -11   33  28  197   26  387   52  387   52  27  0  0 L3P 3A
G07 FF 61150 145400  780 595 2217     1754168     57          26     13   13  23   85    1  196   -8  196   -8  12  0  0 L3P DE
G09 FF 61150 145400  780 533 1584    -7580976     49          18     15   10  42   92   -2  206  -18  206  -18   8  0  0 L3P 0A
G30 FF 61150 145400  780 378 2722    -1943001   -150          27    -16   22   5  120  -10  261    2  261    2  19  0  0 L3P E7
G03 FF 61150 151000  780 219  255    -4960469    215          11     66   34  57  197   62  486  111  486  111  28  0  0 L3P 39
G04 FF 61150 151000  780 361 1024     -540646    -66           9    -51   25  20  124    7  266   76  266   76  21  0  0 L3P E5
G06 FF 61150 151000  780 186 2942     6094855    -39          28    -18   40  28  228   40  445   92  445   92  28  0  0 L3P 31
G07 FF 61150 151000  780 576 2066     1754209     26          24    -18   15  23   87    2  206   20  206   20  15  0  0 L3P D2
G09 FF 61150 151000  780 550 1461    -7580933     62          28     28   15  42   90   -2  206   -9  206   -9  13  0  0 L3P E4
G14 FF 61150 151000  780 258 3392    -7439057    -13          13      0   28   2  169  -44  437  -57  437  -57  25  0  0 L3P 25
G30 FF 61150 151000  780 409 2630    -1943146   -104          11     30   20   5  112   -7  273  -22  273  -22  17  0  0 L3P 01
G04 FF 61150 152600  780 336  936     -540665    -25           4    -11   29  20  133   10  297   45  297   45  25  0  0 L3P EE
G07 FF 61150 152600  780 548 1933     1754253     48          26      3   21  23   90    4  215   14  215   14  19  0  0 L3P BF
G09 FF 61150 152600  780 562 1328    -7580911     24          18    -10   15  42   88   -1  224   25  224   25  13  0  0 L3P F5
G14 FF 61150 152600  780 329 3380    -7439047    -32          35    -20   44   2  135  -28  371  -19  371  -19  38  0  0 L3P 3E
G30 FF 61150 152600  780 435 2531    -1943263   -137          23     -3   19   5  107   -5  256    4  256    4  16  0  0 L3P DE
G04 FF 61150 154200  780 306  853     -540660    -60          23    -45   34  20  144   14  320   96  320   96  32  0  0 L3P EB
G07 FF 61150 154200  780 516 1816     1754295     53          25      9   20  23   94    5  230    7  230    7  16  0  0 L3P 9E
G09 FF 61150 154200  780 564 1187    -7580878     20          17    -14   15  42   88    0  238   32  238   32  12  0  0 L3P FA
G14 FF 61150 154200  780 404 3360    -7439091    -43           3    -31   30   2  113  -18  360    3  360    3  30  0  0 L3P C4
G21 FF 61150 154200  780 231 2235    -4147272      3          19     10   39   2  186  -43  354  -29  354  -29  34  0  0 L3P 05
G22 FF 61150 154200  780 237 3357      155406    -60          12      2   49  10  183  -50  526  -70  526  -70  46  0  0 L3P 01
G30 FF 61150 154200  780 455 2426    -1943401   -108          13     27   16   5  103   -3  263  -21  263  -21  15  0  0 L3P 0B
G04 FF 61150 155800  780 272  776     -540686     38          11     52   35  20  160   20  399   21  399   21  28  0  0 L3P EF
G07 FF 61150 155800  780 481 1712     1754333     53          20      9   16  23   99    5  259   21  259   21  14  0  0 L3P CB
G08 FF 61150 155800  780 179 1026    -4581199    176          27    108   41  49  236   -3  440  -88  440  -88  33  0  0 L3P 62
G09 FF 61150 155800  780 555 1047    -7580844     66          19     32   18  42   89    2  262   -9  262   -9  16  0  0 L3P FA
G14 FF 61150 155800  780 480 3329    -7439088      5          18     17   28   2   99  -12  324  -34  324  -34  25  0  0 L3P 0C
G21 FF 61150 155800  780 284 2280    -4147276      4          22     11   30   2  154  -26  345   -8  345   -8  28  0  0 L3P E4
G22 FF 61150 155800  780 305 3338      155352    -72          17    -11   35  10  145  -31  457  -52  457  -52  31  0  0 L3P 20
G30 FF 61150 155800  780 471 2318    -1943532   -135          11     -1   14   5  100   -2  272   10  272   10  13  0  0 L3P E2
G04 FF 61150 161400  780 234  705     -540720     14          -8     29   33  21  184   31  496   66  496   66  24  0  0 L3P E5
G07 FF 61150 161400  780 447 1616     1754380     48          23      4   24  43  104    6  282   23  282   23  21  0  0 L3P CC
G08 FF 61150 161400  780 178 1098    -4581132    112          31     44   29  50  238    8  451  -24  451  -24  27  0  0 L3P 21
G09 FF 61150 161400  780 535  913    -7580810     28          19     -6   19  43   91    3  287   36  287   36  17  0  0 L3P E8
G14 FF 61150 161400  780 557 3282    -7439090    -55          31    -43   16   3   89   -8  302   30  302   30  15  0  0 L3P F1
G21 FF 61150 161400  780 332 2339    -4147288    -23          14    -16   23   3  134  -16  356   19  356   19  20  0  0 L3P 16
G22 FF 61150 161400  780 374 3310      155289   -144          13    -82   46  11  121  -20  410   26  410   26  45  0  0 L3P 04
G30 FF 61150 161400  780 481 2208    -1943659   -104           9     30   16   6   99   -1  282  -11  282  -11  14  0  0 L3P FE
G04 FF 61150 163000  780 192  640     -540716    -94          11    -79   24  21  222   50  570  165  570  165  21  0  0 L3P 16
G07 FF 61150 163000  780 414 1527     1754421     37          21     -7   17  43  111    7  309   32  309   32  14  0  0 L3P D0
G09 FF 61150 163000  780 503  792    -7580789     38           7      4   22  43   96    5  326   25  326   25  19  0  0 L3P C7
G14 FF 61150 163000  780 632 3210    -7439113    -52          20    -40   12   3   82   -6  297   21  297   21  12  0  0 L3P DE
G21 FF 61150 163000  780 371 2414    -4147295    -17          13    -11   18   3  122  -10  362   10  362   10  17  0  0 L3P F5
G22 FF 61150 163000  780 445 3271      155223    -69           5     -8   19  11  105  -14  380  -19  380  -19  15  0  0 L3P FC
G30 FF 61150 163000  780 488 2097    -1943780   -143          17     -9   18   6   98   -1  279    6  279    6  16  0  0 L3P F6
G05 FF 61150 164600  780 188 2297     2319906     14          13     10   31  55  226  -44  503    3  503    3  27  0  0 L3P DD
G07 FF 61150 164600  780 382 1443     1754467     36          25     -8   16  43  119    9  336   35  336   35  14  0  0 L3P F5
G09 FF 61150 164600  780 462  688    -7580746     27          17     -7   19  43  102    8  355   56  355   56  16  0  0 L3P 04
G14 FF 61150 164600  780 703 3089    -7439132    -14          13     -1   17   3   78   -3  295   -3  295   -3  16  0  0 L3P E1
G21 FF 61150 164600  780 398 2504    -4147307      5           8     12   20   3  115   -5  374    3  374    3  17  0  0 L3P A0
G22 FF 61150 164600  780 514 3215      155163    -46           5     16   14  11   94   -9  355  -35  355  -35  12  0  0 L3P E1
G30 FF 61150 164600  780 492 1986    -1943924   -169           2    -35   20   6   97    0  300   38  300   38  14  0  0 L3P F3
G05 FF 61150 170200  780 221 2360     2319903      7           6      2   27  55  194  -25  513   -5  513   -5  24  0  0 L3P B8
G07 FF 61150 170200  780 351 1361     1754520     43          35     -1   21  43  127   10  357   25  357   25  17  0  0 L3P E1
G09 FF 61150 170200  780 413  600    -7580717     47          13     13   30  43  111   12  413   45  413   45  25  0  0 L3P DB
G14 FF 61150 170200  780 760 2866    -7439143    -15          14     -2   18   3   76   -2  292   -1  292   -1  14  0  0 L3P D6
G17 FF 61150 170200  780 235  139     1173520     12          28    -76   30  49  184  -44  714  -40  714  -40  23  0  0 L3P 12
G21 FF 61150 170200  780 412 2604    -4147310     -7          12      0   27   3  112   -1  390   18  390   18  24  0  0 L3P B4
G22 FF 61150 170200  780 581 3136      155103    -82           4    -21   14  11   87   -6  339    3  339    3  12  0  0 L3P A1
G30 FF 61150 170200  780 493 1876    -1944049   -157           5    -23   19   6   97    0  307   28  307   28  18  0  0 L3P FF
G05 FF 61150 171800  780 245 2431     2319904     -1           3     -6   38  55  177  -13  523   22  523   22  32  0  0 L3P DF
G07 FF 61150 171800  780 322 1282     1754543     36          16     -8   21  43  138   11  400   50  400   50  16  0  0 L3P DD
G09 FF 61150 171800  780 358  527    -7580687     15          11    -19   23  43  125   18  484   90  484   90  21  0  0 L3P 1D
G14 FF 61150 171800  780 782 2493    -7439150    -11          19      2   13   3   75    0  291    3  291    3  11  0  0 L3P 9F
G17 FF 61150 171800  780 294  180     1173598     14          21    -75   35  49  149  -29  619  -14  619  -14  33  0  0 L3P 37
G21 FF 61150 171800  780 410 2708    -4147315     32          13     38   27   3  112    2  414    3  414    3  24  0  0 L3P A2
G22 FF 61150 171800  780 643 3020      155053    -52          12      9   16  11   82   -4  320  -17  320  -17  15  0  0 L3P C6
G30 FF 61150 171800  780 492 1766    -1944170   -115          13     19   17   6   97    0  309    2  309    2  14  0  0 L3P CD
G05 FF 61150 173400  780 258 2509     2319917     13          12      9   23  55  168   -5  533   14  533   14  21  0  0 L3P E4
G07 FF 61150 173400  780 293 1205     1754595     -7          25    -51   22  43  149   13  429   68  429   68  18  0  0 L3P 1C
G09 FF 61150 173400  780 300  468    -7580653     49          12     15   29  43  147   27  569   86  569   86  22  0  0 L3P 1F
G13 FF 61150 173400  780 224 2162    -6787033     26           4      9   27  54  192  -50  498  -62  498  -62  22  0  0 L3P 20
G14 FF 61150 173400  780 755 2139    -7439175      5           6     18   16   3   76    2  306  -15  306  -15  14  0  0 L3P CD
G17 FF 61150 173400  780 356  225     1173671    114           8     25   26  49  126  -20  557  -89  557  -89  25  0  0 L3P 2D
G21 FF 61150 173400  780 395 2810    -4147325    -12          10     -5   20   3  115    6  456   51  456   51  15  0  0 L3P D8
G22 FF 61150 173400  780 692 2849      154982    -83           0    -22   14  11   79   -2  323   15  323   15  12  0  0 L3P D4
G30 FF 61150 173400  780 490 1657    -1944314   -148          -2    -14   13   6   97    1  328   14  328   14  11  0  0 L3P F3
G05 FF 61150 175000  780 261 2592     2319916    -12           7    -16   24  55  166    2  575   66  575   66  20  0  0 L3P 00
G07 FF 61150 175000  780 265 1129     1754653    104          41     60   36  43  164   16  445  -18  445  -18  34  0  0 L3P 2A
G09 FF 61150 175000  780 240  420    -7580621     -6          11    -40   20  43  181   45  677  153  677  153  15  0  0 L3P 1C
G13 FF 61150 175000  780 284 2144    -6787030    -19          -8    -36   27  54  154  -32  455  -39  455  -39  24  0  0 L3P 58
G14 FF 61150 175000  780 701 1930    -7439179    -25          14    -13   17   3   78    3  302   17  302   17  15  0  0 L3P E1
G17 FF 61150 175000  780 420  276     1173756     88           8     -1   14  49  110  -14  498  -58  498  -58  12  0  0 L3P 13
G19 FF 61150 175000  780 231   19    -6976350    -33          41    -22   27  77  187  -52  831  -94  831  -94  20  0  0 L3P 38
G20 FF 61150 175000  780 236 2175    -1175748   -161          -8     26   37  74  183  -48  504  -92  504  -92  32  0  0 L3P 58
G21 FF 61150 175000  780 368 2904    -4147335    -12           6     -6   15   3  123    9  515   70  515   70  12  0  0 L3P CE
G22 FF 61150 175000  780 719 2611      154920    -81          -2    -20   12  11   77   -1  319    8  319    8  11  0  0 L3P B0
G30 FF 61150 175000  780 485 1549    -1944421   -164          19    -30   20   6   98    1  312   37  312   37  18  0  0 L3P FD
G05 FF 61150 180600  780 253 2674     2319972      3          53     -1   30  56  171    8  585   61  585   61  27  0  0 L3P E3
G07 FF 61150 180600  780 238 1056     1754693     77          36     33   23  44  181   21  461  -12  461  -12  23  0  0 L3P 12
G13 FF 61150 180600  780 349 2135    -6787013     15          -7     -2   23  66  128  -22  405  -44  405  -44  19  0  0 L3P 25
G14 FF 61150 180600  780 639 1805    -7439189    -25          15    -12   14   4   82    5  301   16  301   16  12  0  0 L3P E3
G17 FF 61150 180600  780 485  339     1173846     86          14     -3   20  50   98  -10  436  -63  436  -63  15  0  0 L3P 08
G19 FF 61150 180600  780 299   48    -6976360     53          39     65   26  78  147  -32  706 -212  706 -212  21  0  0 L3P 4E
G20 FF 61150 180600  780 301 2180    -1175936   -172         -18     14   30  75  146  -30  449  -60  449  -60  24  0  0 L3P 55
G21 FF 61150 180600  780 332 2989    -4147343     -2           2      5   21   4  134   14  598   99  598   99  16  0  0 L3P EC
G22 FF 61150 180600  780 716 2345      154867    -68           3     -7   16  16   78    1  306   -9  306   -9  15  0  0 L3P C0
G30 FF 61150 180600  780 478 1441    -1944551   -177          17    -43   22  26   99    1  307   31  307   31  21  0  0 L3P 0D
G05 FF 61150 182200  780 236 2755     2319972   -150          49   -154   47  56  182   16  661  253  661  253  43  0  0 L3P 73
G07 FF 61150 182200  780 209  984     1754740    104          40     59   31  44  204   28  460  -55  460  -55  27  0  0 L3P 1C
G13 FF 61150 182200  780 417 2135    -6786982     19           8      2   20  66  111  -16  354  -38  354  -38  17  0  0 L3P 1A
G14 FF 61150 182200  780 576 1716    -7439209    -35           6    -23   18   4   87    6  309   20  309   20  16  0  0 L3P E2
G17 FF 61150 182200  780 546  423     1173915     90          -9      1   16  15   90   -7  386  -37  386  -37  13  0  0 L3P E4
G19 FF 61150 182200  780 371   78    -6976409     12           2     24   20   0  122  -22  602 -150  602 -150  16  0  0 L3P F5
G20 FF 61150 182200  780 367 2197    -1176106   -216          -9    -29   24  75  123  -20  403  -13  403  -13  22  0  0 L3P 42
G21 FF 61150 182200  780 291 3065    -4147345    -19           7    -12   41   4  151   21  706  136  706  136  27  0  0 L3P 19
G22 FF 61150 182200  780 686 2121      154801    -83          -5    -21   14  16   79    2  302    7  302    7  12  0  0 L3P 9F
G30 FF 61150 182200  780 469 1334    -1944698   -107          -2     27   23  26  101    2  322  -37  322  -37  19  0  0 L3P 26
G05 FF 61150 183800  780 212 2832     2319923    -16          -4    -21   27  56  202   25  816  141  816  141  22  0  0 L3P 2A
G07 FF 61150 183800  780 180  915     1754770     12          28    -33   36  44  236   38  465   17  465   17  30  0  0 L3P 08
G13 FF 61150 183800  780 486 2149    -6786972     16           2     -1   15  66   98  -11  332  -27  332  -27  13  0  0 L3P 1B
G14 FF 61150 183800  780 515 1645    -7439218     -2           9     10   20   4   94    8  297  -19  297  -19  16  0  0 L3P EE
G15 FF 61150 183800  780 197 2221    -4047954    -42          35     -9   51  71  217  -59  508  -71  508  -71  45  0  0 L3P 4F
G17 FF 61150 183800  780 600  539     1174001     98          -8     10   14  15   85   -4  350  -22  350  -22  12  0  0 L3P D4
G19 FF 61150 183800  780 446  112    -6976421      1           0     12   27   0  105  -15  497  -95  497  -95  24  0  0 L3P F8
G20 FF 61150 183800  780 433 2230    -1176297   -193         -21     -7   21  75  107  -13  378  -22  378  -22  18  0  0 L3P 58
G21 FF 61150 183800  780 247 3134    -4147362    -20          -4    -14   26   4  175   30  841  133  841  133  18  0  0 L3P 24
G22 FF 61150 183800  780 641 1958      154745    -59          -1      2   14  16   82    4  287  -10  287  -10  13  0  0 L3P D9
G30 FF 61150 183800  780 455 1229    -1944832   -141          -6     -6   18  26  103    3  317   -1  317   -1  16  0  0 L3P F7
G05 FF 61150 185400  780 183 2906     2319945      8          13      4   38  56  232   39  946  143  946  143  30  0  0 L3P 15
G13 FF 61150 185400  780 557 2184    -6786954     47           3     30   11  66   89   -8  311  -38  311  -38  11  0  0 L3P 0F
G14 FF 61150 185400  780 458 1583    -7439224      6          15     18   29   4  103   10  283  -22  283  -22  26  0  0 L3P 00
G15 FF 61150 185400  780 250 2253    -4048016    -76           5    -43   42  71  173  -35  471  -21  471  -21  34  0  0 L3P 2D
G17 FF 61150 185400  780 638  696     1174104     97          10      8   21  15   82   -2  306  -26  306  -26  18  0  0 L3P E0
G19 FF 61150 185400  780 523  155    -6976428     13           4     24   23   0   93  -10  415  -77  415  -77  20  0  0 L3P EF
G20 FF 61150 185400  780 496 2286    -1176468   -183         -13      3   18  75   97   -9  348  -11  348  -11  16  0  0 L3P 40
G21 FF 61150 185400  780 203 3197    -4147359     -1           6      6   27   4  210   44  882  -13  882  -13  19  0  0 L3P EC
G22 FF 61150 185400  780 589 1838      154681    -50          -6     11   16  16   86    5  285  -17  285  -17  13  0  0 L3P FB
G30 FF 61150 185400  780 438 1127    -1944938   -188          16    -54   18  26  106    4  293   49  293   49  15  0  0 L3P 43
G13 FF 61150 191000  780 626 2254    -6786930     33          11     16   17  66   83   -5  293  -24  293  -24  15  0  0 L3P 14
G14 FF 61150 191000  780 403 1524    -7439243      1           8     14   23   4  113   13  279  -17  279  -17  18  0  0 L3P E5
G15 FF 61150 191000  780 300 2298    -4048038     13          14     46   21  71  147  -22  417  -73  417  -73  19  0  0 L3P 2A
G17 FF 61150 191000  780 651  888     1174199    101          20     12   19  15   81    0  279  -36  279  -36  16  0  0 L3P FC
G19 FF 61150 191000  780 601  216    -6976430    -12          13      0   21   0   85   -7  352  -59  352  -59  18  0  0 L3P DE
G20 FF 61150 191000  780 552 2372    -1176643   -178          -9      8   15  75   90   -6  334  -16  334  -16  13  0  0 L3P 17
G22 FF 61150 191000  780 535 1742      154629    -72           0    -11   16  16   91    7  268   -7  268   -7  15  0  0 L3P C5
G30 FF 61150 191000  780 416 1028    -1945079   -157           3    -23   25  26  111    5  307   32  307   32  22  0  0 L3P FA
G13 FF 61150 192600  780 686 2384    -6786914     39          11     21   11  66   79   -3  287  -20  287  -20  10  0  0 L3P 1F
G14 FF 61150 192600  780 353 1467    -7439258    -30           5    -18   24   4  127   16  273    8  273    8  21  0  0 L3P E6
G15 FF 61150 192600  780 345 2357    -4048076    -18           8     15   25  71  130  -14  391  -35  391  -35  22  0  0 L3P 2E
G17 FF 61150 192600  780 633 1073     1174274    105          11     17   14  15   82    2  259  -33  259  -33  11  0  0 L3P F8
G19 FF 61150 192600  780 676  317    -6976444     -9          10      3   15   0   80   -4  306  -55  306  -55  13  0  0 L3P DA
G20 FF 61150 192600  780 595 2495    -1176833   -218         -20    -32   17  75   85   -3  337   31  337   31  14  0  0 L3P 34
G22 FF 61150 192600  780 482 1661      154569    -47           0     14   21  16   98    8  253  -29  253  -29  20  0  0 L3P E4
G30 FF 61150 192600  780 389  935    -1945202   -111           9     23   20  26  117    8  302  -27  302  -27  17  0  0 L3P 03
G13 FF 61150 194200  780 725 2608    -6786901     20           8      3   15  66   77   -1  289   -4  289   -4  12  0  0 L3P D8
G14 FF 61150 194200  780 306 1411    -7439257    -21          18     -8   26   4  144   20  253   -9  253   -9  21  0  0 L3P ED
G15 FF 61150 194200  780 381 2430    -4048116    -22           0     11   26  71  119   -9  383  -30  383  -30  24  0  0 L3P 04
G17 FF 61150 194200  780 591 1217     1174353     66           4    -23   19  15   86    5  241  -10  241  -10  19  0  0 L3P E1
G19 FF 61150 194200  780 737  506    -6976447    -23          18    -12   27   0   77   -2  267  -22  267  -22  20  0  0 L3P 0F
G20 FF 61150 194200  780 617 2655    -1176994   -181          -3      6   49  75   84   -1  330    3  330    3  32  0  0 L3P D9
G22 FF 61150 194200  780 432 1587      154504    -56          -7      5   30  16  107   10  244  -24  244  -24  28  0  0 L3P EB
G30 FF 61150 194200  780 358  848    -1945334   -115           7     19   14  26  126   11  307   -2  307   -2  14  0  0 L3P F3
G06 FF 61150 195800  780 206  404     6094476    -48          23    -26   36  45  208  -45  544 -111  544 -111  29  0  0 L3P 59
G13 FF 61150 195800  780 724 2893    -6786882     43          10     26   15  66   77    1  287  -19  287  -19  14  0  0 L3P 2C
G14 FF 61150 195800  780 263 1354    -7439297    -35         -10    -22   20   4  165   25  264    7  264    7  16  0  0 L3P 02
G15 FF 61150 195800  780 407 2518    -4048147    -33           1      0   24  71  113   -5  370   -7  370   -7  21  0  0 L3P D7
G17 FF 61150 195800  780 534 1313     1174420     93         -14      5   18  15   92    8  229  -20  229  -20  18  0  0 L3P EA
G19 FF 61150 195800  780 764  831    -6976479     -9          -3      2   18   0   76    0  247  -22  247  -22  13  0  0 L3P D7
G20 FF 61150 195800  780 613 2829    -1177177   -196          -6    -10   13  75   84    1  334   14  334   14  10  0  0 L3P 0C
G22 FF 61150 195800  780 384 1518      154431    -64         -21     -2   23  16  118   12  239  -14  239  -14  20  0  0 L3P 0A
G30 FF 61150 195800  780 321  769    -1945467   -147           2    -13   27  26  138   15  307    1  307    1  24  0  0 L3P F0
G06 FF 61150 201400  780 252  466     6094448    -11          15     11   41  52  172  -30  411 -111  411 -111  32  0  0 L3P 15
G13 FF 61150 201400  780 682 3120    -6786860     -5          17    -22   12   9   79    3  295   29  295   29  11  0  0 L3P E7
G14 FF 61150 201400  780 223 1296    -7439289     10          13     23   34   5  192   32  233  -35  233  -35  25  0  0 L3P 02
G15 FF 61150 201400  780 419 2616    -4048177    -37          -2     -4   31 101  110   -1  368   10  368   10  26  0  0 L3P FD
G17 FF 61150 201400  780 468 1373     1174526     99           7     10   29  66  101   12  213  -11  213  -11  28  0  0 L3P F1
G19 FF 61150 201400  780 737 1150    -6976492     22          -3     33   14   7   77    2  226  -47  226  -47  11  0  0 L3P EB
G20 FF 61150 201400  780 584 2985    -1177353   -170           0     17   15  76   86    4  346   -1  346   -1  14  0  0 L3P E5
G22 FF 61150 201400  780 340 1451      154366    -91         -22    -30   22  17  131   15  239    0  239    0  19  0  0 L3P C9
G24 FF 61150 201400  780 234 2193      267326   -165           3     13   31  82  184  -42  344 -102  344 -102  28  0  0 L3P 2B
G30 FF 61150 201400  780 281  697    -1945605    -91         -14     43   22  27  156   22  317  -26  317  -26  18  0  0 L3P 2A
G06 FF 61150 203000  780 298  534     6094426    -40          13    -18   29  52  147  -21  322  -58  322  -58  23  0  0 L3P 27
G12 FF 61150 203000  780 203 2622     6079458    -48         -12    -47   28  29  211  -29  630 -124  630 -124  24  0  0 L3P 60
G13 FF 61150 203000  780 619 3260    -6786852    -18           8    -35   15   9   83    6  309   44  309   44  12  0  0 L3P E7
G14 FF 61150 203000  780 186 1238    -7439338      7         -24     19   31   5  228   43  241  -41  241  -41  24  0  0 L3P FF
G15 FF 61150 203000  780 418 2719    -4048215    -25          -9      8   29 101  110    2  378   -1  378   -1  26  0  0 L3P E9
G17 FF 61150 203000  780 400 1408     1174610     78           6    -11   18  66  114   17  196  -21  196  -21  16  0  0 L3P FE
G19 FF 61150 203000  780 678 1328    -6976494      0           5     11   15   7   79    4  199  -36  199  -36  13  0  0 L3P E8
G20 FF 61150 203000  780 537 3108    -1177534   -185          -2      2   12  76   91    6  361   17  361   17  12  0  0 L3P DC
G22 FF 61150 203000  780 298 1385      154325    -58          -4      4   22  17  147   19  200  -27  200  -27  16  0  0 L3P E7
G24 FF 61150 203000  780 291 2171      267157   -232           6    -53   31  82  151  -29  272   -7  272   -7  25  0  0 L3P FD
G30 FF 61150 203000  780 237  632    -1945708   -139          12     -4   33  27  182   34  302   16  302   16  28  0  0 L3P FD
G06 FF 61150 204600  780 342  609     6094402    -37          10    -15   23  52  131  -14  264  -39  264  -39  19  0  0 L3P 23
G11 FF 61150 204600  780 217  162     3664647   -142          36    -15   36  85  197  -50  622 -193  622 -193  26  0  0 L3P 6C
G12 FF 61150 204600  780 230 2551     6079492    -34          24    -33   30  29  187  -21  453  -97  453  -97  28  0  0 L3P 4B
G13 FF 61150 204600  780 546 3346    -6786836     23           8      6   22   9   90    9  324   15  324   15  21  0  0 L3P B9
G15 FF 61150 204600  780 402 2820    -4048244    -35          -6     -2   26 101  114    5  381    9  381    9  22  0  0 L3P D3
G17 FF 61150 204600  780 331 1425     1174697    100           8     11   22  66  135   25  169  -47  169  -47  18  0  0 L3P 1C
G19 FF 61150 204600  780 606 1412    -6976496     -7          15      4   13   7   84    6  169  -31  169  -31  11  0  0 L3P E3
G20 FF 61150 204600  780 480 3201    -1177719   -180          -8      7   18  76   99   10  389   19  389   19  13  0  0 L3P 17
G22 FF 61150 204600  780 259 1320      154249    -92         -21    -31   24  17  167   23  187    1  187    1  18  0  0 L3P E2
G24 FF 61150 204600  780 351 2156      266981   -168           1     11   21  82  128  -20  230  -60  230  -60  17  0  0 L3P 05
G30 FF 61150 204600  780 190  575    -1945836   -167          13    -33   44  27  225   57  306   44  306   44  37  0  0 L3P 2D
G06 FF 61150 210200  780 380  695     6094382     20          10     42   29  52  119   -9  207 -105  207 -105  24  0  0 L3P 12
G11 FF 61150 210200  780 275  207     3664501    -68          13     59   46  85  159  -33  470 -226  470 -226  38  0  0 L3P 4A
G12 FF 61150 210200  780 257 2478     6079488      2          20      4   21  29  169  -17  338 -119  338 -119  19  0  0 L3P 34
G13 FF 61150 210200  780 471 3404    -6786835     32          -7     15   12   9  100   13  354   -3  354   -3  11  0  0 L3P D0
G15 FF 61150 210200  780 376 2915    -4048282    -45         -13    -12   22 101  120    9  397   21  397   21  18  0  0 L3P 21
G17 FF 61150 210200  780 263 1428     1174768     77          -6    -12   29  66  165   40  147  -48  147  -48  23  0  0 L3P 2E
G19 FF 61150 210200  780 533 1452    -6976503     -5          18      7   17   7   92    9  140  -31  140  -31  15  0  0 L3P CC
G20 FF 61150 210200  780 419 3273    -1177905   -197         -15    -10   18  76  110   14  418   34  418   34  15  0  0 L3P 37
G22 FF 61150 210200  780 223 1254      154190      0         -21     61   23  17  193   30  164  -95  164  -95  18  0  0 L3P E7
G24 FF 61150 210200  780 415 2149      266823   -156          15     23   19  82  111  -15  179  -58  179  -58  17  0  0 L3P 3A
G06 FF 61150 211800  780 409  791     6094358     -1           7     20   22  52  112   -6  159  -63  159  -63  19  0  0 L3P EE
G11 FF 61150 211800  780 336  256     3664395    -96          28     31   23  85  133  -22  306 -164  306 -164  19  0  0 L3P 49
G12 FF 61150 211800  780 284 2405     6079485    -13          19    -12   19  29  154  -14  244  -74  244  -74  15  0  0 L3P 43
G13 FF 61150 211800  780 397 3449    -6786814      3          -3    -14   44   9  115   18  370   54  370   54  41  0  0 L3P FB
G15 FF 61150 211800  780 340 3000    -4048302    -33           0      0   23 101  131   13  403   12  403   12  17  0  0 L3P BB
G17 FF 61150 211800  780 198 1422     1174875    206          16    118   30  66  216   68   97 -107   97 -107  25  0  0 L3P 4E
G19 FF 61150 211800  780 460 1466    -6976516    -25          16    -13   24   7  102   13  113  -17  113  -17  22  0  0 L3P 1C
G20 FF 61150 211800  780 356 3332    -1178076   -165          -7     22   44  76  126   20  445   32  445   32  43  0  0 L3P 1C
G22 FF 61150 211800  780 188 1189      154148    -78          -3    -16   27  17  225   39  113   -5  113   -5  22  0  0 L3P F1
G24 FF 61150 211800  780 482 2154      266652   -167          14     11   14  82   99  -11  146  -43  146  -43  13  0  0 L3P 19
G06 FF 61150 213400  780 426  896     6094320    -31         -10     -9   19  52  109   -2  127  -44  127  -44  17  0  0 L3P 0E
G11 FF 61150 213400  780 399  313     3664260   -143          15    -15   17  85  115  -16  209  -71  209  -71  15  0  0 L3P 35
G12 FF 61150 213400  780 310 2331     6079473     22           7     23   26  29  142  -11  184  -77  184  -77  23  0  0 L3P 0A
G13 FF 61150 213400  780 325 3486    -6786795     10           0     -7   27   9  137   27  414   68  414   68  22  0  0 L3P F5
G15 FF 61150 213400  780 300 3077    -4048341    -49          -8    -16   28 101  147   19  439   49  439   49  21  0  0 L3P 39
G19 FF 61150 213400  780 390 1466    -6976527     10          16     21   20   7  117   18   86  -35   86  -35  19  0  0 L3P FC
G20 FF 61150 213400  780 295 3382    -1178254   -164          -6     23   56  76  149   29  494   37  494   37  50  0  0 L3P 3F
G24 FF 61150 213400  780 551 2174      266471   -178           5      0   15  82   90   -8  124  -24  124  -24  12  0  0 L3P D8
G06 FF 61150 215000  780 428 1004     6094301    -54          -8    -32   32  52  108    1   95   16   95   16  28  0  0 L3P CD
G11 FF 61150 215000  780 461  381     3664137   -135          15     -8   14  85  102  -11  149  -52  149  -52  13  0  0 L3P 1A
G12 FF 61150 215000  780 337 2256     6079470      5           5      6   25  29  132  -10  146  -41  146  -41  22  0  0 L3P DA
G13 FF 61150 215000  780 256 3521    -6786771     26           7      9   25   9  170   42  473   63  473   63  24  0  0 L3P E3
G15 FF 61150 215000  780 256 3147    -4048371    -75          -7    -42   20 101  169   28  488   91  488   91  17  0  0 L3P 42
G19 FF 61150 215000  780 324 1455    -6976527     26          27     37   19   7  137   25   66  -37   66  -37  16  0  0 L3P 0A
G20 FF 61150 215000  780 236 3428    -1178439   -129         -11     58   33  76  183   43  550    0  550    0  26  0  0 L3P 09
G24 FF 61150 215000  780 620 2222      266305   -173          10      6   20  82   83   -5  102  -19  102  -19  18  0  0 L3P D7
G06 FF 61150 220600  780 415 1108     6094280      9          -6     31   25  89  111    5   87  -33   87  -33  23  0  0 L3P C8
G11 FF 61150 220600  780 520  468     3664011   -160           7    -33   15  86   93   -7  118   12  118   12  12  0  0 L3P D7
G12 FF 61150 220600  780 366 2181     6079471     17           4     18   25  30  123   -9  119  -44  119  -44  21  0  0 L3P F6
G13 FF 61150 220600  780 192 3554    -6786757    -37           7    -54   34  10  222   70  530  102  530  102  27  0  0 L3P 2C
G15 FF 61150 220600  780 212 3211    -4048415    -53         -19    -20   27 102  202   40  565   78  565   78  22  0  0 L3P 32
G19 FF 61150 220600  780 261 1437    -6976549     -1          13     10   19  81  166   37   75  -20   75  -20  14  0  0 L3P FD
G24 FF 61150 220600  780 686 2318      266129   -169           5     10   10  83   79   -3   98   -9   98   -9  10  0  0 L3P C8
G06 FF 61150 222200  780 386 1200     6094264    -23          -1     -2   21  89  118    9   76  -21   76  -21  20  0  0 L3P D1
G11 FF 61150 222200  780 570  582     3663893   -132          12     -5   14  86   88   -5   96  -17   96  -17  13  0  0 L3P F2
G12 FF 61150 222200  780 395 2104     6079465     12          -1     13   22  30  115   -8  103  -25  103  -25  19  0  0 L3P E8
G19 FF 61150 222200  780 203 1413    -6976564    -23           9    -12   38  81  211   58   70    9   70    9  29  0  0 L3P D1
G24 FF 61150 222200  780 738 2508      265953   -195           1    -17   20  83   77   -2   99    7   99    7  17  0  0 L3P C1
G06 FF 61150 225000  780 309 1323     6094225      7          -3     29   24  89  143   22   62  -18   62  -18  22  0  0 L3P D3
G11 FF 61150 225000  780 615  857     3663670   -127           2      0   19  86   84    0   77  -10   77  -10  17  0  0 L3P B5
G12 FF 61150 225000  780 452 1963     6079467     32           3     33   18  30  104   -6   78  -33   78  -33  17  0  0 L3P DD
G24 FF 61150 225000  780 738 3046      265654   -176           2      2   19  83   77    2   94   -4   94   -4  13  0  0 L3P 9C
G29 FF 61150 225000  780 225 2895     3364262    -28          -8     43   25 109  191  -34  312 -160  312 -160  21  0  0 L3P 57
G06 FF 61150 230600  780 255 1371     6094190    -46         -17    -25   34  89  170   36   70   15   70   15  25  0  0 L3P FE
G11 FF 61150 230600  780 606 1027     3663548   -124           3      3   16  86   84    2   66  -10   66  -10  13  0  0 L3P B9
G12 FF 61150 230600  780 486 1877     6079461      3          -2      4   16  30   98   -5   73  -11   73  -11  13  0  0 L3P AF
G24 FF 61150 230600  780 684 3249      265489   -160           8     19   10  83   79    4   88  -15   88  -15   9  0  0 L3P DA
G25 FF 61150 230600  780 227 2239    -4285699     57          16     29   30  77  190  -36  104  -50  104  -50  26  0  0 L3P 38
G29 FF 61150 230600  780 265 2824     3364194    -58          -7     13   24 109  164  -22  213  -91  213  -91  21  0  0 L3P 3A
G06 FF 61150 232200  780 198 1405     6094161    -59         -26    -38   47  89  216   64   71   55   71   55  38  0  0 L3P 1A
G11 FF 61150 232200  780 572 1170     3663420   -162          -4    -34   15  86   87    4   63   27   63   27  13  0  0 L3P D2
G12 FF 61150 232200  780 521 1782     6079469    -31           8    -29   14  30   93   -5   57   20   57   20  13  0  0 L3P C4
G24 FF 61150 232200  780 614 3363      265314   -170           5      9   24  83   84    6   90   -9   90   -9  24  0  0 L3P 96
G25 FF 61150 232200  780 272 2192    -4285681     36           7      8   43  77  160  -27   96  -25   96  -25  36  0  0 L3P FF
G29 FF 61150 232200  780 300 2748     3364137    -91           6    -19   18 109  146  -15  150  -24  150  -24  15  0  0 L3P 32
G05 FF 61150 233800  780 193  370     2320037    -21          23    -26   37  58  221  -51  122  -36  122  -36  29  0  0 L3P 15
G11 FF 61150 233800  780 522 1275     3663300    -98          -1     29   21  86   93    7   55  -32   55  -32  20  0  0 L3P D2
G12 FF 61150 233800  780 556 1676     6079460    -21          -1    -20   14  30   89   -4   59   11   59   11  12  0  0 L3P CF
G21 FF 61150 233800  780 190  645    -4147471    126           1    132   40   6  224  -37   93 -122   93 -122  36  0  0 L3P 11
G24 FF 61150 233800  780 539 3432      265132   -201          -6    -23   36  83   91    9  100   18  100   18  33  0  0 L3P DA
G25 FF 61150 233800  780 322 2147    -4285668    -34          -7    -63   24  77  138  -20   92   43   92   43  20  0  0 L3P 11
G29 FF 61150 233800  780 332 2665     3364067    -41           4     30   22 109  134  -11  119  -60  119  -60  18  0  0 L3P 24
