CGGTTS     GENERIC DATA FORMAT VERSION = 2E
REV DATE = 2025-11-01
RCVR = PolaRx5TR (5.6.0)     sbf2cggtts-1.5.0
CH = 80
IMS = PolaRx5TR
LAB = LRTE
X = 3967035.920 m
Y = -4390028.540 m
Z = -2375644.640 m
FRAME = ITRF
COMMENTS = LS=18; ElMask=10deg; 'Generated from the SBF in 2026-04-18 at 23:46:00'
INT DLY = 24.9 ns (GPS P1),  15.7 ns (GPS P2)     CAL_ID = 1201-2025
CAB DLY = 103.1 ns
REF DLY = 47.2 ns
REF = UTC(LRTE)
CKSUM = 01

SAT CL  MJD  STTIME TRKL ELV AZTH   REFSV      SRSV     REFSYS    SRSYS  DSG IOE MDTR SMDT MDIO SMDI MSIO SMSI ISG FR HC FRC CK
             hhmmss  s  .1dg .1dg    .1ns     .1ps/s     .1ns    .1ps/s .1ns     .1ns.1ps/s.1ns.1ps/s.1ns.1ps/s.1ns
G05 FF 61148 000600  780 239  430     2318711     21          17     17   28 155  181  -34  111  -42  111  -42  21  0  0 L3P 01
G11 FF 61148 000600  780 464 1343     3695975   -171          -6    -44   35  49  101   11   53   37   53   37  34  0  0 L3P 04
G12 FF 61148 000600  780 587 1554     6079596     36           7     36    9  16   86   -3   62  -34   62  -34   8  0  0 L3P C2
G21 FF 61148 000600  780 220  717    -4145606    -46           9    -39   26 209  195  -25  103   19  103   19  22  0  0 L3P 17
G24 FF 61148 000600  780 465 3478      310913   -184           0     -6   29  80  101   13  109   23  109   23  27  0  0 L3P E4
G25 FF 61148 000600  780 375 2105    -4292872    -10          19    -38   16  43  121  -16   65   50   65   50  15  0  0 L3P 04
G29 FF 61148 000600  780 359 2579     3382563    -52          21     19   18  92  125   -8  123  -22  123  -22  16  0  0 L3P 23
G05 FF 61148 002200  780 286  496     2318704    -43           6    -48   39 155  153  -24  103   18  103   18  32  0  0 L3P 0F
G11 FF 61148 002200  780 400 1388     3695853   -142          -6    -14   31  49  114   16   54   10   54   10  28  0  0 L3P EF
G12 FF 61148 002200  780 613 1411     6079597     38           7     38   10  16   84   -2   61  -40   61  -40  10  0  0 L3P B9
G21 FF 61148 002200  780 246  794    -4145600    -72          23    -64   35 209  175  -16   80   69   80   69  31  0  0 L3P 15
G24 FF 61148 002200  780 390 3516      310734   -180          -8     -2   16  80  117   19  139   34  139   34  12  0  0 L3P F3
G25 FF 61148 002200  780 432 2063    -4292837     74          27     45   19  43  107  -12   57  -51   57  -51  15  0  0 L3P 0E
G29 FF 61148 002200  780 382 2488     3382507    -42          32     28   17  92  119   -6  102  -39  102  -39  14  0  0 L3P 23
G05 FF 61148 003800  780 331  569     2318713     -4          11     -8   26 155  134  -16   93    3   93    3  24  0  0 L3P B4
G11 FF 61148 003800  780 333 1414     3695720   -114         -17     14   27  49  134   24   69   -9   69   -9  21  0  0 L3P 03
G12 FF 61148 003800  780 628 1248     6079600     28          10     28    9  16   83   -1   60  -28   60  -28   9  0  0 L3P BF
G18 FF 61148 003800  780 200 3227     3741418   -100          28     -7   26  13  214  -67  381 -153  381 -153  17  0  0 L3P 5A
G21 FF 61148 003800  780 266  874    -4145640     -7         -10      1   30 209  163   -9  110   -2  110   -2  22  0  0 L3P D0
G24 FF 61148 003800  780 318 3549      310586   -167          14     11   19  80  139   28  161   36  161   36  17  0  0 L3P 13
G25 FF 61148 003800  780 494 2023    -4292812     31          24      3   15  43   97  -10   47  -17   47  -17  14  0  0 L3P E5
G29 FF 61148 003800  780 402 2394     3382443    -60          36     11   18  92  114   -4   85  -21   85  -21  16  0  0 L3P F8
G05 FF 61148 005400  780 372  652     2318717     -9          10    -13   24 155  121  -11   91    2   91    2  20  0  0 L3P AF
G11 FF 61148 005400  780 268 1425     3695615    -56           1     72   24  49  163   38   59  -56   59  -56  20  0  0 L3P 07
G12 FF 61148 005400  780 628 1074     6079606     -6          16     -6   15  16   83    1   56    5   56    5  13  0  0 L3P 89
G18 FF 61148 005400  780 264 3188     3741336   -136          35    -43   30  13  165  -38  239  -95  239  -95  25  0  0 L3P 69
G21 FF 61148 005400  780 278  958    -4145639     -1          -1      7   34 209  157   -3   94   -8   94   -8  28  0  0 L3P D5
G24 FF 61148 005400  780 250 3580      310417   -195          15    -18   20  80  174   44  213   84  213   84  16  0  0 L3P 0C
G25 FF 61148 005400  780 560 1984    -4292809     -2           0    -30   14  43   89   -7   51    9   51    9  12  0  0 L3P A6
G29 FF 61148 005400  780 419 2299     3382372   -106          33    -36   22  92  110   -3   68   -1   68   -1  19  0  0 L3P FC
G05 FF 61148 011000  780 406  745     2318722    -20          11    -25   23 155  113   -7   81   11   81   11  22  0  0 L3P C7
G11 FF 61148 011000  780 204 1425     3695476   -191         -16    -64   25  49  210   63   68   46   68   46  21  0  0 L3P 19
G12 FF 61148 011000  780 611  905     6079605    -14          15    -14   16  16   84    2   57    6   57    6  13  0  0 L3P 8F
G18 FF 61148 011000  780 326 3138     3741218   -112           7    -19   21  13  136  -24  167  -60  167  -60  16  0  0 L3P 30
G21 FF 61148 011000  780 279 1042    -4145632    -45          13    -37   34 209  157    2   74   14   74   14  30  0  0 L3P EE
G24 FF 61148 011000  780 185   11      310265    -82          33     95   24  80  229   72  271  -13  271  -13  23  0  0 L3P D8
G25 FF 61148 011000  780 630 1942    -4292802     26         -21     -2   17  43   83   -5   54  -21   54  -21  14  0  0 L3P D9
G28 FF 61148 011000  780 187 2326     5525950   -107          45    -14   24  70  227  -41   93  -15   93  -15  22  0  0 L3P 29
G29 FF 61148 011000  780 433 2202     3382290   -120          19    -50   17  92  107   -3   61   25   61   25  15  0  0 L3P E6
G05 FF 61148 012600  780 428  848     2318720    -10           4    -15   25 155  108   -3   77    6   77    6  22  0  0 L3P B8
G12 FF 61148 012600  780 578  757     6079584     23          -6     23   17  16   87    4   69  -27   69  -27  14  0  0 L3P DD
G18 FF 61148 012600  780 386 3075     3741118    -98          -3     -5   25  13  118  -16  115  -54  115  -54  19  0  0 L3P 2D
G21 FF 61148 012600  780 269 1123    -4145637    -81          16    -73   48 209  162    9   58   49   58   49  45  0  0 L3P 1E
G25 FF 61148 012600  780 703 1892    -4292782     45         -27     17   12  43   78   -4   48  -24   48  -24  10  0  0 L3P 02
G28 FF 61148 012600  780 217 2391     5525840    -83          26     10   28  70  198  -23   98  -21   98  -21  21  0  0 L3P 19
G29 FF 61148 012600  780 446 2103     3382213    -70           9      1   20  92  105   -2   54   -8   54   -8  20  0  0 L3P A1
G05 FF 61148 014200  780 437  957     2318718    -56          -2    -60   31 155  106    0   69   40   69   40  28  0  0 L3P E2
G12 FF 61148 014200  780 532  637     6079604    -34          14    -34   21  16   92    6   54   23   54   23  16  0  0 L3P B4
G18 FF 61148 014200  780 443 2997     3741025    -56          -7     37   44  13  105  -10   87  -46   87  -46  28  0  0 L3P 1D
G21 FF 61148 014200  780 248 1199    -4145656      3           5     11   23 209  175   18   54  -12   54  -12  18  0  0 L3P E8
G25 FF 61148 014200  780 779 1811    -4292752     69         -25     40   12  43   75   -2   40  -40   40  -40  12  0  0 L3P EA
G28 FF 61148 014200  780 237 2464     5525743    -89          18      4   28  70  182  -11   99   -5   99   -5  23  0  0 L3P F4
G29 FF 61148 014200  780 458 2004     3382134    -74          -2     -4   21  92  102   -2   56   -5   56   -5  18  0  0 L3P C1
G05 FF 61148 015800  780 429 1064     2318718     10          -7      5   23 155  108    3   69   -9   69   -9  21  0  0 L3P C3
G12 FF 61148 015800  780 477  542     6079594    -50           4    -50   19  16   99   10   64   36   64   36  16  0  0 L3P D4
G18 FF 61148 015800  780 493 2902     3740944    -96           2     -3   22  13   97   -7   65   -8   65   -8  17  0  0 L3P CA
G21 FF 61148 015800  780 217 1266    -4145673     10          -5     18   35 209  198   31   62  -17   62  -17  28  0  0 L3P 13
G25 FF 61148 015800  780 853 1533    -4292733     66         -33     37   47  43   74   -1   54  -29   54  -29  46  0  0 L3P 11
G28 FF 61148 015800  780 248 2542     5525649    -72          13     21   33  70  175   -3  105  -21  105  -21  28  0  0 L3P 19
G29 FF 61148 015800  780 468 1903     3382076    -84           8    -13   18  92  101   -2   46    6   46    6  16  0  0 L3P C8
G05 FF 61148 021400  780 406 1162     2318739    -50          10    -55   27 185  113    7   51   47   51   47  23  0  0 L3P EA
G12 FF 61148 021400  780 416  468     6079586    -22           1    -22   15  17  111   14   76   26   76   26  12  0  0 L3P CB
G18 FF 61148 021400  780 534 2786     3740843   -108         -11    -15   19  14   92   -4   63    2   63    2  16  0  0 L3P D5
G23 FF 61148 021400  780 211 3520    -6374151    -75          32    -30   27 226  204  -65  215  -88  215  -88  23  0  0 L3P 55
G25 FF 61148 021400  780 844  458    -4292706     43         -29     14   14  44   74    1   49   -7   49   -7  12  0  0 L3P C1
G28 FF 61148 021400  780 247 2623     5525561   -157          19    -64   41  71  175    4  112   81  112   81  39  0  0 L3P 1C
G29 FF 61148 021400  780 479 1800     3382000    -46          -1     24   14  93   99   -2   46  -18   46  -18  12  0  0 L3P E4
G05 FF 61148 023000  780 371 1245     2318741     -1           8     -6   21 185  122   12   56    5   56    5  17  0  0 L3P 9A
G12 FF 61148 023000  780 352  411     6079596     25          10     25   23  17  127   21   80   -6   80   -6  18  0  0 L3P AF
G18 FF 61148 023000  780 563 2650     3740763    -66          -1     28   14  14   88   -2   50  -22   50  -22  13  0  0 L3P D6
G23 FF 61148 023000  780 282 3530    -6374197    -78          29    -34   19 226  155  -38  146  -41  146  -41  16  0  0 L3P 6B
G25 FF 61148 023000  780 765  242    -4292675     39         -25     10   17  44   76    3   52    6   52    6  16  0  0 L3P 9D
G28 FF 61148 023000  780 237 2704     5525409    -22         -43     71   36  71  182   11  197  -43  197  -43  33  0  0 L3P 36
G29 FF 61148 023000  780 488 1695     3381930    -70          -3      1   15  93   98   -1   51    6   51    6  13  0  0 L3P 9B
G05 FF 61148 024600  780 325 1311     2318748     10         -13      5   27   6  137   19   57   -3   57   -3  24  0  0 L3P B0
G12 FF 61148 024600  780 286  367     6079607     16          22     16   28  17  153   34   88   11   88   11  24  0  0 L3P D5
G18 FF 61148 024600  780 579 2501     3740666   -110          -9    -16   16  14   87   -1   51    8   51    8  12  0  0 L3P C8
G23 FF 61148 024600  780 357 3536    -6374260   -103           8    -59   13 226  126  -24  116    1  116    1  10  0  0 L3P 10
G25 FF 61148 024600  780 682  180    -4292636     34         -13      6   21  44   79    5   55   11   55   11  18  0  0 L3P AD
G28 FF 61148 024600  780 219 2782     5525414   -253          51   -160   62  71  195   19  142  212  142  212  60  0  0 L3P 5C
G29 FF 61148 024600  780 495 1586     3381875   -101          10    -30   13  93   97   -1   41   31   41   31  11  0  0 L3P E7
G05 FF 61148 030200  780 273 1361     2318760     -7          -6    -12   25   6  160   31   54   27   54   27  21  0  0 L3P B7
G12 FF 61148 030200  780 219  334     6079596    -10          10    -10   36  17  196   58  124   46  124   46  30  0  0 L3P FD
G18 FF 61148 030200  780 582 2347     3740580    -74          -5     19   17  14   87    0   47  -12   47  -12  15  0  0 L3P D9
G23 FF 61148 030200  780 436 3538    -6374307     -7           3     38   28 226  107  -16   87  -55   87  -55  22  0  0 L3P 1C
G25 FF 61148 030200  780 599  150    -4292610     30         -15      1   22  44   85    7   69   11   69   11  21  0  0 L3P 9F
G26 FF 61148 030200  780 228 2238     3550018     82          15     35   34  55  189  -45   58  -23   58  -23  31  0  0 L3P 06
G28 FF 61148 030200  780 195 2857     5525293   -102          19     -8   25  71  218   29  237   89  237   89  24  0  0 L3P 3C
G29 FF 61148 030200  780 500 1474     3381809    -57          12     13   14  93   96    0   43   -3   43   -3  12  0  0 L3P AB
G05 FF 61148 031800  780 216 1397     2318764    -32          -6    -37   45   6  199   52   56   48   56   48  40  0  0 L3P F9
G15 FF 61148 031800  780 205  770    -4040524     -2           6     31   26  16  208  -24   84  -13   84  -13  21  0  0 L3P CE
G18 FF 61148 031800  780 572 2199     3740489    -97          -6     -4   13  14   87    2   47    0   47    0  11  0  0 L3P A3
G23 FF 61148 031800  780 518 3537    -6374352    -38           1      6   20 226   94  -11   72  -11   72  -11  15  0  0 L3P EE
G25 FF 61148 031800  780 516  133    -4292568     31          -1      3   18  44   94   11   71   10   71   10  17  0  0 L3P 9B
G26 FF 61148 031800  780 283 2274     3550039     36          -8    -10   31  55  155  -28   67  -10   67  -10  27  0  0 L3P 09
G29 FF 61148 031800  780 501 1359     3381733    -45           3     25   16  93   96    0   58  -19   58  -19  14  0  0 L3P DF
G10 FF 61148 033400  780 223 3370     5890342     -5         -17      6   49  51  193  -59  240  -85  240  -85  46  0  0 L3P 25
G15 FF 61148 033400  780 226  845    -4040563   -142          -2   -109   38  16  190  -15   79   82   79   82  34  0  0 L3P 27
G18 FF 61148 033400  780 553 2064     3740386    -79         -20     14   23  14   89    3   52  -15   52  -15  20  0  0 L3P E5
G23 FF 61148 033400  780 603 3531    -6374408    -38         -13      6   22 226   85   -8   74  -11   74  -11  21  0  0 L3P FC
G25 FF 61148 033400  780 435  124    -4292551     44         -10     15   40  44  107   16   89    5   89    5  37  0  0 L3P BF
G26 FF 61148 033400  780 334 2324     3550086     45          -6     -2   23  55  133  -18   59    4   59    4  19  0  0 L3P BC
G29 FF 61148 033400  780 497 1242     3381661   -117          -1    -47   17  93   96    1   59   33   59   33  14  0  0 L3P F0
G10 FF 61148 035000  780 294 3350     5890318    -42         -29    -31   27  51  150  -34  176  -35  176  -35  20  0  0 L3P 47
G15 FF 61148 035000  780 241  923    -4040594     25          -2     58   38  16  179   -8   69  -49   69  -49  37  0  0 L3P 06
G18 FF 61148 035000  780 528 1943     3740298    -86         -18      7   23  14   92    3   47   -8   47   -8  20  0  0 L3P C9
G23 FF 61148 035000  780 690 3520    -6374453    -67         -15    -22   22 226   79   -5   70   14   70   14  21  0  0 L3P 01
G25 FF 61148 035000  780 357  120    -4292532     66         -19     38   21  44  126   24  114   -3  114   -3  16  0  0 L3P E9
G26 FF 61148 035000  780 379 2390     3550124     38         -13     -9   21  55  119  -11   69   11   69   11  19  0  0 L3P EF
G29 FF 61148 035000  780 487 1126     3381598   -122           3    -51   20  93   98    2   53   43   53   43  18  0  0 L3P DA
G10 FF 61148 040600  780 367 3321     5890315     19         -19     30   55  52  123  -22  123  -75  123  -75  54  0  0 L3P 2B
G15 FF 61148 040600  780 247 1002    -4040619    -32           6      1   29  17  175   -1   64    7   64    7  26  0  0 L3P 9B
G18 FF 61148 040600  780 500 1833     3740206    -84         -17      9   21  15   96    4   48   -4   48   -4  19  0  0 L3P B9
G23 FF 61148 040600  780 778 3501    -6374503    -88         -25    -44   23 227   75   -3   64   34   64   34  22  0  0 L3P 14
G25 FF 61148 040600  780 282  122    -4292497     46          -7     18   23  49  155   38  140   32  140   32  18  0  0 L3P F5
G26 FF 61148 040600  780 415 2472     3550166     20         -11    -26   25  56  111   -7   75   21   75   21  22  0  0 L3P DB
G29 FF 61148 040600  780 470 1013     3381537    -52          15     18   21  94  100    4   56    7   56    7  21  0  0 L3P A7
G10 FF 61148 042200  780 440 3279     5890293    -46         -30    -35   15  52  106  -15   99   10   99   10  14  0  0 L3P 0D
G15 FF 61148 042200  780 244 1079    -4040630    -18          26     15   31  17  177    6   43   -6   43   -6  25  0  0 L3P CC
G16 FF 61148 042200  780 240 2258    -2470557    -82         -14    -11   35  63  180  -37   87    6   87    6  33  0  0 L3P FF
G18 FF 61148 042200  780 471 1733     3740124   -101         -10     -8   20  15  100    5   43    3   43    3  17  0  0 L3P A1
G23 FF 61148 042200  780 866 3431    -6374527    -50          -6     -6   19 227   74   -1   41    5   41    5  17  0  0 L3P C2
G25 FF 61148 042200  780 211  129    -4292443    112          20     84   26  49  204   66  145  -69  145  -69  21  0  0 L3P 25
G26 FF 61148 042200  780 438 2570     3550201     42         -20     -5   17  56  106   -3   81    2   81    2  15  0  0 L3P 9F
G29 FF 61148 042200  780 445  907     3381471    -69          16      1   24  94  105    5   59    1   59    1  21  0  0 L3P 93
G10 FF 61148 043800  780 513 3219     5890294     22         -19     34   15  52   94  -10   69  -38   69  -38  12  0  0 L3P 0D
G15 FF 61148 043800  780 231 1153    -4040679    -12           9     21   22  17  186   14   61   -7   61   -7  20  0  0 L3P C9
G16 FF 61148 043800  780 288 2308    -2470614    -86          -3    -16   33  63  152  -23   74   -3   74   -3  30  0  0 L3P 00
G18 FF 61148 043800  780 443 1640     3740035   -110          -9    -17   21  15  105    5   46   15   46   15  17  0  0 L3P DF
G23 FF 61148 043800  780 847 1743    -6374568    -15          -5     29   12 227   74    1   40  -25   40  -25  11  0  0 L3P FB
G26 FF 61148 043800  780 447 2678     3550252     49         -14      2   27  56  104    0   76   -7   76   -7  24  0  0 L3P CA
G29 FF 61148 043800  780 413  809     3381414    -55           5     16   33   9  111    8   54  -10   54  -10  27  0  0 L3P B4
G10 FF 61148 045400  780 583 3134     5890286    -26         -15    -15   13  52   86   -7   56    9   56    9  12  0  0 L3P D7
G15 FF 61148 045400  780 209 1221    -4040704    -69          15    -36   33  17  204   25   52   36   52   36  28  0  0 L3P F6
G16 FF 61148 045400  780 329 2373    -2470694    -23         -15     48   24  63  135  -14   73  -46   73  -46  20  0  0 L3P 32
G18 FF 61148 045400  780 415 1552     3739955    -81           1     12   24  15  111    6   35   -8   35   -8  22  0  0 L3P B8
G23 FF 61148 045400  780 761 1693    -6374624    -21         -18     23   17 227   76    3   51  -21   51  -21  16  0  0 L3P 06
G26 FF 61148 045400  780 440 2789     3550297     53         -14      6   21  56  106    3   72  -15   72  -15  19  0  0 L3P E5
G29 FF 61148 045400  780 374  721     3381352    -54          10     17   23   9  121   12   51   -4   51   -4  17  0  0 L3P A8
G10 FF 61148 051000  780 646 3006     5890283    -15          -8     -3   13  52   81   -4   42   -5   42   -5  11  0  0 L3P A7
G15 FF 61148 051000  780 179 1281    -4040747    -43           4    -10   30  17  237   43   57    4   57    4  25  0  0 L3P C0
G16 FF 61148 051000  780 361 2451    -2470761   -105         -15    -34   21  63  125   -8   64   17   64   17  19  0  0 L3P 11
G18 FF 61148 051000  780 389 1467     3739854    -76         -11     17   19  15  117    7   46  -24   46  -24  15  0  0 L3P 12
G23 FF 61148 051000  780 679 1663    -6374668    -45         -20     -1   14 227   79    5   49  -13   49  -13  11  0  0 L3P 11
G26 FF 61148 051000  780 418 2894     3550355     44           0     -3   29  56  110    6   57  -13   57  -13  23  0  0 L3P C6
G29 FF 61148 051000  780 330  643     3381279    -77           5     -6   26   9  135   18   54  -11   54  -11  22  0  0 L3P C4
G10 FF 61148 052600  780 694 2816     5890268      4         -12     15   17  52   79   -2   44  -14   44  -14  14  0  0 L3P DE
G16 FF 61148 052600  780 382 2542    -2470823    -80          -9     -9   23  63  119   -4   58   14   58   14  19  0  0 L3P F3
G18 FF 61148 052600  780 363 1385     3739781    -95           5     -2   20  15  124    7   32    6   32    6  16  0  0 L3P A0
G23 FF 61148 052600  780 600 1635    -6374712    -39         -21      6   12 227   85    7   44    1   44    1  10  0  0 L3P AB
G26 FF 61148 052600  780 386 2989     3550396     61          -5     15   23  56  118   10   57  -15   57  -15  18  0  0 L3P 07
G27 FF 61148 052600  780 239 2175     1118806    156          22    -12   40  75  181  -44   28    5   28    5  34  0  0 L3P E5
G29 FF 61148 052600  780 281  576     3381207    -58           1     13   37   9  156   27   59   -4   59   -4  30  0  0 L3P BA
G32 FF 61148 052600  780 217   34      -81331   -241         -35    -46   36  15  198  -56   82   32   82   32  32  0  0 L3P E1
G10 FF 61148 054200  780 715 2561     5890254     -4         -15      8   11  52   78    0   45   -5   45   -5  10  0  0 L3P 98
G16 FF 61148 054200  780 389 2640    -2470885    -36          -3     34   24  63  117    0   61  -19   61  -19  20  0  0 L3P F9
G18 FF 61148 054200  780 339 1304     3739672   -107         -14    -14   19  15  131    8   51   18   51   18  14  0  0 L3P FE
G23 FF 61148 054200  780 525 1605    -6374755    -52         -21     -8   20 227   93    9   44    9   44    9  17  0  0 L3P D4
G26 FF 61148 054200  780 346 3073     3550441     20          -4    -27   49  56  129   14   54   18   54   18  35  0  0 L3P E6
G27 FF 61148 054200  780 301 2166     1118944    143          -2    -25   30  75  146  -29   37   22   37   22  26  0  0 L3P F9
G29 FF 61148 054200  780 229  518     3381152    -73          14     -3   27   9  188   43   57   10   57   10  21  0  0 L3P C0
G32 FF 61148 054200  780 282   63      -81497   -123         -13     72   25  15  155  -35   55  -71   55  -71  22  0  0 L3P F0
G10 FF 61148 055800  780 703 2298     5890254     13          -5     25   12  52   78    1   33  -23   33  -23  11  0  0 L3P C1
G16 FF 61148 055800  780 382 2740    -2470937    -40          13     31   22  63  119    4   55  -19   55  -19  17  0  0 L3P 04
G18 FF 61148 055800  780 315 1224     3739591    -68          -6     25   20  15  140   10   53  -16   53  -16  15  0  0 L3P F8
G23 FF 61148 055800  780 455 1572    -6374795    -50         -19     -6   24 227  103   13   44    7   44    7  22  0  0 L3P F6
G26 FF 61148 055800  780 301 3147     3550472     50         -18      4   17  56  146   21   60   -1   60   -1  13  0  0 L3P B8
G27 FF 61148 055800  780 365 2167     1119099    164          -8     -4   18  75  123  -20   50    5   50    5  16  0  0 L3P D2
G32 FF 61148 055800  780 351   93      -81689   -183         -18     12   19  15  128  -23   54  -12   54  -12  15  0  0 L3P F5
G10 FF 61148 061400  780 665 2090     5890245    -21           0    -10   14  53   80    3   39   18   39   18  12  0  0 L3P B1
G16 FF 61148 061400  780 362 2837    -2471013    -38           4     33   24  81  124    8   57  -27   57  -27  19  0  0 L3P F3
G18 FF 61148 061400  780 291 1145     3739516   -119           8    -26   26  16  150   12   46   35   46   35  25  0  0 L3P FA
G23 FF 61148 061400  780 389 1537    -6374816    -66           0    -21   20 228  117   17   44   20   44   20  18  0  0 L3P FE
G26 FF 61148 061400  780 256 3214     3550532     21          -3    -26   27  74  170   29   59   29   59   29  24  0  0 L3P ED
G27 FF 61148 061400  780 432 2181     1119265    165          -7     -3   22  76  107  -14   40    6   40    6  19  0  0 L3P C0
G32 FF 61148 061400  780 424  126      -81874   -221         -11    -25   28  16  109  -16   46   13   46   13  25  0  0 L3P E8
G10 FF 61148 063000  780 615 1941     5890235    -20           1     -9   14  53   84    4   41   13   41   13  12  0  0 L3P 92
G16 FF 61148 063000  780 333 2927    -2471075    -54          10     17   26  81  134   12   54   -3   54   -3  21  0  0 L3P D9
G18 FF 61148 063000  780 267 1068     3739437   -105          19    -12   41  16  163   15   39   15   39   15  40  0  0 L3P 0A
G23 FF 61148 063000  780 327 1499    -6374854    -66           4    -22   27 228  136   22   41   20   41   20  24  0  0 L3P FD
G26 FF 61148 063000  780 210 3276     3550576   -126          -3   -173   45  74  204   42   59  148   59  148  36  0  0 L3P 47
G27 FF 61148 063000  780 499 2212     1119430    173          -4      5   18  76   96  -10   33   -6   33   -6  17  0  0 L3P C5
G32 FF 61148 063000  780 499  166      -82068   -191         -16      5   17  16   96  -11   49    4   49    4  15  0  0 L3P B1
G08 FF 61148 064600  780 241 2212    -4595264     70         -25      1   34  30  179  -43   66    9   66    9  29  0  0 L3P DB
G10 FF 61148 064600  780 560 1830     5890219     -9          -4      2   15  53   89    6   43   -1   43   -1  14  0  0 L3P 8C
G16 FF 61148 064600  780 296 3009    -2471129    -30          24     40   31  81  148   18   49  -17   49  -17  28  0  0 L3P 1B
G18 FF 61148 064600  780 241  993     3739345    -79          16     14   28  16  179   19   49   -7   49   -7  21  0  0 L3P F6
G23 FF 61148 064600  780 271 1458    -6374916    -53         -15     -9   23 228  161   31   59    8   59    8  17  0  0 L3P 06
G27 FF 61148 064600  780 565 2269     1119598    174           2      6   19  76   88   -7   32    5   32    5  17  0  0 L3P AE
G32 FF 61148 064600  780 575  222      -82247   -198          -8     -2   11  16   87   -8   44   10   44   10   9  0  0 L3P A0
G08 FF 61148 070200  780 301 2239    -4595191     80         -17     11   25  30  146  -27   52   -8   52   -8  23  0  0 L3P F0
G10 FF 61148 070200  780 505 1740     5890207    -17          -6     -6   17  53   95    8   45    1   45    1  14  0  0 L3P 8E
G16 FF 61148 070200  780 255 3083    -2471181    -63          39      7   29  81  170   27   47   -1   47   -1  22  0  0 L3P D8
G18 FF 61148 070200  780 213  920     3739265    -57          25     36   41  16  201   26   49  -22   49  -22  36  0  0 L3P F0
G23 FF 61148 070200  780 218 1414    -6374938     -3           6     41   32 228  197   44   40  -25   40  -25  25  0  0 L3P F9
G27 FF 61148 070200  780 624 2367     1119759    173           2      4   13  76   83   -4   41    1   41    1  12  0  0 L3P 83
G32 FF 61148 070200  780 649  310      -82427   -186          -1      9   11  16   81   -5   42   -5   42   -5  10  0  0 L3P 86
G08 FF 61148 071800  780 359 2281    -4595115     31          -7    -37   25  30  125  -18   44   45   44   45  20  0  0 L3P 01
G10 FF 61148 071800  780 452 1662     5890188    -41         -13    -29   20  53  103   10   52   23   52   23  17  0  0 L3P F1
G16 FF 61148 071800  780 213 3151    -2471272   -123          16    -52   19  81  201   39   69   56   69   56  15  0  0 L3P 1C
G18 FF 61148 071800  780 183  849     3739156    -87           6      6   36  16  232   39   70   -7   70   -7  25  0  0 L3P C9
G27 FF 61148 071800  780 669 2523     1119924    157           5    -11   17  76   80   -2   45   15   45   15  14  0  0 L3P DA
G32 FF 61148 071800  780 714  466      -82614   -203           0     -7   16  16   78   -3   44    5   44    5  14  0  0 L3P 7A
G08 FF 61148 073400  780 412 2340    -4595060     60         -17     -9   24  30  111  -12   51    2   51    2  23  0  0 L3P B7
G10 FF 61148 073400  780 402 1591     5890182    -73          -9    -61   31  53  114   12   53   57   53   57  27  0  0 L3P F2
G27 FF 61148 073400  780 687 2739     1120089    139           9    -29   15  76   79    0   44   22   44   22  13  0  0 L3P D8
G32 FF 61148 073400  780 752  740      -82800   -197           2     -1   32  16   76   -1   44    0   44    0  20  0  0 L3P 67
G02 FF 61148 075000  780 228 2187     -811276    -27           7     50   38  23  188  -44   53  -64   53  -64  35  0  0 L3P 05
G08 FF 61148 075000  780 458 2421    -4594993     45         -16    -23   15  30  103   -7   47   17   47   17  12  0  0 L3P 04
G10 FF 61148 075000  780 355 1523     5890162    -13         -17     -1   21  53  126   14   59    6   59    6  18  0  0 L3P C7
G27 FF 61148 075000  780 671 2961     1120247    190           5     22   15  76   80    2   42  -26   42  -26  13  0  0 L3P C5
G32 FF 61148 075000  780 741 1066      -82982   -237           8    -42   20  16   76    1   36   22   36   22  14  0  0 L3P B3
G02 FF 61148 080600  780 285 2149     -811365    -96          -5    -19   28  34  153  -30   60   13   60   13  24  0  0 L3P F2
G08 FF 61148 080600  780 491 2524    -4594939     70         -25      2   16  31   97   -4   53    3   53    3  14  0  0 L3P B2
G10 FF 61148 080600  780 312 1457     5890182     23          16     34   23  54  141   17   40  -28   40  -28  18  0  0 L3P EA
G27 FF 61148 080600  780 626 3132     1120408    177           1      8   13  80   83    4   46    5   46    5  13  0  0 L3P 78
G28 FF 61148 080600  780 229  386     5523576   -126           0    -32   36  75  188  -37   68   40   68   40  30  0  0 L3P 08
G32 FF 61148 080600  780 690 1281      -83185   -204          -4     -8   14  17   79    3   48   14   48   14  12  0  0 L3P B7
G02 FF 61148 082200  780 347 2115     -811436   -114          -2    -37   21  34  129  -22   52   38   52   38  18  0  0 L3P FB
G08 FF 61148 082200  780 508 2645    -4594867     80         -19     12   19  31   95   -1   51   -5   51   -5  15  0  0 L3P E1
G10 FF 61148 082200  780 273 1392     5890149     25          -7     37   27  54  160   21   65  -19   65  -19  23  0  0 L3P FB
G27 FF 61148 082200  780 564 3248     1120579    159          10     -9   20  80   88    7   46   13   46   13  17  0  0 L3P CE
G28 FF 61148 082200  780 276  448     5523479   -126          -7    -33   34  75  158  -26   74   34   74   34  27  0  0 L3P 1D
G32 FF 61148 082200  780 621 1389      -83367   -176           1     20   12  17   83    6   45  -14   45  -14  10  0  0 L3P BD
G02 FF 61148 083800  780 414 2085     -811502    -35           6     42   15  34  111  -16   47  -39   47  -39  12  0  0 L3P F0
G08 FF 61148 083800  780 506 2773    -4594810     71         -27      3   17  31   95    2   58    4   58    4  14  0  0 L3P AE
G10 FF 61148 083800  780 236 1327     5890147     12           1     23   22  54  182   26   65   13   65   13  16  0  0 L3P C1
G27 FF 61148 083800  780 496 3329     1120726    155          -4    -14   29  80   97   10   57   17   57   17  28  0  0 L3P FC
G28 FF 61148 083800  780 322  517     5523401    -53           5     40   43  75  138  -18   67  -19   67  -19  33  0  0 L3P FB
G31 FF 61148 083800  780 226  231     1546719    -12         -27     11   37  29  190  -43   89   -6   89   -6  29  0  0 L3P FB
G32 FF 61148 083800  780 547 1442      -83555   -176           1     19   22  17   90    9   44  -20   44  -20  21  0  0 L3P C4
G01 FF 61148 085400  780 198 2193    -2951103     86          -6      3   38 199  215  -60   61    7   61    7  34  0  0 L3P DA
G02 FF 61148 085400  780 485 2060     -811579    -83           3     -6   17  34   98  -12   48    3   48    3  14  0  0 L3P AE
G08 FF 61148 085400  780 485 2896    -4594734     32         -16    -36   20  31   98    4   55   22   55   22  16  0  0 L3P F6
G10 FF 61148 085400  780 203 1261     5890124    -93         -10    -82   25  54  210   33  109  118  109  118  19  0  0 L3P 3C
G27 FF 61148 085400  780 425 3389     1120901    123           9    -46   30  80  109   15   51   44   51   44  27  0  0 L3P E5
G28 FF 61148 085400  780 365  596     5523307    -71           0     22   24  75  123  -12   82   -6   82   -6  20  0  0 L3P C8
G31 FF 61148 085400  780 280  283     1546718     15          -5     39   29  29  156  -29   84   -8   84   -8  26  0  0 L3P E9
G32 FF 61148 085400  780 473 1464      -83739   -195           5      1   27  17  100   12   47    8   47    8  25  0  0 L3P A7
G01 FF 61148 091000  780 256 2165    -2951016     67           1    -16   34 199  169  -38   57   18   57   18  31  0  0 L3P 12
G02 FF 61148 091000  780 560 2041     -811657    -83           0     -6   12  34   89   -8   51   16   51   16  10  0  0 L3P A2
G08 FF 61148 091000  780 451 3005    -4594659     82          -7     14   42  31  104    8   53    4   53    4  28  0  0 L3P AC
G27 FF 61148 091000  780 355 3437     1121062    177           9      9   41  80  126   22   64   14   64   14  39  0  0 L3P C8
G28 FF 61148 091000  780 402  684     5523214    -61          -3     32   24  75  114   -8   95   -5   95   -5  22  0  0 L3P C1
G31 FF 61148 091000  780 336  340     1546700    -26           0     -2   22  29  132  -20   94   18   94   18  19  0  0 L3P BB
G32 FF 61148 091000  780 400 1469      -83931   -197           1     -1   20  17  114   17   68   25   68   25  17  0  0 L3P C8
G01 FF 61148 092600  780 318 2143    -2950975     70         -37    -13   24 199  139  -26   98   30   98   30  18  0  0 L3P 3A
G02 FF 61148 092600  780 640 2032     -811735    -82          -4     -5    9  34   82   -6   68   29   68   29   7  0  0 L3P AF
G03 FF 61148 092600  780 189 2456    -4988952    118         -23    -29   41  10  224  -31   71   28   71   28  36  0  0 L3P 36
G08 FF 61148 092600  780 406 3097    -4594602     68         -15     -1   19  31  113   11   76   26   76   26  14  0  0 L3P F9
G27 FF 61148 092600  780 288 3479     1121229    181          14     13   28  80  152   33   91   16   91   16  23  0  0 L3P F4
G28 FF 61148 092600  780 430  784     5523135    -67           7     26   25  75  108   -5  103  -16  103  -16  23  0  0 L3P FE
G31 FF 61148 092600  780 393  404     1546673    -29          -4     -5   17  29  116  -14  114   20  114   20  13  0  0 L3P ED
G32 FF 61148 092600  780 331 1462      -84126   -155          -7     41   22  17  135   25  105   -1  105   -1  20  0  0 L3P D8
G01 FF 61148 094200  780 384 2127    -2950867     51          -9    -32   25 199  118  -18  101   60  101   60  22  0  0 L3P 2E
G02 FF 61148 094200  780 723 2041     -811810    -70          -4      7   15  34   77   -4   87   16   87   16  14  0  0 L3P B2
G03 FF 61148 094200  780 217 2388    -4988805    167         -16     20   28  10  198  -25   87   25   87   25  27  0  0 L3P 37
G04 FF 61148 094200  780 213 3085     -537749     29          29     44   44 231  202  -51   88  -10   88  -10  30  0  0 L3P 10
G08 FF 61148 094200  780 356 3176    -4594534     75         -13      7   17  31  126   17  104   25  104   25  13  0  0 L3P 07
G27 FF 61148 094200  780 224 3518     1121385    226           9     57   27  80  192   52  144   11  144   11  22  0  0 L3P F8
G28 FF 61148 094200  780 444  893     5523045    -63           6     30   24  75  105   -1  120  -13  120  -13  24  0  0 L3P E9
G31 FF 61148 094200  780 446  481     1546644    -17         -10      7   20  29  105  -10  133    8  133    8  17  0  0 L3P D2
G32 FF 61148 094200  780 265 1446      -84328   -161         -21     35   22  17  164   38  167   33  167   33  17  0  0 L3P 1A
G01 FF 61148 095800  780 453 2121    -2950780     71          -1    -12   18 199  103  -13  113   22  113   22  17  0  0 L3P 1B
G02 FF 61148 095800  780 807 2112     -811879    -82           0     -4   15  34   75   -2  106   19  106   19  13  0  0 L3P D7
G03 FF 61148 095800  780 245 2319    -4988660    167         -13     20   32  10  176  -20  122   11  122   11  27  0  0 L3P 29
G04 FF 61148 095800  780 266 3028     -537773    -32          18    -17   27 231  164  -30  123   33  123   33  24  0  0 L3P 2F
G08 FF 61148 095800  780 303 3243    -4594468     85         -13     17   25  31  145   24  139   18  139   18  21  0  0 L3P 2A
G28 FF 61148 095800  780 443 1003     5522955   -130           6    -37   27  75  105    2  136   41  136   41  23  0  0 L3P 03
G31 FF 61148 095800  780 495  574     1546629    -71          -2    -47   13  29   97   -7  138   45  138   45   9  0  0 L3P 04
G32 FF 61148 095800  780 203 1424      -84495   -157           0     39   45  17  211   61  213   55  213   55  35  0  0 L3P F5
G01 FF 61148 101400  780 525 2127    -2950691     62           5    -21   17 200   93   -9  122   40  122   40  15  0  0 L3P E2
G02 FF 61148 101400  780 870 2811     -811959    -85          -8     -8   14  35   74    0  134   24  134   24  12  0  0 L3P D1
G03 FF 61148 101400  780 276 2251    -4988524    158         -18     11   36  11  158  -17  156   24  156   24  32  0  0 L3P 39
G04 FF 61148 101400  780 316 2960     -537800     -8          11      7   22 232  140  -20  142   11  142   11  18  0  0 L3P D6
G08 FF 61148 101400  780 251 3304    -4594387     36          10    -33   52  32  173   34  173   67  173   67  44  0  0 L3P 1D
G28 FF 61148 101400  780 427 1108     5522858    -93           2      0   22  76  108    5  160   23  160   23  19  0  0 L3P CB
G31 FF 61148 101400  780 532  688     1546609    -23           2      1   19  35   92   -4  144   18  144   18  16  0  0 L3P BC
G01 FF 61148 103000  780 599 2153    -2950607     77           9     -6   16 200   85   -7  134   16  134   16  15  0  0 L3P EE
G02 FF 61148 103000  780 806 3510     -812014    -77          12      0   38  35   75    2  134   15  134   15  36  0  0 L3P B3
G03 FF 61148 103000  780 308 2183    -4988369    157          -4     11   25  11  143  -15  166   14  166   14  21  0  0 L3P 1C
G04 FF 61148 103000  780 361 2883     -537808    -25          17    -10   30 232  125  -13  156   24  156   24  24  0  0 L3P 1F
G08 FF 61148 103000  780 200 3359    -4594330    139           1     70   39  32  213   51  230   10  230   10  34  0  0 L3P E5
G28 FF 61148 103000  780 395 1199     5522767    -97           1     -4   25  76  115    9  182   31  182   31  22  0  0 L3P EF
G31 FF 61148 103000  780 555  820     1546591    -19           6      5   15  35   89   -1  155   18  155   18  14  0  0 L3P C1
G01 FF 61148 104600  780 672 2216    -2950528     59           9    -24   11 200   80   -4  147   31  147   31  11  0  0 L3P F0
G02 FF 61148 104600  780 719 3590     -812097    -54           3     23   18  35   77    4  163    1  163    1  15  0  0 L3P A9
G03 FF 61148 104600  780 344 2114    -4988236    175         -12     28   26  11  130  -13  189   -9  189   -9  23  0  0 L3P 36
G04 FF 61148 104600  780 400 2795     -537824     -6          15      9   26 232  114   -9  172   15  172   15  20  0  0 L3P E8
G28 FF 61148 104600  780 353 1273     5522684   -101           8     -8   27  76  127   15  209   41  209   41  20  0  0 L3P 06
G31 FF 61148 104600  780 557  961     1546570    -39           8    -15   22  35   89    1  170   31  170   31  20  0  0 L3P CD
G01 FF 61148 110200  780 738 2359    -2950454     51           3    -32   16 200   77   -2  164   37  164   37  14  0  0 L3P F9
G02 FF 61148 110200  780 632   14     -812164    -62          10     16   19  35   82    7  179    8  179    8  17  0  0 L3P 98
G03 FF 61148 110200  780 382 2044    -4988092    132          -9    -14   27  11  119  -11  194   13  194   13  24  0  0 L3P 25
G04 FF 61148 110200  780 433 2697     -537820     35          34     50   23 232  107   -6  173  -39  173  -39  20  0  0 L3P 1A
G28 FF 61148 110200  780 302 1330     5522596    -68           9     25   30  76  146   24  242   18  242   18  25  0  0 L3P F6
G31 FF 61148 110200  780 539 1093     1546548     -8           9     16   18  35   91    3  182    0  182    0  18  0  0 L3P 9E
G01 FF 61148 111800  780 779 2663    -2950377     68           0    -15   15 200   75    0  173   22  173   22  14  0  0 L3P EF
G02 FF 61148 111800  780 546   26     -812240    -60           8     17   17  35   90   10  202    4  202    4  15  0  0 L3P 7A
G03 FF 61148 111800  780 423 1973    -4987956    162         -13     16   20  11  109   -9  195  -15  195  -15  17  0  0 L3P 4E
G04 FF 61148 111800  780 459 2590     -537849     -8          19      7   19 232  102   -4  190   -6  190   -6  17  0  0 L3P F4
G09 FF 61148 111800  780 186 2804    -7587161     74          25     41   87  22  228  -42  264  -49  264  -49  82  0  0 L3P 55
G28 FF 61148 111800  780 246 1371     5522507   -115           9    -21   32  76  176   40  276   36  276   36  26  0  0 L3P 25
G31 FF 61148 111800  780 503 1201     1546521    -51           5    -28   22  35   96    6  199   33  199   33  21  0  0 L3P DD
G01 FF 61148 113400  780 765 3047    -2950302     78          -5     -5   13 200   76    1  189   24  189   24  11  0  0 L3P EA
G02 FF 61148 113400  780 464   34     -812318    -73           4      4   16  35  102   14  234   28  234   28  12  0  0 L3P A8
G03 FF 61148 113400  780 467 1896    -4987819    140         -17     -7   17  11  101   -8  198    4  198    4  16  0  0 L3P 17
G04 FF 61148 113400  780 477 2478     -537867    -38          16    -23   19 232   99   -2  194   26  194   26  16  0  0 L3P 30
G09 FF 61148 113400  780 220 2734    -7587227   -196         -72   -229   36  22  195  -28  360  221  360  221  31  0  0 L3P 8E
G26 FF 61148 113400  780 198  818     3551404    138         -16     91   34  16  215  -21  395  -74  395  -74  27  0  0 L3P 4A
G31 FF 61148 113400  780 455 1283     1546496    -10           3     14   22  35  103   10  216    4  216    4  23  0  0 L3P B7
G01 FF 61148 115000  780 708 3276    -2950209     66           9    -17   19 200   78    3  191   27  191   27  14  0  0 L3P FB
G02 FF 61148 115000  780 385   43     -812394    -89           3    -12   19  35  118   21  272   51  272   51  15  0  0 L3P D5
G03 FF 61148 115000  780 514 1813    -4987673    165         -12     18   11  11   94   -6  185  -24  185  -24  11  0  0 L3P 2C
G04 FF 61148 115000  780 488 2361     -537890     -7           7      7   21 232   98   -1  199   -8  199   -8  19  0  0 L3P E2
G09 FF 61148 115000  780 250 2660    -7587132    170          -8    137   25  22  173  -19  284 -167  284 -167  25  0  0 L3P 86
G26 FF 61148 115000  780 214  891     3551488     -9          23    -56   40  16  200  -12  344   31  344   31  34  0  0 L3P F4
G31 FF 61148 115000  780 399 1342     1546474    -51           4    -27   24  35  115   14  229   41  229   41  19  0  0 L3P 03
G01 FF 61148 120600  780 634 3388    -2950127     84           8      1   31 201   82    6  204   18  204   18  29  0  0 L3P CE
G02 FF 61148 120600  780 310   54     -812475    -84          -2     -7   33  36  143   31  329   74  329   74  27  0  0 L3P D7
G03 FF 61148 120600  780 561 1717    -4987548    175         -24     29   17  30   89   -5  199  -37  199  -37  16  0  0 L3P 5B
G04 FF 61148 120600  780 492 2244     -537903    -18           4     -4   23 233   97    0  201    9  201    9  19  0  0 L3P AF
G09 FF 61148 120600  780 278 2583    -7587075     38          17      6   22  23  157  -14  244    0  244    0  18  0  0 L3P EC
G16 FF 61148 120600  780 197  645    -2472472    -42          21     28   43  42  216  -35  417  -35  417  -35  36  0  0 L3P 34
G26 FF 61148 120600  780 224  967     3551506     11          -3    -36   31  17  192   -5  357   26  357   26  27  0  0 L3P F6
G31 FF 61148 120600  780 339 1380     1546449    -65          -3    -41   22  43  132   22  252   66  252   66  17  0  0 L3P 0F
G01 FF 61148 122200  780 557 3451    -2950055     81           1     -2   36 201   89    9  244   40  244   40  35  0  0 L3P D5
G02 FF 61148 122200  780 239   67     -812531    -72          16      6   42  36  181   50  405   94  405   94  37  0  0 L3P D1
G03 FF 61148 122200  780 607 1601    -4987406    151         -23      4   13  30   84   -4  202    1  202    1  12  0  0 L3P B5
G04 FF 61148 122200  780 491 2129     -537918     -6           3      8   18 233   97    0  211   -4  211   -4  15  0  0 L3P A9
G09 FF 61148 122200  780 304 2504    -7587050     56          10     23   24  23  145  -11  263   -1  263   -1  21  0  0 L3P EE
G16 FF 61148 122200  780 228  716    -2472567   -103          -7    -33   38  42  189  -23  427    3  427    3  33  0  0 L3P 0E
G26 FF 61148 122200  780 225 1042     3551556     26           3    -21   29  17  191    3  357   20  357   20  25  0  0 L3P D7
G31 FF 61148 122200  780 278 1403     1546426     -2          -3     22   15  43  157   33  295   33  295   33  11  0  0 L3P E6
G01 FF 61148 123800  780 479 3492    -2949975     70           0    -13   30 201   99   12  286   71  286   71  28  0  0 L3P 21
G03 FF 61148 123800  780 648 1453    -4987260    172         -18     26   16  30   81   -3  207   -6  207   -6  14  0  0 L3P 0E
G04 FF 61148 123800  780 487 2017     -537934     24           1     39   15 233   98    1  228  -16  228  -16  13  0  0 L3P F7
G07 FF 61148 123800  780 249 3204     1746068     52         -13      8   17  35  174  -42  383  -19  383  -19  15  0  0 L3P 31
G09 FF 61148 123800  780 328 2423    -7587017     25          11     -8   22  23  135   -9  279   17  279   17  20  0  0 L3P 10
G16 FF 61148 123800  780 255  791    -2472615   -165          13    -95   32  42  170  -15  393   79  393   79  28  0  0 L3P 55
G26 FF 61148 123800  780 217 1115     3551592     59          -6     12   20  17  197   11  375   12  375   12  16  0  0 L3P F7
G31 FF 61148 123800  780 216 1414     1546423    -97          17    -73   26  43  199   55  327  131  327  131  20  0  0 L3P 3F
G01 FF 61148 125400  780 404 3524    -2949894     77           2     -6   19 201  113   18  340   71  340   71  15  0  0 L3P 04
G03 FF 61148 125400  780 677 1263    -4987122    157         -21     10   17  30   80   -1  229    8  229    8  14  0  0 L3P F0
G04 FF 61148 125400  780 480 1908     -537949    -25           1    -10   21 233   99    1  244   19  244   19  17  0  0 L3P F6
G07 FF 61148 125400  780 312 3161     1746119     63          -5     18   25  35  142  -26  363  -27  363  -27  21  0  0 L3P 1C
G09 FF 61148 125400  780 351 2340    -7586994     37           3      4   22  23  128   -7  297    7  297    7  20  0  0 L3P D6
G16 FF 61148 125400  780 275  870    -2472721    -24         -26     47   21  42  159   -9  422  -39  422  -39  18  0  0 L3P 37
G26 FF 61148 125400  780 200 1184     3551654     83          12     36   24  17  213   22  389    0  389    0  19  0  0 L3P D7
G01 FF 61148 131000  780 331 3551    -2949811     63           5    -20   20 201  135   26  415  102  415  102  18  0  0 L3P 15
G03 FF 61148 131000  780 684 1040    -4986976    157         -15     10   15  30   79    0  246   19  246   19  14  0  0 L3P 0D
G04 FF 61148 131000  780 471 1803     -537970     13          -6     28   24 233  100    2  271    2  271    2  20  0  0 L3P AE
G06 FF 61148 131000  780 210 2311     6098587      2          15     23   27  39  204  -35  382    2  382    2  25  0  0 L3P C7
G07 FF 61148 131000  780 373 3105     1746165     41          -2     -3   20  35  121  -17  352   -9  352   -9  14  0  0 L3P E1
G09 FF 61148 131000  780 373 2256    -7586951     12          14    -21   30  23  121   -6  302   28  302   28  26  0  0 L3P 02
G16 FF 61148 131000  780 287  952    -2472739    -59          24     12   35  42  153   -4  381    1  381    1  33  0  0 L3P DD
G01 FF 61148 132600  780 262 3578    -2949733     99           3     16   28 201  166   41  527  123  527  123  26  0  0 L3P 40
G03 FF 61148 132600  780 666  822    -4986836    150         -16      4   13  30   80    2  269   23  269   23  12  0  0 L3P E9
G04 FF 61148 132600  780 462 1700     -537983     -1          -6     13   23 233  102    2  291   14  291   14  20  0  0 L3P D4
G06 FF 61148 132600  780 243 2378     6098565    -20          13      1   38  39  178  -20  402   20  402   20  33  0  0 L3P FB
G07 FF 61148 132600  780 432 3035     1746211    104           2     60   33  35  107  -12  345  -45  345  -45  20  0  0 L3P 0B
G09 FF 61148 132600  780 395 2170    -7586921    -12          12    -45   23  23  115   -6  319   51  319   51  23  0  0 L3P 20
G16 FF 61148 132600  780 289 1034    -2472822   -138           8    -68   29  42  152    2  403   70  403   70  24  0  0 L3P 14
G01 FF 61148 134200  780 197    5    -2949624    137          33     54   25 201  217   67  663  143  663  143  22  0  0 L3P 24
G03 FF 61148 134200  780 625  647    -4986702    123         -23    -24   14  30   83    4  301   54  301   54  11  0  0 L3P EF
G04 FF 61148 134200  780 452 1599     -537990     37           2     52   26 233  103    2  309  -20  309  -20  23  0  0 L3P F8
G06 FF 61148 134200  780 265 2454     6098542    -28           9     -7   24  39  164  -10  432   41  432   41  21  0  0 L3P 01
G07 FF 61148 134200  780 487 2948     1746246     39          -5     -5   20  35   98   -8  344    5  344    5  15  0  0 L3P D4
G09 FF 61148 134200  780 417 2083    -7586894     55           8     22   24  23  110   -5  337    4  337    4  20  0  0 L3P D6
G16 FF 61148 134200  780 280 1114    -2472890   -112           8    -41   51  42  156    7  424   58  424   58  47  0  0 L3P 17
G03 FF 61148 135800  780 569  519    -4986562    136         -24    -11   14  30   88    6  336   45  336   45  11  0  0 L3P 17
G04 FF 61148 135800  780 441 1500     -538004     22           3     37   27 233  105    2  330  -19  330  -19  25  0  0 L3P E5
G06 FF 61148 135800  780 277 2537     6098533    -24          20     -3   22  39  158   -3  461   37  461   37  17  0  0 L3P 14
G07 FF 61148 135800  780 534 2838     1746286     38          -8     -6   11  35   92   -5  346    7  346    7   9  0  0 L3P CB
G09 FF 61148 135800  780 441 1994    -7586864     47           6     14   19  23  106   -5  353   -8  353   -8  16  0  0 L3P 0D
G16 FF 61148 135800  780 261 1189    -2472951    -31          15     39   20  42  166   15  447    5  447    5  18  0  0 L3P 03
G30 FF 61148 135800  780 206 3012    -1919470   -100          24     33   32  67  207  -49  623  -81  623  -81  26  0  0 L3P 4C
G03 FF 61148 141400  780 504  427    -4986409    157         -12     10   13  37   95   10  376   47  376   47  11  0  0 L3P 10
G04 FF 61148 141400  780 430 1402     -538042     13         -21     28   20 234  108    3  372   -2  372   -2  18  0  0 L3P D8
G06 FF 61148 141400  780 277 2623     6098501    -36           9    -15   24  40  158    3  518   79  518   79  20  0  0 L3P 0A
G07 FF 61148 141400  780 571 2705     1746337     51          -6      7   14  36   88   -3  343   -5  343   -5  12  0  0 L3P C9
G09 FF 61148 141400  780 464 1901    -7586840     20          -2    -13   14  24  101   -4  364   26  364   26  13  0  0 L3P 02
G16 FF 61148 141400  780 233 1255    -2473032   -148          -3    -78   28  45  185   25  488  115  488  115  22  0  0 L3P 65
G30 FF 61148 141400  780 255 2952    -1919620   -106           7     27   26 115  170  -30  600  -65  600  -65  22  0  0 L3P 44
G03 FF 61148 143000  780 434  361    -4986271     97         -16    -50   18  37  107   14  438  109  438  109  15  0  0 L3P 45
G04 FF 61148 143000  780 416 1305     -538029    -35           7    -20   23 234  110    3  373   39  373   39  16  0  0 L3P F4
G06 FF 61148 143000  780 266 2708     6098452    -29         -20     -8   28  40  164    9  610   80  610   80  24  0  0 L3P 06
G07 FF 61148 143000  780 595 2551     1746360     55         -25     11   14  36   85   -1  360   -2  360   -2  11  0  0 L3P DA
G09 FF 61148 143000  780 488 1803    -7586812    -14          -5    -47   14  24   98   -4  378   40  378   40  10  0  0 L3P 1E
G16 FF 61148 143000  780 196 1312    -2473099   -124          -2    -54   32  45  218   44  534  111  534  111  24  0  0 L3P 48
G30 FF 61148 143000  780 300 2884    -1919752   -140           4     -7   15 115  147  -20  565  -32  565  -32  14  0  0 L3P 43
G03 FF 61148 144600  780 363  313    -4986146    190         -31     43   21  37  124   22  537   69  537   69  18  0  0 L3P 2C
G04 FF 61148 144600  780 401 1209     -538070    -41         -21    -26   27 234  114    4  416   40  416   40  21  0  0 L3P 01
G06 FF 61148 144600  780 246 2791     6098469    -23          17     -2   39  40  176   17  655  103  655  103  36  0  0 L3P 43
G07 FF 61148 144600  780 603 2385     1746401     55         -28     10   18  36   85    0  360  -11  360  -11  17  0  0 L3P F6
G09 FF 61148 144600  780 511 1698    -7586780     46          -5     13   13  24   94   -3  373  -27  373  -27  10  0  0 L3P 20
G30 FF 61148 144600  780 341 2808    -1919875   -143           8    -10   19 115  131  -14  525  -18  525  -18  15  0  0 L3P 63
G03 FF 61148 150200  780 291  279    -4986015     98         -41    -49   25  37  151   35  684  216  684  216  18  0  0 L3P 58
G04 FF 61148 150200  780 383 1116     -538078    -21         -15     -6   18 234  118    5  422   18  422   18  15  0  0 L3P 03
G06 FF 61148 150200  780 218 2868     6098453     15          20     36   30  40  196   26  764  108  764  108  25  0  0 L3P 34
G07 FF 61148 150200  780 595 2221     1746446     51         -25      6   14  36   85    1  352   -4  352   -4  12  0  0 L3P C3
G09 FF 61148 150200  780 533 1584    -7586742     49           2     16   13  24   92   -2  353  -25  353  -25  10  0  0 L3P 00
G30 FF 61148 150200  780 378 2723    -1919997   -136          13     -3   17 115  120  -10  486  -29  486  -29  16  0  0 L3P 70
G03 FF 61148 151800  780 220  255    -4985845    184         -11     38   27  37  196   61  851  141  851  141  20  0  0 L3P 4A
G04 FF 61148 151800  780 361 1025     -538093    -56         -16    -41   23 234  124    7  447   73  447   73  19  0  0 L3P 29
G06 FF 61148 151800  780 187 2941     6098444    -26          30     -6   35  40  228   40  860   47  860   47  26  0  0 L3P 1E
G07 FF 61148 151800  780 576 2070     1746488     43         -25     -1   12  36   87    2  356    7  356    7  12  0  0 L3P CF
G09 FF 61148 151800  780 550 1461    -7586707     50           5     17   15  24   90   -2  351    0  351    0  14  0  0 L3P B5
G14 FF 61148 151800  780 257 3392    -7436896      3          -9     16   18 216  169  -45  795  -64  795  -64  14  0  0 L3P 65
G30 FF 61148 151800  780 409 2631    -1920144   -149          -6    -16   20 115  112   -7  482    5  482    5  18  0  0 L3P 14
G04 FF 61148 153400  780 336  937     -538098    -32          -6    -17   27 234  133   10  478   68  478   68  23  0  0 L3P 2E
G07 FF 61148 153400  780 548 1936     1746529     53         -27      9   22  36   90    3  363    1  363    1  20  0  0 L3P BB
G09 FF 61148 153400  780 561 1328    -7586678     30           2     -2   15  24   89   -1  361   21  361   21  13  0  0 L3P DE
G14 FF 61148 153400  780 329 3380    -7436886    -27          13    -15   48 216  135  -28  706  -75  706  -75  41  0  0 L3P 7D
G30 FF 61148 153400  780 435 2531    -1920258   -128           8      5   16 115  107   -5  444  -33  444  -33  14  0  0 L3P 24
G04 FF 61148 155000  780 306  854     -538097    -59           9    -45   36 234  144   14  512   93  512   93  33  0  0 L3P 13
G07 FF 61148 155000  780 516 1819     1746564     28         -34    -17   14  36   94    4  371   26  371   26  13  0  0 L3P 03
G09 FF 61148 155000  780 564 1188    -7586652      7          -3    -26   17  24   88    0  375   39  375   39  13  0  0 L3P 02
G14 FF 61148 155000  780 403 3360    -7436925    -88         -13    -76   31 216  114  -18  648  -13  648  -13  30  0  0 L3P 73
G21 FF 61148 155000  780 232 2235    -4146058    -31          -3    -23   33 217  186  -43  541  -22  541  -22  29  0  0 L3P 46
G22 FF 61148 155000  780 236 3357      165953    -65         -10     -4   45   1  183  -51  753   -3  753   -3  44  0  0 L3P F4
G30 FF 61148 155000  780 456 2427    -1920399   -127          -5      6   15 115  103   -3  434  -26  434  -26  13  0  0 L3P 33
G04 FF 61148 160600  780 272  777     -538130     48          -9     63   29 235  160   20  594   23  594   23  22  0  0 L3P 02
G07 FF 61148 160600  780 482 1714     1746610     51         -33      6   12  37   99    5  384   16  384   16  11  0  0 L3P DE
G08 FF 61148 160600  780 179 1026    -4592969    175          -6    107   38  85  237   -3  609 -116  609 -116  30  0  0 L3P 84
G09 FF 61148 160600  780 555 1047    -7586623     65          -6     32   23  25   89    2  396   -7  396   -7  20  0  0 L3P F8
G14 FF 61148 160600  780 479 3329    -7436930     -3          -4     10   27 217   99  -12  577  -76  577  -76  25  0  0 L3P 51
G21 FF 61148 160600  780 285 2280    -4146064    -30          -2    -22   25 218  154  -26  517    3  517    3  24  0  0 L3P 0D
G22 FF 61148 160600  780 304 3339      165896    -68          -9     -6   28   5  145  -31  719  -32  719  -32  25  0  0 L3P 1D
G30 FF 61148 160600  780 471 2319    -1920528   -127          -5      6   19 116  100   -2  425  -13  425  -13  16  0  0 L3P 28
G04 FF 61148 162200  780 234  705     -538162     -3         -26     12   35 235  184   31  682   86  682   86  28  0  0 L3P 10
G07 FF 61148 162200  780 448 1618     1746653     36         -33     -8   23  37  104    6  396   19  396   19  20  0  0 L3P 0C
G08 FF 61148 162200  780 178 1098    -4592873     97          24     29   30  85  239    8  575  -33  575  -33  25  0  0 L3P 43
G09 FF 61148 162200  780 534  913    -7586583     24           2     -8   15  25   91    3  423   49  423   49  14  0  0 L3P D1
G14 FF 61148 162200  780 556 3283    -7436931    -53           7    -41   15 217   89   -8  516    3  516    3  13  0  0 L3P F9
G21 FF 61148 162200  780 332 2339    -4146078      0          -8      7   30 218  134  -16  513   -4  513   -4  24  0  0 L3P E7
G22 FF 61148 162200  780 373 3311      165830   -119         -16    -58   41   5  121  -20  673   -5  673   -5  40  0  0 L3P 0B
G30 FF 61148 162200  780 481 2209    -1920660   -116          -8     17   17 116   99   -1  422  -20  422  -20  15  0  0 L3P 28
G04 FF 61148 163800  780 192  640     -538143    -62           7    -47   44 235  222   49  754  156  754  156  37  0  0 L3P 41
G07 FF 61148 163800  780 415 1529     1746693     31         -36    -14   17  37  111    7  405   21  405   21  14  0  0 L3P 02
G09 FF 61148 163800  780 503  792    -7586560     50          -7     17   22  25   96    5  470   37  470   37  19  0  0 L3P F0
G14 FF 61148 163800  780 631 3211    -7436947    -55           3    -42   17 217   82   -6  484    9  484    9  14  0  0 L3P 05
G21 FF 61148 163800  780 371 2414    -4146089     15         -11     23   23 218  122  -10  526    4  526    4  19  0  0 L3P 06
G22 FF 61148 163800  780 443 3271      165755    -71         -32    -10   16   5  105  -14  632  -30  632  -30  13  0  0 L3P 13
G30 FF 61148 163800  780 488 2098    -1920779   -132           0      1   17 116   98   -1  401  -20  401  -20  15  0  0 L3P 12
G05 FF 61148 165400  780 188 2297     2319010     53          -9     49   29  36  226  -44  616  -12  616  -12  26  0  0 L3P 2F
G07 FF 61148 165400  780 383 1444     1746740     32         -31    -12   11  37  118    8  414   25  414   25  11  0  0 L3P FA
G09 FF 61148 165400  780 461  688    -7586515     30           7     -3   17  25  102    8  524   81  524   81  14  0  0 L3P E2
G14 FF 61148 165400  780 702 3091    -7436960     -3           2      9   17 217   78   -3  462  -29  462  -29  14  0  0 L3P 09
G21 FF 61148 165400  780 399 2504    -4146087      0          -2      8   21 218  115   -5  550   36  550   36  18  0  0 L3P F0
G22 FF 61148 165400  780 513 3216      165710    -61         -18      1   11   5   94   -9  576  -51  576  -51   9  0  0 L3P DA
G30 FF 61148 165400  780 492 1987    -1920918   -157         -12    -24   19 116   97    0  403   13  403   13  14  0  0 L3P 35
G05 FF 61148 171000  780 221 2359     2319020    -15          -3    -20   29  36  194  -25  650   58  650   58  24  0  0 L3P 1A
G07 FF 61148 171000  780 352 1363     1746793     26         -21    -18   21  37  127   10  424   39  424   39  17  0  0 L3P 1B
G09 FF 61148 171000  780 413  600    -7586486     34           4      1   19  25  111   12  606   87  606   87  19  0  0 L3P E1
G14 FF 61148 171000  780 759 2869    -7436970    -16           4     -4   17 217   76   -2  446    4  446    4  14  0  0 L3P F2
G17 FF 61148 171000  780 234  139     1158215     88           1      0   30  40  184  -44  793    5  793    5  25  0  0 L3P B4
G21 FF 61148 171000  780 412 2604    -4146082     -7          10      1   29 218  111   -1  586   53  586   53  26  0  0 L3P F5
G22 FF 61148 171000  780 580 3137      165653    -76         -17    -14   13   5   87   -6  534  -23  534  -23  11  0  0 L3P 01
G30 FF 61148 171000  780 493 1877    -1921038   -153          -4    -20   20 116   97    0  396   12  396   12  19  0  0 L3P 21
G05 FF 61148 172600  780 245 2431     2319022    -14          -6    -19   35  36  176  -13  699   76  699   76  27  0  0 L3P 41
G07 FF 61148 172600  780 323 1284     1746822     20         -34    -24   24  37  137   11  453   34  453   34  19  0  0 L3P 17
G09 FF 61148 172600  780 358  528    -7586447     39          12      6   27  25  125   18  693   80  693   80  23  0  0 L3P 12
G14 FF 61148 172600  780 782 2498    -7436975     -2          11     10   13 217   75    0  432  -18  432  -18  11  0  0 L3P 14
G17 FF 61148 172600  780 293  179     1158298     19          -1    -69   40  40  150  -29  763    5  763    5  36  0  0 L3P FB
G21 FF 61148 172600  780 411 2708    -4146086     -3          14      5   26 218  112    2  633   32  633   32  24  0  0 L3P E4
G22 FF 61148 172600  780 642 3022      165604    -56          -6      5   17   5   82   -4  501  -35  501  -35  15  0  0 L3P C6
G30 FF 61148 172600  780 492 1767    -1921159   -117           3     16   14 116   97    0  387   -9  387   -9  11  0  0 L3P 14
G05 FF 61148 174200  780 259 2509     2319035     21           3     16   30  36  168   -5  754   58  754   58  24  0  0 L3P F9
G07 FF 61148 174200  780 294 1206     1746870      8         -28    -37   22  37  149   13  473   65  473   65  18  0  0 L3P 24
G09 FF 61148 174200  780 300  468    -7586404     68          23     35   29  25  147   27  769   70  769   70  23  0  0 L3P 21
G13 FF 61148 174200  780 223 2162    -6789910     85          -3     68   36  34  193  -50  571  -81  571  -81  27  0  0 L3P 47
G14 FF 61148 174200  780 756 2142    -7436991    -12           7      0   12 217   76    2  424   -8  424   -8  10  0  0 L3P D9
G17 FF 61148 174200  780 355  224     1158379     96          -6      7   29  40  126  -20  710  -72  710  -72  26  0  0 L3P 06
G21 FF 61148 174200  780 395 2810    -4146097    -16          10     -8   18 218  115    6  663   27  663   27  14  0  0 L3P 1E
G22 FF 61148 174200  780 691 2852      165543    -45          -9     16   17   5   79   -2  480  -35  480  -35  14  0  0 L3P F6
G30 FF 61148 174200  780 490 1658    -1921306   -131         -16      2   13 116   97    1  408   16  408   16  13  0  0 L3P 09
G05 FF 61148 175800  780 261 2591     2319050     -5          13     -9   29  36  166    2  806   58  806   58  25  0  0 L3P F9
G07 FF 61148 175800  780 266 1131     1746936     89          -5     44   31  37  163   16  488  -12  488  -12  29  0  0 L3P 36
G09 FF 61148 175800  780 240  421    -7586368     15          27    -18   30  25  181   45  855  125  855  125  26  0  0 L3P 46
G13 FF 61148 175800  780 284 2144    -6789900    -78          -9    -95   27  34  154  -32  548   49  548   49  24  0  0 L3P 66
G14 FF 61148 175800  780 702 1932    -7436999    -17          11     -5   19 217   78    3  414   -2  414   -2  16  0  0 L3P 09
G17 FF 61148 175800  780 420  275     1158477     63           7    -25   22  40  110  -14  640  -39  640  -39  16  0  0 L3P 14
G19 FF 61148 175800  780 231   19    -6974455      9          28     20   44  68  187  -52  739  -49  739  -49  34  0  0 L3P 39
G20 FF 61148 175800  780 234 2175    -1143358   -191          26     -3   43  48  184  -49  584  -28  584  -28  36  0  0 L3P 6D
G21 FF 61148 175800  780 368 2905    -4146113    -31           3    -23   18 218  122    9  679   32  679   32  16  0  0 L3P 24
G22 FF 61148 175800  780 719 2615      165490    -70          -2     -9   15   5   77   -1  458   -5  458   -5  13  0  0 L3P D0
G30 FF 61148 175800  780 485 1550    -1921410   -165           8    -32   24 116   98    1  397   39  397   39  20  0  0 L3P 2B
G05 FF 61148 181400  780 253 2674     2319093     45          48     41   29  37  171    8  797  -18  797  -18  24  0  0 L3P 30
G07 FF 61148 181400  780 238 1057     1746960     72         -30     28   35  38  181   21  520   -9  520   -9  31  0  0 L3P 06
G13 FF 61148 181400  780 348 2135    -6789879     -8          -3    -25   20  35  129  -22  520   -5  520   -5  16  0  0 L3P 1D
G14 FF 61148 181400  780 640 1806    -7437014    -51           6    -39   15 218   82    5  415   28  415   28  14  0  0 L3P 07
G17 FF 61148 181400  780 484  338     1158557    101          -2     12   13  41   98  -10  575  -63  575  -63  11  0  0 L3P 15
G19 FF 61148 181400  780 298   49    -6974480    -11          11      0   30  11  148  -32  703  -73  703  -73  25  0  0 L3P 0E
G20 FF 61148 181400  780 299 2180    -1143558   -229           7    -41   29  49  147  -30  573    6  573    6  24  0  0 L3P 23
G21 FF 61148 181400  780 332 2990    -4146106      1          16      9   22 219  134   14  695   12  695   12  16  0  0 L3P F8
G22 FF 61148 181400  780 716 2349      165421    -44         -17     18   12  26   78    1  442  -33  442  -33  11  0  0 L3P F4
G30 FF 61148 181400  780 478 1442    -1921532   -164          15    -31   21 117   99    1  399   28  399   28  20  0  0 L3P 36
G05 FF 61148 183000  780 237 2755     2319101   -130          52   -135   41  37  182   15  799  136  799  136  40  0  0 L3P 6E
G07 FF 61148 183000  780 210  985     1747016     76         -17     31   34  38  204   27  541   17  541   17  31  0  0 L3P FA
G13 FF 61148 183000  780 416 2135    -6789854     15           6     -2   20  35  111  -16  494   -6  494   -6  18  0  0 L3P 04
G14 FF 61148 183000  780 577 1718    -7437027    -22           6     -9   20 218   87    6  419   27  419   27  18  0  0 L3P 0B
G17 FF 61148 183000  780 546  421     1158639     87          -5     -2    8  41   90   -7  535  -46  535  -46   7  0  0 L3P D9
G19 FF 61148 183000  780 370   79    -6974510     43          -8     54   18  11  122  -22  662 -112  662 -112  15  0  0 L3P 2C
G20 FF 61148 183000  780 365 2197    -1143743   -193           3     -5   25  49  123  -20  562    0  562    0  21  0  0 L3P ED
G21 FF 61148 183000  780 291 3066    -4146108    -27          22    -19   39 219  151   21  710   34  710   34  27  0  0 L3P 2E
G22 FF 61148 183000  780 687 2125      165365    -82         -14    -21   18  26   79    2  433   18  433   18  15  0  0 L3P F6
G30 FF 61148 183000  780 469 1335    -1921688   -113         -14     20   25 117  101    2  437   -9  437   -9  21  0  0 L3P 28
G05 FF 61148 184600  780 213 2832     2319060     25           6     20   29  37  201   25  844  -20  844  -20  23  0  0 L3P F8
G07 FF 61148 184600  780 181  916     1747049     42         -27     -3   29  38  235   38  590   35  590   35  24  0  0 L3P 12
G13 FF 61148 184600  780 486 2149    -6789836      6           7    -12   17  35   98  -11  487   -6  487   -6  15  0  0 L3P 19
G14 FF 61148 184600  780 516 1646    -7437041    -28           3    -15   20 218   94    8  430   16  430   16  17  0  0 L3P 04
G15 FF 61148 184600  780 197 2221    -4042329    -32          28      1   37  42  217  -59  682   10  682   10  35  0  0 L3P 17
G17 FF 61148 184600  780 600  536     1158732     76           2    -13   16  41   85   -4  498  -15  498  -15  14  0  0 L3P FE
G19 FF 61148 184600  780 445  113    -6974511    -14           2     -2   29  11  105  -15  600  -51  600  -51  26  0  0 L3P 05
G20 FF 61148 184600  780 431 2230    -1143917   -172          11     17   20  49  108  -14  548  -28  548  -28  18  0  0 L3P 54
G21 FF 61148 184600  780 248 3134    -4146135    -18           2    -10   25 219  175   30  744   21  744   21  21  0  0 L3P 19
G22 FF 61148 184600  780 641 1961      165317    -50          -2     11   15  26   82    4  430   -9  430   -9  13  0  0 L3P BC
G30 FF 61148 184600  780 455 1230    -1921818   -133         -16      0   16 117  103    3  463   16  463   16  15  0  0 L3P 17
G05 FF 61148 190200  780 183 2905     2319067     21           9     17   27  37  231   38  845    0  845    0  22  0  0 L3P CC
G13 FF 61148 190200  780 556 2184    -6789830     20          -3      3   13  35   89   -8  480  -19  480  -19  11  0  0 L3P 09
G14 FF 61148 190200  780 458 1584    -7437053    -23           3    -10   28 218  102   10  437   21  437   21  25  0  0 L3P 18
G15 FF 61148 190200  780 250 2253    -4042372    -38          16     -5   35  42  173  -35  690  -13  690  -13  30  0  0 L3P 2F
G17 FF 61148 190200  780 638  693     1158819     59           5    -30   13  41   82   -2  471   -4  471   -4  12  0  0 L3P CF
G19 FF 61148 190200  780 523  155    -6974521      0           3     12   20  11   93  -10  544  -49  544  -49  18  0  0 L3P EA
G20 FF 61148 190200  780 494 2285    -1144097   -215          12    -26   16  49   97   -9  530    6  530    6  14  0  0 L3P 04
G21 FF 61148 190200  780 204 3197    -4146143    -39           1    -31   25 219  210   44  759   36  759   36  18  0  0 L3P 30
G22 FF 61148 190200  780 589 1840      165254    -50          -7     11   13  26   86    5  437   -6  437   -6  11  0  0 L3P CA
G30 FF 61148 190200  780 438 1127    -1921918   -180          12    -47   16 117  106    4  457   71  457   71  15  0  0 L3P 3C
G13 FF 61148 191800  780 625 2253    -6789807     37           3     20   13  58   83   -5  458  -41  458  -41  13  0  0 L3P 16
G14 FF 61148 191800  780 404 1525    -7437068     -4           1      8   15 218  113   13  447    5  447    5  13  0  0 L3P D2
G15 FF 61148 191800  780 300 2297    -4042395    -30          25      3   26  42  147  -22  656  -35  656  -35  25  0  0 L3P 35
G17 FF 61148 191800  780 651  884     1158905     63           5    -26   15  41   81    0  447   -4  447   -4  13  0  0 L3P C8
G19 FF 61148 191800  780 601  216    -6974523    -27          12    -16   19  11   85   -7  496  -23  496  -23  16  0  0 L3P 2E
G20 FF 61148 191800  780 550 2370    -1144279   -187          11      1   17  49   90   -6  512  -22  512  -22  15  0  0 L3P 12
G22 FF 61148 191800  780 536 1744      165206    -51           4     11   22  26   91    6  430   -4  430   -4  20  0  0 L3P A5
G30 FF 61148 191800  780 416 1029    -1922070   -139         -13     -6   24 117  111    5  506   39  506   39  20  0  0 L3P 29
G13 FF 61148 193400  780 686 2382    -6789793     16           1     -1   15  58   79   -3  439  -24  439  -24  14  0  0 L3P 1F
G14 FF 61148 193400  780 354 1468    -7437088    -45          -7    -32   22 218  127   16  449   14  449   14  18  0  0 L3P 4D
G15 FF 61148 193400  780 345 2356    -4042428    -22          23     11   27  42  130  -14  613  -51  613  -51  25  0  0 L3P 2B
G17 FF 61148 193400  780 634 1071     1158980     94          -5      5   14  41   82    2  428  -39  428  -39  13  0  0 L3P F0
G19 FF 61148 193400  780 675  317    -6974538    -23           7    -11   12  11   80   -4  457  -34  457  -34  10  0  0 L3P 13
G20 FF 61148 193400  780 594 2493    -1144478   -229          -7    -40   16  49   85   -3  499   12  499   12  13  0  0 L3P 3C
G22 FF 61148 193400  780 483 1662      165138    -55          -5      6   25  26   98    8  425  -26  425  -26  24  0  0 L3P ED
G30 FF 61148 193400  780 389  936    -1922187   -133          -2      0   21 117  117    8  513    6  513    6  17  0  0 L3P E0
G13 FF 61148 195000  780 725 2605    -6789777     18           1      1   13  58   77   -1  426   -8  426   -8  11  0  0 L3P DF
G14 FF 61148 195000  780 307 1411    -7437081     26          11     38   23 218  144   20  419  -51  419  -51  20  0  0 L3P 29
G15 FF 61148 195000  780 381 2430    -4042474     -1           9     32   24  42  119   -9  586  -73  586  -73  23  0  0 L3P 17
G17 FF 61148 195000  780 592 1215     1159058     64         -12    -25   12  41   86    5  407   -1  407   -1  13  0  0 L3P E1
G19 FF 61148 195000  780 737  506    -6974549    -30           7    -18   27  11   77   -2  418  -17  418  -17  19  0  0 L3P 26
G20 FF 61148 195000  780 616 2652    -1144650   -145           3     44   49  49   84   -1  479  -36  479  -36  32  0  0 L3P 33
G22 FF 61148 195000  780 433 1588      165075    -65          -9     -4   36  26  107   10  411  -11  411  -11  32  0  0 L3P F8
G30 FF 61148 195000  780 358  849    -1922329   -111         -16     22   22 117  126   11  540    0  540    0  19  0  0 L3P 01
G06 FF 61148 200600  780 206  404     6098099    -24          35     -3   35  49  208  -45  774  -96  774  -96  31  0  0 L3P 3C
G13 FF 61148 200600  780 724 2890    -6789752     50          11     33   13  59   77    1  405  -31  405  -31  13  0  0 L3P 00
G14 FF 61148 200600  780 264 1354    -7437120    -16         -12     -3   22 219  165   25  423   -6  423   -6  17  0  0 L3P 17
G15 FF 61148 200600  780 407 2518    -4042505    -33          10     -1   21  48  113   -5  551  -26  551  -26  18  0  0 L3P 10
G17 FF 61148 200600  780 535 1312     1159142    129         -13     40   21  55   92    8  399  -37  399  -37  20  0  0 L3P 1B
G19 FF 61148 200600  780 763  829    -6974573      4          -9     15   17  12   76    0  395  -33  395  -33  12  0  0 L3P F3
G20 FF 61148 200600  780 613 2825    -1144826   -181           3      7   16  50   84    1  460   -9  460   -9  14  0  0 L3P D0
G22 FF 61148 200600  780 385 1519      165016    -69         -13     -7   28  46  118   12  408    6  408    6  23  0  0 L3P DF
G30 FF 61148 200600  780 321  769    -1922463   -112         -21     21   39 118  138   15  558  -12  558  -12  32  0  0 L3P 49
G06 FF 61148 202200  780 252  465     6098073     19          28     39   38  49  172  -31  664 -155  664 -155  31  0  0 L3P 51
G13 FF 61148 202200  780 683 3117    -6789736      4          10    -13   15  59   79    3  403   14  403   14  14  0  0 L3P E1
G14 FF 61148 202200  780 224 1297    -7437114    -19           6     -7   23 219  192   32  376  -31  376  -31  16  0  0 L3P 2F
G15 FF 61148 202200  780 419 2616    -4042531    -24          15      9   35  48  110   -1  526  -22  526  -22  32  0  0 L3P 05
G17 FF 61148 202200  780 469 1373     1159235    100          -4     11   31  55  101   11  382  -13  382  -13  29  0  0 L3P 0B
G19 FF 61148 202200  780 737 1148    -6974583     18          -8     29   14  12   77    2  370  -53  370  -53  11  0  0 L3P 0C
G20 FF 61148 202200  780 584 2982    -1145006   -179           5      9   18  50   86    4  458   -8  458   -8  16  0  0 L3P F0
G22 FF 61148 202200  780 340 1452      164952    -61         -18      1   20  46  131   15  403  -15  403  -15  17  0  0 L3P EB
G24 FF 61148 202200  780 233 2193      297981   -176           8      1   29  67  185  -43  562  -97  562  -97  26  0  0 L3P 36
G30 FF 61148 202200  780 281  697    -1922593    -79         -23     54   28 118  156   22  579  -20  579  -20  23  0  0 L3P 54
G06 FF 61148 203800  780 298  533     6098047    -55          22    -34   31  49  148  -21  554  -85  554  -85  25  0  0 L3P 4C
G12 FF 61148 203800  780 203 2622     6079545    -84         -26    -84   29  27  210  -29  811  -62  811  -62  24  0  0 L3P 54
G13 FF 61148 203800  780 620 3258    -6789727    -25           3    -42   15  59   83    6  409   33  409   33  13  0  0 L3P 04
G14 FF 61148 203800  780 187 1239    -7437164    -53         -32    -41   28 219  227   43  363  -27  363  -27  24  0  0 L3P 6E
G15 FF 61148 203800  780 418 2719    -4042561    -23          17     10   26  48  110    2  504  -27  504  -27  23  0  0 L3P 11
G17 FF 61148 203800  780 401 1407     1159314     70         -10    -19   17  55  114   17  358  -20  358  -20  16  0  0 L3P 24
G19 FF 61148 203800  780 678 1326    -6974591     -8          -5      4   14  12   79    4  337  -47  337  -47  14  0  0 L3P 09
G20 FF 61148 203800  780 538 3105    -1145189   -200           3    -12   10  50   91    6  460    6  460    6   9  0  0 L3P B8
G22 FF 61148 203800  780 299 1386      164909    -50          -3     11   18  46  147   19  362  -44  362  -44  13  0  0 L3P 1A
G24 FF 61148 203800  780 290 2171      297812   -217           8    -40   31  67  151  -29  469  -71  469  -71  27  0  0 L3P 44
G30 FF 61148 203800  780 237  633    -1922685   -116          12     17   27 118  182   34  564    9  564    9  23  0  0 L3P 15
G06 FF 61148 205400  780 341  608     6098016    -52          11    -32   32  49  131  -14  461  -76  461  -76  26  0  0 L3P 2D
G11 FF 61148 205400  780 216  161     3686516   -145          33    -17   39  60  198  -50  691 -131  691 -131  31  0  0 L3P 66
G12 FF 61148 205400  780 231 2551     6079580    -69           9    -69   39  27  186  -21  653  -76  653  -76  35  0  0 L3P 56
G13 FF 61148 205400  780 547 3345    -6789715     40          -2     23   27  59   90    9  419   -6  419   -6  26  0  0 L3P F6
G15 FF 61148 205400  780 403 2820    -4042600    -25          10      8   23  48  114    5  499  -14  499  -14  19  0  0 L3P 09
G17 FF 61148 205400  780 332 1424     1159396    114         -14     25   23  55  134   25  323  -69  323  -69  18  0  0 L3P 3B
G19 FF 61148 205400  780 607 1412    -6974597    -10           0      1   15  12   84    6  297  -43  297  -43  13  0  0 L3P F5
G20 FF 61148 205400  780 481 3199    -1145380   -179          -6     10   20  50   99   10  474    0  474    0  15  0  0 L3P E8
G22 FF 61148 205400  780 260 1321      164826   -105         -27    -43   24  46  167   23  339   -7  339   -7  19  0  0 L3P 1E
G24 FF 61148 205400  780 350 2156      297636   -137           3     40   18  67  128  -21  391 -106  391 -106  17  0  0 L3P 47
G30 FF 61148 205400  780 190  576    -1922816   -161           9    -28   35 118  225   56  579   46  579   46  31  0  0 L3P 46
G06 FF 61148 211000  780 379  694     6097998     18          13     38   31  49  119  -10  377 -130  377 -130  26  0  0 L3P 53
G11 FF 61148 211000  780 274  206     3686372    -95          11     32   34  60  159  -33  590 -151  590 -151  30  0  0 L3P 3B
G12 FF 61148 211000  780 257 2479     6079568    -12          -3    -12   22  27  168  -17  548 -109  548 -109  20  0  0 L3P 6C
G13 FF 61148 211000  780 472 3404    -6789700     69          -3     52   15  59  100   13  439  -14  439  -14  13  0  0 L3P 1E
G15 FF 61148 211000  780 376 2914    -4042629    -35          13     -2   22  48  120    9  500   14  500   14  19  0  0 L3P E9
G17 FF 61148 211000  780 265 1428     1159478    112         -17     24   30  55  165   40  275  -78  275  -78  22  0  0 L3P 44
G19 FF 61148 211000  780 533 1451    -6974614     -5          -5      7   19  12   92    9  269  -33  269  -33  17  0  0 L3P F7
G20 FF 61148 211000  780 420 3271    -1145560   -181          -6      7   21  50  110   14  499   32  499   32  18  0  0 L3P 00
G22 FF 61148 211000  780 223 1255      164770    -32         -24     29   17  46  192   29  297  -80  297  -80  14  0  0 L3P 26
G24 FF 61148 211000  780 414 2150      297480   -146          17     31   19  67  111  -15  322  -75  322  -75  17  0  0 L3P 27
G06 FF 61148 212600  780 409  790     6097965     -6          -1     14   25  49  112   -6  315  -61  315  -61  23  0  0 L3P FD
G11 FF 61148 212600  780 335  255     3686253   -131          14     -4   26  60  133  -22  468 -105  468 -105  19  0  0 L3P 4C
G12 FF 61148 212600  780 284 2405     6079569    -32          -2    -32   22  27  154  -13  429  -92  429  -92  20  0  0 L3P 41
G13 FF 61148 212600  780 398 3448    -6789686     89          -5     72   43  59  115   18  477  -17  477  -17  39  0  0 L3P 65
G15 FF 61148 212600  780 341 3000    -4042662    -32          11      0   21  48  131   13  520   24  520   24  18  0  0 L3P D5
G17 FF 61148 212600  780 199 1422     1159563    172         -17     83   37  55  215   67  215 -134  215 -134  30  0  0 L3P 62
G19 FF 61148 212600  780 460 1466    -6974622    -13          -3     -2   26  12  102   13  234  -23  234  -23  24  0  0 L3P 14
G20 FF 61148 212600  780 357 3330    -1145738   -190          -3     -2   43  50  126   20  533   55  533   55  41  0  0 L3P 10
G22 FF 61148 212600  780 189 1190      164741    -63           7     -1   35  46  225   39  221  -51  221  -51  28  0  0 L3P F4
G24 FF 61148 212600  780 481 2154      297294   -183           1     -5   16  67   99  -11  280  -44  280  -44  14  0  0 L3P 14
G06 FF 61148 214200  780 426  894     6097938     14          -8     34   22  49  109   -2  266  -95  266  -95  18  0  0 L3P 25
G11 FF 61148 214200  780 398  311     3686133   -147          17    -20   21  60  115  -16  365  -85  365  -85  16  0  0 L3P 42
G12 FF 61148 214200  780 310 2331     6079561      3         -10      3   22  27  142  -11  338 -101  338 -101  19  0  0 L3P 0B
G13 FF 61148 214200  780 326 3486    -6789663     34           2     17   21  59  136   27  528   55  528   55  16  0  0 L3P 1A
G15 FF 61148 214200  780 300 3077    -4042682    -61          23    -28   37  48  147   19  544   50  544   50  28  0  0 L3P 29
G19 FF 61148 214200  780 391 1466    -6974627      6           3     17   20  12  117   18  198  -50  198  -50  18  0  0 L3P 15
G20 FF 61148 214200  780 296 3381    -1145919   -155          -2     34   55  50  149   28  586   28  586   28  47  0  0 L3P 45
G24 FF 61148 214200  780 550 2174      297128   -182           5     -5   13  67   90   -8  234  -28  234  -28  11  0  0 L3P F9
G06 FF 61148 215800  780 428 1003     6097928    -31           2    -11   27  49  108    1  212   -5  212   -5  25  0  0 L3P DD
G11 FF 61148 215800  780 460  379     3686007   -114          13     13   15  60  102  -11  296  -69  296  -69  14  0  0 L3P 3A
G12 FF 61148 215800  780 337 2257     6079566     18          -6     18   23  27  132  -10  267  -76  267  -76  18  0  0 L3P 3E
G13 FF 61148 215800  780 257 3520    -6789647     51           1     34   42  59  169   42  606   72  606   72  36  0  0 L3P 18
G15 FF 61148 215800  780 257 3147    -4042716    -81          21    -48   19  48  169   28  592  102  592  102  15  0  0 L3P 5B
G19 FF 61148 215800  780 324 1455    -6974621     20          20     32   22  12  137   25  155  -58  155  -58  18  0  0 L3P 2C
G20 FF 61148 215800  780 237 3426    -1146109   -142         -11     47   29  50  182   42  658   51  658   51  23  0  0 L3P 3B
G24 FF 61148 215800  780 619 2221      296962   -158          10     20   21  67   83   -6  203  -31  203  -31  19  0  0 L3P 06
G06 FF 61148 221400  780 415 1106     6097911      0           6     20   27  50  111    5  182  -46  182  -46  24  0  0 L3P CF
G11 FF 61148 221400  780 519  466     3685890   -142          19    -15   14  61   93   -7  253  -27  253  -27  12  0  0 L3P 26
G12 FF 61148 221400  780 366 2181     6079570      8           4      8   23  28  123   -9  219  -51  219  -51  20  0  0 L3P DD
G13 FF 61148 221400  780 193 3554    -6789621     -2          13    -20   31  61  222   70  696  121  696  121  24  0  0 L3P 36
G15 FF 61148 221400  780 213 3211    -4042757    -37          11     -4   30  97  201   40  653   48  653   48  24  0  0 L3P 09
G19 FF 61148 221400  780 261 1437    -6974650     41          -1     53   26  22  166   37  139  -67  139  -67  19  0  0 L3P 38
G24 FF 61148 221400  780 685 2316      296789   -189          11    -11   12  68   79   -3  196    1  196    1  10  0  0 L3P F0
G06 FF 61148 223000  780 386 1199     6097894    -29           8     -9   23  50  118    9  154  -23  154  -23  21  0  0 L3P 10
G11 FF 61148 223000  780 569  580     3685759   -116          10     11   19  61   88   -5  218  -64  218  -64  16  0  0 L3P 20
G12 FF 61148 223000  780 395 2104     6079571      8           4      8   22  28  115   -8  189  -39  189  -39  19  0  0 L3P F8
G19 FF 61148 223000  780 203 1413    -6974651    -37           8    -26   34  22  211   58  109   14  109   14  28  0  0 L3P 0F
G24 FF 61148 223000  780 737 2504      296615   -177           6      0   21  68   77   -2  196  -10  196  -10  18  0  0 L3P F0
G06 FF 61148 225800  780 310 1322     6097867    -18          15      2   31  50  143   22  115   -4  115   -4  27  0  0 L3P DF
G11 FF 61148 225800  780 615  854     3685531   -130          -4     -2   17  61   84    0  170  -25  170  -25  16  0  0 L3P EF
G12 FF 61148 225800  780 452 1963     6079567     37           1     37   17  28  104   -6  152  -42  152  -42  17  0  0 L3P 0C
G24 FF 61148 225800  780 739 3041      296322   -184          12     -7   19  68   77    2  209   40  209   40  13  0  0 L3P EA
G29 FF 61148 225800  780 225 2895     3376686    -74         -25     -4   25  13  191  -34  625  -57  625  -57  22  0  0 L3P 60
G06 FF 61148 231400  780 256 1371     6097847      1          16     21   22  50  170   36  109  -31  109  -31  16  0  0 L3P F9
G11 FF 61148 231400  780 606 1024     3685413   -140           1    -13   19  61   84    2  150   -2  150   -2  15  0  0 L3P C5
G12 FF 61148 231400  780 486 1877     6079570    -17           3    -17   16  28   98   -5  143    2  143    2  14  0  0 L3P D7
G24 FF 61148 231400  780 685 3246      296150   -162          10     15   11  68   79    4  236   14  236   14   9  0  0 L3P D8
G25 FF 61148 231400  780 226 2239    -4290521     13          33    -15   33  27  190  -36  198  -25  198  -25  29  0  0 L3P 47
G29 FF 61148 231400  780 265 2825     3376633    -67          17      4   29  23  164  -22  554  -91  554  -91  25  0  0 L3P 3A
G06 FF 61148 233000  780 198 1405     6097828    -32          16    -11   60  50  216   63   95   25   95   25  47  0  0 L3P 01
G11 FF 61148 233000  780 574 1168     3685285   -150          -5    -22   16  61   87    4  144    9  144    9  13  0  0 L3P E3
G12 FF 61148 233000  780 521 1782     6079575    -29           8    -29   14  28   93   -5  132   20  132   20  13  0  0 L3P EA
G24 FF 61148 233000  780 616 3361      295978   -178           8      0   19  68   84    6  277   52  277   52  19  0  0 L3P EC
G25 FF 61148 233000  780 272 2192    -4290506     35          21      7   43  27  160  -27  184  -33  184  -33  37  0  0 L3P 1D
G29 FF 61148 233000  780 301 2748     3376566    -69          19      2   24  23  146  -15  466 -103  466 -103  20  0  0 L3P 4A
