CGGTTS     GENERIC DATA FORMAT VERSION = 2E
REV DATE = 2025-11-01
RCVR = PolaRx5TR (5.6.0)     sbf2cggtts-1.5.0
CH = 80
IMS = PolaRx5TR
LAB = LRTE
X = 3967035.920 m
Y = -4390028.540 m
Z = -2375644.640 m
FRAME = ITRF
COMMENTS = LS=18; ElMask=10deg; 'Generated from the SBF in 2026-02-08 at 23:54:01'
INT DLY = 24.9 ns (GPS P1),  15.7 ns (GPS P2)     CAL_ID = 1201-2025
CAB DLY = 103.1 ns
REF DLY = 47.2 ns
REF = UTC(LRTE)
CKSUM = fe

SAT CL  MJD  STTIME TRKL ELV AZTH   REFSV      SRSV     REFSYS    SRSYS  DSG IOE MDTR SMDT MDIO SMDI MSIO SMSI ISG FR HC FRC CK
             hhmmss  s  .1dg .1dg    .1ns     .1ps/s     .1ns    .1ps/s .1ns     .1ns.1ps/s.1ns.1ps/s.1ns.1ps/s.1ns
G05 FF 61079 001400  780 131 3029     2285899     35         127     30   56  63  318   80  555 -167  555 -167  42  0  0 L3P 67
G07 FF 61079 001400  780 112  758     1459877    103         140     53   52  93  368  108  595  -18  595  -18  40  0  0 L3P 59
G13 FF 61079 001400  780 663 2321    -6873681    -10          97    -22   18  15   80   -4  330   14  330   14  17  0  0 L3P 01
G14 FF 61079 001400  780 380 1497    -7334563     -4          93     18   21  34  119   14  264  -52  264  -52  18  0  0 L3P 27
G15 FF 61079 001400  780 334 2335    -3839118    -52         108    -18   22 103  133  -16  457    8  457    8  19  0  0 L3P 38
G17 FF 61079 001400  780 662  944      561385     84          98    -26   15 180   80    1  272    5  272    5  15  0  0 L3P C0
G19 FF 61079 001400  780 655  309    -6891467    -35         104    -19   14  88   81   -5  367  -74  367  -74  13  0  0 L3P 4E
G21 FF 61079 001400  780 130 3322    -3946960     67         117    126   58  42  321   96  277 -452  277 -452  46  0  0 L3P 81
G22 FF 61079 001400  780 516 1717      493055    -48          92      0   15   9   94    7  281  -42  281  -42  13  0  0 L3P CE
G30 FF 61079 001400  780 381  951    -1138804    -96          91     31   42  52  119    8  279   73  279   73  36  0  0 L3P 0C
G06 FF 61079 003000  780 142  316     6089130     26         155      2   79  69  295  -87  588  296  588  296  62  0  0 L3P 51
G13 FF 61079 003000  780 712 2504    -6873666      9         101     -2   13  15   78   -2  328   -2  328   -2  12  0  0 L3P D8
G14 FF 61079 003000  780 332 1440    -7334591     42          86     63   14  34  134   17  258  -47  258  -47  12  0  0 L3P 28
G15 FF 61079 003000  780 374 2404    -3839157    -54         101    -20   23 103  121  -10  457   20  457   20  21  0  0 L3P 33
G17 FF 61079 003000  780 635 1128      561485    110          93      1   15 180   82    3  255    2  255    2  13  0  0 L3P A5
G19 FF 61079 003000  780 718  473    -6891480    -34         107    -18   16  88   77   -2  308  -28  308  -28  15  0  0 L3P 44
G22 FF 61079 003000  780 465 1637      493015    -34          98     14   23   9  101    9  247  -35  247  -35  20  0  0 L3P EE
G24 FF 61079 003000  780 102 2269     1308167   -174         138    -17   43  71  404 -179  411  -45  411  -45  35  0  0 L3P 70
G30 FF 61079 003000  780 350  865    -1138931   -111          84     15   19  52  128   11  303 -110  303 -110  17  0  0 L3P 32
G06 FF 61079 004600  780 186  372     6089108     51         110     28   45  69  228  -55  580 -132  580 -132  46  0  0 L3P 5A
G12 FF 61079 004600  780 153 2768     6073034   -254         117   -257   48 115  274  -59 1056  337 1056  337  43  0  0 L3P CC
G13 FF 61079 004600  780 729 2775    -6873658     -3          97    -14   15  15   77    0  328   -8  328   -8  12  0  0 L3P 08
G14 FF 61079 004600  780 287 1383    -7334612    -29          85     -7   23  34  153   21  249  -31  249  -31  19  0  0 L3P 39
G15 FF 61079 004600  780 404 2488    -3839186    -55         105    -21   21 103  113   -6  445  -14  445  -14  20  0  0 L3P 55
G17 FF 61079 004600  780 586 1260      561594     81          97    -28   20 180   86    5  238  -17  238  -17  19  0  0 L3P 20
G19 FF 61079 004600  780 753  758    -6891484    -26         118    -10   39  88   76    0  252  -47  252  -47  25  0  0 L3P 43
G22 FF 61079 004600  780 416 1564      492965    -77          94    -30   27   9  111   11  224   -2  224   -2  24  0  0 L3P E7
G24 FF 61079 004600  780 150 2235     1308006   -149         127      8   38  71  280  -92  347 -114  347 -114  33  0  0 L3P 66
G30 FF 61079 004600  780 315  786    -1139037    -69         100     57   26  52  140   15  248  -73  248  -73  25  0  0 L3P 3C
G06 FF 61079 010200  780 232  432     6089117     43          96     19   42  69  186  -36  486  -95  486  -95  36  0  0 L3P 3E
G12 FF 61079 010200  780 185 2701     6073018      2          98     -1   40 115  229  -37 1015 -404 1015 -404  40  0  0 L3P 4B
G13 FF 61079 010200  780 703 3037    -6873635     10         110     -2   11  15   78    2  311    0  311    0  11  0  0 L3P A0
G14 FF 61079 010200  780 246 1325    -7334617     36         101     58   23  34  176   27  190  -87  190  -87  17  0  0 L3P 42
G15 FF 61079 010200  780 421 2583    -3839221    -56         103    -22   25 103  110   -2  371   34  371   34  29  0  0 L3P 2B
G17 FF 61079 010200  780 524 1344      561692     96          90    -14   30 180   93    9  212  -23  212  -23  27  0  0 L3P F9
G19 FF 61079 010200  780 739 1081    -6891501    -64         117    -48   22  88   77    2  209  -14  209  -14  15  0  0 L3P 3A
G22 FF 61079 010200  780 371 1495      492919    -44          93      4   24   9  122   13  200  -34  200  -34  22  0  0 L3P DC
G24 FF 61079 010200  780 202 2206     1307854   -207         125    -50   38  71  212  -55  272  -26  272  -26  34  0  0 L3P 51
G30 FF 61079 010200  780 276  713    -1139158    -58         100     68   30  52  158   22  216  -66  216  -66  27  0  0 L3P 33
G06 FF 61079 011800  780 279  496     6089150     10         106    -14   42  69  157  -25  342 -141  342 -141  37  0  0 L3P 5C
G11 FF 61079 011800  780 127   74     4465539   -179         125    -48   33 112  328 -126  794 -282  794 -282  25  0  0 L3P AA
G12 FF 61079 011800  780 215 2630     6073030    -60         108    -62   35 115  199  -26  626 -249  626 -249  31  0  0 L3P 8B
G13 FF 61079 011800  780 646 3209    -6873625     37         109     25   20  15   81    5  305  -56  305  -56  22  0  0 L3P 1B
G14 FF 61079 011800  780 208 1267    -7334643    -79          96    -58   24  34  206   36  186   49  186   49  18  0  0 L3P 51
G15 FF 61079 011800  780 424 2686    -3839245      3         112     37   20 103  109    1  380  -56  380  -56  16  0  0 L3P 26
G17 FF 61079 011800  780 456 1394      561801    105          95     -5   19 180  103   13  173  -28  173  -28  18  0  0 L3P 2D
G19 FF 61079 011800  780 686 1285    -6891528    -43         104    -27   16  88   79    4  176  -16  176  -16  15  0  0 L3P 58
G22 FF 61079 011800  780 328 1427      492869    -35          89     13   20   9  135   16  179  -33  179  -33  17  0  0 L3P 1C
G24 FF 61079 011800  780 257 2182     1307716   -215         138    -58   37  71  169  -36  208    1  208    1  31  0  0 L3P 29
G30 FF 61079 011800  780 233  648    -1139272    -80         107     46   29  52  185   34  229    6  229    6  27  0  0 L3P 02
G06 FF 61079 013400  780 324  567     6089160     45          93     21   28  69  137  -17  262  -61  262  -61  23  0  0 L3P 21
G11 FF 61079 013400  780 179  117     4465448     42         159    173   60 112  237  -70  633  -32  633  -32  47  0  0 L3P 50
G12 FF 61079 013400  780 243 2558     6073046    -30         122    -32   26 115  178  -19  397 -118  397 -118  22  0  0 L3P 8F
G13 FF 61079 013400  780 577 3314    -6873617     12         106      1   26  15   87    7  287 -123  287 -123  35  0  0 L3P 34
G14 FF 61079 013400  780 172 1208    -7334658     78         102     99   21  34  246   48  170  -86  170  -86  15  0  0 L3P 4D
G15 FF 61079 013400  780 413 2790    -3839288    -55         101    -21   20 103  111    4  371    8  371    8  17  0  0 L3P 0A
G17 FF 61079 013400  780 386 1421      561906    113          95      3   22 180  118   18  147  -26  147  -26  19  0  0 L3P 1E
G19 FF 61079 013400  780 618 1388    -6891545    -24         103     -8   19  88   83    6  148  -15  148  -15  18  0  0 L3P 40
G22 FF 61079 013400  780 288 1360      492837    -46         103      2   27   9  152   19  155   -3  155   -3  21  0  0 L3P DB
G24 FF 61079 013400  780 316 2164     1307540   -177         113    -20   30  71  140  -25  196  -28  196  -28  26  0  0 L3P 5B
G30 FF 61079 013400  780 187  590    -1139393    -97         107     29   27  52  228   57  270   34  270   34  26  0  0 L3P 2B
G06 FF 61079 015000  780 366  648     6089176     50          86     26   19  69  123  -12  228  -70  228  -70  17  0  0 L3P 2C
G11 FF 61079 015000  780 236  160     4465261     40          98    171   62 112  183  -44  641 -392  641 -392  55  0  0 L3P 5F
G12 FF 61079 015000  780 269 2484     6073031     35         105     33   20 115  162  -15  311 -105  311 -105  18  0  0 L3P 4A
G13 FF 61079 015000  780 502 3382    -6873612    -47         101    -59   42  15   96   11  329   83  329   83  43  0  0 L3P 32
G14 FF 61079 015000  780 139 1148    -7334669    -10         112     11   36  34  301   69  169    3  169    3  26  0  0 L3P 06
G15 FF 61079 015000  780 390 2887    -3839317    -19         105     15   18 103  117    7  380   19  380   19  14  0  0 L3P 37
G17 FF 61079 015000  780 317 1431      562008    125          92     16   22 180  140   28  139  -27  139  -27  20  0  0 L3P 1D
G19 FF 61079 015000  780 545 1438    -6891564      1          99     17   17  88   90    9  138  -25  138  -25  16  0  0 L3P 16
G22 FF 61079 015000  780 251 1294      492770    -38          82     10   18   9  173   24  174   -5  174   -5  14  0  0 L3P DE
G24 FF 61079 015000  780 378 2153     1307398   -168         122    -11   19  71  120  -18  164   -3  164   -3  18  0  0 L3P 3A
G30 FF 61079 015000  780 138  540    -1139522   -135          99     -9   50  52  304  108  333   53  333   53  44  0  0 L3P 1E
G06 FF 61079 020600  780 401  740     6089197     18          89     -6   21  70  114   -7  195  -17  195  -17  18  0  0 L3P 10
G11 FF 61079 020600  780 296  204     4465152   -190         118    -59   31 113  149  -29  445 -213  445 -213  33  0  0 L3P 85
G12 FF 61079 020600  780 295 2410     6073042    -19         107    -22   20 116  149  -12  259  -16  259  -16  20  0  0 L3P 52
G13 FF 61079 020600  780 428 3431    -6873599     19         101      7   39  16  108   16  361   38  361   38  38  0  0 L3P 24
G14 FF 61079 020600  780 107 1088    -7334674    -42         132    -21   39  35  385  108  185   54  185   54  34  0  0 L3P 58
G15 FF 61079 020600  780 357 2976    -3839353    -39         108     -4   18 108  126   12  427   66  427   66  13  0  0 L3P 53
G17 FF 61079 020600  780 250 1430      562130    141         109     32   25 183  173   44  124  -35  124  -35  21  0  0 L3P 1E
G19 FF 61079 020600  780 473 1459    -6891580    -22         100     -6   18  89  100   12  128   -3  128   -3  17  0  0 L3P 1E
G22 FF 61079 020600  780 216 1227      492763     13         122     61   27  15  199   31  151  -43  151  -43  22  0  0 L3P 08
G24 FF 61079 020600  780 444 2152     1307235   -158         111     -2   17  89  105  -13  166  -20  166  -20  16  0  0 L3P 3D
G06 FF 61079 022200  780 424  841     6089220     72          89     48   21  70  109   -4  173  -66  173  -66  18  0  0 L3P 12
G11 FF 61079 022200  780 358  253     4465011   -114         103     17   25 113  125  -20  315 -128  315 -128  21  0  0 L3P 56
G12 FF 61079 022200  780 320 2334     6073044     21         107     19   18 116  138  -10  219  -42  219  -42  15  0  0 L3P 2E
G13 FF 61079 022200  780 354 3471    -6873578     -3         111    -14   32  16  127   23  415   96  415   96  23  0  0 L3P 2D
G15 FF 61079 022200  780 318 3056    -3839375    -34         119      0   37 108  139   17  447  -46  447  -46  29  0  0 L3P 5F
G17 FF 61079 022200  780 186 1420      562225     92          99    -18   48 183  229   75  139   15  139   15  35  0  0 L3P 24
G19 FF 61079 022200  780 402 1464    -6891592      8         103     24   22  89  114   17  119  -21  119  -21  21  0  0 L3P 20
G22 FF 61079 022200  780 182 1161      492700   -120         105    -73   40  15  233   41  177   76  177   76  30  0  0 L3P 1B
G24 FF 61079 022200  780 512 2164     1307083   -148         110      9   19  89   94   -9  154  -20  154  -20  17  0  0 L3P 1C
G06 FF 61079 023800  780 434  950     6089250    -17          96    -41   20  70  107    0  152   35  152   35  19  0  0 L3P F3
G11 FF 61079 023800  780 423  310     4464886   -126         104      4   18 113  109  -14  239  -58  239  -58  16  0  0 L3P 4C
G12 FF 61079 023800  780 346 2258     6073044     -5         104     -7   31 116  129   -9  193  -17  193  -17  28  0  0 L3P 35
G13 FF 61079 023800  780 284 3506    -6873567    -17         110    -28   24  16  154   35  542  148  542  148  22  0  0 L3P 6D
G15 FF 61079 023800  780 274 3128    -3839406    -29         120      5   27 108  159   24  518  113  518  113  23  0  0 L3P 56
G19 FF 61079 023800  780 335 1457    -6891602     61         108     76   23  89  133   24  117  -62  117  -62  20  0  0 L3P 46
G22 FF 61079 023800  780 150 1095      492682    -65         132    -17   41  15  279   57  176   52  176   52  28  0  0 L3P 2D
G24 FF 61079 023800  780 581 2197     1306936    -94         113     63   17  89   87   -7  146  -52  146  -52  17  0  0 L3P 42
G06 FF 61079 025400  780 428 1058     6089268     30          91      6   19  70  108    3  141  -19  141  -19  16  0  0 L3P FD
G11 FF 61079 025400  780 486  381     4464749    -95          93     36   18 113   98  -10  202  -67  202  -67  14  0  0 L3P 37
G12 FF 61079 025400  780 373 2180     6073040    -10          98    -12   23 116  121   -8  181  -13  181  -13  20  0  0 L3P 1F
G13 FF 61079 025400  780 218 3540    -6873536     89         131     78   38  16  197   56  629  -45  629  -45  33  0  0 L3P 68
G15 FF 61079 025400  780 230 3194    -3839450    -32         109      2   20 108  187   35  628  106  628  106  16  0  0 L3P 52
G19 FF 61079 025400  780 271 1441    -6891629     31          97     47   18  89  161   35  130  -46  130  -46  14  0  0 L3P 3B
G22 FF 61079 025400  780 119 1029      492634    -70         130    -22   34  15  347   88  191   16  191   16  29  0  0 L3P 1D
G29 FF 61079 025400  780 103 3068     3793292    -79         168    -13   40  81  403 -194 1001 -329 1001 -329  54  0  0 L3P B5
G06 FF 61079 031000  780 406 1157     6089297     16          97     -7   23  70  113    7  130    9  130    9  23  0  0 L3P C5
G11 FF 61079 031000  780 545  474     4464636   -143         105    -12   19 113   90   -6  165   -8  165   -8  16  0  0 L3P 1B
G12 FF 61079 031000  780 401 2101     6073034     -9          90    -11   26 116  114   -7  174   -9  174   -9  25  0  0 L3P F2
G13 FF 61079 031000  780 156 3574    -6873539     49         117     38   59  16  270  101  699  102  699  102  44  0  0 L3P 74
G15 FF 61079 031000  780 186 3256    -3839480     60         112     94   64 108  228   51  647 -193  647 -193  45  0  0 L3P 8C
G19 FF 61079 031000  780 212 1419    -6891631    -59         111    -43   33  89  202   54  124   65  124   65  24  0  0 L3P 39
G25 FF 61079 031000  780 115 2394    -4449173    -10         122    -35   38  91  361 -107  341  -66  341  -66  30  0  0 L3P 6A
G29 FF 61079 031000  780 152 3017     3793194   -110         133    -44   31  81  277  -87  681 -160  681 -160  30  0  0 L3P 8B
G06 FF 61079 033800  780 337 1295     6089324     45          84     22   21  70  132   17  151   -4  151   -4  16  0  0 L3P F2
G11 FF 61079 033800  780 619  717     4464410   -131          98      0   11 113   83   -2  144  -14  144  -14   8  0  0 L3P F0
G12 FF 61079 033800  780 454 1957     6073046     56          99     54   19 116  103   -6  149  -52  149  -52  16  0  0 L3P 40
G19 FF 61079 033800  780 117 1367    -6891675    -36          93    -20   44  89  356  151  155   37  155   37  34  0  0 L3P 61
G25 FF 61079 033800  780 180 2301    -4449152    -23         101    -48   36  91  236  -51  300   29  300   29  30  0  0 L3P 33
G29 FF 61079 033800  780 232 2910     3793087    -73         109     -7   34   1  186  -33  517  -82  517  -82  29  0  0 L3P 4B
G06 FF 61079 035400  780 286 1351     6089363     12         101    -12   26  70  153   28  144   33  144   33  20  0  0 L3P 0E
G11 FF 61079 035400  780 631  897     4464276   -146          90    -15   24 113   82    0  137   11  137   11  20  0  0 L3P FE
G12 FF 61079 035400  780 486 1868     6073044    -15          95    -17   16 116   98   -5  151   16  151   16  14  0  0 L3P 21
G21 FF 61079 035400  780 111  521    -3947707    -71         154    -11   44  43  371 -103  347  -82  347  -82  37  0  0 L3P 61
G24 FF 61079 035400  780 712 3145     1306190   -148          81      9   17  96   78    3  170   11  170   11  15  0  0 L3P E4
G25 FF 61079 035400  780 221 2251    -4449124     13         105    -12   41  91  195  -37  268  -20  268  -20  34  0  0 L3P 47
G29 FF 61079 035400  780 272 2840     3793029    -28         115     38   27   1  160  -22  414 -118  414 -118  23  0  0 L3P 59
G05 FF 61079 041000  780 136  304     2285975      0         112     -6   48  64  308  -93  496 -215  496 -215  35  0  0 L3P 42
G06 FF 61079 041000  780 229 1392     6089391     54         110     30   36  72  188   47  149  -15  149  -15  29  0  0 L3P 3C
G11 FF 61079 041000  780 615 1072     4464151   -158          94    -28   15 114   84    2  131   14  131   14  13  0  0 L3P FF
G12 FF 61079 041000  780 519 1772     6073040     14          86     12   17 117   93   -4  150  -23  150  -23  13  0  0 L3P FC
G21 FF 61079 041000  780 143  585    -3947776    -44         140     15   38  44  292  -65  261 -102  261 -102  32  0  0 L3P 61
G24 FF 61079 041000  780 650 3300     1306043   -180          86    -23   14 101   81    5  172   24  172   24  13  0  0 L3P F4
G25 FF 61079 041000  780 265 2203    -4449110    -27          94    -52   26  92  164  -27  237    3  237    3  23  0  0 L3P 0A
G29 FF 61079 041000  780 309 2763     3792954    -82         103    -16   21   2  143  -15  345  -68  345  -68  17  0  0 L3P 52
G05 FF 61079 042600  780 179  361     2285965     -5          96    -11   38  64  237  -58  337 -130  337 -130  30  0  0 L3P 53
G11 FF 61079 042600  780 575 1210     4464013   -144          82    -14   16 114   87    5  132   -1  132   -1  16  0  0 L3P F3
G12 FF 61079 042600  780 550 1665     6073057      0         101     -2   18 117   90   -3  127  -12  127  -12  16  0  0 L3P F6
G21 FF 61079 042600  780 175  652    -3947854    -52         118      7   22  44  242  -42  218  -73  218  -73  17  0  0 L3P 3E
G24 FF 61079 042600  780 578 3390     1305889   -143          83     14   30 101   87    7  176  -13  176  -13  29  0  0 L3P 38
G25 FF 61079 042600  780 313 2157    -4449094    -30          86    -55   24  92  141  -21  206   12  206   12  20  0  0 L3P 24
G29 FF 61079 042600  780 341 2679     3792883   -114          95    -48   24   2  131  -10  284  -17  284  -17  19  0  0 L3P 5C
G05 FF 61079 044200  780 224  421     2285971      2          97     -4   39  64  192  -38  230  -72  230  -72  28  0  0 L3P 05
G11 FF 61079 044200  780 519 1305     4463888   -108          83     22   15 114   93    8  120  -24  120  -24  13  0  0 L3P 1A
G12 FF 61079 044200  780 579 1543     6073054     -8          96    -10   17 117   87   -3  118   -4  118   -4  16  0  0 L3P FF
G21 FF 61079 044200  780 205  723    -3947905   -162         124   -103   39  44  208  -28  158   78  158   78  35  0  0 L3P 6F
G24 FF 61079 044200  780 502 3449     1305736   -118          81     38   26 101   96   11  178  -26  178  -26  25  0  0 L3P 43
G25 FF 61079 044200  780 365 2112    -4449065     11          91    -15   23  92  123  -16  166  -17  166  -17  20  0  0 L3P 39
G29 FF 61079 044200  780 368 2591     3792821    -57          97      9   22   2  122   -7  240  -53  240  -53  20  0  0 L3P 08
G05 FF 61079 045800  780 271  485     2285979     32         100     26   40  64  161  -26  165  -74  165  -74  33  0  0 L3P 3A
G11 FF 61079 045800  780 456 1367     4463759   -132          79     -1   26 114  103   12  114    3  114    3  25  0  0 L3P 00
G12 FF 61079 045800  780 602 1403     6073049     12          88      9   15 117   85   -2  111  -21  111  -21  13  0  0 L3P EA
G18 FF 61079 045800  780 102 3265     4306007   -137         104    -41   48  81  407 -244  615 -184  615 -184  30  0  0 L3P 9E
G21 FF 61079 045800  780 231  798    -3947965     15         121     74   46  44  186  -18  123 -111  123 -111  42  0  0 L3P 60
G24 FF 61079 045800  780 427 3492     1305593   -182          88    -25   18 101  108   16  173   23  173   23  15  0  0 L3P 45
G25 FF 61079 045800  780 421 2069    -4449055     32          77      7   21  92  109  -13  148  -26  148  -26  18  0  0 L3P 34
G29 FF 61079 045800  780 391 2498     3792763   -108         102    -42   16   2  116   -5  195    1  195    1  14  0  0 L3P 11
G05 FF 61079 051400  780 316  556     2285973     10          88      4   24  64  140  -18  137  -43  137  -43  21  0  0 L3P 06
G11 FF 61079 051400  780 390 1404     4463629    -96          74     35   22 114  117   17  112  -39  112  -39  17  0  0 L3P 37
G12 FF 61079 051400  780 615 1246     6073059     -2          96     -4   19 117   84   -1   92  -10   92  -10  16  0  0 L3P E1
G18 FF 61079 051400  780 165 3239     4305903   -132          93    -35   38  81  257  -97  408 -156  408 -156  25  0  0 L3P 94
G21 FF 61079 051400  780 250  877    -3948034   -100         109    -41   39  44  173  -11  112   17  112   17  33  0  0 L3P 34
G24 FF 61079 051400  780 353 3527     1305449   -150          94      7   22 101  127   23  176   -2  176   -2  18  0  0 L3P 0D
G25 FF 61079 051400  780 482 2028    -4449021    -17          87    -42   16  92   99  -10  117   21  117   21  13  0  0 L3P 1D
G29 FF 61079 051400  780 411 2403     3792705    -18         108     48   13   2  112   -4  155  -73  155  -73  12  0  0 L3P 1A
G05 FF 61079 053000  780 358  636     2285972     16          82     10   21  64  126  -12  121  -25  121  -25  17  0  0 L3P 07
G11 FF 61079 053000  780 323 1423     4463504    -98          75     32   16 114  137   26  110  -30  110  -30  14  0  0 L3P 16
G12 FF 61079 053000  780 614 1080     6073057      1          91     -2   11 117   84    1   92   -5   92   -5  11  0  0 L3P 91
G18 FF 61079 053000  780 229 3205     4305815   -142          97    -45   20  81  188  -51  281  -55  281  -55  19  0  0 L3P 61
G21 FF 61079 053000  780 262  959    -3948109    -87          90    -28   29  44  166   -4  119   28  119   28  26  0  0 L3P 32
G24 FF 61079 053000  780 283 3560     1305304   -110         100     47   28 101  155   35  194   -4  194   -4  25  0  0 L3P 20
G25 FF 61079 053000  780 546 1986    -4449002    -20          82    -45   19  92   90   -8  108   23  108   23  15  0  0 L3P 16
G28 FF 61079 053000  780 145 2259     5991249   -135          94    -72   41 134  290  -85  268   -1  268   -1  36  0  0 L3P 5D
G29 FF 61079 053000  780 426 2305     3792635    -74         101     -8   20   2  108   -3  141   -8  141   -8  18  0  0 L3P EF
G05 FF 61079 054600  780 393  726     2285989      5          93      0   23  64  116   -8   97  -10   97  -10  21  0  0 L3P D1
G11 FF 61079 054600  780 257 1429     4463383   -124          79      7   26 114  169   41  110  -10  110  -10  21  0  0 L3P 27
G12 FF 61079 054600  780 598  919     6073056    -11          89    -14   24 117   85    2   92   17   92   17  19  0  0 L3P EE
G18 FF 61079 054600  780 292 3160     4305724   -151          99    -54   34  81  151  -30  213   -6  213   -6  28  0  0 L3P 2F
G21 FF 61079 054600  780 264 1041    -3948166    -78          89    -19   44  44  165    2  111   24  111   24  37  0  0 L3P 1C
G24 FF 61079 054600  780 217 3591     1305154   -140         101     17   23 101  198   57  234   42  234   42  18  0  0 L3P 34
G25 FF 61079 054600  780 615 1941    -4448974      0          86    -25   21  92   84   -6   91   12   91   12  18  0  0 L3P E0
G28 FF 61079 054600  780 184 2312     5991206   -133         112    -71   25 134  230  -45  221   41  221   41  22  0  0 L3P 45
G29 FF 61079 054600  780 439 2206     3792577    -47         106     19   17   2  106   -2  118  -31  118  -31  14  0  0 L3P 28
G05 FF 61079 060200  780 418  826     2285984    -23          81    -28   21  75  110   -4  102   21  102   21  17  0  0 L3P F0
G11 FF 61079 060200  780 194 1425     4463262   -346          90   -215   42 116  220   69  120  158  120  158  30  0  0 L3P 65
G12 FF 61079 060200  780 566  776     6073061     21          89     19   18 118   88    4   89  -17   89  -17  15  0  0 L3P F6
G18 FF 61079 060200  780 353 3104     4305625    -70          91     26   21  82  127  -19  181  -53  181  -53  15  0  0 L3P 2D
G21 FF 61079 060200  780 255 1122    -3948199   -121         112    -62   37  45  170    9   86   58   86   58  31  0  0 L3P 25
G24 FF 61079 060200  780 155   24     1304988   -100          90     57   28 156  272  103  302  -15  302  -15  19  0  0 L3P 2A
G25 FF 61079 060200  780 687 1889    -4448958     37          81     12   16  93   79   -4   89   -8   89   -8  13  0  0 L3P 07
G28 FF 61079 060200  780 217 2376     5991149    -69         116     -6   29 135  198  -25  198  -12  198  -12  24  0  0 L3P 77
G29 FF 61079 060200  780 450 2106     3792497   -102          89    -36   19  16  104   -2  116   24  116   24  18  0  0 L3P 27
G05 FF 61079 061800  780 429  932     2285970     41          62     35   25  75  108   -1  112  -39  112  -39  20  0  0 L3P 05
G12 FF 61079 061800  780 522  657     6073065    -23          91    -25   24 118   93    6   92   16   92   16  21  0  0 L3P D9
G18 FF 61079 061800  780 411 3034     4305529    -78          87     18   42  82  112  -13  157  -30  157  -30  26  0  0 L3P 37
G21 FF 61079 061800  780 235 1197    -3948289    -32          79     27   26  45  183   19  111  -29  111  -29  21  0  0 L3P 49
G25 FF 61079 061800  780 761 1808    -4448925     36          90     11   15  93   76   -3   80  -10   80  -10  14  0  0 L3P F2
G28 FF 61079 061800  780 240 2447     5991082    -63         109     -1   31 135  180  -13  191   -7  191   -7  27  0  0 L3P 36
G29 FF 61079 061800  780 460 2005     3792436    -60          91      6   23  16  102   -2  104  -14  104  -14  22  0  0 L3P F8
G05 FF 61079 063400  780 426 1039     2285995      4          81     -1   28  75  109    2   94    5   94    5  25  0  0 L3P A3
G12 FF 61079 063400  780 468  562     6073067    -38          91    -41   28 118  101   10   94   38   94   38  20  0  0 L3P 01
G18 FF 61079 063400  780 463 2947     4305436    -95          87      2   19  82  102   -9  141  -17  141  -17  15  0  0 L3P 1F
G21 FF 61079 063400  780 206 1263    -3948324     34         100     93   36  45  208   33   95  -74   95  -74  26  0  0 L3P 24
G23 FF 61079 063400  780 129 3505    -6098415     23         133     72   28  63  325 -157  256 -174  256 -174  20  0  0 L3P 8B
G25 FF 61079 063400  780 834 1592    -4448915     34          76      9   34  93   74   -1   90  -14   90  -14  33  0  0 L3P F1
G28 FF 61079 063400  780 252 2525     5991032    -36         119     26   37 135  172   -5  186  -18  186  -18  32  0  0 L3P 5A
G29 FF 61079 063400  780 469 1903     3792377    -84          96    -18   16  16  101   -1   94   16   94   16  15  0  0 L3P 10
G05 FF 61079 065000  780 407 1139     2286002     40          83     34   19  75  113    6   89  -28   89  -28  16  0  0 L3P F3
G12 FF 61079 065000  780 409  487     6073064     -8          85    -11   28 118  112   14   97    9   97    9  22  0  0 L3P D4
G18 FF 61079 065000  780 509 2842     4305346    -83          90     13   16  82   95   -6  118  -29  118  -29  13  0  0 L3P 22
G21 FF 61079 065000  780 168 1321    -3948361    -19         120     40   36  45  252   61   92  -22   92  -22  31  0  0 L3P 17
G23 FF 61079 065000  780 195 3521    -6098465     12         130     61   43  63  219  -75  170  -99  170  -99  32  0  0 L3P 5B
G25 FF 61079 065000  780 852  662    -4448896     46          71     21   14  93   74    1   84  -15   84  -15  12  0  0 L3P E2
G28 FF 61079 065000  780 255 2606     5990971    -53         118      9   43 135  170    2  180  -25  180  -25  37  0  0 L3P 35
G29 FF 61079 065000  780 477 1800     3792315    -49          97     16   21  16   99   -1   86  -15   86  -15  17  0  0 L3P 0C
G05 FF 61079 070600  780 374 1225     2286013     38          88     32   29  75  121   11   90  -13   90  -13  26  0  0 L3P F1
G12 FF 61079 070600  780 346  429     6073067     25          86     23   17 118  129   22  104   -6  104   -6  14  0  0 L3P F2
G15 FF 61079 070600  780 108  545    -3839955    -92         122    -58   37 110  382 -101  114   20  114   20  27  0  0 L3P 51
G18 FF 61079 070600  780 544 2718     4305253   -106          90     -9   18  82   90   -3  106   -4  106   -4  17  0  0 L3P FA
G21 FF 61079 070600  780 124 1368    -3948417    -49         121     10   51  45  336  120  108   -3  108   -3  38  0  0 L3P 2C
G23 FF 61079 070600  780 265 3533    -6098513    -56         129     -7   28  63  164  -43  130  -27  130  -27  21  0  0 L3P 53
G25 FF 61079 070600  780 781  303    -4448870     49          73     24   16  93   75    2   83  -17   83  -17  12  0  0 L3P E3
G26 FF 61079 070600  780 104 2201     3238540    -73         156   -131   29  69  398 -214  219   60  219   60  21  0  0 L3P 5E
G28 FF 61079 070600  780 247 2688     5990904    -46         111     17   38 135  175    8  189   -9  189   -9  32  0  0 L3P 48
G29 FF 61079 070600  780 484 1695     3792243    -83          87    -17   15  16   98   -1   91    3   91    3  12  0  0 L3P D8
G31 FF 61079 070600  780 117 2384     1681797    -54         135    -32   42  83  353  -50  245   26  245   26  31  0  0 L3P 43
G05 FF 61079 072200  780 331 1295     2286030     35         100     30   27  75  134   18   79  -26   79  -26  21  0  0 L3P 04
G12 FF 61079 072200  780 281  383     6073091    -20         108    -23   36 118  156   34   98   35   98   35  30  0  0 L3P 0E
G15 FF 61079 072200  780 138  610    -3839980      2         130     36   54 110  304  -64   89  -56   89  -56  52  0  0 L3P 22
G18 FF 61079 072200  780 567 2577     4305171   -124         100    -27   17  82   88   -2   88   15   88   15  16  0  0 L3P 17
G23 FF 61079 072200  780 339 3541    -6098567    -72         122    -23   26  63  132  -27  112    7  112    7  20  0  0 L3P 1C
G25 FF 61079 072200  780 700  213    -4448836     75          83     50   16  93   78    4   77  -35   77  -35  12  0  0 L3P E4
G26 FF 61079 072200  780 162 2211     3238572     32         132    -26   46  69  262  -92  186  -17  186  -17  39  0  0 L3P 57
G28 FF 61079 072200  780 230 2768     5990896   -216         163   -154   49 135  187   16  138  167  138  167  48  0  0 L3P BB
G29 FF 61079 072200  780 489 1587     3792188    -75          96     -9   17  16   97   -1   76   -6   76   -6  16  0  0 L3P 00
G31 FF 61079 072200  780 130 2451     1681772    -86         131    -64   40  83  321  -21  235   43  235   43  33  0  0 L3P 2B
G05 FF 61079 073800  780 281 1349     2286041    -48         105    -53   23  75  156   28   84   48   84   48  17  0  0 L3P 25
G12 FF 61079 073800  780 216  348     6073087     31         102     29   27 118  199   59  119   12  119   12  20  0  0 L3P 18
G15 FF 61079 073800  780 167  678    -3840043     12          99     46   29 110  253  -42  109  -33  109  -33  25  0  0 L3P 40
G18 FF 61079 073800  780 577 2427     4305080   -109         103    -12   23  82   87    0   81    7   81    7  19  0  0 L3P DC
G23 FF 61079 073800  780 417 3546    -6098617    -26         118     23   24  63  110  -18  103  -31  103  -31  20  0  0 L3P 46
G25 FF 61079 073800  780 616  172    -4448813     29          82      4   20  93   84    7   84   11   84   11  18  0  0 L3P B4
G26 FF 61079 073800  780 219 2231     3238629     51         133     -7   45  69  196  -50  151  -30  151  -30  40  0  0 L3P 34
G28 FF 61079 073800  780 207 2844     5990801    -45         128     18   28 135  206   25  181   -2  181   -2  25  0  0 L3P 34
G29 FF 61079 073800  780 492 1477     3792132    -89         104    -23   25  16   97    0   67   32   67   32  21  0  0 L3P FC
G31 FF 61079 073800  780 134 2522     1681757     -5         137     16   29  83  311   -1  216  -23  216  -23  26  0  0 L3P 1F
G05 FF 61079 075400  780 225 1388     2286055    -39         114    -45   29  75  191   47   87   51   87   51  23  0  0 L3P 27
G10 FF 61079 075400  780 124 3381     5872607    -12         115    -29   67  48  338 -177  194 -102  194 -102  56  0  0 L3P 9B
G12 FF 61079 075400  780 150  323     6073120     -2         133     -4   36 118  282  121  111   26  111   26  27  0  0 L3P F5
G15 FF 61079 075400  780 193  748    -3840046   -104         129    -70   67 110  220  -28   82   65   82   65  61  0  0 L3P 41
G18 FF 61079 075400  780 573 2277     4304991   -125         106    -28   15  82   87    1   71   16   71   16  14  0  0 L3P 06
G23 FF 61079 075400  780 499 3547    -6098664    -51         118     -2   18  63   96  -12   89  -17   89  -17  16  0  0 L3P 4A
G25 FF 61079 075400  780 534  149    -4448779     35          92     10   21  93   92   10   84    1   84    1  18  0  0 L3P B3
G26 FF 61079 075400  780 275 2263     3238673     77         122     19   29  69  159  -30  128  -44  128  -44  24  0  0 L3P 57
G28 FF 61079 075400  780 179 2916     5990735    -76         122    -14   35 135  237   39  209   51  209   51  29  0  0 L3P 62
G29 FF 61079 075400  780 492 1365     3792064   -117          98    -51   20  16   97    0   71   46   71   46  16  0  0 L3P FE
G31 FF 61079 075400  780 131 2593     1681718     12         118     34   33  83  319   17  229  -26  229  -26  24  0  0 L3P 38
G10 FF 61079 081000  780 191 3372     5872588     21          81      4   32  49  223  -79  173   -6  173   -6  19  0  0 L3P 03
G15 FF 61079 081000  780 216  822    -3840116    -92          97    -58   36 111  198  -18  123   62  123   62  32  0  0 L3P 37
G18 FF 61079 081000  780 559 2137     4304891   -105          97     -8   21  83   89    2   74   10   74   10  17  0  0 L3P E0
G23 FF 61079 081000  780 583 3544    -6098709    -56         117     -7   21  64   86   -8   76    2   76    2  15  0  0 L3P E3
G25 FF 61079 081000  780 453  136    -4448750     74         100     49   30  94  104   15   82  -36   82  -36  27  0  0 L3P 08
G26 FF 61079 081000  780 328 2309     3238723     37         115    -21   19  82  135  -19  116    6  116    6  17  0  0 L3P 09
G28 FF 61079 081000  780 148 2984     5990667    -95         120    -33   38 136  283   59  263   77  263   77  25  0  0 L3P 73
G29 FF 61079 081000  780 487 1251     3791999    -95         102    -29   13  18   98    1   75   31   75   31  13  0  0 L3P 00
G31 FF 61079 081000  780 120 2665     1681701    -30         120     -8   31  84  345   39  233   30  233   30  26  0  0 L3P 01
G10 FF 61079 082600  780 261 3356     5872610     64          86     47   33  49  167  -44  146  -72  146  -72  32  0  0 L3P 40
G15 FF 61079 082600  780 233  899    -3840150     17          97     51   35 111  185  -10  135  -22  135  -22  30  0  0 L3P 2E
G16 FF 61079 082600  780 104 2186    -2038590   -169         125    -94   37  88  399 -209  174   22  174   22  27  0  0 L3P 8C
G18 FF 61079 082600  780 538 2009     4304800   -113          98    -17   17  83   91    3   73   21   73   21  15  0  0 L3P E7
G23 FF 61079 082600  780 669 3540    -6098763    -59         111    -10   19  64   80   -5   76    7   76    7  17  0  0 L3P FC
G25 FF 61079 082600  780 374  130    -4448723      8         103    -17   28  94  121   22   94   46   94   46  25  0  0 L3P F3
G26 FF 61079 082600  780 376 2371     3238781     78         116     20   23  82  120  -12  106  -22  106  -22  21  0  0 L3P 2B
G28 FF 61079 082600  780 117 3049     5990620    -78         133    -16   27 136  355   93  273   10  273   10  22  0  0 L3P 4B
G29 FF 61079 082600  780 476 1137     3791936    -70         102     -4   29  18   99    2   81   22   81   22  26  0  0 L3P E8
G31 FF 61079 082600  780 104 2736     1681685    -40         125    -18   35  84  396   69  259   62  259   62  32  0  0 L3P 4F
G10 FF 61079 084200  780 333 3331     5872619     23          79      6   37  49  134  -27  137  -12  137  -12  35  0  0 L3P 1E
G15 FF 61079 084200  780 242  977    -3840170    -79         110    -44   28 111  178   -3  141   60  141   60  24  0  0 L3P 2E
G16 FF 61079 084200  780 159 2207    -2038688    -84          99     -9   46  88  266  -90  162   -3  162   -3  46  0  0 L3P 42
G18 FF 61079 084200  780 513 1893     4304709   -130         100    -34   19  83   94    4   82   42   82   42  16  0  0 L3P FB
G23 FF 61079 084200  780 757 3533    -6098816    -21         105     28   34  64   76   -3   81  -30   81  -30  33  0  0 L3P 15
G25 FF 61079 084200  780 298  129    -4448696     20         106     -5   26  94  148   34  114   27  114   27  21  0  0 L3P 17
G26 FF 61079 084200  780 415 2450     3238831     60         111      2   21  82  111   -8  108   -3  108   -3  18  0  0 L3P DA
G29 FF 61079 084200  780 459 1027     3791878    -71         108     -5   18  18  102    4   93   34   93   34  16  0  0 L3P FE
G10 FF 61079 085800  780 406 3295     5872639     30          82     13   29  49  113  -18  134   -7  134   -7  28  0  0 L3P 19
G15 FF 61079 085800  780 242 1055    -3840217    -83          95    -49   28 111  178    3  174   64  174   64  23  0  0 L3P 3D
G16 FF 61079 085800  780 213 2239    -2038757    -59         102     16   23  88  202  -48  159  -13  159  -13  21  0  0 L3P 61
G18 FF 61079 085800  780 485 1789     4304623    -59         107     37   17  83   98    4   93   -8   93   -8  14  0  0 L3P 02
G23 FF 61079 085800  780 845 3533    -6098852     71         115    120   22  64   74   -1   75 -113   75 -113  20  0  0 L3P 3B
G25 FF 61079 085800  780 226  134    -4448654     69         124     44   20  94  191   58  140   17  140   17  15  0  0 L3P 1B
G26 FF 61079 085800  780 442 2546     3238889     58         113      0   31  82  105   -4  113    9  113    9  27  0  0 L3P E5
G29 FF 61079 085800  780 435  923     3791810   -101         103    -35   20  18  107    6  121   55  121   55  18  0  0 L3P 15
G10 FF 61079 091400  780 479 3244     5872669     24          96      7   12  49   99  -12  126  -10  126  -10  11  0  0 L3P 11
G15 FF 61079 091400  780 232 1130    -3840230     37         115     71   25 111  185   11  175  -32  175  -32  21  0  0 L3P 2D
G16 FF 61079 091400  780 263 2283    -2038827    -88         104    -13   33  88  166  -29  160   16  160   16  29  0  0 L3P 57
G18 FF 61079 091400  780 457 1692     4304522   -124          97    -27   20  84  103    5  112   32  112   32  17  0  0 L3P 10
G23 FF 61079 091400  780 867 1667    -6098901    -69         113    -20   19  64   74    1   84   27   84   27  18  0  0 L3P 15
G25 FF 61079 091400  780 157  144    -4448624     19         130     -6   30  94  269  112  185   53  185   53  21  0  0 L3P 25
G26 FF 61079 091400  780 454 2654     3238942     37         111    -21   18  82  103   -1  128   22  128   22  16  0  0 L3P 12
G29 FF 61079 091400  780 404  826     3791760    -52         116     14   18  18  113    8  135    8  135    8  14  0  0 L3P E1
G10 FF 61079 093000  780 550 3170     5872689     15         100     -2   15  49   90   -8  123    7  123    7  13  0  0 L3P CC
G15 FF 61079 093000  780 214 1200    -3840257     12         120     46   25 111  200   21  196  -13  196  -13  20  0  0 L3P 21
G16 FF 61079 093000  780 307 2341    -2038894    -99         109    -24   20  88  144  -18  157   19  157   19  17  0  0 L3P 61
G18 FF 61079 093000  780 430 1601     4304432    -80         100     16   16  84  108    6  129    4  129    4  14  0  0 L3P D4
G23 FF 61079 093000  780 781 1672    -6098966    -21          95     28   21  64   75    2  109  -20  109  -20  19  0  0 L3P 21
G26 FF 61079 093000  780 450 2766     3238994     42         107    -16   22  82  104    2  139   21  139   21  17  0  0 L3P 0F
G27 FF 61079 093000  780 102 2224      365734     65         161    -28   41  59  407 -202  226    9  226    9  32  0  0 L3P 0A
G29 FF 61079 093000  780 367  738     3791701    -62         120      4   28  18  123   12  160   37  160   37  23  0  0 L3P FC
G10 FF 61079 094600  780 616 3064     5872700     27          94     10   14  49   84   -5  130   -9  130   -9  11  0  0 L3P E0
G15 FF 61079 094600  780 186 1262    -3840305    -11         106     23   31 111  228   38  243   15  243   15  26  0  0 L3P 2E
G16 FF 61079 094600  780 344 2413    -2038965    -77         110     -2   25  88  130  -11  161    8  161    8  23  0  0 L3P 10
G18 FF 61079 094600  780 404 1513     4304336   -120          97    -23   15  84  113    6  152   52  152   52  13  0  0 L3P 0E
G23 FF 61079 094600  780 698 1654    -6099016    -64          92    -15   12  64   78    4  118   23  118   23  10  0  0 L3P 17
G26 FF 61079 094600  780 432 2875     3239048     82         105     24   20  82  107    5  151   -1  151   -1  17  0  0 L3P F0
G27 FF 61079 094600  780 155 2199      365815     32         153    -61   48  59  272  -96  204   43  204   43  47  0  0 L3P 38
G29 FF 61079 094600  780 324  660     3791633    -41         116     25   29  18  137   18  191    5  191    5  26  0  0 L3P FC
G32 FF 61079 094600  780 147    6     1027788   -182         117     -5   28  54  286 -109  252  -17  252  -17  23  0  0 L3P 41
G10 FF 61079 100200  780 672 2905     5872718     13          93     -4   12  50   80   -3  136   14  136   14  11  0  0 L3P D2
G15 FF 61079 100200  780 152 1316    -3840315     72         129    106   33 113  278   69  281  -34  281  -34  25  0  0 L3P 55
G16 FF 61079 100200  780 370 2498    -2039045    -39          97     36   18  93  122   -6  176   -1  176   -1  16  0  0 L3P 15
G18 FF 61079 100200  780 379 1429     4304254    -90         102      6   20  85  119    7  165   17  165   17  16  0  0 L3P FC
G23 FF 61079 100200  780 618 1631    -6099057    -48          96      1   20  65   83    6  128   20  128   20  16  0  0 L3P E3
G26 FF 61079 100200  780 401 2973     3239102     72         102     14   21  94  114    9  171   10  171   10  16  0  0 L3P DC
G27 FF 61079 100200  780 212 2180      365893    125         147     32   34  60  202  -55  202  -33  202  -33  29  0  0 L3P 20
G29 FF 61079 100200  780 276  592     3791585    -24         131     42   23  19  158   27  213   15  213   15  20  0  0 L3P 09
G32 FF 61079 100200  780 206   37     1027617   -222         116    -44   22  58  208  -61  240   15  240   15  18  0  0 L3P 0A
G10 FF 61079 101800  780 706 2680     5872737     15          96     -2   12  50   78   -1  143   13  143   13  11  0  0 L3P DA
G15 FF 61079 101800  780 111 1361    -3840331    -57         146    -23   38 113  373  136  348   96  348   96  31  0  0 L3P 66
G16 FF 61079 101800  780 383 2593    -2039104    -79         111     -4   23  93  118   -2  181   19  181   19  18  0  0 L3P 26
G18 FF 61079 101800  780 355 1346     4304164   -102         106     -5   18  85  126    8  189   35  189   35  14  0  0 L3P 25
G23 FF 61079 101800  780 542 1605    -6099108    -57          92     -8   19  65   91    9  149   30  149   30  17  0  0 L3P 07
G26 FF 61079 101800  780 362 3060     3239162     41         107    -17   35  94  124   13  186   35  186   35  24  0  0 L3P 1E
G27 FF 61079 101800  780 273 2169      365988     94         152      1   29  60  160  -35  191  -21  191  -21  27  0  0 L3P 22
G29 FF 61079 101800  780 225  533     3791526    -88         135    -22   34  19  191   43  260   65  260   65  28  0  0 L3P 2C
G32 FF 61079 101800  780 270   68     1027455   -192         125    -15   29  58  162  -38  220    4  220    4  20  0  0 L3P F5
G10 FF 61079 103400  780 709 2415     5872758     34         101     17   16  50   78    1  152   -3  152   -3  15  0  0 L3P DA
G16 FF 61079 103400  780 383 2692    -2039174    -60         112     15   28  93  118    2  194   11  194   11  22  0  0 L3P 12
G18 FF 61079 103400  780 331 1265     4304065    -88          99      8   24  85  134    9  227   27  227   27  18  0  0 L3P 00
G23 FF 61079 103400  780 470 1575    -6099136    -17         107     32   22  66  100   12  170    8  170    8  20  0  0 L3P F9
G26 FF 61079 103400  780 318 3137     3239224     79         113     21   27  94  139   19  210   20  210   20  22  0  0 L3P FE
G27 FF 61079 103400  780 336 2165      366059     90         134     -3   23  60  133  -23  199    3  199    3  20  0  0 L3P E3
G29 FF 61079 103400  780 171  483     3791472    -60         145      5   47  19  248   78  305   69  305   69  37  0  0 L3P 20
G32 FF 61079 103400  780 338  100     1027276   -200         116    -22   22  58  132  -25  219   12  219   12  20  0  0 L3P 10
G08 FF 61079 105000  780 103 2193    -4944034     86         161     36   40  94  403 -222  328  -59  328  -59  30  0  0 L3P 5F
G10 FF 61079 105000  780 683 2181     5872784      6         110    -11   13  50   79    2  163   29  163   29  12  0  0 L3P E4
G16 FF 61079 105000  780 369 2790    -2039254    -94         105    -19   18  93  122    6  223   37  223   37  13  0  0 L3P 2C
G18 FF 61079 105000  780 308 1185     4303994   -145         121    -48   18  85  143   10  248   75  248   75  14  0  0 L3P 4D
G23 FF 61079 105000  780 403 1542    -6099175    -51         115     -2   20  66  114   16  196   38  196   38  17  0  0 L3P 2A
G26 FF 61079 105000  780 271 3206     3239287     28         121    -30   22  94  161   26  242   58  242   58  17  0  0 L3P 1E
G27 FF 61079 105000  780 402 2173      366153    101         138      8   19  60  114  -16  194   -9  194   -9  15  0  0 L3P 00
G29 FF 61079 105000  780 116  442     3791436     37         173    103   57  19  361  173  363   42  363   42  42  0  0 L3P 2A
G32 FF 61079 105000  780 409  134     1027117   -206         127    -29   27  58  112  -17  207   30  207   30  26  0  0 L3P 21
G08 FF 61079 110600  780 162 2194    -4943990     20         157    -30   50  94  262  -95  301   -2  301   -2  47  0  0 L3P 2B
G10 FF 61079 110600  780 638 2007     5872804      5         114    -13   14  50   82    4  176   31  176   31  13  0  0 L3P D9
G16 FF 61079 110600  780 344 2883    -2039313    -42         117     33   22  93  130   10  237    4  237    4  18  0  0 L3P F9
G18 FF 61079 110600  780 284 1107     4303895    -78         115     19   42  85  154   12  292   26  292   26  41  0  0 L3P 2C
G23 FF 61079 110600  780 340 1505    -6099216    -42         121      7   22  66  131   21  232   48  232   48  19  0  0 L3P 0B
G26 FF 61079 110600  780 225 3268     3239343     38         121    -20   32  94  191   38  281   65  281   65  30  0  0 L3P 24
G27 FF 61079 110600  780 469 2195      366231    110         127     16   18  60  101  -12  201   -8  201   -8  17  0  0 L3P FE
G32 FF 61079 110600  780 483  175     1026947   -184         127     -7   15  58   98  -12  208    4  208    4  12  0  0 L3P F9
G08 FF 61079 112200  780 222 2205    -4943965     49         134     -2   38  94  194  -51  305  -19  305  -19  31  0  0 L3P 49
G10 FF 61079 112200  780 585 1880     5872828      1         122    -16   15  50   86    5  191   31  191   31  14  0  0 L3P E5
G16 FF 61079 112200  780 311 2969    -2039383    -80         119     -5   24  93  142   15  268   38  268   38  20  0  0 L3P 36
G18 FF 61079 112200  780 259 1030     4303803    -57         116     40   36  85  168   16  339   12  339   12  31  0  0 L3P 19
G23 FF 61079 112200  780 282 1466    -6099280    -77         104    -28   22  66  155   29  308   91  308   91  17  0  0 L3P 4E
G26 FF 61079 112200  780 180 3327     3239406     93         127     35   38   0  235   56  336   36  336   36  32  0  0 L3P 06
G27 FF 61079 112200  780 536 2240      366336     86         142     -7   20  60   91   -8  194    1  194    1  18  0  0 L3P BF
G32 FF 61079 112200  780 558  230     1026783   -162         134     16   14  58   89   -8  204  -21  204  -21  14  0  0 L3P 13
G08 FF 61079 113800  780 282 2227    -4943907     51         143      1   23  94  155  -31  288  -16  288  -16  19  0  0 L3P 4A
G10 FF 61079 113800  780 530 1781     5872847     22         124      5   14  50   92    7  215   22  215   22  13  0  0 L3P D0
G16 FF 61079 113800  780 272 3046    -2039457    -66         117      9   37  93  160   23  309   36  309   36  30  0  0 L3P 29
G18 FF 61079 113800  780 232  955     4303730   -164         135    -67   36  85  185   21  369  113  369  113  31  0  0 L3P 60
G23 FF 61079 113800  780 228 1424    -6099298     20         133     69   22  66  189   41  356   40  356   40  17  0  0 L3P 34
G26 FF 61079 113800  780 138 3383     3239459     40         124    -18   54   0  302   85  405   96  405   96  38  0  0 L3P 24
G27 FF 61079 113800  780 599 2318      366422     86         139     -7   13  60   85   -5  203   16  203   16  12  0  0 L3P ED
G32 FF 61079 113800  780 632  315     1026605   -173         125      5   17  58   82   -5  213    2  213    2  15  0  0 L3P BE
G08 FF 61079 115400  780 341 2263    -4943883     60         119     10   23  94  131  -20  290  -35  290  -35  20  0  0 L3P 3E
G10 FF 61079 115400  780 477 1698     5872860      5         121    -12   18  50   99    9  241   34  241   34  16  0  0 L3P F7
G16 FF 61079 115400  780 231 3117    -2039516    -74         131      1   36  93  187   33  339   41  339   41  27  0  0 L3P 1D
G18 FF 61079 115400  780 203  883     4303653   -124         151    -28   37  85  210   30  407   79  407   79  33  0  0 L3P 37
G23 FF 61079 115400  780 179 1378    -6099352     -9         125     40   41  66  237   62  441   37  441   37  32  0  0 L3P 2D
G26 FF 61079 115400  780 101 3438     3239542     99         152     41   33   0  407  138  460   37  460   37  21  0  0 L3P 12
G27 FF 61079 115400  780 652 2447      366511     94         138      0   13  60   81   -3  208   10  208   10  13  0  0 L3P C6
G32 FF 61079 115400  780 696  458     1026435   -175         126      2   14  58   78   -3  212    5  212    5  12  0  0 L3P D0
G02 FF 61079 121000  780 140 2254     -340560     -9         154     72   35  88  299 -101  446 -101  446 -101  31  0  0 L3P 51
G08 FF 61079 121000  780 397 2316    -4943835     52         121      2   20  95  115  -13  282   -5  282   -5  18  0  0 L3P 0E
G10 FF 61079 121000  780 426 1623     5872879     55         121     38   24  71  109   11  274   15  274   15  23  0  0 L3P 11
G16 FF 61079 121000  780 189 3183    -2039611    -40         108     35   38  94  226   49  406   18  406   18  29  0  0 L3P 39
G18 FF 61079 121000  780 172  813     4303553    -85         142     12   62  86  246   46  464   77  464   77  55  0  0 L3P 24
G23 FF 61079 121000  780 134 1330    -6099374   -132         150    -83   46  67  313  100  509  156  509  156  32  0  0 L3P 7C
G27 FF 61079 121000  780 683 2640      366599    110         137     17   23  61   79   -1  217    0  217    0  20  0  0 L3P CD
G28 FF 61079 121000  780 129  265     5989794    -93         146    -31   52 139  324  -98  488   11  488   11  43  0  0 L3P 65
G32 FF 61079 121000  780 738  703     1026267   -158         123     19   13  59   77   -1  215  -10  215  -10  12  0  0 L3P 0D
G02 FF 61079 122600  780 190 2211     -340654    -93         137    -12   29  88  224  -61  426  -19  426  -19  26  0  0 L3P 51
G08 FF 61079 122600  780 446 2389    -4943789     53         119      3   12  95  105   -9  279   -9  279   -9  11  0  0 L3P 2D
G10 FF 61079 122600  780 378 1554     5872879     37         104     19   23  71  120   13  320   24  320   24  19  0  0 L3P 10
G16 FF 61079 122600  780 148 3245    -2039668    -67         122      8   32  94  284   75  455   65  455   65  24  0  0 L3P 3F
G18 FF 61079 122600  780 138  748     4303458    -22         140     75   57  86  303   77  543    7  543    7  48  0  0 L3P 08
G27 FF 61079 122600  780 682 2868      366679     94         128      0   16  61   79    1  235   16  235   16  15  0  0 L3P E8
G28 FF 61079 122600  780 170  320     5989711    -88         123    -26   30 139  248  -62  476  -30  476  -30  22  0  0 L3P 63
G32 FF 61079 122600  780 736 1012     1026093   -191         119    -13    8  59   77    1  226   24  226   24   7  0  0 L3P F1
G02 FF 61079 124200  780 245 2172     -340735    -96         134    -16   33  88  176  -40  397  -12  397  -12  30  0  0 L3P 53
G08 FF 61079 124200  780 484 2485    -4943747     55         113      5   18  95   98   -5  284   -1  284   -1  16  0  0 L3P 0C
G10 FF 61079 124200  780 333 1487     5872895     24         104      6   14  71  133   16  365   45  365   45  13  0  0 L3P 09
G16 FF 61079 124200  780 110 3305    -2039724    -21         138     54   42  94  377  122  510   25  510   25  36  0  0 L3P 2E
G27 FF 61079 124200  780 647 3064      366774     76         134    -17   14  61   81    3  249   42  249   42  13  0  0 L3P F9
G28 FF 61079 124200  780 215  378     5989657    -72         129    -10   43 139  200  -41  436  -23  436  -23  33  0  0 L3P 62
G31 FF 61079 124200  780 104  101     1681381    -37         153    -16   36  86  395 -159  546  -46  546  -46  28  0  0 L3P 66
G32 FF 61079 124200  780 691 1239     1025917   -202         113    -25   10  59   79    3  242   34  242   34  10  0  0 L3P 09
G02 FF 61079 125800  780 304 2137     -340819    -24         127     57   27  88  145  -27  373  -81  373  -81  23  0  0 L3P 51
G08 FF 61079 125800  780 507 2601    -4943708     43         104     -7   22  95   95   -2  296   11  296   11  18  0  0 L3P 13
G10 FF 61079 125800  780 292 1421     5872918    -16         110    -33   17  71  150   19  402   78  402   78  13  0  0 L3P 2D
G27 FF 61079 125800  780 591 3202      366873    104         143     10   17  61   86    6  267   16  267   16  14  0  0 L3P FA
G28 FF 61079 125800  780 261  440     5989583     16         115     79   36 139  167  -28  423  -85  423  -85  28  0  0 L3P 6B
G31 FF 61079 125800  780 150  150     1681342    -67         136    -45   27  86  281  -88  510    4  510    4  20  0  0 L3P 00
G32 FF 61079 125800  780 626 1363     1025742   -189         109    -11   18  59   83    5  260   26  260   26  16  0  0 L3P 23
G01 FF 61079 131400  780 111 2246    -3347092     65         129     15   29  24  374 -165  577  -40  577  -40  20  0  0 L3P 5B
G02 FF 61079 131400  780 369 2106     -340899    -70         124     11   15  88  122  -20  354  -28  354  -28  12  0  0 L3P 3C
G08 FF 61079 131400  780 512 2730    -4943660     44         104     -6   18  95   94    1  310   22  310   22  14  0  0 L3P E4
G10 FF 61079 131400  780 255 1355     5872929     31         105     14   17  71  170   23  456   42  456   42  13  0  0 L3P 10
G27 FF 61079 131400  780 525 3296      366962     69         142    -24   19  61   93    9  299   58  299   58  19  0  0 L3P 25
G28 FF 61079 131400  780 307  507     5989520    -28         112     35   30 139  144  -20  407  -49  407  -49  21  0  0 L3P 4F
G31 FF 61079 131400  780 200  198     1681313    -60         127    -38   25  86  214  -54  485    1  485    1  17  0  0 L3P 03
G32 FF 61079 131400  780 553 1425     1025571   -172         107      5   17  59   89    8  286   24  286   24  16  0  0 L3P 0A
G01 FF 61079 133000  780 163 2211    -3347039     93         134     43   30  24  259  -85  536  -90  536  -90  27  0  0 L3P 49
G02 FF 61079 133000  780 437 2080     -340983   -157         118    -77   18  88  106  -14  339   49  339   49  16  0  0 L3P 61
G03 FF 61079 133000  780 114 2628    -5755645    105         131     -9   30  10  361  -84  594    9  594    9  25  0  0 L3P 21
G08 FF 61079 133000  780 498 2857    -4943596     54         120      4   10  95   96    3  317   19  317   19   9  0  0 L3P FB
G10 FF 61079 133000  780 220 1290     5872956    -37         116    -55   29  71  195   28  502  109  502  109  22  0  0 L3P 52
G27 FF 61079 133000  780 455 3364      367046    121         137     28   38  61  103   13  338   12  338   12  36  0  0 L3P 0E
G28 FF 61079 133000  780 350  583     5989453    -59         105      4   24 139  128  -14  398   -4  398   -4  20  0  0 L3P 2D
G31 FF 61079 133000  780 253  248     1681288    -16         123      5   30  86  171  -36  458  -33  458  -33  25  0  0 L3P 2B
G32 FF 61079 133000  780 479 1454     1025394   -169         101      8   21  59   99   12  323   31  323   31  20  0  0 L3P 05
G01 FF 61079 134600  780 219 2181    -3347001     96         124     46   37  24  196  -51  503  -78  503  -78  32  0  0 L3P 4E
G02 FF 61079 134600  780 511 2059     -341057    -77         121      3   15  88   95  -10  319  -18  319  -18  13  0  0 L3P 1E
G03 FF 61079 134600  780 141 2561    -5755529    140         139     27   30  10  296  -55  590  -24  590  -24  24  0  0 L3P 5F
G08 FF 61079 134600  780 467 2971    -4943545     53         123      3   38  95  101    6  342   31  342   31  26  0  0 L3P 05
G10 FF 61079 134600  780 189 1224     5872965     87         108     70   18  71  225   36  577   17  577   17  15  0  0 L3P 3A
G27 FF 61079 134600  780 385 3416      367139    101         115      7   35   7  118   19  375   48  375   48  34  0  0 L3P 0A
G28 FF 61079 134600  780 388  669     5989406    -40         118     23   16 139  117   -9  383  -28  383  -28  15  0  0 L3P 64
G31 FF 61079 134600  780 309  301     1681273    -21         129      0   24  86  143  -24  429  -23  429  -23  20  0  0 L3P 15
G32 FF 61079 134600  780 407 1463     1025223   -185         100     -7   22  59  113   17  368   59  368   59  22  0  0 L3P 34
G01 FF 61079 140200  780 279 2156    -3346953     34         131    -16   29  25  157  -33  469  -29  469  -29  23  0  0 L3P 6B
G02 FF 61079 140200  780 588 2047     -341144    -78         113      3   14  89   86   -7  317    0  317    0  13  0  0 L3P C7
G03 FF 61079 140200  780 168 2493    -5755414     93         148    -22   32  51  251  -40  580    3  580    3  25  0  0 L3P 14
G04 FF 61079 140200  780 152 3147     -429643      6         135     28   34  74  279 -104  591  -73  591  -73  25  0  0 L3P 45
G08 FF 61079 140200  780 425 3070    -4943507     85         119     35   18  96  109   10  377    7  377    7  13  0  0 L3P 10
G10 FF 61079 140200  780 159 1158     5872995    -49         123    -66   25  80  265   48  638  147  638  147  19  0  0 L3P 80
G27 FF 61079 140200  780 316 3460      367224    111         112     18   15   8  140   28  442   68  442   68  11  0  0 L3P F6
G28 FF 61079 140200  780 418  765     5989356    -84         129    -22   17 140  110   -5  375   22  375   22  14  0  0 L3P 37
G31 FF 61079 140200  780 366  360     1681251    -18         126      4   15  87  123  -17  411  -19  411  -19  11  0  0 L3P 12
G32 FF 61079 140200  780 337 1460     1025057    -91         104     87   23  61  132   24  425   -6  425   -6  18  0  0 L3P 08
G01 FF 61079 141800  780 342 2137    -3346924     96         111     46   28  25  131  -23  450  -61  450  -61  23  0  0 L3P 3C
G02 FF 61079 141800  780 669 2049     -341214    -72         120      9   15  89   80   -5  314   -4  314   -4  12  0  0 L3P E0
G03 FF 61079 141800  780 195 2425    -5755305    124         146      9   29  51  218  -30  576    4  576    4  25  0  0 L3P 1A
G04 FF 61079 141800  780 208 3101     -429662    -34         136    -12   33  74  206  -54  543  -23  543  -23  25  0  0 L3P 43
G08 FF 61079 141800  780 376 3153    -4943453     69         125     19   14  96  120   15  415   34  415   34  12  0  0 L3P 2A
G10 FF 61079 141800  780 130 1092     5873022     56         134     39   32  80  319   67  707   60  707   60  27  0  0 L3P 19
G27 FF 61079 141800  780 251 3501      367329     75         127    -18   20   8  173   42  514  121  514  121  14  0  0 L3P 16
G28 FF 61079 141800  780 436  871     5989283    -74         116    -12   18 140  107   -2  391   20  391   20  15  0  0 L3P 32
G31 FF 61079 141800  780 422  429     1681231    -31         126     -9   19  87  109  -12  396   -8  396   -8  15  0  0 L3P 1E
G32 FF 61079 141800  780 270 1447     1024892   -146         109     31   18  61  161   37  507   69  507   69  16  0  0 L3P 43
G01 FF 61079 143400  780 410 2127    -3346855     65         132     15   20  25  112  -16  407  -44  407  -44  18  0  0 L3P 36
G02 FF 61079 143400  780 752 2085     -341296    -76         116      5   13  89   76   -3  317    1  317    1  11  0  0 L3P CC
G03 FF 61079 143400  780 224 2357    -5755196     67         145    -47   30  51  192  -24  568   18  568   18  25  0  0 L3P 59
G04 FF 61079 143400  780 262 3046     -429689    -58         130    -36   28  74  166  -32  512  -13  512  -13  23  0  0 L3P 51
G08 FF 61079 143400  780 323 3224    -4943397     45         133     -5   21  96  137   21  458   71  458   71  15  0  0 L3P 2D
G10 FF 61079 143400  780 103 1026     5873029     37         125     20   40  80  399  102  785   45  785   45  31  0  0 L3P 2A
G27 FF 61079 143400  780 189 3539      367423     52         132    -41   24   8  226   70  608  149  608  149  19  0  0 L3P 3C
G28 FF 61079 143400  780 438  980     5989235    -68         129     -6   28 140  106    1  395   24  395   24  27  0  0 L3P 2F
G31 FF 61079 143400  780 475  513     1681199    -19         115      2   17  87  100   -8  395   -8  395   -8  13  0  0 L3P 01
G32 FF 61079 143400  780 208 1427     1024702   -248          89    -70   39  61  206   59  616  163  616  163  30  0  0 L3P 5B
G01 FF 61079 145000  780 480 2126    -3346808     77         131     27   14  25   99  -12  388  -33  388  -33  12  0  0 L3P 40
G02 FF 61079 145000  780 833 2271     -341375    -84         115     -3   11  89   74   -1  322   16  322   16   9  0  0 L3P E3
G03 FF 61079 145000  780 253 2290    -5755089     92         142    -23   34  51  171  -20  557    2  557    2  31  0  0 L3P 13
G04 FF 61079 145000  780 313 2981     -429713    -22         126     -1   19  74  141  -21  487  -20  487  -20  15  0  0 L3P 35
G08 FF 61079 145000  780 270 3286    -4943361     47         121     -3   44  96  161   30  532   96  532   96  42  0  0 L3P 2A
G27 FF 61079 145000  780 132 3579      367504    156         123     63   25   8  317  128  727   82  727   82  17  0  0 L3P 2E
G28 FF 61079 145000  780 425 1085     5989162    -53         116     10   20 140  109    4  430   26  430   26  17  0  0 L3P 16
G31 FF 61079 145000  780 520  615     1681181    -10         118     12   24  87   93   -5  386   -4  386   -4  18  0  0 L3P EE
G01 FF 61079 150600  780 553 2142    -3346759     47         132     -3   19  25   89   -8  377   -9  377   -9  16  0  0 L3P 1A
G02 FF 61079 150600  780 848 3213     -341449     -9         118     72   16  89   74    1  330  -58  330  -58  13  0  0 L3P 0A
G03 FF 61079 150600  780 285 2222    -5754982     85         139    -30   26  51  153  -17  551   13  551   13  23  0  0 L3P 3C
G04 FF 61079 150600  780 360 2905     -429742     -1         118     21   17  74  125  -14  478  -26  478  -26  13  0  0 L3P 36
G08 FF 61079 150600  780 218 3343    -4943303     87         131     37   35  96  196   44  615   65  615   65  32  0  0 L3P 3B
G28 FF 61079 150600  780 397 1179     5989102    -82         115    -19   28 140  115    9  464   66  464   66  27  0  0 L3P 56
G31 FF 61079 150600  780 552  740     1681165    -32         123    -10   21  87   90   -3  383   22  383   22  19  0  0 L3P FA
G01 FF 61079 152200  780 627 2184    -3346712     49         131     -1   18  25   83   -6  371   -8  371   -8  15  0  0 L3P FC
G02 FF 61079 152200  780 770 3512     -341533    -60         111     21   25  89   76    3  353    0  353    0  24  0  0 L3P BA
G03 FF 61079 152200  780 320 2155    -5754874     99         137    -16   27  51  138  -14  539   -2  539   -2  25  0  0 L3P 41
G04 FF 61079 152200  780 401 2818     -429762    -40         119    -18   24  74  114   -9  470   15  470   15  21  0  0 L3P 1D
G08 FF 61079 152200  780 170 3397    -4943236     70         150     20   33  96  249   68  694   83  694   83  25  0  0 L3P 48
G09 FF 61079 152200  780 120 2942    -7700908     -3         144     -9   36 162  346 -119  795  -32  795  -32  32  0  0 L3P 74
G26 FF 61079 152200  780 112  602     3240233     43         117    -15   41   7  370  -87  857    3  857    3  27  0  0 L3P E3
G28 FF 61079 152200  780 358 1257     5989040    -88         114    -25   32 140  126   14  512   68  512   68  28  0  0 L3P 53
G31 FF 61079 152200  780 566  881     1681141    -17         119      5   15  87   88    0  396   10  396   10  13  0  0 L3P E2
G01 FF 61079 153800  780 697 2277    -3346665     54         130      4   16  25   78   -3  369   -5  369   -5  15  0  0 L3P 0C
G02 FF 61079 153800  780 683 3574     -341602    -93         120    -12   21  89   79    5  373   51  373   51  19  0  0 L3P 11
G03 FF 61079 153800  780 357 2087    -5754758    129         142     15   17  51  126  -12  516  -31  516  -31  14  0  0 L3P 61
G04 FF 61079 153800  780 436 2721     -429776    -17         126      5   20  74  107   -6  463   -1  463   -1  16  0  0 L3P FE
G08 FF 61079 153800  780 125 3449    -4943221     75         117     25   37  96  334  112  814   52  814   52  26  0  0 L3P 46
G09 FF 61079 153800  780 161 2881    -7700894     68         152     63   27 162  262  -63  758  -73  758  -73  22  0  0 L3P 88
G26 FF 61079 153800  780 138  667     3240314    101         142     43   55   7  302  -57  816  -58  816  -58  54  0  0 L3P 3B
G28 FF 61079 153800  780 309 1317     5988985    -45         119     17   21 140  143   22  559   36  559   36  17  0  0 L3P 5C
G31 FF 61079 153800  780 559 1023     1681116      0         115     21   18  87   89    2  415   -1  415   -1  16  0  0 L3P CA
G01 FF 61079 155400  780 754 2478    -3346625     55         122      5   12  25   76   -2  379    3  379    3  10  0  0 L3P DE
G02 FF 61079 155400  780 597 3599     -341672    -61         127     20   15  89   85    8  405   25  405   25  11  0  0 L3P 0A
G03 FF 61079 155400  780 398 2018    -5754655    105         135    -10   21  51  115  -10  500  -21  500  -21  19  0  0 L3P 4A
G04 FF 61079 155400  780 463 2614     -429803    -13         120      9   17  74  102   -4  467  -11  467  -11  16  0  0 L3P 17
G09 FF 61079 155400  780 198 2815    -7700881    -22         160    -28   38 162  215  -38  718    1  718    1  38  0  0 L3P 4E
G26 FF 61079 155400  780 164  734     3240364    115         136     57   44   7  257  -38  806 -103  806 -103  36  0  0 L3P 57
G28 FF 61079 155400  780 255 1363     5988923    -57         116      5   29 140  170   36  618   56  618   56  23  0  0 L3P 46
G31 FF 61079 155400  780 531 1147     1681101    -53         120    -31   18  87   92    4  429   48  429   48  16  0  0 L3P 10
G01 FF 61079 161000  780 773 2830    -3346573     52         128      2   15  26   75    0  391   17  391   17  13  0  0 L3P E7
G02 FF 61079 161000  780 513   13     -341761    -65         122     15   17  90   94   11  464   48  464   48  14  0  0 L3P DE
G03 FF 61079 161000  780 442 1946    -5754546    130         137     15   15  52  105   -9  479  -33  479  -33  14  0  0 L3P 53
G04 FF 61079 161000  780 482 2500     -429830    -51         112    -30   21  75   99   -2  476   32  476   32  18  0  0 L3P 0C
G09 FF 61079 161000  780 232 2744    -7700790   -105         245   -111   30 163  185  -25  620   94  620   94  26  0  0 L3P 7B
G16 FF 61079 161000  780 118  483    -2040645   -127         149    -52   36  99  353  -96  882   -5  882   -5  27  0  0 L3P 5E
G26 FF 61079 161000  780 186  804     3240408     33         128    -25   48   8  228  -24  772    3  772    3  44  0  0 L3P EE
G28 FF 61079 161000  780 197 1394     5988881    -43         136     19   38 141  217   63  675   77  675   77  31  0  0 L3P 6B
G31 FF 61079 161000  780 489 1245     1681073    -56         116    -34   26  88   98    7  456   55  456   55  24  0  0 L3P 2B
G01 FF 61079 162600  780 738 3146    -3346529     63         124     13   19  26   77    2  406    8  406    8  17  0  0 L3P E7
G02 FF 61079 162600  780 432   24     -341848   -118         112    -38   21  90  107   16  535  107  535  107  15  0  0 L3P 2F
G03 FF 61079 162600  780 488 1868    -5754437    124         135     10   20  52   98   -7  458  -35  458  -35  17  0  0 L3P 58
G04 FF 61079 162600  780 494 2382     -429853    -26         110     -5   18  75   97   -1  478    2  478    2  15  0  0 L3P F3
G09 FF 61079 162600  780 263 2669    -7700873   -107         156   -112   33 163  165  -18  690   97  690   97  32  0  0 L3P A6
G16 FF 61079 162600  780 151  546    -2040737   -138         129    -63   44  99  278  -61  843  -18  843  -18  40  0  0 L3P 80
G26 FF 61079 162600  780 204  876     3240483     86         147     28   31   8  209  -15  731  -44  731  -44  24  0  0 L3P 26
G31 FF 61079 162600  780 436 1316     1681052      1         102     23   21   9  107   11  487   23  487   23  18  0  0 L3P E2
G01 FF 61079 164200  780 673 3315    -3346467     27         138    -23   23  26   80    4  413   44  413   44  19  0  0 L3P 0A
G02 FF 61079 164200  780 355   35     -341928    -89         109     -9   20  90  127   24  621  114  621  114  19  0  0 L3P 15
G03 FF 61079 164200  780 536 1781    -5754323     81         139    -34   13  52   91   -6  432   14  432   14  10  0  0 L3P 10
G04 FF 61079 164200  780 498 2263     -429876     25         107     47   19  75   96    0  479  -40  479  -40  16  0  0 L3P 2C
G09 FF 61079 164200  780 291 2590    -7700890     32         134     26   27 163  150  -13  683  -58  683  -58  23  0  0 L3P 70
G16 FF 61079 164200  780 185  611    -2040825    -72         113      4   39  99  230  -41  798  -67  798  -67  32  0  0 L3P 51
G26 FF 61079 164200  780 215  951     3240530     18         138    -40   39   8  199   -7  713   22  713   22  34  0  0 L3P FB
G31 FF 61079 164200  780 377 1364     1681034    -54         105    -32   20   9  120   17  525   83  525   83  18  0  0 L3P 1A
G01 FF 61079 165800  780 598 3404    -3346433     40         124    -10   44  26   85    7  457   44  457   44  45  0  0 L3P 1B
G02 FF 61079 165800  780 282   48     -341997    -97         118    -17   29  90  155   37  742  174  742  174  25  0  0 L3P 52
G03 FF 61079 165800  780 585 1679    -5754215     85         137    -30   15  52   86   -5  416    6  416    6  13  0  0 L3P 0D
G04 FF 61079 165800  780 497 2145     -429896    -37         108    -16   20  75   96    1  476   13  476   13  17  0  0 L3P 27
G07 FF 61079 165800  780 146 3248     1462897      4         114    -46   28  87  290 -121  886   46  886   46  20  0  0 L3P 5C
G09 FF 61079 165800  780 317 2509    -7700893      5         125     -1   17 163  140  -10  662  -22  662  -22  12  0  0 L3P 40
G16 FF 61079 165800  780 217  680    -2040878   -117         132    -42   30  99  198  -28  738  -20  738  -20  26  0  0 L3P 7C
G26 FF 61079 165800  780 218 1026     3240589     22         142    -36   31   8  196    1  693   21  693   21  27  0  0 L3P 08
G31 FF 61079 165800  780 316 1394     1681001     -9          93     12   26   9  140   25  591   52  591   52  21  0  0 L3P ED
G01 FF 61079 171400  780 521 3458    -3346394     22         115    -28   22  26   93   10  513   77  513   77  20  0  0 L3P 1A
G02 FF 61079 171400  780 213   64     -342056    -51         136     29   26  90  202   61  893  144  893  144  26  0  0 L3P 1E
G03 FF 61079 171400  780 631 1551    -5754117    119         125      4   11  52   82   -3  416  -15  416  -15  10  0  0 L3P 10
G04 FF 61079 171400  780 492 2032     -429921    -34         104    -13   21  75   97    1  483   13  483   13  18  0  0 L3P 00
G07 FF 61079 171400  780 207 3218     1462924    121          92     71   30  87  207  -61  904  -69  904  -69  22  0  0 L3P 4B
G09 FF 61079 171400  780 340 2426    -7700884     21         129     15   19 163  131   -8  639  -33  639  -33  16  0  0 L3P 56
G16 FF 61079 171400  780 246  753    -2040942    -40         140     35   33  99  176  -18  685  -64  685  -64  29  0  0 L3P 62
G26 FF 61079 171400  780 213 1099     3240631     36         128    -22   26   8  201    9  716   21  716   21  22  0  0 L3P F0
G31 FF 61079 171400  780 254 1411     1680978    -31          90    -10   25   9  171   40  654   64  654   64  18  0  0 L3P 12
G01 FF 61079 173000  780 444 3496    -3346338     11         123    -39   25  26  105   15  581  133  581  133  21  0  0 L3P 4A
G02 FF 61079 173000  780 149   83     -342152    -87         118     -6   28  90  284  116 1064  122 1064  122  21  0  0 L3P 41
G03 FF 61079 173000  780 670 1384    -5754007     80         124    -34   14  52   80   -2  413   38  413   38  11  0  0 L3P 0A
G04 FF 61079 173000  780 484 1922     -429946     14         100     36   13  75   98    1  486  -21  486  -21  12  0  0 L3P 0C
G06 FF 61079 173000  780 145 2231     6090550     49         146     26   49  90  289  -92  894  -80  894  -80  40  0  0 L3P 5D
G07 FF 61079 173000  780 270 3180     1462985     24         105    -26   23  87  162  -36  846  -52  846  -52  18  0  0 L3P 5B
G09 FF 61079 173000  780 362 2341    -7700878    -13         129    -19   35 163  124   -7  616  -13  616  -13  30  0  0 L3P 63
G16 FF 61079 173000  780 269  831    -2041039    -71         115      4   38  99  162  -12  672  -44  672  -44  30  0  0 L3P 38
G26 FF 61079 173000  780 199 1169     3240686     31         127    -27   26   8  215   20  720   22  720   22  23  0  0 L3P 09
G31 FF 61079 173000  780 193 1416     1680927    -48          60    -27   41   9  221   68  737   78  737   78  32  0  0 L3P 2C
G01 FF 61079 174600  780 370 3526    -3346289     24         124    -26   20  26  122   21  688  162  688  162  14  0  0 L3P 5C
G03 FF 61079 174600  780 692 1171    -5753896    136         125     21   14  52   79   -1  419  -12  419  -12  13  0  0 L3P 3F
G04 FF 61079 174600  780 474 1816     -429967    -41          99    -19   13  75  100    2  487    8  487    8  11  0  0 L3P 05
G06 FF 61079 174600  780 189 2283     6090551     71         125     49   31  90  225  -47  862  -89  862  -89  25  0  0 L3P 69
G07 FF 61079 174600  780 331 3131     1463023     33          95    -17   22  87  134  -23  779  -71  779  -71  15  0  0 L3P 47
G09 FF 61079 174600  780 383 2255    -7700873     32         129     27   29 163  118   -6  592  -56  592  -56  24  0  0 L3P 6E
G16 FF 61079 174600  780 286  912    -2041104    -38         122     37   31  99  153   -6  636  -45  636  -45  27  0  0 L3P 42
G26 FF 61079 174600  780 176 1233     3240746    109         131     51   41   8  241   37  729  -34  729  -34  35  0  0 L3P 3A
G01 FF 61079 180200  780 300 3554    -3346243     -5         123    -55   21  27  147   32  821  203  821  203  17  0  0 L3P 32
G03 FF 61079 180200  780 688  935    -5753789    112         124     -2   13  91   79    1  428   13  428   13  12  0  0 L3P 06
G04 FF 61079 180200  780 463 1713     -429987    -26          98     -4   22  76  102    2  486   20  486   20  19  0  0 L3P 03
G06 FF 61079 180200  780 226 2345     6090570      0         124    -22   27  91  191  -26  832    6  832    6  23  0  0 L3P F2
G07 FF 61079 180200  780 391 3070     1463063     -5          84    -55   22  88  116  -15  699  -56  699  -56  17  0  0 L3P 54
G09 FF 61079 180200  780 403 2167    -7700875     33         125     27   24 171  113   -5  562  -69  562  -69  23  0  0 L3P 56
G16 FF 61079 180200  780 292  995    -2041189    -94         105    -19   36 101  150   -1  633   14  633   14  33  0  0 L3P 32
G26 FF 61079 180200  780 145 1290     3240788     79         116     21   33   9  290   68  751  -15  751  -15  23  0  0 L3P 29
G30 FF 61079 180200  780 104 3121    -1146811   -177         151    -51   39  79  398 -203  961   78  961   78  25  0  0 L3P 82
G01 FF 61079 181800  780 233 3582    -3346189     18         129    -32   25  27  185   50  971  174  971  174  17  0  0 L3P 70
G03 FF 61079 181800  780 658  727    -5753683    133         120     19   14  91   81    3  442   -2  442   -2  12  0  0 L3P F6
G04 FF 61079 181800  780 451 1613     -429998      4         107     25   29  76  104    2  480  -28  480  -28  26  0  0 L3P 19
G06 FF 61079 181800  780 253 2417     6090594     26         126      3   28  91  171  -14  824    0  824    0  23  0  0 L3P ED
G07 FF 61079 181800  780 448 2993     1463115     40          88    -10   39  88  104  -10  619  -72  619  -72  27  0  0 L3P 53
G09 FF 61079 181800  780 424 2078    -7700869     -1         126     -6   23 171  109   -4  525  -30  525  -30  21  0  0 L3P 3E
G16 FF 61079 181800  780 289 1077    -2041243   -133         123    -58   39 101  152    4  615   45  615   45  35  0  0 L3P 50
G26 FF 61079 181800  780 107 1339     3240864     29         137    -29   49   9  387  142  749   47  749   47  41  0  0 L3P 55
G30 FF 61079 181800  780 158 3078    -1146964   -106         119     20   28  79  267  -89 1040   43 1040   43  20  0  0 L3P 7B
G01 FF 61079 183400  780 170   10    -3346139     -1         131    -51   32  27  249   87 1062   94 1062   94  21  0  0 L3P 1D
G03 FF 61079 183400  780 608  572    -5753568    111         125     -4   14  91   84    5  460   29  460   29  13  0  0 L3P 05
G04 FF 61079 183400  780 440 1514     -430038    -14          89      8   19  76  106    2  486  -15  486  -15  17  0  0 L3P 0B
G06 FF 61079 183400  780 269 2497     6090622     33         132     10   23  91  162   -6  825    3  825    3  19  0  0 L3P F4
G07 FF 61079 183400  780 499 2898     1463154     33          79    -18   18  88   96   -7  560  -48  560  -48  13  0  0 L3P 4C
G09 FF 61079 183400  780 445 1987    -7700857      5         132     -1   20 171  105   -4  486  -37  486  -37  15  0  0 L3P 49
G16 FF 61079 183400  780 274 1154    -2041312   -116         125    -41   40 101  159   11  601   24  601   24  37  0  0 L3P 3B
G30 FF 61079 183400  780 210 3027    -1147086   -123         119      4   22  79  204  -49 1069   -5 1069   -5  18  0  0 L3P 55
G01 FF 61079 185000  780 112   41    -3346109     45         114     -5   36  27  370  177 1076    2 1076    2  23  0  0 L3P F8
G03 FF 61079 185000  780 546  462    -5753461    114         121      0   13  91   90    8  494   49  494   49  11  0  0 L3P F7
G04 FF 61079 185000  780 427 1417     -430059    -32          88    -10   21  76  108    3  470    6  470    6  19  0  0 L3P DE
G06 FF 61079 185000  780 274 2582     6090643    -26         131    -49   24  91  159    0  851   87  851   87  19  0  0 L3P 3D
G07 FF 61079 185000  780 542 2781     1463209     70          86     20   16  88   91   -4  510  -53  510  -53  14  0  0 L3P 07
G09 FF 61079 185000  780 466 1892    -7700871     -4         113    -10   13 171  101   -4  462  -29  462  -29  12  0  0 L3P 4D
G16 FF 61079 185000  780 250 1225    -2041388    -25         121     50   22 101  173   19  597  -38  597  -38  17  0  0 L3P 5F
G30 FF 61079 185000  780 260 2968    -1147206   -126         120      0   22  79  167  -30 1009 -101 1009 -101  19  0  0 L3P 83
G03 FF 61079 190600  780 477  384    -5753345     91         128    -24   17  91   99   11  538   81  538   81  13  0  0 L3P 2D
G04 FF 61079 190600  780 413 1321     -430074      0          94     22   30  76  111    3  468  -18  468  -18  25  0  0 L3P E8
G06 FF 61079 190600  780 268 2667     6090641     83         107     60   29  91  162    7  944   55  944   55  25  0  0 L3P 28
G07 FF 61079 190600  780 574 2642     1463270     44          99     -6   14  88   87   -3  466  -29  466  -29  13  0  0 L3P 29
G09 FF 61079 190600  780 487 1792    -7700863      6         115      0   11 171   98   -3  433  -26  433  -26   9  0  0 L3P 13
G16 FF 61079 190600  780 217 1286    -2041485    -39          97     36   30 101  198   33  628  -23  628  -23  24  0  0 L3P 58
G30 FF 61079 190600  780 306 2900    -1147331   -128         115     -1   23  79  144  -20  905 -124  905 -124  21  0  0 L3P 71
G03 FF 61079 192200  780 406  328    -5753236    153         126     38   19  91  113   17  617   75  617   75  15  0  0 L3P 34
G04 FF 61079 192200  780 397 1227     -430083     19         106     40   17  76  115    4  458  -36  458  -36  13  0  0 L3P 1F
G06 FF 61079 192200  780 252 2751     6090662     88         107     65   32  91  172   13 1054   62 1054   62  27  0  0 L3P 3E
G07 FF 61079 192200  780 591 2485     1463306     67          87     17   23  88   86   -1  444  -38  444  -38  20  0  0 L3P 25
G09 FF 61079 192200  780 508 1687    -7700852    -25         121    -31   12 171   95   -3  402    6  402    6  11  0  0 L3P 09
G16 FF 61079 192200  780 176 1337    -2041540    -45         113     30   36 101  241   59  635   -5  635   -5  26  0  0 L3P 2C
G30 FF 61079 192200  780 349 2824    -1147457   -116         111     10   21  79  128  -13  792 -121  792 -121  17  0  0 L3P 89
G03 FF 61079 193800  780 334  288    -5753115    139         137     24   35  91  134   26  734  129  734  129  29  0  0 L3P 63
G04 FF 61079 193800  780 379 1134     -430106     14         104     36   21  76  119    5  461  -11  461  -11  17  0  0 L3P 07
G06 FF 61079 193800  780 228 2831     6090691     17         113     -5   27  91  189   22 1139   63 1139   63  22  0  0 L3P 46
G07 FF 61079 193800  780 594 2323     1463357     70          90     20   18  88   85    0  421  -34  421  -34  17  0  0 L3P 03
G09 FF 61079 193800  780 526 1574    -7700851    -19         116    -24   12 171   92   -2  387    6  387    6  10  0  0 L3P 26
G14 FF 61079 193800  780 155 3394    -7335995     16         131     37   44  44  273 -114  938  -12  938  -12  30  0  0 L3P 76
G16 FF 61079 193800  780 130 1379    -2041600      3         126     78   45 101  321  112  656  -36  656  -36  32  0  0 L3P 49
G30 FF 61079 193800  780 386 2738    -1147571   -130         117     -4   23  79  118   -9  687  -70  687  -70  21  0  0 L3P 71
G03 FF 61079 195400  780 262  260    -5752997    109         145     -5   26  91  166   43  893  198  893  198  20  0  0 L3P 73
G04 FF 61079 195400  780 358 1044     -430115    -19         115      3   27  76  125    7  464   15  464   15  23  0  0 L3P F6
G06 FF 61079 195400  780 198 2906     6090717     35         118     13   32  91  215   34 1124  -68 1124  -68  26  0  0 L3P 64
G07 FF 61079 195400  780 583 2166     1463415     46         100     -4   15  88   86    2  396   -9  396   -9  13  0  0 L3P FF
G08 FF 61079 195400  780 130  790    -4942471     33         102    -17   27   8  320  -54  727  -97  727  -97  22  0  0 L3P 4B
G09 FF 61079 195400  780 541 1452    -7700855      6         107      1   16 171   91   -1  384   -4  384   -4  15  0  0 L3P F4
G14 FF 61079 195400  780 223 3392    -7336034      8         111     28   26  44  193  -58  947  -43  947  -43  18  0  0 L3P 54
G21 FF 61079 195400  780 124 2184    -3951129    -73         117    -14   46  52  339 -160  867 -107  867 -107  38  0  0 L3P B4
G30 FF 61079 195400  780 418 2645    -1147685   -124         125      2   20  79  110   -7  603  -84  603  -84  16  0  0 L3P 4A
G03 FF 61079 201000  780 191  242    -5752871    156         163     41   27  92  223   80 1066  142 1066  142  23  0  0 L3P 5C
G04 FF 61079 201000  780 333  956     -430153      8          96     30   44  77  133   10  498    2  498    2  36  0  0 L3P B8
G06 FF 61079 201000  780 165 2976     6090740    -13         115    -36   37  92  256   52 1058  -45 1058  -45  27  0  0 L3P 77
G07 FF 61079 201000  780 562 2023     1463455     76          89     26   20  89   88    3  398  -28  398  -28  18  0  0 L3P 1D
G08 FF 61079 201000  780 151  858    -4942403    125         123     75   39   9  279  -33  648 -105  648 -105  28  0  0 L3P 6E
G09 FF 61079 201000  780 549 1322    -7700853    -20         103    -26   17 176   90   -1  382   23  382   23  16  0  0 L3P 29
G14 FF 61079 201000  780 293 3383    -7336058     -8         113     13   55  45  150  -35  901  -99  901  -99  49  0  0 L3P 57
G21 FF 61079 201000  780 183 2203    -3951168      7         140     65   49  53  233  -74  741 -144  741 -144  42  0  0 L3P 55
G22 FF 61079 201000  780 130 3365      489650     36         112     84   32  17  323 -155  916  -54  916  -54  22  0  0 L3P 3A
G30 FF 61079 201000  780 445 2544    -1147819   -130         112     -4   16  81  105   -4  542  -62  542  -62  13  0  0 L3P 37
G03 FF 61079 202600  780 123  231    -5752751    127         173     12   34  92  341  183 1146   11 1146   11  27  0  0 L3P 41
G04 FF 61079 202600  780 304  874     -430137     28         133     50   29  77  145   14  495    4  495    4  26  0  0 L3P E1
G06 FF 61079 202600  780 131 3042     6090767     58         120     35   40  92  319   83  986  -99  986  -99  30  0  0 L3P 57
G07 FF 61079 202600  780 534 1896     1463512     65          98     15   21  89   92    4  386  -26  386  -26  18  0  0 L3P 1D
G08 FF 61079 202600  780 166  929    -4942341     61         137     11   42   9  254  -19  591  -63  591  -63  36  0  0 L3P 3B
G09 FF 61079 202600  780 550 1187    -7700840    -24         110    -30   18 176   90    0  371   25  371   25  16  0  0 L3P 1D
G14 FF 61079 202600  780 366 3367    -7336072    -53         119    -33   23  45  123  -22  784 -109  784 -109  21  0  0 L3P 91
G21 FF 61079 202600  780 240 2233    -3951226    -99         137    -41   39  53  180  -41  670  -30  670  -30  34  0  0 L3P 5A
G22 FF 61079 202600  780 194 3357      489630    -93         138    -46   54  17  220  -73  902   10  902   10  42  0  0 L3P 2A
G30 FF 61079 202600  780 465 2437    -1147939   -100         113     27   20  81  101   -3  492  -60  492  -60  19  0  0 L3P 4A
G04 FF 61079 204200  780 272  796     -430200     44          90     65   32  77  160   20  572  -14  572  -14  25  0  0 L3P FA
G07 FF 61079 204200  780 502 1784     1463558     38          96    -12   20  89   96    5  383    2  383    2  17  0  0 L3P DB
G08 FF 61079 204200  780 175 1001    -4942323      6         107    -44   33   9  241   -8  574   -1  574   -1  26  0  0 L3P F1
G09 FF 61079 204200  780 540 1052    -7700834     23         111     17   14 176   91    2  377   -6  377   -6  11  0  0 L3P FD
G14 FF 61079 204200  780 441 3341    -7336097     -6         113     14   39  45  106  -15  667 -133  667 -133  38  0  0 L3P 6E
G21 FF 61079 204200  780 295 2277    -3951296    -81         124    -23   33  53  149  -25  613  -37  613  -37  28  0  0 L3P 70
G22 FF 61079 204200  780 261 3342      489564    -48         117      0   23  17  167  -41  891  -44  891  -44  19  0  0 L3P 34
G30 FF 61079 204200  780 479 2326    -1148054   -123         119      3   20  81   99   -2  453  -33  453  -33  19  0  0 L3P 2D
G04 FF 61079 205800  780 235  724     -430214    -27          97     -6   31  77  184   29  608   55  608   55  27  0  0 L3P 09
G07 FF 61079 205800  780 470 1682     1463606     54          95      4   17  89  100    6  372  -23  372  -23  15  0  0 L3P 01
G08 FF 61079 205800  780 177 1073    -4942259     22         123    -28   37   9  239    3  534   -7  534   -7  30  0  0 L3P 11
G09 FF 61079 205800  780 520  924    -7700830     16         109     10   21 176   93    3  384    1  384    1  18  0  0 L3P D7
G14 FF 61079 205800  780 518 3302    -7336106    -15         125      5   24  45   94  -10  560  -97  560  -97  19  0  0 L3P 3D
G21 FF 61079 205800  780 344 2336    -3951343    -57         132      1   18  53  130  -16  559  -33  559  -33  15  0  0 L3P 47
G22 FF 61079 205800  780 329 3319      489525    -58         125    -11   37  17  135  -26  831  -65  831  -65  34  0  0 L3P 5A
G30 FF 61079 205800  780 489 2214    -1148183   -166         111    -39   20  81   97   -1  427    9  427    9  20  0  0 L3P 1C
G04 FF 61079 211400  780 194  658     -430214    -61         118    -40   38  77  220   47  650  109  650  109  29  0  0 L3P 3C
G05 FF 61079 211400  780 141 2234     2286379     78         149     72   43  88  298  -95  822 -136  822 -136  37  0  0 L3P 86
G07 FF 61079 211400  780 437 1588     1463653     29          95    -21   21  89  106    6  363   13  363   13  19  0  0 L3P 0B
G08 FF 61079 211400  780 170 1143    -4942210     23         123    -27   27   9  249   16  504   -4  504   -4  23  0  0 L3P FE
G09 FF 61079 211400  780 489  807    -7700838     -2          95     -8   22 176   98    5  409   27  409   27  19  0  0 L3P 0B
G14 FF 61079 211400  780 594 3243    -7336130    -23         119     -2   22  45   85   -7  491  -76  491  -76  17  0  0 L3P 39
G21 FF 61079 211400  780 384 2411    -3951411    -79         120    -21   21  53  118  -10  543    6  543    6  17  0  0 L3P 0E
G22 FF 61079 211400  780 398 3285      489473    -19         119     29   20  17  115  -17  736 -146  736 -146  17  0  0 L3P 78
G30 FF 61079 211400  780 494 2101    -1148303   -162         112    -36   21  81   97   -1  399    8  399    8  18  0  0 L3P 16
G04 FF 61079 213000  780 150  598     -430225    -43         128    -22   39  77  281   84  736  138  736  138  32  0  0 L3P 49
G05 FF 61079 213000  780 183 2284     2286377     64         142     58   30  88  232  -49  779  -79  779  -79  25  0  0 L3P 73
G07 FF 61079 213000  780 406 1499     1463708      9         102    -41   28  89  113    7  350   39  350   39  25  0  0 L3P 07
G08 FF 61079 213000  780 154 1210    -4942161     67         125     17   30   9  272   34  467  -48  467  -48  25  0  0 L3P 32
G09 FF 61079 213000  780 449  705    -7700842      2          86     -4   15 176  104    8  445   39  445   39  13  0  0 L3P F5
G14 FF 61079 213000  780 667 3149    -7336158    -31         111    -11   14  45   80   -4  442  -43  442  -43  13  0  0 L3P 2F
G17 FF 61079 213000  780 145   63      569784     57         129    -52   28  87  291 -101  953   83  953   83  23  0  0 L3P 2D
G21 FF 61079 213000  780 413 2501    -3951473    -64         113     -6   22  53  111   -5  544   20  544   20  20  0  0 L3P FE
G22 FF 61079 213000  780 468 3239      489429    -53         120     -5   20  17  101  -12  630  -99  630  -99  16  0  0 L3P 36
G30 FF 61079 213000  780 496 1988    -1148428   -135         108     -9   21  81   96    0  374  -10  374  -10  20  0  0 L3P 31
G04 FF 61079 214600  780 103  546     -430230     37         143     58   49  77  402  183  911  206  911  206  38  0  0 L3P 32
G05 FF 61079 214600  780 219 2345     2286384     39         143     34   28  88  196  -27  754  -36  754  -36  25  0  0 L3P 63
G07 FF 61079 214600  780 375 1414     1463749     47          95     -3   20  89  120    8  348   -5  348   -5  17  0  0 L3P F8
G08 FF 61079 214600  780 131 1271    -4942129     39         109    -11   47   9  320   67  450  -12  450  -12  38  0  0 L3P 31
G09 FF 61079 214600  780 402  617    -7700832     -2          91     -8   26 176  114   12  481   60  481   60  24  0  0 L3P 03
G14 FF 61079 214600  780 731 2986    -7336177    -27         113     -6   22  45   77   -2  396  -34  396  -34  18  0  0 L3P 4A
G17 FF 61079 214600  780 198  102      569881     82         122    -27   30  87  216  -59  988   49  988   49  23  0  0 L3P 43
G21 FF 61079 214600  780 428 2604    -3951528    -31         114     27   33  53  108   -2  564   15  564   15  30  0  0 L3P 23
G22 FF 61079 214600  780 536 3173      489384    -26         121     22   15  17   91   -8  545  -95  545  -95  14  0  0 L3P 2A
G30 FF 61079 214600  780 495 1877    -1148547   -173         110    -47   16  81   97    0  347   13  347   13  13  0  0 L3P 36
G05 FF 61079 220200  780 245 2414     2286401    -33         153    -39   29  90  176  -15  755   57  755   57  26  0  0 L3P 4C
G07 FF 61079 220200  780 346 1333     1463801     25          95    -25   17 118  129   10  335    9  335    9  15  0  0 L3P F9
G09 FF 61079 220200  780 349  544    -7700816     25          95     20   32  27  128   18  560   77  560   77  26  0  0 L3P 11
G13 FF 61079 220200  780 144 2197    -6872699    -14         125    -26   64  73  293 -109  714 -106  714 -106  58  0  0 L3P AF
G14 FF 61079 220200  780 774 2690    -7336197     12         114     33   11  46   75   -1  361  -48  361  -48  10  0  0 L3P 23
G17 FF 61079 220200  780 255  140      570011     64         146    -45   30  89  170  -38  943  -51  943  -51  26  0  0 L3P 22
G21 FF 61079 220200  780 427 2711    -3951580    -96         119    -38   25  54  108    2  612   97  612   97  22  0  0 L3P 35
G22 FF 61079 220200  780 600 3081      489332    -51         115     -4   14  18   85   -5  482  -65  482  -65  12  0  0 L3P 08
G30 FF 61079 220200  780 492 1768    -1148661   -103         117     23   19  82   97    1  315  -43  315  -43  17  0  0 L3P 34
G05 FF 61079 221800  780 262 2492     2286396     -9         143    -15   26  90  166   -7  816   88  816   88  22  0  0 L3P 3E
G07 FF 61079 221800  780 318 1253     1463848     21          95    -29   17 118  139   11  333   13  333   13  13  0  0 L3P 1D
G09 FF 61079 221800  780 292  484    -7700814     -9          92    -14   35  27  150   28  706  212  706  212  25  0  0 L3P 32
G13 FF 61079 221800  780 199 2171    -6872691    -43         122    -56   37  73  214  -61  585  -88  585  -88  30  0  0 L3P 8C
G14 FF 61079 221800  780 771 2304    -7336209    -30         121     -9   19  46   75    1  339  -12  339  -12  17  0  0 L3P 1E
G17 FF 61079 221800  780 316  180      570068    112          98      3   21  89  140  -26  876 -159  876 -159  19  0  0 L3P 4C
G19 FF 61079 221800  780 154 3590    -6892740    -84         129    -69   30 102  275 -105  872  122  872  122  23  0  0 L3P A4
G21 FF 61079 221800  780 412 2816    -3951648    -32         106     26   22  54  112    5  695   56  695   56  16  0  0 L3P 2D
G22 FF 61079 221800  780 656 2947      489282    -41         112      7   15  18   81   -3  434  -49  434  -49  13  0  0 L3P 14
G30 FF 61079 221800  780 487 1660    -1148795   -109         104     18   16  82   98    1  306  -49  306  -49  13  0  0 L3P 4A
G05 FF 61079 223400  780 267 2574     2286396     34         138     29   26  90  163    0  909   63  909   63  22  0  0 L3P 20
G07 FF 61079 223400  780 291 1176     1463894     30          93    -21   26 118  151   13  334   34  334   34  21  0  0 L3P 19
G09 FF 61079 223400  780 233  435    -7700797     31         103     25   36  27  185   46  923  218  923  218  28  0  0 L3P 47
G13 FF 61079 223400  780 259 2151    -6872688    -18         113    -30   26  73  168  -38  486  -57  486  -57  25  0  0 L3P 8B
G14 FF 61079 223400  780 729 2028    -7336238    -23         112     -3   14  46   77    2  325  -13  325  -13  12  0  0 L3P 11
G17 FF 61079 223400  780 380  225      570184    125         109     16   23  89  119  -18  726 -157  726 -157  19  0  0 L3P 64
G19 FF 61079 223400  780 216   21    -6892726   -107         159    -91   31 102  199  -58  881   90  881   90  29  0  0 L3P 6C
G21 FF 61079 223400  780 384 2913    -3951701   -101         109    -43   16  54  118    9  775  100  775  100  14  0  0 L3P 58
G22 FF 61079 223400  780 697 2754      489239    -46         115      2   16  18   78   -2  394  -32  394  -32  14  0  0 L3P 19
G30 FF 61079 223400  780 480 1552    -1148914   -169         106    -43   18  82   99    1  290   29  290   29  15  0  0 L3P 38
G05 FF 61079 225000  780 262 2657     2286424    100         161     95   34  90  166    6  943  -73  943  -73  29  0  0 L3P 43
G07 FF 61079 225000  780 263 1100     1463952     -5         102    -55   34 118  165   16  341   68  341   68  34  0  0 L3P 26
G09 FF 61079 225000  780 172  396    -7700799     94          96     89   37  27  247   86 1145  138 1145  138  30  0  0 L3P 76
G13 FF 61079 225000  780 322 2138    -6872704     50          85     38   21  73  138  -26  454  -61  454  -61  17  0  0 L3P 3E
G14 FF 61079 225000  780 670 1867    -7336260    -40         109    -19   16  46   80    4  313   -7  313   -7  13  0  0 L3P 0A
G17 FF 61079 225000  780 446  277      570284    112         104      3   17  89  105  -13  607 -118  607 -118  14  0  0 L3P 3A
G19 FF 61079 225000  780 282   51    -6892754    -33         146    -17   27 102  155  -36  874  -27  874  -27  23  0  0 L3P 6A
G21 FF 61079 225000  780 347 3000    -3951758    -45         108     13   23  54  129   13  827   21  827   21  18  0  0 L3P 2A
G22 FF 61079 225000  780 713 2509      489194    -50         115     -2   14  18   78    0  371  -18  371  -18  12  0  0 L3P FD
G30 FF 61079 225000  780 472 1447    -1149033   -116         109     10   18  82  100    2  285  -16  285  -16  15  0  0 L3P 35
G05 FF 61079 230600  780 247 2739     2286429   -140         160   -146   30  90  175   13  941  120  941  120  28  0  0 L3P 75
G07 FF 61079 230600  780 235 1026     1463998     89         100     39   34 118  183   21  356  -10  356  -10  28  0  0 L3P 45
G13 FF 61079 230600  780 388 2134    -6872666     56         111     43   20  73  117  -18  404  -54  404  -54  19  0  0 L3P 50
G14 FF 61079 230600  780 608 1762    -7336282     40         107     60   17  46   84    5  305  -61  305  -61  16  0  0 L3P 16
G15 FF 61079 230600  780 126 2196    -3841937    -15         124     19   57   8  333 -147  639  -40  639  -40  49  0  0 L3P 71
G17 FF 61079 230600  780 511  344      570391    105         107     -4   18  89   94   -9  507  -73  507  -73  16  0  0 L3P 0F
G19 FF 61079 230600  780 353   82    -6892769     12         146     28   19 102  127  -24  801 -131  801 -131  15  0  0 L3P 5C
G21 FF 61079 230600  780 305 3076    -3951800    -49         122      9   39  54  144   19  827  -13  827  -13  28  0  0 L3P 43
G22 FF 61079 230600  780 700 2262      489160    -74         127    -26   19  18   78    1  347    7  347    7  16  0  0 L3P E1
G30 FF 61079 230600  780 461 1342    -1149167   -115          96     11   19  82  102    2  299   -9  299   -9  16  0  0 L3P 1E
G05 FF 61079 232200  780 224 2818     2286411      8         136      2   29  90  191   21  941  -33  941  -33  26  0  0 L3P 09
G07 FF 61079 232200  780 207  955     1464051    107         106     57   32 118  207   28  367  -36  367  -36  28  0  0 L3P 4C
G13 FF 61079 232200  780 458 2142    -6872661     38         104     26   20  73  103  -13  395  -31  395  -31  16  0  0 L3P 44
G14 FF 61079 232200  780 546 1683    -7336308    -31         101    -10   28  46   90    7  300    2  300    2  23  0  0 L3P D6
G15 FF 61079 232200  780 181 2213    -3841971      4         122     38   28   8  235  -71  638  -33  638  -33  23  0  0 L3P 29
G17 FF 61079 232200  780 573  435      570495    104         106     -5   15  89   87   -6  437  -60  437  -60  14  0  0 L3P 10
G19 FF 61079 232200  780 427  116    -6892793    -30         124    -14   28   0  108  -16  692 -115  692 -115  27  0  0 L3P 6C
G21 FF 61079 232200  780 260 3145    -3951853    -21         125     37   31  54  167   28  795  -83  795  -83  26  0  0 L3P 61
G22 FF 61079 232200  780 665 2066      489102    -60         115    -12   14  18   80    3  340   -6  340   -6  13  0  0 L3P D7
G30 FF 61079 232200  780 447 1239    -1149272   -244         112   -118   18  82  104    3  282  118  282  118  16  0  0 L3P 69
G05 FF 61079 233800  780 196 2892     2286403     -2         124     -7   38  90  217   33  881 -129  881 -129  31  0  0 L3P 61
G07 FF 61079 233800  780 177  886     1464107     74         114     24   32 118  239   41  379    6  379    6  26  0  0 L3P 0E
G13 FF 61079 233800  780 528 2167    -6872665      0          88    -12   15  73   92   -9  405   12  405   12  15  0  0 L3P FF
G14 FF 61079 233800  780 487 1616    -7336327    -10         102     10   24  46   98    9  295   -3  295   -3  22  0  0 L3P 0A
G15 FF 61079 233800  780 236 2241    -3842012    -79         114    -45   37   8  183  -40  654   64  654   64  32  0  0 L3P 42
G17 FF 61079 233800  780 625  564      570591    129          97     20   13  89   83   -3  396  -66  396  -66  12  0  0 L3P 1E
G19 FF 61079 233800  780 503  158    -6892819    -19         114     -3   16   0   96  -11  589  -96  589  -96  12  0  0 L3P 49
G21 FF 61079 233800  780 215 3208    -3951917    -57         116      1   24  54  199   41  750  -48  750  -48  20  0  0 L3P 45
G22 FF 61079 233800  780 618 1920      489051    -51         110     -3   14  18   83    4  337   -4  337   -4  13  0  0 L3P D4
G30 FF 61079 233800  780 429 1139    -1149411   -134          94     -8   22  82  108    4  303   14  303   14  19  0  0 L3P 0C
