CGGTTS     GENERIC DATA FORMAT VERSION = 2E
REV DATE = 2025-11-01
RCVR = PolaRx5TR (5.6.0)     sbf2cggtts-1.5.0
CH = 80
IMS = PolaRx5TR
LAB = LRTE
X = 3967035.920 m
Y = -4390028.540 m
Z = -2375644.640 m
FRAME = ITRF
COMMENTS = LS=18; ElMask=10deg; 'Generated from the SBF in 2026-04-21 at 23:50:00'
INT DLY = 24.9 ns (GPS P1),  15.7 ns (GPS P2)     CAL_ID = 1201-2025
CAB DLY = 103.1 ns
REF DLY = 47.2 ns
REF = UTC(LRTE)
CKSUM = f6

SAT CL  MJD  STTIME TRKL ELV AZTH   REFSV      SRSV     REFSYS    SRSYS  DSG IOE MDTR SMDT MDIO SMDI MSIO SMSI ISG FR HC FRC CK
             hhmmss  s  .1dg .1dg    .1ns     .1ps/s     .1ns    .1ps/s .1ns     .1ns.1ps/s.1ns.1ps/s.1ns.1ps/s.1ns
G05 FF 61151 001000  780 287  496     2320038      5          11      0   31  59  153  -23   89  -22   89  -22  27  0  0 L3P BC
G11 FF 61151 001000  780 397 1389     3663053   -138          -8    -11   30  87  115   16   53    2   53    2  27  0  0 L3P CE
G12 FF 61151 001000  780 613 1411     6079457     17          -5     18   14  31   84   -2   55  -34   55  -34  12  0  0 L3P C0
G21 FF 61151 001000  780 247  793    -4147478   -122          11   -117   35   7  175  -16   70  100   70  100  30  0  0 L3P 10
G24 FF 61151 001000  780 388 3517      264790   -145          -5     34   19  84  117   19  112  -33  112  -33  15  0  0 L3P 12
G25 FF 61151 001000  780 433 2063    -4285588     63          22     34   16  78  107  -12   58  -38   58  -38  14  0  0 L3P 12
G29 FF 61151 001000  780 382 2488     3363918    -60          -6     11   17 110  119   -6   89  -24   89  -24  13  0  0 L3P 0B
G05 FF 61151 002600  780 332  569     2320032    -28           0    -32   27  59  134  -16   80    9   80    9  26  0  0 L3P AA
G11 FF 61151 002600  780 331 1414     3662926    -98         -12     29   19  87  134   25   55  -26   55  -26  15  0  0 L3P 11
G12 FF 61151 002600  780 629 1248     6079453     34          -8     35   15  31   83   -1   53  -32   53  -32  13  0  0 L3P CB
G18 FF 61151 002600  780 202 3226     3717236    -69          -6     24   20  51  212  -66  286 -175  286 -175  16  0  0 L3P 54
G21 FF 61151 002600  780 267  874    -4147512     28         -17     34   28   7  163   -9   85  -31   85  -31  23  0  0 L3P E9
G24 FF 61151 002600  780 316 3550      264622   -167          -2     11   25  84  140   29  121   20  121   20  23  0  0 L3P DA
G25 FF 61151 002600  780 495 2023    -4285561     44          22     15   18  78   97  -10   51  -21   51  -21  16  0  0 L3P EE
G29 FF 61151 002600  780 402 2394     3363853    -50          -2     22   18 110  114   -4   75  -22   75  -22  17  0  0 L3P F2
G05 FF 61151 004200  780 373  652     2320036     -1           1     -5   23  59  121  -11   69  -14   69  -14  21  0  0 L3P B0
G11 FF 61151 004200  780 266 1425     3662815    -73          -1     55   23  87  164   38   50  -36   50  -36  19  0  0 L3P F9
G12 FF 61151 004200  780 629 1073     6079452      6          -8      7   12  31   83    1   51   -8   51   -8  10  0  0 L3P 71
G18 FF 61151 004200  780 265 3187     3717149    -90          -4      3   24  51  164  -37  169  -82  169  -82  19  0  0 L3P 2E
G21 FF 61151 004200  780 278  957    -4147510      4         -10     10   28   7  157   -3   67  -24   67  -24  25  0  0 L3P C9
G24 FF 61151 004200  780 248 3581      264462   -185          10     -7   19  84  175   45  152   66  152   66  16  0  0 L3P 0D
G25 FF 61151 004200  780 561 1984    -4285548      8           8    -20   16  78   89   -7   54    8   54    8  13  0  0 L3P AF
G29 FF 61151 004200  780 418 2298     3363783   -102          -4    -30   22 110  110   -3   66    9   66    9  19  0  0 L3P E0
G05 FF 61151 005800  780 407  745     2320037     -4          -2     -8   23  59  113   -7   61    2   61    2  20  0  0 L3P 72
G11 FF 61151 005800  780 202 1425     3662690   -158          -4    -30   33  87  212   65   53   33   53   33  28  0  0 L3P F5
G12 FF 61151 005800  780 612  904     6079458     10           0     11   19  31   84    2   47   -4   47   -4  15  0  0 L3P 79
G18 FF 61151 005800  780 328 3137     3717063   -104          -1    -11   24  51  136  -23  117  -24  117  -24  18  0  0 L3P 33
G21 FF 61151 005800  780 279 1041    -4147518    -25         -13    -19   32   7  156    2   63   21   63   21  30  0  0 L3P D3
G25 FF 61151 005800  780 631 1942    -4285532     35          -3      7   16  78   82   -5   58  -14   58  -14  14  0  0 L3P DB
G28 FF 61151 005800  780 189 2328     5501586    -88          16      6   35 109  225  -40   85  -13   85  -13  30  0  0 L3P 1A
G29 FF 61151 005800  780 433 2201     3363697    -98         -21    -27   20 110  107   -3   70   12   70   12  18  0  0 L3P F8
G05 FF 61151 011400  780 429  848     2320044     -6          -1    -10   19  59  108   -3   53   11   53   11  18  0  0 L3P A9
G12 FF 61151 011400  780 578  756     6079447     44         -10     45   12  31   87    4   55  -27   55  -27  11  0  0 L3P CE
G18 FF 61151 011400  780 388 3074     3716971    -88          -3      5   20  51  117  -15   93  -30   93  -30  16  0  0 L3P F6
G21 FF 61151 011400  780 269 1123    -4147503    -78           7    -72   40   7  162    9   44   68   44   68  37  0  0 L3P D1
G25 FF 61151 011400  780 704 1892    -4285506     38          -5     10   14  78   78   -4   52  -14   52  -14  11  0  0 L3P DC
G28 FF 61151 011400  780 218 2393     5501494    -82          15     12   21 109  196  -22   87  -19   87  -19  19  0  0 L3P 2B
G29 FF 61151 011400  780 446 2103     3363631    -71         -18      1   20 110  105   -2   59   -3   59   -3  19  0  0 L3P C8
G05 FF 61151 013000  780 437  957     2320044    -13          -4    -18   26  59  106    0   49   13   49   13  25  0  0 L3P B8
G12 FF 61151 013000  780 532  636     6079460    -20           4    -19   19  31   92    6   48   16   48   16  14  0  0 L3P A3
G18 FF 61151 013000  780 444 2996     3716875    -67          -9     27   39  51  105  -10   84  -29   84  -29  25  0  0 L3P 25
G21 FF 61151 013000  780 248 1199    -4147514     33           2     39   26   7  174   18   45  -32   45  -32  22  0  0 L3P D1
G25 FF 61151 013000  780 780 1811    -4285476     70          -3     42   10  78   75   -2   46  -41   46  -41  10  0  0 L3P D6
G28 FF 61151 013000  780 239 2467     5501401    -87          12      7   27 109  181  -11   86    1   86    1  25  0  0 L3P C5
G29 FF 61151 013000  780 457 2004     3363553    -77         -27     -6   15 110  103   -2   61    7   61    7  13  0  0 L3P BF
G05 FF 61151 014600  780 430 1064     2320052      7          -1      3   25  59  108    3   50    0   50    0  23  0  0 L3P 47
G12 FF 61151 014600  780 477  541     6079462    -34           7    -33   14  31   99   10   49   30   49   30  12  0  0 L3P B8
G18 FF 61151 014600  780 494 2899     3716793   -114          -2    -21   18  51   97   -7   69    9   69    9  13  0  0 L3P ED
G21 FF 61151 014600  780 218 1266    -4147523     -1          -2      4   34   7  197   31   53   -4   53   -4  28  0  0 L3P 9E
G25 FF 61151 014600  780 853 1528    -4285455     61          -8     33   43  78   74   -1   55  -30   55  -30  43  0  0 L3P EB
G28 FF 61151 014600  780 248 2545     5501309    -71          11     23   29 109  174   -3   91  -16   91  -16  25  0  0 L3P 09
G29 FF 61151 014600  780 468 1903     3363487    -62         -24      9   22 110  101   -2   55  -11   55  -11  19  0  0 L3P FA
G05 FF 61151 020200  780 407 1162     2320060    -43          -2    -47   19  60  113    7   44   36   44   36  17  0  0 L3P BB
G12 FF 61151 020200  780 416  467     6079463    -30           5    -29   19  32  111   14   52   18   52   18  13  0  0 L3P BD
G18 FF 61151 020200  780 535 2783     3716700    -73          -2     20   14  52   91   -4   67  -15   67  -15  11  0  0 L3P D6
G23 FF 61151 020200  780 211 3520    -6385541   -100          10    -56   20  25  203  -65  172  -61  172  -61  16  0  0 L3P 33
G25 FF 61151 020200  780 843  450    -4285417     23           7     -6   11  81   74    1   47   -3   47   -3   9  0  0 L3P 73
G28 FF 61151 020200  780 248 2626     5501220   -153          10    -57   26 110  174    4   94   68   94   68  25  0  0 L3P 01
G29 FF 61151 020200  780 479 1800     3363426    -77         -16     -5   14 111   99   -2   50   -6   50   -6  12  0  0 L3P D3
G05 FF 61151 021800  780 371 1245     2320057     12          -9      8   20  60  122   12   48   -4   48   -4  16  0  0 L3P 9B
G12 FF 61151 021800  780 352  410     6079457     42           0     43   23  32  127   21   60  -22   60  -22  18  0  0 L3P AD
G18 FF 61151 021800  780 564 2647     3716629    -88          17      6   15  52   88   -2   49   -1   49   -1  14  0  0 L3P C9
G23 FF 61151 021800  780 282 3530    -6385577     -7          16     38   24  25  155  -38  104  -67  104  -67  18  0  0 L3P 39
G25 FF 61151 021800  780 765  240    -4285394     43           2     15   20  81   76    3   49   -1   49   -1  17  0  0 L3P 91
G28 FF 61151 021800  780 238 2707     5501072     59         -46    154   37 110  181   11  163 -134  163 -134  33  0  0 L3P 60
G29 FF 61151 021800  780 488 1695     3363345    -57         -28     14   14 111   98   -1   56   -8   56   -8  13  0  0 L3P F9
G05 FF 61151 023400  780 325 1311     2320060      2         -10     -2   23  60  137   19   53    5   53    5  21  0  0 L3P 76
G12 FF 61151 023400  780 286  367     6079472     19          17     20   18  32  153   34   61   13   61   13  13  0  0 L3P BA
G18 FF 61151 023400  780 580 2497     3716525   -121           3    -28   17  52   87   -1   53   19   53   19  13  0  0 L3P E0
G23 FF 61151 023400  780 358 3536    -6385636    -46           0     -2   17  25  126  -24   87  -39   87  -39  13  0  0 L3P 15
G25 FF 61151 023400  780 681  179    -4285362     43           7     15   16  81   79    5   48    1   48    1  14  0  0 L3P 82
G28 FF 61151 023400  780 219 2785     5501054   -261          27   -165   61 110  195   19  115  198  115  198  59  0  0 L3P 82
G29 FF 61151 023400  780 495 1586     3363285    -96         -19    -24   14 111   97   -1   45   20   45   20  12  0  0 L3P FC
G05 FF 61151 025000  780 273 1361     2320082      3          12     -1   25  61  160   31   49   15   49   15  20  0  0 L3P 98
G12 FF 61151 025000  780 219  334     6079470    -27          15    -26   41  32  196   58   78   34   78   34  33  0  0 L3P EA
G18 FF 61151 025000  780 582 2343     3716428    -71          -5     22   15  52   87    0   53  -26   53  -26  13  0  0 L3P CE
G23 FF 61151 025000  780 437 3538    -6385688    -29         -11     15   22  25  106  -16   76  -34   76  -34  17  0  0 L3P 32
G25 FF 61151 025000  780 598  149    -4285337     37           4      8   24  81   85    7   55   -6   55   -6  23  0  0 L3P 96
G26 FF 61151 025000  780 228 2238     3561888     34          31    -12   42  78  189  -45   45    3   45    3  37  0  0 L3P DA
G28 FF 61151 025000  780 195 2860     5500924    -98         -11     -2   32 110  218   30  208   85  208   85  28  0  0 L3P 21
G29 FF 61151 025000  780 500 1474     3363214    -80         -22     -9   20 111   96    0   46    3   46    3  16  0  0 L3P 9D
G05 FF 61151 030600  780 216 1397     2320094    -45          20    -49   35  61  199   52   45   49   45   49  31  0  0 L3P F9
G15 FF 61151 030600  780 206  771    -4048997      1          12     34   29  63  208  -23   72  -14   72  -14  23  0  0 L3P E1
G18 FF 61151 030600  780 571 2196     3716334   -110          -9    -17   15  52   87    2   49    7   49    7  13  0  0 L3P BF
G23 FF 61151 030600  780 519 3536    -6385729    -30          -9     15   22  25   93  -11   60  -18   60  -18  17  0  0 L3P 04
G25 FF 61151 030600  780 515  132    -4285295     45          20     16   15  81   94   11   46   -9   46   -9  14  0  0 L3P B5
G26 FF 61151 030600  780 283 2274     3561896     57          -5     12   31  78  155  -28   67  -14   67  -14  27  0  0 L3P 0F
G29 FF 61151 030600  780 501 1359     3363127     -9         -40     62   16 111   96    0   62  -55   62  -55  14  0  0 L3P DF
G10 FF 61151 032200  780 224 3370     5887280    -30           3    -17   58  32  192  -58  231 -129  231 -129  52  0  0 L3P 47
G15 FF 61151 032200  780 227  846    -4049037   -129           3    -96   37  63  189  -15   69   72   69   72  31  0  0 L3P 15
G18 FF 61151 032200  780 552 2061     3716235    -80         -19     13   18  52   89    3   54  -11   54  -11  17  0  0 L3P DB
G23 FF 61151 032200  780 604 3530    -6385787    -40         -24      4   23  25   85   -8   65   -7   65   -7  21  0  0 L3P D0
G25 FF 61151 032200  780 434  123    -4285287     17           0    -11   36  81  107   16   67   17   67   17  35  0  0 L3P C9
G26 FF 61151 032200  780 334 2324     3561953     30           8    -15   18  78  133  -18   55    8   55    8  16  0  0 L3P C1
G29 FF 61151 032200  780 498 1242     3363072   -105         -26    -33   19 111   96    1   49   27   49   27  16  0  0 L3P 02
G10 FF 61151 033800  780 295 3350     5887257    -17          -8     -5   24  32  149  -34  144  -58  144  -58  19  0  0 L3P 3C
G15 FF 61151 033800  780 241  924    -4049059     18          13     51   38  63  179   -8   55  -57   55  -57  34  0  0 L3P FF
G18 FF 61151 033800  780 527 1940     3716151    -76         -14     17   19  52   92    3   48  -18   48  -18  17  0  0 L3P F9
G23 FF 61151 033800  780 691 3519    -6385836    -61         -31    -17   23  25   79   -5   65   13   65   13  22  0  0 L3P 02
G25 FF 61151 033800  780 356  120    -4285261     43          -1     15   28  81  126   24   79   -3   79   -3  22  0  0 L3P BF
G26 FF 61151 033800  780 379 2390     3561986     48          -2      2   21  78  119  -11   60   -3   60   -3  19  0  0 L3P CB
G29 FF 61151 033800  780 487 1125     3363007    -92         -23    -21   20 111   98    2   41   20   41   20  17  0  0 L3P D2
G10 FF 61151 035400  780 368 3321     5887245     26          -8     39   50  32  123  -22  106  -68  106  -68  47  0  0 L3P 26
G15 FF 61151 035400  780 247 1003    -4049085    -63          19    -31   29  63  175   -1   48   31   48   31  25  0  0 L3P F4
G18 FF 61151 035400  780 499 1831     3716063    -77         -12     17   17  52   96    4   50  -15   50  -15  15  0  0 L3P EC
G23 FF 61151 035400  780 779 3499    -6385871    -85         -23    -41   19  25   75   -3   58   40   58   40  19  0  0 L3P 1A
G25 FF 61151 035400  780 281  122    -4285235     63          -3     35   23  81  156   38   93  -11   93  -11  18  0  0 L3P E1
G26 FF 61151 035400  780 415 2473     3562027     19          -5    -27   21  78  111   -7   63   24   63   24  20  0  0 L3P D1
G29 FF 61151 035400  780 470 1013     3362940    -73         -21     -2   22 111  100    4   44   10   44   10  20  0  0 L3P B7
G10 FF 61151 041000  780 442 3278     5887232    -34          -5    -22   17  34  106  -14   89   15   89   15  14  0  0 L3P F8
G15 FF 61151 041000  780 244 1080    -4049099     16          36     49   23  67  177    6   30  -27   30  -27  20  0  0 L3P E5
G16 FF 61151 041000  780 240 2259    -2488729    -69         -42      1   38  79  180  -37   79    5   79    5  33  0  0 L3P F3
G18 FF 61151 041000  780 470 1731     3715977   -115          -9    -22   21  53  100    5   39    6   39    6  18  0  0 L3P C4
G23 FF 61151 041000  780 866 3424    -6385897    -72          -9    -27   17  26   74   -1   32   21   32   21  15  0  0 L3P E6
G25 FF 61151 041000  780 210  129    -4285189     26          16     -2   25  82  205   66  102   21  102   21  23  0  0 L3P CF
G26 FF 61151 041000  780 438 2571     3562071     30          -3    -16   19  80  106   -3   65   12   65   12  17  0  0 L3P C6
G29 FF 61151 041000  780 445  906     3362872   -102         -14    -31   23 112  105    5   43   28   43   28  20  0  0 L3P E5
G10 FF 61151 042600  780 515 3218     5887226     -9           1      3   16  34   94  -10   74  -15   74  -15  14  0  0 L3P BF
G15 FF 61151 042600  780 231 1154    -4049153    -18          14     15   27  67  186   14   53  -11   53  -11  22  0  0 L3P F6
G16 FF 61151 042600  780 288 2309    -2488781    -65         -27      6   23  79  152  -22   66  -11   66  -11  20  0  0 L3P 1F
G18 FF 61151 042600  780 442 1638     3715878   -102         -19     -9   21  53  105    6   47   10   47   10  16  0  0 L3P EA
G23 FF 61151 042600  780 846 1745    -6385948    -33         -17     11   13  26   74    1   37  -14   37  -14  11  0  0 L3P F7
G26 FF 61151 042600  780 446 2679     3562111     40          -6     -5   18  80  105    0   73    7   73    7  16  0  0 L3P 95
G29 FF 61151 042600  780 413  808     3362811    -55          19     17   28  35  111    8   44   -5   44   -5  24  0  0 L3P B6
G10 FF 61151 044200  780 585 3132     5887201    -32         -12    -19   13  34   86   -6   72    7   72    7  10  0  0 L3P BA
G15 FF 61151 044200  780 209 1222    -4049179   -102          20    -69   26  67  204   25   46   66   46   66  23  0  0 L3P 11
G16 FF 61151 044200  780 330 2374    -2488864    -42         -43     28   23  79  135  -14   77  -16   77  -16  20  0  0 L3P 32
G18 FF 61151 044200  780 414 1550     3715807    -84          -1      9   17  53  111    6   33    3   33    3  16  0  0 L3P 87
G23 FF 61151 044200  780 761 1694    -6386006    -14         -33     30   18  26   76    3   52  -22   52  -22  17  0  0 L3P EB
G26 FF 61151 044200  780 439 2789     3562152     34          -9    -12   21  80  106    3   80   12   80   12  19  0  0 L3P C5
G29 FF 61151 044200  780 374  720     3362743    -54          19     17   23  35  121   12   45   -9   45   -9  19  0  0 L3P CB
G10 FF 61151 045800  780 647 3003     5887190    -10         -12      2   13  34   81   -4   61  -13   61  -13  11  0  0 L3P C5
G15 FF 61151 045800  780 179 1281    -4049208    -58          22    -25   33  67  237   42   49   23   49   23  26  0  0 L3P 0E
G16 FF 61151 045800  780 362 2453    -2488931    -70         -42      0   18  79  124   -8   78    1   78    1  15  0  0 L3P D2
G18 FF 61151 045800  780 388 1465     3715715    -67          -2     27   16  53  117    7   43  -24   43  -24  13  0  0 L3P F2
G23 FF 61151 045800  780 678 1664    -6386040    -42         -24      2   14  26   79    5   49   -6   49   -6  11  0  0 L3P CF
G26 FF 61151 045800  780 418 2894     3562205     43           0     -2   19  80  110    6   81   -2   81   -2  14  0  0 L3P 98
G29 FF 61151 045800  780 330  642     3362666    -92          11    -21   29  35  135   18   53    3   53    3  22  0  0 L3P B6
G10 FF 61151 051400  780 694 2812     5887173    -11         -16      1   14  34   79   -2   57   -5   57   -5  12  0  0 L3P BF
G16 FF 61151 051400  780 382 2543    -2488988    -87         -32    -16   17  79  119   -4   73   27   73   27  16  0  0 L3P 2A
G18 FF 61151 051400  780 363 1383     3715638    -73          10     20   17  53  124    8   33   -8   33   -8  14  0  0 L3P C2
G23 FF 61151 051400  780 600 1635    -6386078    -41         -19      4   15  26   85    7   44    2   44    2  13  0  0 L3P 9D
G26 FF 61151 051400  780 385 2989     3562247     63          -2     18   24  80  118   10   86   -8   86   -8  19  0  0 L3P E4
G27 FF 61151 051400  780 240 2175     1163012    146          42    -27   37  41  180  -44   45   29   45   29  34  0  0 L3P F8
G29 FF 61151 051400  780 281  575     3362602    -42          16     29   30  35  156   27   50  -17   50  -17  26  0  0 L3P E7
G32 FF 61151 051400  780 218   33     -132066   -237         -16    -40   21   9  197  -56   95   -9   95   -9  17  0  0 L3P E1
G10 FF 61151 053000  780 715 2556     5887168      2         -10     15   11  34   78    0   50  -16   50  -16   9  0  0 L3P AB
G16 FF 61151 053000  780 389 2642    -2489050    -52         -25     19   23  79  117    0   73   -9   73   -9  19  0  0 L3P F3
G18 FF 61151 053000  780 338 1302     3715538   -120          -1    -26   17  53  132    9   43   20   43   20  13  0  0 L3P CC
G23 FF 61151 053000  780 525 1605    -6386118    -42         -17      2   20  26   93    9   42   -5   42   -5  18  0  0 L3P B4
G26 FF 61151 053000  780 345 3073     3562294     51           2      5   41  80  129   14   85   -4   85   -4  30  0  0 L3P A1
G27 FF 61151 053000  780 302 2166     1163165    159          30    -13   29  41  146  -29   46    5   46    5  23  0  0 L3P D4
G29 FF 61151 053000  780 229  517     3362556    -49          38     23   36  35  188   43   34  -12   34  -12  29  0  0 L3P F6
G32 FF 61151 053000  780 283   63     -132259   -162         -20     35   27   9  155  -35   75  -37   75  -37  22  0  0 L3P EE
G10 FF 61151 054600  780 703 2293     5887171      7           6     19   15  34   78    1   35  -18   35  -18  13  0  0 L3P B2
G16 FF 61151 054600  780 382 2742    -2489107     -9         -15     61   18  79  119    4   74  -46   74  -46  16  0  0 L3P 10
G18 FF 61151 054600  780 314 1222     3715449    -79          -1     14   23  53  140   10   43  -11   43  -11  18  0  0 L3P DF
G23 FF 61151 054600  780 454 1572    -6386155    -53         -11     -8   26  26  103   13   38    2   38    2  24  0  0 L3P CF
G26 FF 61151 054600  780 301 3147     3562337     55           1     10   19  80  146   21   90   -1   90   -1  15  0  0 L3P A6
G27 FF 61151 054600  780 366 2167     1163316    136          15    -37   18  41  123  -20   60   23   60   23  16  0  0 L3P F2
G32 FF 61151 054600  780 352   93     -132422   -258           6    -62   21   9  128  -23   43   49   43   49  16  0  0 L3P C3
G10 FF 61151 060200  780 665 2087     5887157    -34           7    -21   12  35   80    3   32    3   32    3  11  0  0 L3P 86
G16 FF 61151 060200  780 362 2839    -2489171    -28         -12     42   21  83  124    8   68  -42   68  -42  18  0  0 L3P 11
G18 FF 61151 060200  780 291 1144     3715374   -122          18    -29   28  54  151   12   29   28   29   28  29  0  0 L3P 09
G23 FF 61151 060200  780 388 1537    -6386196    -69         -12    -25   29  27  117   17   37   18   37   18  26  0  0 L3P 26
G26 FF 61151 060200  780 255 3214     3562387     28           9    -18   26  82  170   29   90   16   90   16  21  0  0 L3P D8
G27 FF 61151 060200  780 433 2181     1163481    142          15    -31   23  43  107  -14   55    9   55    9  21  0  0 L3P CB
G32 FF 61151 060200  780 424  126     -132612   -226          10    -29   33  54  109  -16   40    1   40    1  30  0  0 L3P A5
G10 FF 61151 061800  780 614 1939     5887136     -9          -2      3   15  35   84    4   36    0   36    0  13  0  0 L3P 72
G16 FF 61151 061800  780 332 2928    -2489238    -70         -10      1   18  83  134   12   67    6   67    6  15  0  0 L3P D1
G18 FF 61151 061800  780 266 1067     3715294   -135          27    -42   38  54  164   15   24   39   24   39  34  0  0 L3P 14
G23 FF 61151 061800  780 327 1499    -6386222    -34           4     11   23  27  136   22   28   -2   28   -2  19  0  0 L3P D2
G26 FF 61151 061800  780 210 3276     3562428    -24           7    -70   42  82  204   42  104   94  104   94  37  0  0 L3P 01
G27 FF 61151 061800  780 500 2212     1163654    173          22      0   18  43   96  -10   39  -13   39  -13  17  0  0 L3P DB
G32 FF 61151 061800  780 500  166     -132813   -188          -3      8   15  54   96  -11   38  -10   38  -10  12  0  0 L3P CC
G08 FF 61151 063400  780 242 2212    -4577637     41           3    -27   35  79  179  -43   68   13   68   13  31  0  0 L3P FA
G10 FF 61151 063400  780 559 1828     5887133     -2           7     10   12  35   89    6   34   -9   34   -9  11  0  0 L3P 9B
G16 FF 61151 063400  780 296 3010    -2489290    -66           5      5   25  83  149   18   66    1   66    1  24  0  0 L3P B3
G18 FF 61151 063400  780 240  991     3715216   -104          39    -11   34  54  180   19   22    1   22    1  26  0  0 L3P B9
G23 FF 61151 063400  780 270 1458    -6386279    -55         -10    -11   36  27  161   31   47    1   47    1  29  0  0 L3P E7
G27 FF 61151 063400  780 566 2270     1163825    153          27    -20   20  43   88   -7   32    6   32    6  18  0  0 L3P B8
G32 FF 61151 063400  780 576  222     -132995   -212           4    -16   13  54   87   -8   32    4   32    4  11  0  0 L3P 92
G08 FF 61151 065000  780 302 2239    -4577571     54           3    -14   26  79  146  -27   51    7   51    7  23  0  0 L3P CE
G10 FF 61151 065000  780 504 1739     5887128    -18          13     -6   12  35   95    8   31    9   31    9  11  0  0 L3P 99
G16 FF 61151 065000  780 255 3084    -2489348    -46          15     24   38  83  170   27   74    6   74    6  31  0  0 L3P DF
G18 FF 61151 065000  780 212  918     3715114    -28          27     65   32  54  202   27   28  -46   28  -46  27  0  0 L3P F1
G23 FF 61151 065000  780 218 1414    -6386309    -20           3     24   36  27  197   44   28  -14   28  -14  27  0  0 L3P F8
G27 FF 61151 065000  780 625 2369     1163981    163          17    -10   13  43   83   -4   36    8   36    8  11  0  0 L3P BC
G32 FF 61151 065000  780 650  309     -133177   -157          11     39   14  54   81   -5   26  -23   26  -23  11  0  0 L3P D0
G08 FF 61151 070600  780 359 2281    -4577504     26           4    -42   23  79  125  -17   42   40   42   40  20  0  0 L3P E6
G10 FF 61151 070600  780 451 1661     5887111    -25           8    -12   14  35  104   10   37   14   37   14  13  0  0 L3P C5
G16 FF 61151 070600  780 212 3152    -2489428   -115           3    -45   27  83  202   39  101   53  101   53  22  0  0 L3P 0E
G18 FF 61151 070600  780 182  848     3715008    -23          10     71   30  54  233   39   42  -67   42  -67  24  0  0 L3P ED
G27 FF 61151 070600  780 670 2526     1164144    181          15      8   17  43   80   -2   38   -2   38   -2  15  0  0 L3P AE
G32 FF 61151 070600  780 714  465     -133368   -192           9      5   14  54   78   -3   30    0   30    0  12  0  0 L3P 6E
G08 FF 61151 072200  780 413 2341    -4577449     57          -6    -11   28  79  111  -11   48   10   48   10  26  0  0 L3P F5
G10 FF 61151 072200  780 401 1590     5887095    -72           5    -60   26  35  114   12   40   51   40   51  23  0  0 L3P C9
G27 FF 61151 072200  780 687 2743     1164314    164          18     -8   17  43   79    0   36    8   36    8  13  0  0 L3P AA
G32 FF 61151 072200  780 752  741     -133552   -190          13      7   34  54   76   -1   28    0   28    0  21  0  0 L3P 7D
G02 FF 61151 073800  780 228 2187     -831206    -29          17     48   34  72  189  -44   35  -58   35  -58  33  0  0 L3P 1F
G08 FF 61151 073800  780 458 2422    -4577379     57          -1    -11   14  79  103   -7   45   12   45   12  12  0  0 L3P EC
G10 FF 61151 073800  780 354 1522     5887077     -2          -1     10   24  35  126   14   41   -5   41   -5  20  0  0 L3P AC
G27 FF 61151 073800  780 670 2964     1164478    196          17     23   16  43   80    2   35  -27   35  -27  13  0  0 L3P F0
G32 FF 61151 073800  780 742 1068     -133727   -223          28    -27   19  54   76    1   18   13   18   13  15  0  0 L3P DB
G02 FF 61151 075400  780 285 2149     -831295    -75           3      2   28  72  154  -30   48    1   48    1  25  0  0 L3P A5
G08 FF 61151 075400  780 491 2525    -4577313     79          -1     11   16  79   97   -4   45   -3   45   -3  13  0  0 L3P CC
G10 FF 61151 075400  780 311 1456     5887082     21          16     34   23  35  142   17   23  -32   23  -32  18  0  0 L3P DF
G27 FF 61151 075400  780 625 3134     1164642    176          14      3   13  43   83    4   34   -1   34   -1  12  0  0 L3P 95
G28 FF 61151 075400  780 230  388     5499197   -129          -1    -34   25 113  187  -37   54   20   54   20  18  0  0 L3P 1A
G32 FF 61151 075400  780 690 1282     -133939   -205           4     -8   14  54   79    3   30    8   30    8  12  0  0 L3P 90
G02 FF 61151 081000  780 347 2116     -831376   -125          -2    -48   22  76  129  -22   39   36   39   36  19  0  0 L3P 0A
G08 FF 61151 081000  780 507 2646    -4577252     79          -3     10   19  80   95   -1   43  -12   43  -12  15  0  0 L3P DE
G10 FF 61151 081000  780 272 1391     5887064     50           9     63   25  37  160   21   41  -44   41  -44  21  0  0 L3P D1
G27 FF 61151 081000  780 563 3250     1164810    173          13      0   20  44   88    7   33    3   33    3  18  0  0 L3P 79
G28 FF 61151 081000  780 277  451     5499114    -99           4     -4   25 114  158  -25   39    1   39    1  20  0  0 L3P BC
G32 FF 61151 081000  780 621 1390     -134119   -180          12     16   12  58   83    6   26  -13   26  -13  10  0  0 L3P C7
G02 FF 61151 082600  780 413 2086     -831446    -45           2     33   15  76  111  -16   33  -24   33  -24  13  0  0 L3P DE
G08 FF 61151 082600  780 505 2774    -4577197     87         -14     19   21  80   95    2   51   -4   51   -4  16  0  0 L3P D5
G10 FF 61151 082600  780 236 1325     5887060     11          16     24   21  37  183   26   35   -9   35   -9  16  0  0 L3P CB
G27 FF 61151 082600  780 495 3330     1164973    180          10      7   29  44   97   10   37    5   37    5  28  0  0 L3P AF
G28 FF 61151 082600  780 323  521     5499029   -118          10    -22   43 114  137  -18   32   23   32   23  34  0  0 L3P 01
G31 FF 61151 082600  780 228  233     1540554    -15         -16      9   33  56  189  -43   67   -4   67   -4  30  0  0 L3P D5
G32 FF 61151 082600  780 547 1442     -134303   -173          18     23   20  58   90    9   25  -23   25  -23  19  0  0 L3P DD
G01 FF 61151 084200  780 200 2192    -2929396     77           1     -7   31 238  214  -59   46    7   46    7  27  0  0 L3P D4
G02 FF 61151 084200  780 485 2061     -831514    -56           8     22   16  76   98  -12   31  -15   31  -15  14  0  0 L3P D8
G08 FF 61151 084200  780 485 2897    -4577116     46           1    -22   18  80   98    4   47   18   47   18  15  0  0 L3P DC
G10 FF 61151 084200  780 202 1260     5887013    -93         -19    -80   32  37  211   33   67   85   67   85  25  0  0 L3P 04
G27 FF 61151 084200  780 424 3390     1165139    158          10    -15   32  44  109   15   41   16   41   16  28  0  0 L3P EA
G28 FF 61151 084200  780 366  599     5498928    -89           0      7   24 114  123  -12   45    0   45    0  18  0  0 L3P BC
G31 FF 61151 084200  780 282  285     1540560    -31          13     -7   32  56  155  -29   46   11   46   11  28  0  0 L3P CF
G32 FF 61151 084200  780 473 1465     -134493   -205          16     -9   27  58  100   12   26    4   26    4  25  0  0 L3P BF
G01 FF 61151 085800  780 258 2164    -2929318     84          -2      0   33 238  168  -38   50   13   50   13  29  0  0 L3P F2
G02 FF 61151 085800  780 560 2042     -831584    -78          12     -1   12  76   89   -8   33   11   33   11  10  0  0 L3P B7
G08 FF 61151 085800  780 450 3005    -4577034     83          18     15   47  80  104    8   44    5   44    5  31  0  0 L3P B0
G27 FF 61151 085800  780 354 3438     1165305    186          11     13   42  44  127   22   50    7   50    7  40  0  0 L3P BD
G28 FF 61151 085800  780 403  688     5498838    -68           2     27   21 114  114   -8   52   -4   52   -4  17  0  0 L3P DA
G31 FF 61151 085800  780 338  342     1540547     -6          23     18   22  56  132  -20   44    4   44    4  19  0  0 L3P A0
G32 FF 61151 085800  780 400 1470     -134689   -177           8     19   22  58  114   17   35   -1   35   -1  20  0  0 L3P D0
G01 FF 61151 091400  780 320 2142    -2929256     85         -21      1   24 238  139  -26   69    4   69    4  18  0  0 L3P DE
G02 FF 61151 091400  780 640 2033     -831650    -88          21    -11   10  76   82   -6   36   21   36   21   8  0  0 L3P AF
G03 FF 61151 091400  780 191 2455    -4950932    176         -41     28   38  88  223  -31   68  -22   68  -22  32  0  0 L3P 38
G08 FF 61151 091400  780 405 3098    -4576968     65          19     -3   19  80  113   12   55   16   55   16  15  0  0 L3P F3
G27 FF 61151 091400  780 287 3479     1165482    213          22     41   24  44  153   33   61  -15   61  -15  21  0  0 L3P FC
G28 FF 61151 091400  780 430  789     5498764    -77          20     18   25 114  108   -4   51  -14   51  -14  21  0  0 L3P 01
G31 FF 61151 091400  780 394  407     1540524    -45          23    -21   22  56  116  -14   57   23   57   23  19  0  0 L3P E1
G32 FF 61151 091400  780 331 1462     -134873   -180          14     17   21  58  135   25   49   -3   49   -3  19  0  0 L3P E4
G01 FF 61151 093000  780 386 2127    -2929152     43           2    -41   23 238  118  -18   61   54   61   54  21  0  0 L3P F4
G02 FF 61151 093000  780 723 2043     -831729    -83          16     -5   18  76   77   -4   48   14   48   14  16  0  0 L3P CC
G03 FF 61151 093000  780 218 2386    -4950768    160         -20     12   36  88  197  -24   55    0   55    0  33  0  0 L3P F0
G04 FF 61151 093000  780 213 3084     -541597     -9          40      6   55  29  201  -50   70    2   70    2  40  0  0 L3P 90
G08 FF 61151 093000  780 355 3176    -4576905     53          16    -15   19  80  126   17   76   35   76   35  14  0  0 L3P 06
G27 FF 61151 093000  780 223 3519     1165631    213           4     40   27  44  193   52  113   17  113   17  19  0  0 L3P EB
G28 FF 61151 093000  780 444  897     5498665    -95          13      1   26 114  105   -1   69   11   69   11  24  0  0 L3P DE
G31 FF 61151 093000  780 448  484     1540491    -66          13    -42   21  56  104  -10   75   44   75   44  18  0  0 L3P E9
G32 FF 61151 093000  780 265 1447     -135092   -171         -16     26   20  58  164   38  102   20  102   20  15  0  0 L3P 05
G01 FF 61151 094600  780 455 2121    -2929060     79          14     -5   21 238  103  -13   66   21   66   21  18  0  0 L3P F3
G02 FF 61151 094600  780 807 2116     -831804    -78          16     -1   13  76   75   -2   59   12   59   12  11  0  0 L3P C3
G03 FF 61151 094600  780 246 2317    -4950625    180         -18     32   28  88  175  -20   73    1   73    1  24  0  0 L3P F0
G04 FF 61151 094600  780 266 3027     -541632    -18          18     -3   29  29  163  -30   95   24   95   24  27  0  0 L3P F2
G08 FF 61151 094600  780 302 3244    -4576843     89          13     21   30  80  146   24  107   20  107   20  24  0  0 L3P FC
G28 FF 61151 094600  780 442 1007     5498561    -84           1     12   25 114  105    2   93    9   93    9  21  0  0 L3P B3
G31 FF 61151 094600  780 495  578     1540473    -28          18     -4   20  56   97   -6   82   18   82   18  15  0  0 L3P D1
G32 FF 61151 094600  780 203 1424     -135255   -155           9     42   32  58  211   61  125   38  125   38  26  0  0 L3P FB
G01 FF 61151 100200  780 527 2127    -2928979     80          10     -5   15 239   92   -9   75   17   75   17  14  0  0 L3P E5
G02 FF 61151 100200  780 869 2813     -831890    -40           1     37   17  77   74    0   84    6   84    6  14  0  0 L3P 89
G03 FF 61151 100200  780 277 2249    -4950489    131         -22    -17   28  89  158  -17   96   19   96   19  25  0  0 L3P 3C
G04 FF 61151 100200  780 316 2959     -541649    -25          17    -10   22  30  140  -20  109    4  109    4  19  0  0 L3P DE
G08 FF 61151 100200  780 250 3304    -4576766     86          22     17   45  81  173   34  144   49  144   49  40  0  0 L3P 0F
G28 FF 61151 100200  780 425 1111     5498468   -127          -4    -32   25 115  109    5  112   47  112   47  21  0  0 L3P 0F
G31 FF 61151 100200  780 533  692     1540457    -10          25     14   17  69   92   -4   86    3   86    3  14  0  0 L3P 90
G01 FF 61151 101800  780 601 2154    -2928893     93          15      9   15 239   85   -7   86    9   86    9  13  0  0 L3P C5
G02 FF 61151 101800  780 805 3506     -831929    -82          36     -4   36  77   75    2   78   13   78   13  35  0  0 L3P C7
G03 FF 61151 101800  780 309 2181    -4950336    141         -10     -6   24  89  143  -15   99   25   99   25  20  0  0 L3P 0C
G04 FF 61151 101800  780 361 2882     -541666     -4          14     11   23  30  125  -13  116    0  116    0  19  0  0 L3P B7
G08 FF 61151 101800  780 199 3360    -4576708     95          15     26   43  81  214   51  221   65  221   65  39  0  0 L3P 17
G28 FF 61151 101800  780 393 1201     5498384    -93           4      2   22 115  116   10  128   29  128   29  20  0  0 L3P F0
G31 FF 61151 101800  780 554  825     1540436    -35          28    -11   19  69   89   -1   97   28   97   28  17  0  0 L3P E3
G01 FF 61151 103400  780 674 2218    -2928804     68          23    -16   12 239   80   -4   98   34   98   34  11  0  0 L3P F7
G02 FF 61151 103400  780 719 3587     -832017    -80          22     -3   20  77   77    4  106   13  106   13  16  0  0 L3P CB
G03 FF 61151 103400  780 345 2112    -4950203    158         -19     10   27  89  130  -13  124   12  124   12  23  0  0 L3P 0E
G04 FF 61151 103400  780 400 2794     -541686    -11           8      4   27  30  114   -9  133   14  133   14  21  0  0 L3P BE
G28 FF 61151 103400  780 350 1275     5498306   -110          18    -14   24 115  128   16  146   42  146   42  19  0  0 L3P 30
G31 FF 61151 103400  780 556  966     1540407     -9          21     15   22  69   89    1  115   11  115   11  20  0  0 L3P AD
G01 FF 61151 105000  780 740 2364    -2928720     63          27    -21   15 239   77   -2  112   39  112   39  14  0  0 L3P 03
G02 FF 61151 105000  780 632   12     -832094    -79          20     -2   19  77   82    7  125   25  125   25  16  0  0 L3P A8
G03 FF 61151 105000  780 383 2042    -4950051    125         -10    -23   24  89  118  -11  133   37  133   37  22  0  0 L3P 21
G04 FF 61151 105000  780 433 2696     -541678     15          30     30   23  30  107   -6  137   -9  137   -9  20  0  0 L3P D9
G28 FF 61151 105000  780 299 1331     5498208    -49          11     47   26 115  147   25  184    3  184    3  22  0  0 L3P FC
G31 FF 61151 105000  780 537 1096     1540380    -20          17      4   17  69   91    3  137   15  137   15  16  0  0 L3P C5
G01 FF 61151 110600  780 780 2673    -2928637     79          28     -5   13 239   75    0  127   27  127   27  12  0  0 L3P FE
G02 FF 61151 110600  780 546   24     -832178    -80          10     -3   18  77   90   10  159   18  159   18  15  0  0 L3P C5
G03 FF 61151 110600  780 424 1970    -4949903    176          -3     28   20  89  109   -9  143  -10  143  -10  17  0  0 L3P 27
G04 FF 61151 110600  780 459 2589     -541692    -23          30     -8   19  30  102   -4  153   18  153   18  16  0  0 L3P F3
G09 FF 61151 110600  780 186 2804    -7578485     98          44     64   85  79  229  -42  230  -68  230  -68  82  0  0 L3P 60
G28 FF 61151 110600  780 244 1372     5498142    -51          37     45   30 115  178   40  207    8  207    8  25  0  0 L3P F6
G31 FF 61151 110600  780 501 1204     1540351    -48          11    -25   22  69   96    6  161   39  161   39  20  0  0 L3P DC
G01 FF 61151 112200  780 764 3057    -2928560     64          25    -20   14 239   76    1  150   35  150   35  12  0  0 L3P F3
G02 FF 61151 112200  780 464   33     -832255   -100           7    -23   22  77  102   14  194   62  194   62  17  0  0 L3P D6
G03 FF 61151 112200  780 468 1894    -4949760    143          30     -5   23  17  101   -8  163   17  163   17  21  0  0 L3P 0C
G04 FF 61151 112200  780 477 2476     -541713    -33          24    -18   17  30   99   -2  170   26  170   26  14  0  0 L3P F0
G09 FF 61151 112200  780 219 2733    -7578548   -192         -51   -226   37  79  195  -28  338  229  338  229  33  0  0 L3P B1
G26 FF 61151 112200  780 199  818     3563253     94           0     48   31   9  215  -20  374  -32  374  -32  26  0  0 L3P F1
G31 FF 61151 112200  780 452 1285     1540328    -10          10     14   22  69  104   10  185   19  185   19  21  0  0 L3P EB
G01 FF 61151 113800  780 706 3281    -2928466     85          38      1   24 239   78    3  157   27  157   27  18  0  0 L3P FE
G02 FF 61151 113800  780 385   42     -832329    -67           7     10   20  77  118   21  240   52  240   52  16  0  0 L3P BC
G03 FF 61151 113800  780 515 1810    -4949618    133          31    -14   12  17   94   -6  166   18  166   18  11  0  0 L3P 10
G04 FF 61151 113800  780 487 2360     -541729    -33          21    -18   22  30   98   -1  176   19  176   19  19  0  0 L3P 03
G09 FF 61151 113800  780 250 2659    -7578467    230          -3    196   34  79  173  -19  289 -194  289 -194  29  0  0 L3P B0
G26 FF 61151 113800  780 215  892     3563321     18          24    -28   27   9  199  -12  352   26  352   26  24  0  0 L3P FB
G31 FF 61151 113800  780 396 1343     1540298    -45           4    -21   24  69  115   15  218   62  218   62  22  0  0 L3P 00
G01 FF 61151 115400  780 632 3391    -2928382    102          41     18   29 239   82    6  177   15  177   15  28  0  0 L3P 13
G02 FF 61151 115400  780 310   53     -832390    -75          20      2   24  77  143   31  298   88  298   88  20  0  0 L3P D3
G03 FF 61151 115400  780 562 1714    -4949482    191          24     43   16  17   88   -5  181  -33  181  -33  14  0  0 L3P 24
G04 FF 61151 115400  780 492 2243     -541747    -19          19     -4   19  31   97    0  187   28  187   28  17  0  0 L3P ED
G09 FF 61151 115400  780 278 2583    -7578397     26          34     -8   24  79  157  -14  253   14  253   14  23  0  0 L3P 2D
G16 FF 61151 115400  780 198  646    -2490603   -101          41    -30   43   5  216  -34  430    9  430    9  36  0  0 L3P EE
G26 FF 61151 115400  780 224  967     3563368     43          27     -3   34   9  191   -5  359   17  359   17  28  0  0 L3P EB
G31 FF 61151 115400  780 337 1381     1540276    -73           5    -49   24  69  132   22  257   88  257   88  20  0  0 L3P 14
G01 FF 61151 121000  780 555 3453    -2928307    123          31     39   29   0   89    9  215  -10  215  -10  28  0  0 L3P EF
G02 FF 61151 121000  780 239   66     -832475    -88           7    -11   32  83  181   50  377   95  377   95  26  0  0 L3P F1
G03 FF 61151 121000  780 608 1597    -4949342    145          26     -3   13  18   84   -4  189    7  189    7  12  0  0 L3P EB
G04 FF 61151 121000  780 491 2128     -541763     -9          17      5   18  32   97    0  199    9  199    9  16  0  0 L3P A9
G09 FF 61151 121000  780 304 2503    -7578367     39          34      4   23  80  145  -11  258   -8  258   -8  20  0  0 L3P FC
G16 FF 61151 121000  780 228  717    -2490699    -79           8     -9   28  68  188  -23  439  -15  439  -15  25  0  0 L3P 3C
G26 FF 61151 121000  780 225 1042     3563407     48          25      3   28  10  191    3  376   18  376   18  25  0  0 L3P CF
G31 FF 61151 121000  780 275 1404     1540248     -4           0     20   25  72  159   34  310   37  310   37  18  0  0 L3P C4
G01 FF 61151 122600  780 477 3494    -2928230     94          27     10   32   0   99   13  255   40  255   40  28  0  0 L3P E4
G03 FF 61151 122600  780 649 1448    -4949196    152          29      4   13  18   81   -2  196    7  196    7  11  0  0 L3P E4
G04 FF 61151 122600  780 487 2016     -541773     20          21     35   18  32   98    1  213  -13  213  -13  15  0  0 L3P D3
G07 FF 61151 122600  780 251 3204     1757643     67           2     22   18  51  173  -42  380  -47  380  -47  13  0  0 L3P 0D
G09 FF 61151 122600  780 327 2422    -7578333     34          36      0   20  80  136   -9  268   12  268   12  18  0  0 L3P F3
G16 FF 61151 122600  780 255  792    -2490743   -175          31   -105   37  68  170  -15  405   98  405   98  31  0  0 L3P 55
G26 FF 61151 122600  780 218 1116     3563439     66          13     21   29  10  197   11  410   17  410   17  22  0  0 L3P E7
G31 FF 61151 122600  780 214 1414     1540239    -74          14    -50   34  72  201   56  363  141  363  141  25  0  0 L3P 1F
G01 FF 61151 124200  780 402 3525    -2928151    120          26     35   15   0  114   18  304   27  304   27  12  0  0 L3P E2
G03 FF 61151 124200  780 677 1257    -4949059    147          24     -1   15  18   79   -1  212    8  212    8  12  0  0 L3P DD
G04 FF 61151 124200  780 480 1907     -541789    -44          20    -29   18  32   99    1  228   32  228   32  16  0  0 L3P F1
G07 FF 61151 124200  780 314 3160     1757688     91           5     46   19  51  141  -26  344  -66  344  -66  15  0  0 L3P 1D
G09 FF 61151 124200  780 350 2339    -7578300     37          36      3   18  80  128   -7  278   11  278   11  17  0  0 L3P F9
G16 FF 61151 124200  780 275  871    -2490844    -46          -2     24   26  68  159   -9  425  -33  425  -33  21  0  0 L3P 1F
G26 FF 61151 124200  780 200 1185     3563492     81          22     36   29  10  213   22  432    7  432    7  23  0  0 L3P C2
G01 FF 61151 125800  780 329 3552    -2928073     90          23      6   14   0  135   27  365   64  365   64  12  0  0 L3P E7
G03 FF 61151 125800  780 684 1034    -4948921    138          21    -10   16  18   79    0  225   23  225   23  14  0  0 L3P FC
G04 FF 61151 125800  780 471 1802     -541823     -3          -1     12   26  32  100    2  258    3  258    3  22  0  0 L3P 97
G06 FF 61151 125800  780 211 2312     6093139     -6          26     16   40  76  203  -35  361    1  361    1  36  0  0 L3P CC
G07 FF 61151 125800  780 375 3104     1757735     51           9      7   18  51  121  -17  321  -19  321  -19  14  0  0 L3P FD
G09 FF 61151 125800  780 372 2255    -7578272     42          32      8   25  80  121   -6  290   -8  290   -8  23  0  0 L3P F3
G16 FF 61151 125800  780 287  953    -2490868    -72          42     -2   40  68  153   -4  385   15  385   15  35  0  0 L3P 15
G01 FF 61151 131400  780 260 3579    -2927983     95          32     11   27   0  167   41  442   95  442   95  23  0  0 L3P 04
G03 FF 61151 131400  780 665  818    -4948786    151          14      3   11  18   80    2  245   15  245   15  10  0  0 L3P CF
G04 FF 61151 131400  780 462 1699     -541831    -30           6    -15   19  32  102    2  267   37  267   37  17  0  0 L3P EB
G06 FF 61151 131400  780 243 2379     6093134    -29          42     -6   34  76  178  -20  362   24  362   24  32  0  0 L3P 11
G07 FF 61151 131400  780 434 3034     1757785     80          17     36   40  51  107  -12  303  -34  303  -34  27  0  0 L3P 14
G09 FF 61151 131400  780 395 2170    -7578240     21          31    -13   22  80  115   -6  294   14  294   14  21  0  0 L3P 03
G16 FF 61151 131400  780 289 1036    -2490954   -105          23    -35   22  68  152    2  409   38  409   38  19  0  0 L3P 2D
G01 FF 61151 133000  780 196    6    -2927862    124          72     40   33   0  218   68  527  106  527  106  28  0  0 L3P F5
G03 FF 61151 133000  780 623  644    -4948651    140           7     -8   18  18   83    4  271   31  271   31  15  0  0 L3P C8
G04 FF 61151 133000  780 452 1599     -541838     38          12     53   22  32  104    2  279  -30  279  -30  22  0  0 L3P F5
G06 FF 61151 133000  780 266 2456     6093101    -10          32     13   25  76  164  -10  382    4  382    4  22  0  0 L3P D9
G07 FF 61151 133000  780 489 2945     1757829     53          18      8   18  51   98   -8  293   -7  293   -7  15  0  0 L3P F5
G09 FF 61151 133000  780 417 2083    -7578202     53          36     19   20  80  110   -5  297  -13  297  -13  18  0  0 L3P 1C
G16 FF 61151 133000  780 280 1116    -2491023   -100          22    -29   50  68  156    7  415   45  415   45  46  0  0 L3P 12
G03 FF 61151 134600  780 567  517    -4948502    152          14      4   11  18   88    6  292   30  292   30  11  0  0 L3P D0
G04 FF 61151 134600  780 441 1499     -541848     36          17     51   29  32  105    2  290  -38  290  -38  26  0  0 L3P 09
G06 FF 61151 134600  780 277 2539     6093084     -5          36     18   20  76  158   -3  394    2  394    2  18  0  0 L3P E2
G07 FF 61151 134600  780 536 2835     1757871     49          17      4   15  51   91   -5  285   -2  285   -2  13  0  0 L3P D9
G09 FF 61151 134600  780 440 1993    -7578175     82          30     48   14  80  106   -5  302  -44  302  -44  12  0  0 L3P 1F
G16 FF 61151 134600  780 261 1190    -2491093    -30          20     41   23  68  166   15  431   -4  431   -4  19  0  0 L3P FA
G30 FF 61151 134600  780 207 3011    -1954021   -127          24      8   28   7  207  -49  510  -63  510  -63  23  0  0 L3P 17
G03 FF 61151 140200  780 502  426    -4948366    164          11     16   20  19   96   10  328   30  328   30  17  0  0 L3P E9
G04 FF 61151 140200  780 429 1401     -541883     31          -3     46   17  33  108    3  322  -31  322  -31  17  0  0 L3P D9
G06 FF 61151 140200  780 276 2624     6093054    -10          27     13   23  78  158    3  420   43  420   43  20  0  0 L3P E0
G07 FF 61151 140200  780 573 2701     1757914     57          13     12   17  52   87   -3  278  -13  278  -13  15  0  0 L3P 03
G09 FF 61151 140200  780 464 1900    -7578141     44          31     10   16  81  101   -4  296   -7  296   -7  15  0  0 L3P F5
G16 FF 61151 140200  780 232 1256    -2491165   -163          11    -93   25  75  186   26  454  102  454  102  20  0  0 L3P 49
G30 FF 61151 140200  780 255 2951    -1954160    -99          12     36   21   8  170  -30  471  -73  471  -73  18  0  0 L3P 2A
G03 FF 61151 141800  780 432  360    -4948221     98          13    -50   13  19  107   15  368   82  368   82  12  0  0 L3P 09
G04 FF 61151 141800  780 416 1304     -541881    -10          14      5   19  33  110    3  320    7  320    7  14  0  0 L3P 96
G06 FF 61151 141800  780 265 2710     6093020      1          15     24   34  78  164    9  480   28  480   28  31  0  0 L3P D5
G07 FF 61151 141800  780 596 2546     1757951     58           7     14   19  52   85   -1  281  -10  281  -10  16  0  0 L3P FA
G09 FF 61151 141800  780 488 1802    -7578110     -4          29    -38   14  81   98   -4  298   28  298   28  12  0  0 L3P 20
G16 FF 61151 141800  780 195 1313    -2491241   -123           3    -53   35  75  218   44  488   75  488   75  24  0  0 L3P 37
G30 FF 61151 141800  780 300 2883    -1954288   -157          13    -22   19   8  147  -20  429  -25  429  -25  16  0  0 L3P 53
G03 FF 61151 143400  780 361  313    -4948091    121           2    -27   20  19  125   22  425   70  425   70  16  0  0 L3P EE
G04 FF 61151 143400  780 401 1209     -541915    -19          -7     -4   20  33  114    4  351   17  351   17  16  0  0 L3P CD
G06 FF 61151 143400  780 245 2792     6093025      2          42     25   39  78  176   17  496   23  496   23  36  0  0 L3P 02
G07 FF 61151 143400  780 603 2379     1757995     27           8    -17   15  52   85    0  276    2  276    2  14  0  0 L3P C2
G09 FF 61151 143400  780 512 1698    -7578081     36          25      2   16  81   94   -3  296  -21  296  -21  12  0  0 L3P 09
G30 FF 61151 143400  780 341 2807    -1954418   -157          12    -23   18   8  131  -14  396  -17  396  -17  14  0  0 L3P 4E
G03 FF 61151 145000  780 289  279    -4947955    121          -4    -27   25  19  152   35  515  132  515  132  19  0  0 L3P 41
G04 FF 61151 145000  780 383 1115     -541924    -18          -2     -3   15  33  118    5  358   11  358   11  12  0  0 L3P D0
G06 FF 61151 145000  780 218 2870     6092990    -57          28    -35   30  78  197   26  564   95  564   95  26  0  0 L3P 43
G07 FF 61151 145000  780 595 2215     1758046     63          17     18   16  52   85    1  261  -26  261  -26  14  0  0 L3P F3
G09 FF 61151 145000  780 533 1584    -7578050     53          23     19   13  81   92   -2  280  -30  280  -30  10  0  0 L3P FF
G30 FF 61151 145000  780 378 2722    -1954530   -145          29    -10   19   8  120  -10  349  -23  349  -23  16  0  0 L3P 41
G03 FF 61151 150600  780 218  255    -4947797    199          12     52   33  19  197   62  640  127  640  127  29  0  0 L3P 4A
G04 FF 61151 150600  780 361 1024     -541934    -51           2    -36   27  33  124    7  376   74  376   74  24  0  0 L3P EB
G06 FF 61151 150600  780 186 2942     6092957    -31          17     -8   33  78  228   40  652   93  652   93  27  0  0 L3P 25
G07 FF 61151 150600  780 575 2065     1758083     24          11    -20   15  52   87    2  264   12  264   12  14  0  0 L3P D8
G09 FF 61151 150600  780 551 1461    -7578019     37          22      3   14  81   90   -2  279    2  279    2  12  0  0 L3P BF
G14 FF 61151 150600  780 258 3392    -7440133      9          14     22   22  14  169  -44  555 -125  555 -125  21  0  0 L3P 3E
G30 FF 61151 150600  780 409 2629    -1954682   -106           5     28   22   8  112   -7  346  -48  346  -48  19  0  0 L3P 2B
G04 FF 61151 152200  780 336  936     -541953    -34          -2    -19   33  33  133   10  415   57  415   57  27  0  0 L3P F6
G07 FF 61151 152200  780 548 1932     1758119     46           5      1   18  52   90    4  272    6  272    6  18  0  0 L3P 98
G09 FF 61151 152200  780 562 1328    -7577999     22           8    -12   14  81   88   -1  290   21  290   21  12  0  0 L3P F6
G14 FF 61151 152200  780 330 3380    -7440129    -25          30    -12   31  14  135  -27  455  -68  455  -68  28  0  0 L3P 45
G30 FF 61151 152200  780 435 2530    -1954797   -130          19      4   18   8  107   -5  309  -22  309  -22  15  0  0 L3P 13
G04 FF 61151 153800  780 306  853     -541947    -83          18    -68   43  33  144   14  434   93  434   93  38  0  0 L3P 18
G07 FF 61151 153800  780 515 1815     1758161     55           4     10   14  52   94    5  283    4  283    4  12  0  0 L3P A0
G09 FF 61151 153800  780 564 1187    -7577958     21          16    -13   22  81   88    0  293   25  293   25  18  0  0 L3P 11
G14 FF 61151 153800  780 404 3360    -7440177    -44          -6    -32   30  14  113  -18  420  -17  420  -17  28  0  0 L3P 31
G21 FF 61151 153800  780 231 2235    -4147812    -19          19    -13   42  15  187  -43  395  -25  395  -25  37  0  0 L3P 53
G22 FF 61151 153800  780 237 3357      150088    -64          16     -3   44   2  182  -50  579 -102  579 -102  44  0  0 L3P 2F
G30 FF 61151 153800  780 455 2426    -1954939   -115           5     19   15   8  103   -3  309  -23  309  -23  13  0  0 L3P 19
G04 FF 61151 155400  780 272  776     -541983     28          -4     42   36  33  160   20  501   11  501   11  27  0  0 L3P CE
G07 FF 61151 155400  780 481 1710     1758203     52           3      8   18  52   99    6  302   11  302   11  15  0  0 L3P A3
G08 FF 61151 155400  780 179 1027    -4575324    152          19     84   35  93  236   -3  580  -83  580  -83  28  0  0 L3P 4D
G09 FF 61151 155400  780 555 1046    -7577928     49          14     15   17  81   89    2  311   -4  311   -4  16  0  0 L3P EA
G14 FF 61151 155400  780 480 3329    -7440174     -2           9     11   27  14   99  -12  364  -57  364  -57  24  0  0 L3P 14
G21 FF 61151 155400  780 284 2280    -4147820    -15          16     -9   33  15  154  -26  374   -7  374   -7  30  0  0 L3P 14
G22 FF 61151 155400  780 305 3338      150022    -81           9    -19   28   2  144  -30  496  -64  496  -64  24  0  0 L3P 0A
G30 FF 61151 155400  780 471 2318    -1955074   -130          -1      4   17   8  100   -2  305  -16  305  -16  15  0  0 L3P F8
G04 FF 61151 161000  780 234  704     -542014     15         -20     30   31  34  184   31  578   58  578   58  21  0  0 L3P E5
G07 FF 61151 161000  780 447 1615     1758242     30          -2    -14   28  54  104    6  316   20  316   20  25  0  0 L3P D8
G08 FF 61151 161000  780 178 1098    -4575258    125          17     57   31  98  238    8  550  -61  550  -61  26  0  0 L3P 3C
G09 FF 61151 161000  780 535  912    -7577902     27           6     -7   22  82   91    3  326   29  326   29  19  0  0 L3P CF
G14 FF 61151 161000  780 557 3282    -7440183    -46          10    -33   15  15   89   -8  324    4  324    4  12  0  0 L3P DE
G21 FF 61151 161000  780 332 2339    -4147831     13          12     18   19  16  134  -16  360  -31  360  -31  16  0  0 L3P 14
G22 FF 61151 161000  780 375 3310      149958   -143           4    -82   40  18  121  -20  427   13  427   13  41  0  0 L3P FC
G30 FF 61151 161000  780 481 2208    -1955203   -124          -5     10   19  31   99   -1  298  -17  298  -17  16  0  0 L3P 25
G04 FF 61151 162600  780 192  639     -542012    -93          -4    -78   36  34  222   50  632  145  632  145  29  0  0 L3P 21
G07 FF 61151 162600  780 413 1526     1758283     38          -4     -7   17  54  111    7  331   20  331   20  15  0  0 L3P D0
G09 FF 61151 162600  780 503  792    -7577883     39          -8      5   23  82   96    5  353   15  353   15  21  0  0 L3P D9
G14 FF 61151 162600  780 633 3209    -7440200    -49           5    -36   14  15   82   -6  297    9  297    9  13  0  0 L3P E2
G21 FF 61151 162600  780 371 2414    -4147833      5          15     10   19  16  122  -10  337  -24  337  -24  16  0  0 L3P 09
G22 FF 61151 162600  780 445 3270      149891    -60          -4      1   16  18  105  -14  376  -51  376  -51  13  0  0 L3P 02
G30 FF 61151 162600  780 488 2097    -1955325   -139           2     -5   16  31   98   -1  281   -9  281   -9  13  0  0 L3P 00
G05 FF 61151 164200  780 188 2297     2320300     43         -19     39   29 105  226  -44  441  -57  441  -57  26  0  0 L3P 46
G07 FF 61151 164200  780 381 1442     1758329     50           0      6   13  54  119    9  340   17  340   17  12  0  0 L3P BA
G09 FF 61151 164200  780 462  687    -7577836     31           6     -4   20  82  102    8  359   35  359   35  17  0  0 L3P EA
G14 FF 61151 164200  780 703 3088    -7440218    -21          -1     -9   18  15   78   -3  280  -12  280  -12  16  0  0 L3P 02
G21 FF 61151 164200  780 398 2503    -4147848      4           6      9   20  16  115   -5  333  -12  333  -12  18  0  0 L3P DE
G22 FF 61151 164200  780 515 3215      149838    -63           1     -2   14  18   94   -9  330  -38  330  -38  11  0  0 L3P DC
G30 FF 61151 164200  780 492 1986    -1955475   -172         -19    -37   17  31   97    0  293   26  293   26  12  0  0 L3P 37
G05 FF 61151 165800  780 221 2360     2320308     -3         -16     -7   30 105  194  -25  425   -4  425   -4  26  0  0 L3P FD
G07 FF 61151 165800  780 351 1360     1758378     27           6    -18   20  54  128   10  362   36  362   36  17  0  0 L3P 00
G09 FF 61151 165800  780 413  599    -7577808     56           2     22   27  82  111   12  392   10  392   10  24  0  0 L3P F0
G14 FF 61151 165800  780 760 2864    -7440231    -12          -1      1   13  15   76   -2  267  -14  267  -14  11  0  0 L3P F4
G17 FF 61151 165800  780 235  140     1181084     22         -23    -65   24 105  183  -43  635  -79  635  -79  19  0  0 L3P 4B
G21 FF 61151 165800  780 412 2603    -4147857      4           2     10   28  16  112   -1  337   -4  337   -4  25  0  0 L3P C6
G22 FF 61151 165800  780 582 3135      149771    -80          -6    -18   12  18   87   -6  306  -12  306  -12   9  0  0 L3P F6
G30 FF 61151 165800  780 493 1876    -1955598   -163         -14    -28   21  31   97    0  289   28  289   28  19  0  0 L3P 4E
G05 FF 61151 171400  780 245 2431     2320313      8         -16      4   27 105  177  -13  428   11  428   11  21  0  0 L3P E6
G07 FF 61151 171400  780 321 1281     1758395     28         -19    -16   22  54  138   11  391   27  391   27  18  0  0 L3P 20
G09 FF 61151 171400  780 358  527    -7577787     22         -10    -12   23  82  125   18  435   41  435   41  18  0  0 L3P 1D
G14 FF 61151 171400  780 782 2490    -7440250    -12          -8      1   12  15   75    0  262   -4  262   -4  11  0  0 L3P B7
G17 FF 61151 171400  780 295  181     1181164     49         -27    -38   37 105  149  -29  524  -73  524  -73  32  0  0 L3P 4E
G21 FF 61151 171400  780 410 2708    -4147869      5          -4     10   27  16  112    2  352    9  352    9  24  0  0 L3P B2
G22 FF 61151 171400  780 643 3019      149712    -61          -6      1   16  18   82   -4  283  -16  283  -16  15  0  0 L3P DD
G30 FF 61151 171400  780 492 1766    -1955729   -110         -16     24   18  31   97    0  288  -21  288  -21  15  0  0 L3P 35
G05 FF 61151 173000  780 258 2510     2320322     21         -11     16   24 105  168   -5  436   -8  436   -8  20  0  0 L3P F0
G07 FF 61151 173000  780 293 1204     1758447     11         -10    -33   22  54  150   13  392   22  392   22  16  0  0 L3P FF
G09 FF 61151 173000  780 300  468    -7577755     14         -11    -20   30  82  147   27  482   73  482   73  23  0  0 L3P 1A
G13 FF 61151 173000  780 224 2161    -6785637     -9         -15    -26   28  50  192  -50  420  -44  420  -44  24  0  0 L3P 3E
G14 FF 61151 173000  780 755 2137    -7440274    -11         -21      1   13  15   76    2  267  -16  267  -16  10  0  0 L3P F6
G17 FF 61151 173000  780 357  225     1181235     93         -40      5   30 105  126  -20  459  -76  459  -76  28  0  0 L3P 24
G21 FF 61151 173000  780 395 2809    -4147873    -13          -3     -7   16  16  116    6  377   31  377   31  12  0  0 L3P FE
G22 FF 61151 173000  780 693 2847      149648    -72         -11    -11   14  18   79   -2  278   -3  278   -3  12  0  0 L3P FB
G30 FF 61151 173000  780 490 1657    -1955871   -144         -29     -9   14  31   97    1  292    2  292    2  13  0  0 L3P EE
G05 FF 61151 174600  780 261 2592     2320312    -23         -25    -27   26 105  166    2  465   38  465   38  22  0  0 L3P 1F
G07 FF 61151 174600  780 265 1129     1758505     82           5     38   36  54  164   16  381  -28  381  -28  36  0  0 L3P 1E
G09 FF 61151 174600  780 240  420    -7577723     -5         -11    -39   28  82  181   45  555  121  555  121  21  0  0 L3P 33
G13 FF 61151 174600  780 285 2144    -6785639    -46         -34    -63   31  50  154  -32  385  -10  385  -10  26  0  0 L3P 62
G14 FF 61151 174600  780 701 1929    -7440278    -28         -12    -15   19  15   78    3  256    1  256    1  16  0  0 L3P EF
G17 FF 61151 174600  780 421  277     1181322     82         -37     -5   13 105  110  -14  396  -47  396  -47  10  0  0 L3P 28
G19 FF 61151 174600  780 231   19    -6977315    -17          27     -6   25  91  187  -52  641 -169  641 -169  20  0  0 L3P 56
G20 FF 61151 174600  780 237 2175    -1191813   -170          18     16   37  87  183  -48  419  -81  419  -81  32  0  0 L3P 63
G21 FF 61151 174600  780 367 2904    -4147884    -15          -9    -10   15  16  123    9  412   43  412   43  12  0  0 L3P 06
G22 FF 61151 174600  780 720 2608      149589    -74         -11    -13   13  18   77   -1  266   -5  266   -5  10  0  0 L3P F4
G30 FF 61151 174600  780 485 1549    -1955975   -171          -4    -37   19  31   98    1  263   25  263   25  18  0  0 L3P 29
G05 FF 61151 180200  780 253 2674     2320371     21          30     17   30 106  171    8  447   25  447   25  28  0  0 L3P ED
G07 FF 61151 180200  780 237 1055     1758535     90          -9     46   32  60  182   21  392  -25  392  -25  29  0  0 L3P 1B
G13 FF 61151 180200  780 349 2134    -6785620     27         -29     10   18  57  128  -22  339  -55  339  -55  16  0  0 L3P 4D
G14 FF 61151 180200  780 639 1804    -7440291    -17         -10     -5   14  16   82    5  244    0  244    0  12  0  0 L3P BD
G17 FF 61151 180200  780 485  340     1181421     80         -25     -7   17 106   98  -10  338  -65  338  -65  14  0  0 L3P 1B
G19 FF 61151 180200  780 299   48    -6977357      7          -6     19   24 108  147  -32  533 -109  533 -109  20  0  0 L3P 44
G20 FF 61151 180200  780 301 2180    -1192004   -212           0    -26   26  88  146  -30  376  -22  376  -22  22  0  0 L3P 29
G21 FF 61151 180200  780 332 2989    -4147883     13          -1     18   21  17  134   14  457   44  457   44  17  0  0 L3P 0C
G22 FF 61151 180200  780 716 2342      149532    -50          -6     12   15  19   78    1  246  -29  246  -29  14  0  0 L3P E4
G30 FF 61151 180200  780 478 1441    -1956104   -150          -7    -15   20  32   99    1  252    5  252    5  17  0  0 L3P D9
G05 FF 61151 181800  780 236 2755     2320376   -154          30   -159   43 106  183   16  489  216  489  216  42  0  0 L3P 84
G07 FF 61151 181800  780 209  983     1758604     52          17      7   33  60  205   28  377   -6  377   -6  28  0  0 L3P EB
G13 FF 61151 181800  780 417 2135    -6785594      4         -20    -13   18  57  110  -15  286  -35  286  -35  15  0  0 L3P 43
G14 FF 61151 181800  780 576 1716    -7440306    -39         -14    -26   19  16   87    6  243   18  243   18  16  0  0 L3P 1D
G17 FF 61151 181800  780 547  424     1181490     79         -40     -8   12 106   90   -7  297  -45  297  -45  11  0  0 L3P 1A
G19 FF 61151 181800  780 371   78    -6977360     -5          -2      7   17   1  122  -22  431 -118  431 -118  14  0  0 L3P 02
G20 FF 61151 181800  780 368 2197    -1192180   -229           3    -42   21  88  123  -20  329  -10  329  -10  18  0  0 L3P 43
G21 FF 61151 181800  780 291 3065    -4147884    -30           3    -24   45  17  151   21  521   99  521   99  30  0  0 L3P 17
G22 FF 61151 181800  780 686 2119      149469    -75         -10    -14   19  19   79    2  235   -5  235   -5  15  0  0 L3P F4
G30 FF 61151 181800  780 469 1334    -1956254   -119         -28     15   22  32  101    2  260  -39  260  -39  18  0  0 L3P 3C
G05 FF 61151 183400  780 212 2833     2320321     -2         -29     -7   26 106  202   25  614   79  614   79  20  0  0 L3P 03
G07 FF 61151 183400  780 179  914     1758633     39           4     -6   37  60  236   38  389   -9  389   -9  33  0  0 L3P F9
G13 FF 61151 183400  780 487 2149    -6785581      5         -24    -12   18  57   98  -11  252  -31  252  -31  15  0  0 L3P 32
G14 FF 61151 183400  780 515 1645    -7440319    -11         -14      1   18  16   94    8  230  -20  230  -20  16  0  0 L3P EE
G15 FF 61151 183400  780 197 2221    -4050829    -85           7    -52   32  81  217  -59  384  -43  384  -43  31  0  0 L3P 48
G17 FF 61151 183400  780 600  540     1181573     86         -41     -2   16 106   85   -4  261  -33  261  -33  15  0  0 L3P F9
G19 FF 61151 183400  780 446  112    -6977387    -16         -19     -5   25   1  105  -15  361  -77  361  -77  23  0  0 L3P 34
G20 FF 61151 183400  780 433 2231    -1192362   -207          -1    -20   20  88  107  -13  293  -22  293  -22  17  0  0 L3P 3C
G21 FF 61151 183400  780 247 3133    -4147894    -22          -1    -16   27  17  175   30  614  116  614  116  19  0  0 L3P 3F
G22 FF 61151 183400  780 640 1957      149416    -62          -4     -1   13  19   82    4  215  -22  215  -22  11  0  0 L3P D0
G30 FF 61151 183400  780 455 1229    -1956378   -140         -23     -6   20  32  103    3  248  -18  248  -18  18  0  0 L3P 38
G05 FF 61151 185000  780 183 2906     2320332    -13         -22    -18   38 106  232   39  702  121  702  121  29  0  0 L3P 40
G13 FF 61151 185000  780 558 2184    -6785571     11         -30     -6   15  57   89   -8  232  -17  232  -17  13  0  0 L3P 1F
G14 FF 61151 185000  780 457 1582    -7440328     -2         -11     10   26  16  103   10  218  -15  218  -15  24  0  0 L3P 10
G15 FF 61151 185000  780 250 2253    -4050892    -68         -25    -35   39  81  173  -35  351  -16  351  -16  33  0  0 L3P 58
G17 FF 61151 185000  780 638  698     1181666     84         -32     -4   15 106   82   -2  231   -6  231   -6  14  0  0 L3P E6
G19 FF 61151 185000  780 524  154    -6977398      6         -19     18   25   1   93  -10  296  -70  296  -70  20  0  0 L3P 0E
G20 FF 61151 185000  780 496 2286    -1192544   -185          -3      1   17  88   97   -9  265  -21  265  -21  13  0  0 L3P 23
G21 FF 61151 185000  780 203 3196    -4147901    -39          -2    -33   25  17  210   44  734  165  734  165  20  0  0 L3P 3A
G22 FF 61151 185000  780 588 1836      149342    -43         -19     18   14  19   86    5  214  -25  214  -25  12  0  0 L3P FE
G30 FF 61151 185000  780 438 1126    -1956495   -189         -11    -55   14  32  106    4  227   41  227   41  12  0  0 L3P 2A
G13 FF 61151 190600  780 626 2254    -6785545     39         -21     22   15  57   83   -5  211  -32  211  -32  14  0  0 L3P 13
G14 FF 61151 190600  780 403 1524    -7440341    -12         -12      0   22  16  114   13  212   -6  212   -6  18  0  0 L3P D9
G15 FF 61151 190600  780 300 2298    -4050909    -12         -10     21   25  81  147  -22  303  -50  303  -50  22  0  0 L3P 27
G17 FF 61151 190600  780 651  889     1181759     79         -23     -8   17 106   81    0  207  -12  207  -12  15  0  0 L3P 03
G19 FF 61151 190600  780 602  215    -6977400     10         -10     21   19   1   85   -7  246  -52  246  -52  16  0  0 L3P EC
G20 FF 61151 190600  780 552 2372    -1192719   -178           1      9   18  88   90   -6  248  -20  248  -20  15  0  0 L3P 12
G22 FF 61151 190600  780 535 1741      149292    -37         -10     25   22  19   91    7  198  -26  198  -26  19  0  0 L3P 0B
G30 FF 61151 190600  780 416 1028    -1956636   -158         -23    -24   25  32  111    5  239   33  239   33  21  0  0 L3P 28
G13 FF 61151 192200  780 687 2385    -6785530     26         -22      9   13  57   79   -3  199  -22  199  -22  11  0  0 L3P 23
G14 FF 61151 192200  780 353 1467    -7440359     -5         -18      7   24  16  127   16  209  -11  209  -11  19  0  0 L3P 17
G15 FF 61151 192200  780 345 2357    -4050943     -5         -13     28   22  81  130  -14  277  -45  277  -45  19  0  0 L3P 3C
G17 FF 61151 192200  780 633 1075     1181846     92         -20      5   15 106   82    2  188  -22  188  -22  12  0  0 L3P FA
G19 FF 61151 192200  780 676  317    -6977410      9          -9     20   12   1   80   -4  212  -46  212  -46  10  0  0 L3P CB
G20 FF 61151 192200  780 595 2497    -1192906   -214          -8    -27   18  88   85   -3  240   12  240   12  15  0  0 L3P 1E
G22 FF 61151 192200  780 482 1660      149237    -46          -6     16   24  19   99    8  181  -26  181  -26  23  0  0 L3P F4
G30 FF 61151 192200  780 389  935    -1956756   -101         -15     33   18  32  117    8  232  -29  232  -29  15  0  0 L3P 34
G13 FF 61151 193800  780 725 2610    -6785516     32         -24     15   16  57   77   -1  192  -15  192  -15  14  0  0 L3P 22
G14 FF 61151 193800  780 306 1410    -7440350     18           3     30   28  16  144   20  183  -24  183  -24  23  0  0 L3P FA
G15 FF 61151 193800  780 381 2431    -4050982    -16         -20     17   26  81  119   -9  267  -24  267  -24  22  0  0 L3P 3E
G17 FF 61151 193800  780 591 1218     1181926     65         -24    -22   20 106   86    5  172    1  172    1  19  0  0 L3P DE
G19 FF 61151 193800  780 737  506    -6977412      9           0     21   27   1   77   -2  180  -27  180  -27  20  0  0 L3P CE
G20 FF 61151 193800  780 617 2657    -1193072   -172           6     14   52  88   84   -1  224  -11  224  -11  34  0  0 L3P 14
G22 FF 61151 193800  780 432 1586      149175    -48          -9     14   30  19  107   10  172  -14  172  -14  29  0  0 L3P 0D
G30 FF 61151 193800  780 358  848    -1956888   -126         -18      8   20  32  126   11  238    3  238    3  18  0  0 L3P 04
G06 FF 61151 195400  780 206  405     6092575    -35          22    -13   35  87  207  -45  396 -100  396 -100  30  0  0 L3P 4E
G13 FF 61151 195400  780 723 2894    -6785492     44         -16     27   16  57   77    1  176  -32  176  -32  14  0  0 L3P 2B
G14 FF 61151 195400  780 263 1353    -7440382     20         -18     33   25  16  165   25  195  -25  195  -25  18  0  0 L3P 35
G15 FF 61151 195400  780 407 2518    -4051003    -22          -9     11   20  81  113   -5  244  -21  244  -21  17  0  0 L3P 04
G17 FF 61151 195400  780 533 1314     1181996     83         -38     -4   21 106   92    8  160  -20  160  -20  19  0  0 L3P 08
G19 FF 61151 195400  780 764  831    -6977433    -13         -10     -2   15   1   76    0  163  -21  163  -21  12  0  0 L3P E6
G20 FF 61151 195400  780 613 2831    -1193249   -196           7     -9   12  88   84    1  217    5  217    5  10  0  0 L3P CF
G22 FF 61151 195400  780 384 1517      149114    -60         -11      2   27  19  118   12  164  -11  164  -11  22  0  0 L3P F3
G30 FF 61151 195400  780 321  768    -1957011   -141         -12     -7   27  32  138   15  236   -6  236   -6  24  0  0 L3P 0E
G06 FF 61151 201000  780 253  466     6092554     20          17     43   34  90  172  -30  291 -124  291 -124  25  0  0 L3P 23
G13 FF 61151 201000  780 682 3121    -6785473    -10         -12    -27   16  60   79    3  176   26  176   26  14  0  0 L3P 07
G14 FF 61151 201000  780 223 1296    -7440369     38           6     50   34  17  193   32  164  -48  164  -48  25  0  0 L3P 14
G15 FF 61151 201000  780 419 2617    -4051032    -31          -6      2   28  84  110   -1  235   -3  235   -3  25  0  0 L3P C9
G17 FF 61151 201000  780 468 1374     1182103    102         -18     15   26 108  101   12  140  -16  140  -16  25  0  0 L3P 19
G19 FF 61151 201000  780 737 1151    -6977446      9         -10     20   13   9   77    2  146  -36  146  -36  10  0  0 L3P E6
G20 FF 61151 201000  780 584 2986    -1193427   -173           8     14   16  89   86    4  216   -8  216   -8  14  0  0 L3P F6
G22 FF 61151 201000  780 339 1450      149049    -72         -12    -10   20  68  131   15  164  -10  164  -10  17  0  0 L3P 03
G24 FF 61151 201000  780 234 2192      251944   -168          -3     10   29  96  184  -42  219  -76  219  -76  26  0  0 L3P 33
G30 FF 61151 201000  780 281  696    -1957138    -70         -12     64   21  36  156   22  237  -45  237  -45  20  0  0 L3P 24
G06 FF 61151 202600  780 298  534     6092517    -35           3    -13   27  90  147  -21  233  -53  233  -53  23  0  0 L3P 12
G12 FF 61151 202600  780 203 2622     6079367    -37         -38    -36   26  84  211  -29  434  -90  434  -90  23  0  0 L3P 4F
G13 FF 61151 202600  780 618 3260    -6785456    -21           2    -38   15  13   83    6  178   31  178   31  13  0  0 L3P EE
G14 FF 61151 202600  780 186 1237    -7440424    -25         -37    -13   22  17  228   43  184  -13  184  -13  18  0  0 L3P 40
G15 FF 61151 202600  780 417 2720    -4051065    -28          -8      5   29  84  110    2  232  -12  232  -12  25  0  0 L3P E9
G17 FF 61151 202600  780 399 1408     1182185     85         -21     -2   17 108  115   17  130  -20  130  -20  14  0  0 L3P 14
G19 FF 61151 202600  780 678 1328    -6977448      0          -1     12   14   9   79    4  123  -31  123  -31  12  0  0 L3P D4
G20 FF 61151 202600  780 537 3109    -1193608   -192           6     -6   16  89   91    6  221    2  221    2  14  0  0 L3P BD
G22 FF 61151 202600  780 297 1385      149010    -79           8    -18   21  68  148   19  133   -7  133   -7  15  0  0 L3P EE
G24 FF 61151 202600  780 291 2171      251775   -228          -1    -49   27  96  151  -29  170    0  170    0  22  0  0 L3P ED
G30 FF 61151 202600  780 237  632    -1957252   -155           3    -21   36  36  182   34  231   30  231   30  30  0  0 L3P F3
G06 FF 61151 204200  780 342  610     6092507    -38          14    -15   17  90  131  -14  175  -26  175  -26  16  0  0 L3P 1D
G11 FF 61151 204200  780 218  162     3653729   -123          40      5   35  98  197  -50  415 -218  415 -218  25  0  0 L3P 43
G12 FF 61151 204200  780 230 2551     6079415    -41          11    -40   33  84  187  -21  293  -39  293  -39  31  0  0 L3P 35
G13 FF 61151 204200  780 546 3346    -6785445     28          -3     11   24  13   90    9  187   -3  187   -3  23  0  0 L3P DB
G15 FF 61151 204200  780 402 2821    -4051090    -40          -1     -7   25  84  114    5  233   15  233   15  20  0  0 L3P CF
G17 FF 61151 204200  780 330 1425     1182280    112         -10     24   18 108  135   26  111  -41  111  -41  14  0  0 L3P 11
G19 FF 61151 204200  780 606 1413    -6977448      4          10     16   11   9   84    6  104  -22  104  -22   9  0  0 L3P BE
G20 FF 61151 204200  780 480 3202    -1193791   -171           1     15   19  89   99   10  234    2  234    2  13  0  0 L3P CD
G22 FF 61151 204200  780 259 1319      148933    -99         -10    -38   31  68  168   23  137   25  137   25  22  0  0 L3P 18
G24 FF 61151 204200  780 352 2156      251598   -142          -7     36   19  96  127  -20  146  -55  146  -55  15  0  0 L3P 30
G30 FF 61151 204200  780 189  575    -1957376   -137           8     -3   45  36  225   57  239   24  239   24  36  0  0 L3P 18
G06 FF 61151 205800  780 380  695     6092481     28          10     51   27  90  119   -9  143  -83  143  -83  23  0  0 L3P 0A
G11 FF 61151 205800  780 276  208     3653578   -117          11     10   40  98  158  -33  286 -140  286 -140  33  0  0 L3P 57
G12 FF 61151 205800  780 257 2478     6079403     17           0     18   23  84  169  -17  231  -83  231  -83  20  0  0 L3P 16
G13 FF 61151 205800  780 471 3405    -6785452     40         -26     23   17  13  100   13  213  -10  213  -10  14  0  0 L3P 08
G15 FF 61151 205800  780 375 2915    -4051126    -45          -5    -12   24  84  120    9  248   22  248   22  18  0  0 L3P 07
G17 FF 61151 205800  780 263 1428     1182341     83         -33     -5   30 108  166   40  111  -24  111  -24  23  0  0 L3P 12
G19 FF 61151 205800  780 533 1452    -6977463    -18           6     -7   16   9   92    9   95   -8   95   -8  15  0  0 L3P C6
G20 FF 61151 205800  780 418 3274    -1193977   -185          -6      1   19  89  110   14  254   21  254   21  15  0  0 L3P 12
G22 FF 61151 205800  780 222 1254      148870     27         -14     88   22  68  193   30  128  -99  128  -99  18  0  0 L3P 2A
G24 FF 61151 205800  780 416 2149      251441   -174           7      5   24  96  111  -15  116  -25  116  -25  20  0  0 L3P FA
G06 FF 61151 211400  780 409  791     6092458    -16           9      6   24  90  112   -6  117  -27  117  -27  21  0  0 L3P E7
G11 FF 61151 211400  780 337  257     3653460   -106          15     21   19  98  132  -22  188  -92  188  -92  17  0  0 L3P 38
G12 FF 61151 211400  780 284 2405     6079404    -11           2    -10   17  84  154  -14  172  -44  172  -44  15  0  0 L3P 14
G13 FF 61151 211400  780 397 3449    -6785425     26         -15      9   42  13  115   18  223   24  223   24  40  0  0 L3P 00
G15 FF 61151 211400  780 340 3001    -4051149    -23           3     10   23  84  131   13  268   24  268   24  17  0  0 L3P E1
G17 FF 61151 211400  780 198 1422     1182440    121         -17     33   43 108  216   69   87  -34   87  -34  33  0  0 L3P 21
G19 FF 61151 211400  780 460 1466    -6977471    -29           9    -18   22   9  102   13   83    5   83    5  21  0  0 L3P C0
G20 FF 61151 211400  780 356 3332    -1194156   -186          -6      0   49  89  126   20  286   47  286   47  47  0  0 L3P 23
G22 FF 61151 211400  780 188 1188      148830   -109           4    -47   31  68  226   39   99   33   99   33  25  0  0 L3P F8
G24 FF 61151 211400  780 483 2154      251265   -172           3      7   14  96   98  -11  103  -24  103  -24  12  0  0 L3P E3
G06 FF 61151 213000  780 426  896     6092427    -16           0      7   24  90  108   -2  104  -30  104  -30  20  0  0 L3P CA
G11 FF 61151 213000  780 399  313     3653338   -108          15     20   21  98  114  -16  138  -56  138  -56  17  0  0 L3P 2E
G12 FF 61151 213000  780 310 2331     6079402     26           1     27   24  84  142  -11  135  -54  135  -54  21  0  0 L3P EC
G13 FF 61151 213000  780 325 3486    -6785401     23          -9      6   18  13  137   27  263   60  263   60  15  0  0 L3P EE
G15 FF 61151 213000  780 300 3077    -4051175    -54           9    -22   34  84  147   19  314   76  314   76  26  0  0 L3P 0E
G19 FF 61151 213000  780 390 1466    -6977486     11           5     23   23   9  117   18   76  -25   76  -25  21  0  0 L3P E9
G20 FF 61151 213000  780 294 3383    -1194322   -142           7     44   47  89  149   29  340   54  340   54  43  0  0 L3P 19
G24 FF 61151 213000  780 552 2174      251095   -167           4     12   14  96   90   -8   91  -15   91  -15  10  0  0 L3P CA
G06 FF 61151 214600  780 428 1004     6092408    -58           2    -35   27  90  108    1   84   25   84   25  25  0  0 L3P CC
G11 FF 61151 214600  780 461  382     3653219   -110          18     18   13  98  102  -11  108  -37  108  -37  12  0  0 L3P 1E
G12 FF 61151 214600  780 337 2256     6079397     24          -3     26   20  84  132  -10  113  -44  113  -44  18  0  0 L3P 11
G13 FF 61151 214600  780 256 3521    -6785382     38          -5     21   27  13  170   42  347  102  347  102  23  0  0 L3P 1E
G15 FF 61151 214600  780 256 3147    -4051197    -83          18    -50   23  84  169   28  377  132  377  132  20  0  0 L3P 54
G19 FF 61151 214600  780 324 1455    -6977477     12          24     24   16   9  137   25   57  -23   57  -23  14  0  0 L3P FC
G20 FF 61151 214600  780 236 3428    -1194495   -139          13     48   30  89  183   43  444  100  444  100  24  0  0 L3P 49
G24 FF 61151 214600  780 621 2222      250931   -151          12     27   18  96   83   -5   77  -26   77  -26  17  0  0 L3P EA
G06 FF 61151 220200  780 414 1108     6092388     32           3     54   25  91  111    5   75  -45   75  -45  23  0  0 L3P C5
G11 FF 61151 220200  780 520  469     3653088   -153           6    -26   12  99   93   -7   93   10   93   10  10  0  0 L3P C3
G12 FF 61151 220200  780 366 2181     6079402     -3           5     -2   22  86  123   -9   91  -26   91  -26  19  0  0 L3P C9
G13 FF 61151 220200  780 191 3555    -6785371    -55          -4    -72   32  22  223   70  479  215  479  215  27  0  0 L3P 4E
G15 FF 61151 220200  780 212 3211    -4051247    -56           1    -23   25  85  202   41  485  115  485  115  21  0  0 L3P 16
G19 FF 61151 220200  780 261 1437    -6977503      7           6     18   20  10  166   37   69  -24   69  -24  14  0  0 L3P E2
G24 FF 61151 220200  780 686 2319      250758   -178          10      0   13  98   79   -3   72   -1   72   -1  12  0  0 L3P AD
G06 FF 61151 221800  780 386 1200     6092380    -10          18     12   23  91  118    9   62  -23   62  -23  22  0  0 L3P D6
G11 FF 61151 221800  780 570  584     3652967   -128           7      0   18  99   88   -4   78  -12   78  -12  15  0  0 L3P E0
G12 FF 61151 221800  780 395 2104     6079399     20           3     21   18  86  115   -8   82  -22   82  -22  16  0  0 L3P DA
G19 FF 61151 221800  780 203 1413    -6977514    -11           6      1   38  10  211   58   65    5   65    5  29  0  0 L3P A6
G24 FF 61151 221800  780 738 2510      250581   -185           4     -7   20  98   77   -2   76    0   76    0  17  0  0 L3P 96
G06 FF 61151 224600  780 309 1323     6092335    -20          10      3   26  91  143   22   54   -6   54   -6  24  0  0 L3P B3
G11 FF 61151 224600  780 615  859     3652743   -122          -3      5   19  99   84    0   67  -17   67  -17  16  0  0 L3P D9
G12 FF 61151 224600  780 452 1963     6079399     32           4     33   20  86  104   -6   66  -38   66  -38  19  0  0 L3P F2
G24 FF 61151 224600  780 738 3048      250283   -175           6      4   23  98   77    2   72   -3   72   -3  15  0  0 L3P 9A
G29 FF 61151 224600  780 225 2895     3358031    -54          -2     19   26  82  191  -34  277 -131  277 -131  24  0  0 L3P 5A
G06 FF 61151 230200  780 255 1371     6092301    -28          -2     -5   26  91  170   36   60    2   60    2  18  0  0 L3P 9D
G11 FF 61151 230200  780 605 1029     3652625   -123           1      4   16  99   84    2   53  -12   53  -12  14  0  0 L3P B0
G12 FF 61151 230200  780 486 1877     6079395     -4           2     -2   15  86   98   -5   59   -3   59   -3  13  0  0 L3P B2
G24 FF 61151 230200  780 684 3251      250115   -159           9     20   13  98   79    4   69  -18   69  -18  11  0  0 L3P D3
G25 FF 61151 230200  780 227 2239    -4283270     37          30      8   34  47  190  -36   87  -31   87  -31  29  0  0 L3P 01
G29 FF 61151 230200  780 265 2824     3357962    -52          -1     21   26  82  164  -22  198  -85  198  -85  22  0  0 L3P 40
G06 FF 61151 231800  780 197 1406     6092277    -90          -3    -68   41  91  217   64   60   78   60   78  34  0  0 L3P 05
G11 FF 61151 231800  780 572 1171     3652495   -155          -7    -28   17  99   88    4   52   22   52   22  14  0  0 L3P E5
G12 FF 61151 231800  780 521 1782     6079406    -22          13    -21   17  86   93   -5   45   15   45   15  15  0  0 L3P D7
G24 FF 61151 231800  780 614 3364      249944   -168          10     10   21  98   84    6   72   -7   72   -7  21  0  0 L3P BF
G25 FF 61151 231800  780 273 2192    -4283260     22          13     -7   40  47  160  -27   89  -13   89  -13  35  0  0 L3P 08
G29 FF 61151 231800  780 300 2747     3357903    -66          10      7   23  82  146  -15  148  -29  148  -29  20  0  0 L3P 27
G05 FF 61151 233400  780 193  370     2320484     -7          43    -11   37 108  221  -51   99  -48   99  -48  30  0  0 L3P 0C
G11 FF 61151 233400  780 521 1275     3652374    -99          -5     28   26  99   93    7   48  -25   48  -25  23  0  0 L3P EF
G12 FF 61151 233400  780 556 1676     6079398      5           7      6   14  86   89   -4   54    4   54    4  11  0  0 L3P 7F
G21 FF 61151 233400  780 190  645    -4147977    116          16    121   44  19  224  -37   76 -102   76 -102  37  0  0 L3P 43
G24 FF 61151 233400  780 539 3433      249773   -183          10     -5   30  98   91    9   81   19   81   19  30  0  0 L3P CB
G25 FF 61151 233400  780 322 2147    -4283235     -2          11    -31   21  47  138  -20   82   29   82   29  18  0  0 L3P ED
G29 FF 61151 233400  780 332 2665     3357843    -19          20     54   19  82  134  -11  119  -65  119  -65  16  0  0 L3P 3C
