CGGTTS     GENERIC DATA FORMAT VERSION = 2E
REV DATE = 2025-11-01
RCVR = PolaRx5TR (5.6.0)     sbf2cggtts-1.5.0
CH = 80
IMS = PolaRx5TR
LAB = LRTE
X = 3967035.920 m
Y = -4390028.540 m
Z = -2375644.640 m
FRAME = ITRF
COMMENTS = LS=18; ElMask=10deg; 'Generated from the SBF in 2025-12-13 at 23:58:00'
INT DLY = 24.9 ns (GPS P1),  15.7 ns (GPS P2)     CAL_ID = 1201-2025
CAB DLY = 103.1 ns
REF DLY = 47.2 ns
REF = UTC(LRTE)
CKSUM = fd

SAT CL  MJD  STTIME TRKL ELV AZTH   REFSV      SRSV     REFSYS    SRSYS  DSG IOE MDTR SMDT MDIO SMDI MSIO SMSI ISG FR HC FRC CK
             hhmmss  s  .1dg .1dg    .1ns     .1ps/s     .1ns    .1ps/s .1ns     .1ns.1ps/s.1ns.1ps/s.1ns.1ps/s.1ns
G03 FF 61022 000200  780 218  246    -6250349     98          37     10   34  49  198   62  391  167  391  167  31  0  0 L3P 26
G04 FF 61022 000200  780 326  966     -310265    -18          19      9   20  47  136   10  272    2  272    2  16  0  0 L3P A2
G07 FF 61022 000200  780 570 2089     1201598     64          21      9   13  65   88    2  286  -16  286  -16  10  0  0 L3P DE
G09 FF 61022 000200  780 553 1406    -7672487      9          21     26   14   5   89   -1  253  -14  253  -14  13  0  0 L3P DE
G30 FF 61022 000200  780 456 2551     -533545   -127          23     -7   15  81  103   -4  380  -39  380  -39  12  0  0 L3P 12
G04 FF 61022 001800  780 297  884     -310284   -137          26   -109   27  47  148   14  266   74  266   74  23  0  0 L3P 32
G07 FF 61022 001800  780 546 1956     1201658     40          28    -15   21  65   90    3  262  -11  262  -11  19  0  0 L3P EE
G09 FF 61022 001800  780 560 1271    -7672520    -32           5    -15   16   5   89    0  267    8  267    8  14  0  0 L3P B8
G14 FF 61022 001800  780 332 3370    -7214234   -108          62    -79   64  15  134  -27  523  482  523  482  85  0  0 L3P 69
G20 FF 61022 001800  780 236 2281    -3620697    -42          35    -43   22  62  183  -36  440   -8  440   -8  17  0  0 L3P 1C
G21 FF 61022 001800  780 239 2228    -3539280    -81          34     26   23  17  181  -42  423  -85  423  -85  19  0  0 L3P 3E
G30 FF 61022 001800  780 476 2441     -533664   -101          19     19   14  81  100   -3  339  -54  339  -54  12  0  0 L3P 1B
G04 FF 61022 003400  780 265  807     -310327     61           9     88   35  47  164   20  278  -25  278  -25  27  0  0 L3P F3
G07 FF 61022 003400  780 517 1837     1201715     33          33    -22   13  65   94    4  235   -1  235   -1  11  0  0 L3P BA
G09 FF 61022 003400  780 557 1131    -7672526    -52          15    -35   22   5   89    1  256   29  256   29  20  0  0 L3P EF
G14 FF 61022 003400  780 406 3348    -7214293    -19          30      9   42  15  113  -18  503 -184  503 -184  38  0  0 L3P 46
G20 FF 61022 003400  780 280 2339    -3620712    -18          20    -19   33  62  156  -21  417  -13  417  -13  31  0  0 L3P 29
G21 FF 61022 003400  780 294 2269    -3539383    -74          34     33   26  17  149  -26  376  -79  376  -79  22  0  0 L3P 5D
G22 FF 61022 003400  780 226 3345      701110    -70          14    -33   46  78  191  -55 1018 -215 1018 -215  42  0  0 L3P 55
G30 FF 61022 003400  780 489 2328     -533781   -105          17     14   22  81   97   -2  304  -51  304  -51  21  0  0 L3P 05
G04 FF 61022 005000  780 229  735     -310337    -17          25     10   41  47  188   30  312   61  312   61  34  0  0 L3P D1
G07 FF 61022 005000  780 485 1730     1201753     72          19     17   23  65   98    5  230  -12  230  -12  20  0  0 L3P D4
G08 FF 61022 005000  780 178 1047    -5151119     81          29     47   33  48  237   -1  230  -38  230  -38  26  0  0 L3P 16
G09 FF 61022 005000  780 544  994    -7672535    -10          23      7   18   5   90    2  252   -4  252   -4  16  0  0 L3P AB
G14 FF 61022 005000  780 482 3314    -7214340     -3          10     25   21  15   99  -12  399 -106  399 -106  18  0  0 L3P 2F
G20 FF 61022 005000  780 316 2410    -3620711    -18          19    -19   28  62  140  -13  398   -1  398   -1  26  0  0 L3P 10
G21 FF 61022 005000  780 345 2326    -3539489   -133          31    -26   25  17  130  -16  348   -3  348   -3  23  0  0 L3P 2A
G22 FF 61022 005000  780 293 3325      701081    -59          20    -23   31  78  150  -33  730 -246  730 -246  28  0  0 L3P 3C
G30 FF 61022 005000  780 497 2212     -533891   -120          22      0   21  81   96   -1  272  -19  272  -19  18  0  0 L3P F3
G04 FF 61022 010600  780 189  669     -310345    -76          44    -49   47  47  225   49  325   47  325   47  40  0  0 L3P 11
G07 FF 61022 010600  780 454 1632     1201815     43          28    -11   15  65  103    6  212   -6  212   -6  12  0  0 L3P C3
G08 FF 61022 010600  780 175 1118    -5151079    -40          37    -74   42  48  242   11  221   41  221   41  37  0  0 L3P 09
G09 FF 61022 010600  780 519  867    -7672555    -58          19    -41   18   5   93    4  254   36  254   36  17  0  0 L3P F6
G14 FF 61022 010600  780 558 3264    -7214362    -61          15    -32   14  15   89   -8  324  -34  324  -34  14  0  0 L3P 1B
G20 FF 61022 010600  780 341 2492    -3620723      4           6      3   24  62  131   -7  392  -21  392  -21  20  0  0 L3P C4
G21 FF 61022 010600  780 387 2399    -3539592   -172          30    -65   18  17  117  -10  324   33  324   33  14  0  0 L3P 3D
G22 FF 61022 010600  780 362 3295      701057     11          31     47   39  78  124  -21  517 -199  517 -199  39  0  0 L3P 42
G30 FF 61022 010600  780 501 2097     -534003    -99          24     21   14  81   96    0  244  -36  244  -36  13  0  0 L3P E3
G07 FF 61022 012200  780 422 1540     1201864     93          25     39   17  65  109    7  207  -30  207  -30  16  0  0 L3P EC
G09 FF 61022 012200  780 483  753    -7672585      2           6     19   24   5   98    6  275   -3  275   -3  20  0  0 L3P 9F
G14 FF 61022 012200  780 632 3187    -7214394    -59          10    -31   13  15   82   -5  280   -7  280   -7  12  0  0 L3P F1
G20 FF 61022 012200  780 353 2582    -3620717     16          11     15   17  62  127   -2  383   -2  383   -2  14  0  0 L3P DD
G21 FF 61022 012200  780 418 2488    -3539708   -120          16    -13   20  17  110   -6  320    4  320    4  18  0  0 L3P E9
G22 FF 61022 012200  780 431 3254      701016    -68          26    -32   20  78  108  -14  404  -66  404  -66  16  0  0 L3P 14
G30 FF 61022 012200  780 500 1983     -534134   -129           7     -9   25  81   96    0  236  -19  236  -19  22  0  0 L3P EC
G05 FF 61022 013800  780 209 2325     2253871      8          44      2   37  50  204  -32  414  -19  414  -19  32  0  0 L3P EE
G07 FF 61022 013800  780 392 1453     1201918     75          26     21   18  65  116    8  210  -26  210  -26  15  0  0 L3P F1
G09 FF 61022 013800  780 439  656    -7672589      3          18     20   20   5  106   10  278   -1  278   -1  16  0  0 L3P CD
G14 FF 61022 013800  780 701 3060    -7214420    -25          12      4   14  15   78   -3  253  -25  253  -25  13  0  0 L3P E4
G20 FF 61022 013800  780 353 2676    -3620706      8          21      7   16  62  127    2  398   24  398   24  14  0  0 L3P D5
G21 FF 61022 013800  780 436 2591    -3539812   -131          15    -24   22  17  107   -2  326   28  326   28  19  0  0 L3P 27
G22 FF 61022 013800  780 499 3198      700988    -41          33     -4   18  78   96  -10  334  -50  334  -50  13  0  0 L3P 11
G30 FF 61022 013800  780 497 1872     -534245   -117          11      2   16  81   96    1  217  -15  217  -15  14  0  0 L3P EE
G05 FF 61022 015400  780 239 2392     2253878    -24          44    -31   35  50  181  -18  400   10  400   10  32  0  0 L3P 04
G07 FF 61022 015400  780 363 1370     1201983     53          39     -1   14  65  124    9  195  -11  195  -11  13  0  0 L3P EE
G09 FF 61022 015400  780 388  575    -7672605     -5          18     12   28   5  117   14  293   19  293   19  23  0  0 L3P F1
G14 FF 61022 015400  780 754 2834    -7214455    -19           4     10   18  15   76   -1  235  -30  235  -30  13  0  0 L3P F3
G17 FF 61022 015400  780 219  101      -15410     67          35    -58   23 169  196  -51  562 -160  562 -160  19  0  0 L3P 37
G20 FF 61022 015400  780 340 2769    -3620706     23          20     22   20  62  131    6  425    8  425    8  16  0  0 L3P B9
G21 FF 61022 015400  780 437 2700    -3539912    -74          18     33   20  17  106    1  333  -16  333  -16  19  0  0 L3P 0A
G22 FF 61022 015400  780 565 3119      700950    -52          29    -16   15  78   88   -7  289  -30  289  -30  12  0  0 L3P 12
G30 FF 61022 015400  780 492 1762     -534360    -77          11     43   20  81   97    1  204  -58  204  -58  18  0  0 L3P F3
G05 FF 61022 021000  780 258 2468     2253881    -22          39    -29   28  51  168   -9  388   -3  388   -3  23  0  0 L3P 19
G07 FF 61022 021000  780 335 1289     1202030     45          31     -9   20  99  133   10  183   -4  183   -4  16  0  0 L3P CD
G09 FF 61022 021000  780 333  508    -7672626      3          16     21   29  13  134   21  310   16  310   16  21  0  0 L3P BF
G14 FF 61022 021000  780 774 2478    -7214467    -27          19      1   14  16   75    0  204  -24  204  -24  14  0  0 L3P E7
G17 FF 61022 021000  780 279  138      -15301    104          20    -21   24 170  157  -33  420 -114  420 -114  18  0  0 L3P 1C
G20 FF 61022 021000  780 317 2856    -3620698     12          26     10   17  65  139   11  438   -4  438   -4  16  0  0 L3P F5
G21 FF 61022 021000  780 424 2807    -3540018   -115          18     -8   20  18  109    4  336   -6  336   -6  17  0  0 L3P F0
G22 FF 61022 021000  780 625 3007      700911    -52          33    -15   18  80   83   -4  250  -33  250  -33  16  0  0 L3P E1
G30 FF 61022 021000  780 485 1654     -534472   -113          15      7   14  82   98    1  182  -36  182  -36  12  0  0 L3P EE
G05 FF 61022 022600  780 267 2549     2253885    -18          37    -25   26  51  163   -2  372   21  372   21  24  0  0 L3P 0E
G07 FF 61022 022600  780 307 1210     1202073     37          21    -18   22  99  143   12  190   24  190   24  18  0  0 L3P E7
G09 FF 61022 022600  780 274  453    -7672647    -28          12    -11   30  13  159   33  337   39  337   39  24  0  0 L3P 19
G13 FF 61022 022600  780 240 2157    -6922612     56          43     48   35  58  180  -44  242  -81  242  -81  31  0  0 L3P 29
G14 FF 61022 022600  780 748 2145    -7214505    -26           9      3   12  16   76    2  193  -26  193  -26  11  0  0 L3P DF
G17 FF 61022 022600  780 342  178      -15185    105          17    -20   34 170  131  -23  332  -52  332  -52  29  0  0 L3P 0E
G19 FF 61022 022600  780 201   19    -6801364    -99          24    -78   29  63  213  -66  523 -136  523 -136  25  0  0 L3P 53
G20 FF 61022 022600  780 287 2937    -3620703     41          19     40   22  65  153   17  449  -33  449  -33  18  0  0 L3P 24
G21 FF 61022 022600  780 397 2907    -3540114   -130          24    -24   17  18  115    8  335   29  335   29  14  0  0 L3P 18
G22 FF 61022 022600  780 673 2847      700872    -29          29      8   17  80   80   -2  218  -34  218  -34  16  0  0 L3P EE
G30 FF 61022 022600  780 476 1549     -534594    -95           8     24   12  82   99    2  176  -23  176  -23  11  0  0 L3P F4
G05 FF 61022 024200  780 265 2632     2253886     62          30     55   27  51  164    4  378  -40  378  -40  24  0  0 L3P 04
G07 FF 61022 024200  780 280 1133     1202127      4          23    -50   42  99  156   14  195   57  195   57  39  0  0 L3P F2
G09 FF 61022 024200  780 213  409    -7672658    -47          17    -30   26  13  202   57  357   50  357   50  23  0  0 L3P 0F
G13 FF 61022 024200  780 302 2141    -6922623    -63          25    -71   25  58  146  -29  224   19  224   19  21  0  0 L3P 20
G14 FF 61022 024200  780 695 1940    -7214537    -66           4    -38   14  16   79    3  178    9  178    9  12  0  0 L3P DE
G17 FF 61022 024200  780 408  222      -15062     90          19    -35   20 170  112  -16  267  -37  267  -37  15  0  0 L3P 05
G19 FF 61022 024200  780 266   50    -6801390    -62          18    -42   32  63  164  -40  377  -91  377  -91  28  0  0 L3P 2E
G20 FF 61022 024200  780 251 3012    -3620699     -7          23     -8   27  65  173   25  457   61  457   61  24  0  0 L3P FC
G21 FF 61022 024200  780 361 2996    -3540222   -122          19    -15   26  18  125   12  350   26  350   26  21  0  0 L3P 18
G22 FF 61022 024200  780 702 2631      700826    -56          18    -19   18  80   78   -1  202  -15  202  -15  15  0  0 L3P EE
G30 FF 61022 024200  780 466 1444     -534715   -168           1    -49   14  82  101    2  172   40  172   40  12  0  0 L3P E3
G05 FF 61022 025800  780 253 2715     2253936    -66          74    -73   35  51  171   11  328   81  328   81  28  0  0 L3P 21
G07 FF 61022 025800  780 253 1058     1202176     88          20     34   26  99  171   18  208   -1  208   -1  27  0  0 L3P EB
G13 FF 61022 025800  780 367 2134    -6922625     68          15     60   16  58  123  -20  212  -51  212  -51  14  0  0 L3P 1E
G14 FF 61022 025800  780 635 1814    -7214564    -28           5      1   17  16   82    5  165    1  165    1  17  0  0 L3P A3
G17 FF 61022 025800  780 475  276      -14948    115          14    -10   19 170  100  -11  233   -9  233   -9  16  0  0 L3P F8
G19 FF 61022 025800  780 336   81    -6801425    -52           2    -32   20  63  133  -26  314  -41  314  -41  16  0  0 L3P FB
G20 FF 61022 025800  780 213 3080    -3620691    -27          29    -28   28  65  201   36  509  109  509  109  22  0  0 L3P 43
G21 FF 61022 025800  780 318 3074    -3540325    -79          18     28   41  18  139   18  374   19  374   19  27  0  0 L3P 28
G22 FF 61022 025800  780 703 2385      700795    -28          22      9   16  80   78    1  183  -18  183  -18  14  0  0 L3P E3
G30 FF 61022 025800  780 453 1342     -534834   -146          -3    -26   25  82  103    3  171   39  171   39  23  0  0 L3P 00
G05 FF 61022 031400  780 233 2795     2253913    -25          45    -32   29  51  185   18  398   83  398   83  25  0  0 L3P 2D
G07 FF 61022 031400  780 225  985     1202245     53          36     -1   35  99  191   24  222   27  222   27  32  0  0 L3P D7
G13 FF 61022 031400  780 435 2138    -6922603     -8          30    -16   19  58  107  -14  204   19  204   19  16  0  0 L3P 0F
G14 FF 61022 031400  780 574 1723    -7214591     11           4     39   16  16   87    6  165  -29  165  -29  14  0  0 L3P F2
G17 FF 61022 031400  780 542  347      -14827    124          14     -1   13 170   91   -8  217  -16  217  -16  13  0  0 L3P DD
G19 FF 61022 031400  780 409  115    -6801450    -10          -2     11   31  63  112  -18  276  -45  276  -45  29  0  0 L3P 12
G21 FF 61022 031400  780 273 3143    -3540417    -75          29     32   24  18  160   26  411   21  411   21  20  0  0 L3P EE
G22 FF 61022 031400  780 679 2166      700756    -56          18    -20   12  80   79    2  184    9  184    9  10  0  0 L3P C0
G30 FF 61022 031400  780 438 1241     -534927   -173          19    -53   15  82  106    3  164   57  164   57  13  0  0 L3P 0C
G05 FF 61022 033000  780 206 2870     2253897    -21          22    -28   29  51  207   29  476   83  476   83  24  0  0 L3P 22
G07 FF 61022 033000  780 195  914     1202294     13          27    -42   29   8  218   33  257   64  257   64  22  0  0 L3P E2
G13 FF 61022 033000  780 506 2158    -6922597    -14          28    -22   14  58   95  -10  201    9  201    9  12  0  0 L3P EC
G14 FF 61022 033000  780 514 1650    -7214619    -75           5    -47   14  16   94    8  172   45  172   45  13  0  0 L3P E9
G15 FF 61022 033000  780 217 2231    -3666452    -52          44    -16   37  92  198  -48  277  -11  277  -11  36  0  0 L3P 4E
G17 FF 61022 033000  780 603  448      -14714    113           7    -12   16 170   85   -5  209  -11  209  -11  14  0  0 L3P D4
G19 FF 61022 033000  780 485  156    -6801462    -23           5     -3   16  63   98  -12  238  -32  238  -32  14  0  0 L3P FC
G21 FF 61022 033000  780 227 3207    -3540544   -135           5    -28   26  18  190   37  474   54  474   54  21  0  0 L3P 1C
G22 FF 61022 033000  780 639 1997      700719    -64          15    -28   13  80   82    3  180   15  180   15  11  0  0 L3P D7
G30 FF 61022 033000  780 419 1144     -535051   -145           9    -25   16  82  110    4  185   34  185   34  14  0  0 L3P E7
G13 FF 61022 034600  780 576 2201    -6922591      3          26     -5   15  58   87   -7  189    2  189    2  14  0  0 L3P C3
G14 FF 61022 034600  780 457 1586    -7214639    -17          11     11   24  16  103   10  172   10  172   10  20  0  0 L3P F2
G15 FF 61022 034600  780 270 2266    -3666503    -32          28      5   34  92  161  -29  272  -20  272  -20  29  0  0 L3P 24
G17 FF 61022 034600  780 653  596      -14599    151           2     25   16 170   81   -3  196  -29  196  -29  14  0  0 L3P F9
G19 FF 61022 034600  780 562  211    -6801488     -7          -1     14   16  63   89   -8  218  -17  218  -17  13  0  0 L3P F5
G21 FF 61022 034600  780 182 3265    -3540635    -41          16     66   47  18  234   54  502   -7  502   -7  37  0  0 L3P 09
G22 FF 61022 034600  780 591 1869      700676    -28           8      8   15  80   86    5  180    1  180    1  14  0  0 L3P 8F
G30 FF 61022 034600  780 397 1049     -535176   -141          -1    -22   24  82  115    6  201   33  201   33  20  0  0 L3P E8
G13 FF 61022 040200  780 643 2284    -6922574     21          33     13   15  63   82   -5  172  -25  172  -25  14  0  0 L3P FC
G14 FF 61022 040200  780 404 1525    -7214661    -88          12    -60   19  17  113   12  167   39  167   39  15  0  0 L3P 1B
G15 FF 61022 040200  780 319 2315    -3666534    -35          31      2   25  93  139  -19  251  -24  251  -24  22  0  0 L3P 1A
G17 FF 61022 040200  780 679  798      -14475    109           8    -16   15 171   79   -1  177  -10  177  -10  12  0  0 L3P FA
G19 FF 61022 040200  780 637  295    -6801497     11          10     31   19  77   82   -5  192  -49  192  -49  15  0  0 L3P 09
G22 FF 61022 040200  780 540 1767      700645    -26           7     11   14  81   91    6  170  -26  170  -26  12  0  0 L3P C3
G30 FF 61022 040200  780 371  959     -535284   -110           7      9   17  83  122    8  197    0  197    0  16  0  0 L3P A7
G13 FF 61022 041800  780 699 2437    -6922568     21          30     13   13  63   78   -2  164  -11  164  -11  12  0  0 L3P 04
G14 FF 61022 041800  780 355 1467    -7214700    -39           0    -11   14  17  126   15  170   14  170   14  12  0  0 L3P F0
G15 FF 61022 041800  780 361 2379    -3666570    -72          30    -36   21  93  124  -12  224    9  224    9  19  0  0 L3P 0D
G17 FF 61022 041800  780 672 1017      -14358    139           5     14    8 171   80    1  163  -23  163  -23   9  0  0 L3P BD
G19 FF 61022 041800  780 703  440    -6801519     -7           9     13   12  77   78   -3  172  -19  172  -19  10  0  0 L3P E4
G22 FF 61022 041800  780 489 1681      700608      3           7     40   17  81   97    8  154  -41  154  -41  16  0  0 L3P BD
G30 FF 61022 041800  780 341  875     -535407   -129           0     -9   23  83  131   11  205    5  205    5  17  0  0 L3P B3
G13 FF 61022 043400  780 728 2686    -6922558      3          33     -5   12  63   77    0  157   -8  157   -8  10  0  0 L3P CE
G14 FF 61022 043400  780 309 1409    -7214711    -25          17      4   22  17  143   19  150  -15  150  -15  18  0  0 L3P 03
G15 FF 61022 043400  780 395 2458    -3666608    -41          27     -5   22  93  115   -7  209  -19  209  -19  20  0  0 L3P 2F
G17 FF 61022 043400  780 634 1192      -14234    142           9     17   13 171   82    4  148  -26  148  -26  11  0  0 L3P DD
G19 FF 61022 043400  780 745  694    -6801532    -59          16    -38   19  77   76   -1  147    5  147    5  16  0  0 L3P F0
G22 FF 61022 043400  780 441 1603      700570    -32           5      6   26  81  106    9  144  -17  144  -17  24  0  0 L3P C1
G30 FF 61022 043400  780 306  796     -535501   -175          19    -56   31  83  144   16  192   51  192   51  29  0  0 L3P 13
G06 FF 61022 045000  780 216  405     5885901     17          27    -42   42   8  198  -42  261  -12  261  -12  32  0  0 L3P FF
G13 FF 61022 045000  780 715 2964    -6922540     18          43     10   14  63   78    2  138  -17  138  -17  12  0  0 L3P F9
G14 FF 61022 045000  780 266 1352    -7214753     -1           2     27   24  17  163   24  149  -31  149  -31  20  0  0 L3P F4
G15 FF 61022 045000  780 417 2551    -3666640    -24          30     13   18  93  110   -3  186  -24  186  -24  16  0  0 L3P 1C
G17 FF 61022 045000  780 577 1307      -14110    121          11     -5   16   9   87    6  134   -2  134   -2  15  0  0 L3P 90
G19 FF 61022 045000  780 742 1016    -6801542    101          25    122   20  77   76    1  125  -88  125  -88  16  0  0 L3P 18
G22 FF 61022 045000  780 394 1531      700540     -4          11     33   26  81  116   11  132  -27  132  -27  23  0  0 L3P D4
G30 FF 61022 045000  780 267  724     -535613    -91          22     29   32  83  163   23  187  -27  187  -27  26  0  0 L3P 11
G06 FF 61022 050600  780 263  468     5885963     58          32     -1   37   8  165  -28  217  -50  217  -50  32  0  0 L3P 08
G12 FF 61022 050600  780 190 2665     6050999    -32          22    -38   34  21  223  -34  305  -29  305  -29  28  0  0 L3P 3A
G13 FF 61022 050600  780 666 3164    -6922538     -4          38    -12   12  63   80    4  135    4  135    4  10  0  0 L3P BA
G14 FF 61022 050600  780 227 1293    -7214755    -42          27    -13   26  17  189   31  124    6  124    6  21  0  0 L3P F2
G15 FF 61022 050600  780 425 2652    -3666660    -19          36     17   21  20  109    0  165  -24  165  -24  19  0  0 L3P 14
G17 FF 61022 050600  780 511 1376      -13987    143          13     18   23   9   95   10  122  -24  122  -24  21  0  0 L3P D5
G19 FF 61022 050600  780 696 1246    -6801543    -32          43    -11   18  77   78    3  100   -3  100   -3  15  0  0 L3P E4
G22 FF 61022 050600  780 351 1461      700495    -49           2    -11   18  81  128   14  135    5  135    5  15  0  0 L3P B8
G24 FF 61022 050600  780 233 2192     2037778   -102          42     38   32   2  185  -43  194  -70  194  -70  29  0  0 L3P 2E
G30 FF 61022 050600  780 225  659     -535756    -71          -6     48   38  83  191   36  210  -35  210  -35  31  0  0 L3P 05
G06 FF 61022 052200  780 310  536     5886019     80          31     20   22   8  142  -20  178  -47  178  -47  16  0  0 L3P F9
G12 FF 61022 052200  780 219 2595     6051005     12          22      6   29  21  196  -24  250  -65  250  -65  24  0  0 L3P FC
G13 FF 61022 052200  780 599 3286    -6922522     38          46     30   19  63   85    6  127  -17  127  -17  17  0  0 L3P 10
G14 FF 61022 052200  780 191 1234    -7214788     22          22     51   24  17  223   40  131  -51  131  -51  18  0  0 L3P 01
G15 FF 61022 052200  780 419 2756    -3666692    -85          39    -49   23  20  110    3  157   44  157   44  19  0  0 L3P 20
G17 FF 61022 052200  780 441 1414      -13866    127          15      2   23   9  106   14  113   -4  113   -4  22  0  0 L3P A1
G19 FF 61022 052200  780 631 1367    -6801565    -19          41      1   17  77   83    5   92   -6   92   -6  15  0  0 L3P BB
G22 FF 61022 052200  780 310 1393      700486    -10          28     27   17  81  142   17  109  -32  109  -32  14  0  0 L3P F4
G24 FF 61022 052200  780 290 2172     2037622   -153          20    -13   34   2  151  -29  172  -30  172  -30  30  0  0 L3P 10
G06 FF 61022 053800  780 354  613     5886069     99          24     40   20   8  127  -13  148  -64  148  -64  19  0  0 L3P 15
G11 FF 61022 053800  780 223  156     5119271   -216          26    -81   33  95  193  -48  246   -3  246   -3  27  0  0 L3P 1A
G12 FF 61022 053800  780 246 2523     6051020    -42          31    -48   21  21  175  -18  198    0  198    0  18  0  0 L3P EB
G13 FF 61022 053800  780 526 3363    -6922518     25          43     17   42  63   93   10  131  -13  131  -13  43  0  0 L3P FF
G15 FF 61022 053800  780 399 2856    -3666728     -7          38     30   18  20  114    6  158  -20  158  -20  17  0  0 L3P 1A
G17 FF 61022 053800  780 370 1433      -13745    142          16     17   19   9  122   20  107  -16  107  -16  17  0  0 L3P EA
G19 FF 61022 053800  780 559 1427    -6801593    -21          32     -1   15  77   89    8   92   -5   92   -5  15  0  0 L3P D4
G22 FF 61022 053800  780 272 1326      700449   -102          28    -65   26  81  160   21  106   42  106   42  20  0  0 L3P F8
G24 FF 61022 053800  780 351 2159     2037492   -133          24      7   20   2  128  -21  136  -34  136  -34  17  0  0 L3P 0B
G06 FF 61022 055400  780 391  701     5886140    120          39     61   23   8  116   -9  116  -79  116  -79  19  0  0 L3P 0A
G11 FF 61022 055400  780 282  201     5119144   -141          29     -6   31  95  155  -32  189  -43  189  -43  27  0  0 L3P 29
G12 FF 61022 055400  780 273 2449     6051031     -5          37    -11   24  21  160  -15  166  -17  166  -17  20  0  0 L3P 10
G13 FF 61022 055400  780 451 3417    -6922514     28          39     20   22  63  104   14  143  -12  143  -12  20  0  0 L3P 02
G15 FF 61022 055400  780 369 2948    -3666763    -28          38      8   17  20  122   10  161    3  161    3  13  0  0 L3P DF
G17 FF 61022 055400  780 302 1437      -13609     62          31    -63   19   9  146   31  100   48  100   48  16  0  0 L3P CB
G19 FF 61022 055400  780 486 1454    -6801612    -15          33      5   23  77   98   11   91   -2   91   -2  22  0  0 L3P C3
G22 FF 61022 055400  780 236 1259      700417     10          32     48   17  81  182   26   98  -48   98  -48  13  0  0 L3P EB
G24 FF 61022 055400  780 415 2154     2037351   -147          17     -7   18   2  111  -15  131  -10  131  -10  17  0  0 L3P FF
G06 FF 61022 061000  780 420  799     5886203     48          42    -11   22  15  110   -5  101   -6  101   -6  19  0  0 L3P CB
G11 FF 61022 061000  780 344  249     5119021   -170          34    -35   21  96  130  -22  143   -8  143   -8  17  0  0 L3P FC
G12 FF 61022 061000  780 299 2375     6051031     22          35     16   26  22  147  -12  153  -33  153  -33  25  0  0 L3P 05
G13 FF 61022 061000  780 377 3459    -6922488      7          49     -1   42  64  120   20  134    4  134    4  38  0  0 L3P CB
G15 FF 61022 061000  780 331 3031    -3666797      5          38     42   26  21  134   15  169  -25  169  -25  19  0  0 L3P 11
G17 FF 61022 061000  780 235 1431      -13479    180          43     55   33  10  184   49  101  -38  101  -38  30  0  0 L3P F5
G19 FF 61022 061000  780 415 1462    -6801634    -30          28     -9   25  78  111   16   97   12   97   12  23  0  0 L3P E8
G22 FF 61022 061000  780 203 1192      700380    -82          26    -45   15  82  211   33  100   45  100   45  13  0  0 L3P D2
G24 FF 61022 061000  780 482 2160     2037218   -101          25     39   19   5   99  -11  111  -54  111  -54  17  0  0 L3P 03
G06 FF 61022 062600  780 435  907     5886243     30          25    -29   20  15  107   -2  105   17  105   17  17  0  0 L3P E5
G11 FF 61022 062600  780 407  305     5118883   -123          27     13   15  96  113  -15  124  -30  124  -30  12  0  0 L3P 0F
G12 FF 61022 062600  780 325 2300     6051044      3          43     -3   22  22  136  -10  131  -20  131  -20  17  0  0 L3P CA
G13 FF 61022 062600  780 306 3495    -6922484     20          46     12   19  64  144   30  145   -7  145   -7  14  0  0 L3P FC
G15 FF 61022 062600  780 289 3106    -3666840     -1          30     35   31  21  152   21  180  -26  180  -26  23  0  0 L3P 07
G19 FF 61022 062600  780 347 1458    -6801648     -1          33     20   24  78  129   22   98   -9   98   -9  20  0  0 L3P ED
G24 FF 61022 062600  780 551 2184     2037076   -128          17     12   14   5   90   -8  101  -20  101  -20  12  0  0 L3P E3
G06 FF 61022 064200  780 435 1017     5886292     45          18    -14   15  15  107    2   99    5   99    5  15  0  0 L3P B9
G11 FF 61022 064200  780 470  373     5118748   -132          21      3   20  96  100  -11  109  -15  109  -15  16  0  0 L3P FF
G12 FF 61022 064200  780 352 2225     6051020      9          13      3   23  22  127   -9  142  -17  142  -17  20  0  0 L3P C1
G13 FF 61022 064200  780 238 3529    -6922476     20          46     12   23  64  181   48  156    9  156    9  19  0  0 L3P F5
G15 FF 61022 064200  780 245 3173    -3666874    -79          30    -43   26  21  176   31  174   40  174   40  24  0  0 L3P 23
G19 FF 61022 064200  780 283 1445    -6801673     17          28     38   21  78  155   32  107  -13  107  -13  18  0  0 L3P 23
G24 FF 61022 064200  780 619 2236     2036942   -148          17     -9   18   5   83   -5   90   -1   90   -1  17  0  0 L3P BE
G06 FF 61022 065800  780 419 1121     5886355     94          24     35   21  15  110    5   91  -19   91  -19  17  0  0 L3P E5
G11 FF 61022 065800  780 530  461     5118617   -126          20      9   17  96   92   -7   97  -13   97  -13  15  0  0 L3P E0
G12 FF 61022 065800  780 380 2148     6051025    -19          13    -24   22  22  119   -8  128   14  128   14  19  0  0 L3P FF
G15 FF 61022 065800  780 201 3236    -3666916    -75          23    -39   30  21  213   45  176   17  176   17  23  0  0 L3P 25
G19 FF 61022 065800  780 222 1425    -6801672    -28          49     -8   29  78  194   50  100   59  100   59  20  0  0 L3P 1C
G24 FF 61022 065800  780 683 2338     2036804   -132          14      8   13   5   79   -3   92    0   92    0  13  0  0 L3P 90
G06 FF 61022 072600  780 357 1270     5886461     46          31    -13   22  15  126   14   97   25   97   25  20  0  0 L3P E7
G11 FF 61022 072600  780 608  690     5118388   -116          19     19   16  96   84   -3   86  -19   86  -19  12  0  0 L3P 04
G12 FF 61022 072600  780 434 2009     6051048    -21          26    -27   18  22  107   -7  104   13  104   13  17  0  0 L3P ED
G24 FF 61022 072600  780 748 2749     2036565   -139          10      1   12   5   76    0   93   -1   93   -1  10  0  0 L3P 9B
G29 FF 61022 072600  780 240 2921     4106149    -70          49     -8   31  39  180  -32  157  -20  157  -20  28  0  0 L3P 26
G06 FF 61022 074200  780 308 1332     5886513     63          26      4   20  15  143   23  110    9  110    9  16  0  0 L3P AE
G11 FF 61022 074200  780 625  863     5118253   -125          13     10   16  96   83    0   86  -11   86  -11  14  0  0 L3P CC
G12 FF 61022 074200  780 466 1925     6051045     -7          18    -13   18  22  101   -6  102   -3  102   -3  17  0  0 L3P D0
G20 FF 61022 074200  780 196  523    -3620681    -87          13    -89   33  67  217  -41  143   41  143   41  30  0  0 L3P 16
G24 FF 61022 074200  780 729 3045     2036421   -159           0    -19   18   5   77    2   97   10   97   10  16  0  0 L3P B9
G25 FF 61022 074200  780 220 2257    -4563648      4          38    -18   31  26  195  -36  152  -14  152  -14  27  0  0 L3P 28
G29 FF 61022 074200  780 281 2850     4106095    -80          50    -18   25  25  155  -21  140   -1  140   -1  23  0  0 L3P FB
G06 FF 61022 075800  780 253 1378     5886584    159          40    100   30  15  172   37  132  -39  132  -39  23  0  0 L3P 43
G11 FF 61022 075800  780 614 1038     5118132   -144          22     -9   16  97   84    2   82   19   82   19  13  0  0 L3P CF
G12 FF 61022 075800  780 500 1835     6051048     49          15     43   19  22   96   -5  101  -35  101  -35  15  0  0 L3P EE
G20 FF 61022 075800  780 233  591    -3620691    -11           2    -12   38  67  184  -28  150   15  150   15  29  0  0 L3P 01
G24 FF 61022 075800  780 675 3240     2036288   -122           0     18   13   5   80    4   98   -6   98   -6  11  0  0 L3P A8
G25 FF 61022 075800  780 264 2208    -4563637     12          28     -9   30  26  165  -27  149    6  149    6  25  0  0 L3P FD
G29 FF 61022 075800  780 318 2772     4106016    -91          30    -30   26  25  139  -14  147   33  147   33  23  0  0 L3P 1C
G06 FF 61022 081400  780 194 1410     5886632     53          33     -6   29  16  220   67  209  114  209  114  21  0  0 L3P 12
G11 FF 61022 081400  780 579 1183     5117996   -128          16      7   15  98   87    4  103   12  103   12  14  0  0 L3P E6
G12 FF 61022 081400  780 534 1735     6051065     -4          26     -9   16  23   91   -4  103   20  103   20  14  0  0 L3P B6
G20 FF 61022 081400  780 268  664    -3620694    -16          -3    -18   22  69  162  -19  162   27  162   27  18  0  0 L3P 20
G24 FF 61022 081400  780 606 3352     2036169   -152          19    -12   17  16   84    6  105   29  105   29  14  0  0 L3P FA
G25 FF 61022 081400  780 311 2160    -4563613      5          29    -16   34  28  142  -21  137   11  137   11  30  0  0 L3P F0
G29 FF 61022 081400  780 351 2687     4105969   -100          42    -39   19  95  128  -10  137   34  137   34  16  0  0 L3P 3F
G05 FF 61022 083000  780 210  403     2254059     17          60     10   38  59  204  -43  180   -9  180   -9  30  0  0 L3P D4
G11 FF 61022 083000  780 527 1286     5117872   -110          22     25   19  98   92    7  120    1  120    1  18  0  0 L3P BF
G12 FF 61022 083000  780 567 1623     6051069     38          24     32   17  23   88   -3  120  -18  120  -18  14  0  0 L3P ED
G20 FF 61022 083000  780 299  744    -3620687     37           3     36   24  69  147  -13  174  -14  174  -14  21  0  0 L3P 10
G21 FF 61022 083000  780 193  718    -3542415   -131          58    -25   61  21  220  -32  188   30  188   30  58  0  0 L3P 24
G24 FF 61022 083000  780 532 3422     2036031   -126          16     14   36  16   92    9  128    1  128    1  34  0  0 L3P B6
G25 FF 61022 083000  780 362 2114    -4563590     31          31     10   22  28  124  -16  138    1  138    1  18  0  0 L3P D3
G29 FF 61022 083000  780 378 2597     4105906    -80          38    -19   17  95  120   -7  148   28  148   28  15  0  0 L3P 2C
G05 FF 61022 084600  780 256  466     2254041      5          35     -1   30  59  169  -29  206   -7  206   -7  26  0  0 L3P D6
G11 FF 61022 084600  780 465 1354     5117750   -146          30    -11   29  98  101   11  146   45  146   45  25  0  0 L3P 1F
G12 FF 61022 084600  780 596 1493     6051092      0          42     -6   13  23   85   -2  123   26  123   26  11  0  0 L3P B9
G20 FF 61022 084600  780 322  830    -3620662    -52          27    -53   27  69  138   -7  169   60  169   60  22  0  0 L3P 12
G21 FF 61022 084600  780 220  792    -3542533    -27          43     80   34  21  195  -20  223  -67  223  -67  32  0  0 L3P 21
G24 FF 61022 084600  780 456 3471     2035906   -117          25     22   38  16  103   14  142    3  142    3  36  0  0 L3P E4
G25 FF 61022 084600  780 417 2069    -4563576     13          24     -9   22  28  110  -13  158    5  158    5  19  0  0 L3P F4
G29 FF 61022 084600  780 401 2503     4105862    -89          53    -28   19  95  114   -5  146   41  146   41  15  0  0 L3P 15
G05 FF 61022 090200  780 302  535     2254040     63          28     57   28  59  146  -20  212  -34  212  -34  27  0  0 L3P FB
G11 FF 61022 090200  780 400 1395     5117626   -119          35     16   18  98  114   16  178   31  178   31  16  0  0 L3P 18
G12 FF 61022 090200  780 617 1343     6051094     12          38      7   15  23   84   -1  141    5  141    5  14  0  0 L3P 91
G20 FF 61022 090200  780 335  921    -3620685     12           2     10   30  69  133   -3  207   14  207   14  27  0  0 L3P BF
G21 FF 61022 090200  780 240  870    -3542633   -115          46     -8   37  21  180  -12  229   23  229   23  35  0  0 L3P 0B
G24 FF 61022 090200  780 382 3510     2035767   -168          21    -28   17  16  119   20  170   54  170   54  14  0  0 L3P 1A
G25 FF 61022 090200  780 477 2025    -4563541     20          38     -1   16  28   99  -10  148   12  148   12  13  0  0 L3P F2
G29 FF 61022 090200  780 420 2405     4105795    -60          45      1   19  95  110   -4  164   12  164   12  18  0  0 L3P DF
G05 FF 61022 091800  780 345  612     2254042      2          23     -5   27  59  130  -14  224    3  224    3  24  0  0 L3P 9D
G11 FF 61022 091800  780 333 1418     5117498   -127          37      8   19  98  134   24  222   44  222   44  15  0  0 L3P 0E
G12 FF 61022 091800  780 626 1175     6051100     22          39     16   14  23   83    0  155    0  155    0  15  0  0 L3P 92
G18 FF 61022 091800  780 203 3217     4784131    -38          48     61   34  62  211  -65  217  -23  217  -23  24  0  0 L3P 29
G20 FF 61022 091800  780 337 1013    -3620676    -44          10    -46   21  69  132    2  219   74  219   74  19  0  0 L3P 0C
G21 FF 61022 091800  780 252  951    -3542751   -188          30    -81   24  21  172   -5  263   86  263   86  19  0  0 L3P 29
G24 FF 61022 091800  780 311 3544     2035643   -173          31    -33   20  16  142   30  195   66  195   66  14  0  0 L3P 1D
G25 FF 61022 091800  780 540 1981    -4563522    -19          37    -41   22  28   91   -8  159   47  159   47  18  0  0 L3P 26
G29 FF 61022 091800  780 434 2305     4105732    -53          41      8   20  95  107   -3  177   10  177   10  18  0  0 L3P E7
G05 FF 61022 093400  780 382  698     2254051     57          25     50   32  59  119   -9  230  -30  230  -30  28  0  0 L3P F8
G11 FF 61022 093400  780 267 1428     5117361    -65          30     70   31  98  163   38  290   25  290   25  24  0  0 L3P 0A
G12 FF 61022 093400  780 618 1004     6051110     19          43     13   11  23   83    1  167    7  167    7   9  0  0 L3P 8C
G18 FF 61022 093400  780 266 3176     4784047    -68          59     31   30  62  164  -37  220  -28  220  -28  25  0  0 L3P 3D
G20 FF 61022 093400  780 326 1102    -3620693    -31          -7    -32   30  69  136    7  266   70  266   70  23  0  0 L3P 00
G21 FF 61022 093400  780 255 1032    -3542877   -174           7    -68   45  21  170    1  308   97  308   97  34  0  0 L3P 1F
G24 FF 61022 093400  780 243 3576     2035510   -100          32     40   23  16  178   46  241   19  241   19  18  0  0 L3P 08
G25 FF 61022 093400  780 608 1933    -4563497     27          41      5   15  28   84   -6  162    5  162    5  14  0  0 L3P C7
G28 FF 61022 093400  780 189 2309     6238427    -41          50     -3   25 126  225  -44  308   -8  308   -8  23  0  0 L3P 20
G29 FF 61022 093400  780 446 2204     4105671    -49          39     12   24  95  105   -2  192   -3  192   -3  20  0  0 L3P F1
G05 FF 61022 095000  780 411  795     2254046     20          14     13   19  59  112   -5  252   -1  252   -1  17  0  0 L3P C0
G11 FF 61022 095000  780 203 1426     5117247   -160          45    -25   31  98  211   64  371  144  371  144  24  0  0 L3P 3B
G12 FF 61022 095000  780 594  845     6051121     22          49     16   27  23   85    3  185   14  185   14  20  0  0 L3P BE
G18 FF 61022 095000  780 328 3124     4783953   -105          61     -6   25  62  136  -23  223    2  223    2  19  0  0 L3P F5
G20 FF 61022 095000  780 303 1184    -3620684     -1           1     -2   20  69  146   13  295   38  295   38  17  0  0 L3P E6
G21 FF 61022 095000  780 248 1112    -3542967   -246          20   -139   36  21  174    8  331  158  331  158  31  0  0 L3P 54
G25 FF 61022 095000  780 678 1875    -4563486      7          31    -14   19  28   79   -4  176   14  176   14  15  0  0 L3P 0A
G28 FF 61022 095000  780 223 2371     6238390    -28          49     10   30 126  193  -25  312   -6  312   -6  28  0  0 L3P 15
G29 FF 61022 095000  780 455 2102     4105608    -95          35    -33   22  95  103   -2  211   45  211   45  20  0  0 L3P F7
G05 FF 61022 100600  780 426  900     2254071     36          30     29   29  82  108   -2  251   -5  251   -5  24  0  0 L3P C0
G12 FF 61022 100600  780 556  710     6051124    -29          46    -34   22  24   89    5  213   51  213   51  20  0  0 L3P C1
G18 FF 61022 100600  780 387 3060     4783866    -81          65     18   43  63  118  -15  221    4  221    4  30  0  0 L3P ED
G20 FF 61022 100600  780 269 1255    -3620663      9          37      8   23  12  162   22  337   45  337   45  19  0  0 L3P E0
G21 FF 61022 100600  780 230 1188    -3543064    -84          29     23   24  22  187   18  368   46  368   46  19  0  0 L3P 1F
G25 FF 61022 100600  780 751 1788    -4563454     -2          40    -24   15  29   76   -3  178   36  178   36  13  0  0 L3P 05
G28 FF 61022 100600  780 247 2443     6238361     -7          56     31   31 127  175  -13  311  -13  311  -13  26  0  0 L3P 17
G29 FF 61022 100600  780 463 2000     4105552    -45          36     16   16 102  102   -1  227    3  227    3  14  0  0 L3P C5
G05 FF 61022 102200  780 428 1008     2254063     19          15     12   26  82  108    1  277   12  277   12  23  0  0 L3P CD
G12 FF 61022 102200  780 506  601     6051130     15          46     10   26  24   95    8  244   30  244   30  19  0  0 L3P 9F
G18 FF 61022 102200  780 441 2980     4783765    -94          59      5   15  63  106  -10  233    4  233    4  13  0  0 L3P DB
G20 FF 61022 102200  780 226 1314    -3620649      5          51      4   34  12  190   38  388   63  388   63  26  0  0 L3P DF
G21 FF 61022 102200  780 203 1255    -3543158    -51          37     56   32  22  211   33  409   -2  409   -2  28  0  0 L3P ED
G25 FF 61022 102200  780 822 1576    -4563435     43          38     21   29  29   74   -1  188  -14  188  -14  27  0  0 L3P 15
G28 FF 61022 102200  780 261 2521     6238336    -19          67     18   27 127  166   -5  306    0  306    0  21  0  0 L3P E1
G29 FF 61022 102200  780 470 1897     4105489    -63          32     -1   22 102  100   -1  243    9  243    9  20  0  0 L3P D4
G05 FF 61022 103800  780 413 1110     2254069     30          16     23   25  82  111    5  298    6  298    6  24  0  0 L3P B4
G12 FF 61022 103800  780 449  515     6051142     56          53     50   34  24  104   11  276    0  276    0  29  0  0 L3P AF
G18 FF 61022 103800  780 490 2883     4783669    -63          57     36   14  63   97   -7  238  -27  238  -27  12  0  0 L3P 34
G25 FF 61022 103800  780 848  810    -4563425     40          28     19   13  29   74    0  205   -1  205   -1  11  0  0 L3P B4
G28 FF 61022 103800  780 264 2603     6238283    -62          50    -25   25 127  164    1  332   37  332   37  22  0  0 L3P 0C
G29 FF 61022 103800  780 476 1794     4105425    -55          27      6   18 102  100   -1  256   -1  256   -1  16  0  0 L3P EC
G05 FF 61022 105400  780 384 1200     2254083     34          23     28   24  82  118    9  319    7  319    7  19  0  0 L3P C0
G12 FF 61022 105400  780 387  448     6051148     25          53     20   24  24  118   17  318   32  318   32  20  0  0 L3P D7
G18 FF 61022 105400  780 529 2767     4783568   -114          51    -15   16  63   92   -4  243   16  243   16  15  0  0 L3P 1C
G23 FF 61022 105400  780 249 3534    -5851551    -66          39    -14   19  65  174  -48  365  -10  365  -10  15  0  0 L3P 53
G25 FF 61022 105400  780 786  369    -4563414     22          18      1   19  29   75    2  224   24  224   24  14  0  0 L3P BE
G28 FF 61022 105400  780 258 2686     6238315     -6         118     31   29 127  168    7  281  -21  281  -21  23  0  0 L3P 28
G29 FF 61022 105400  780 480 1689     4105366    -86          27    -24   18 102   99   -1  263   31  263   31  14  0  0 L3P 14
G05 FF 61022 111000  780 344 1275     2254090      6          27     -1   31   6  130   15  356   50  356   50  24  0  0 L3P B1
G12 FF 61022 111000  780 322  397     6051156    -51          56    -57   23  24  138   26  374  105  374  105  17  0  0 L3P 1A
G18 FF 61022 111000  780 557 2632     4783475    -59          53     40   17  63   89   -2  248  -22  248  -22  15  0  0 L3P 18
G23 FF 61022 111000  780 322 3544    -5851589    -78          51    -25   17  65  138  -30  335    5  335    5  14  0  0 L3P 0B
G25 FF 61022 111000  780 707  251    -4563399     20          12     -1   15  29   78    4  248   22  248   22  11  0  0 L3P BD
G28 FF 61022 111000  780 242 2766     6238226     20          65     57   46 127  179   14  356  -13  356  -13  40  0  0 L3P 28
G29 FF 61022 111000  780 484 1582     4105290   -119          10    -58   26 102   98    0  290   71  290   71  21  0  0 L3P 07
G05 FF 61022 112600  780 296 1334     2254099      2          30     -4   23   6  149   24  397   45  397   45  19  0  0 L3P DD
G12 FF 61022 112600  780 256  357     6051163      8          57      2   29  24  170   42  438   81  438   81  23  0  0 L3P C5
G18 FF 61022 112600  780 572 2486     4783366   -141          33    -42   27  64   87   -1  264   37  264   37  22  0  0 L3P 22
G23 FF 61022 112600  780 399 3550    -5851656    -81          34    -28   22  65  115  -20  326    2  326    2  18  0  0 L3P 0A
G25 FF 61022 112600  780 624  198    -4563385     14           5     -7   20  29   83    6  273   34  273   34  16  0  0 L3P C3
G26 FF 61022 112600  780 202 2223     2939413     23          54    -39   58  64  212  -59  436  -19  436  -19  49  0  0 L3P 3D
G28 FF 61022 112600  780 218 2843     6238170    -43          45     -5   32 127  196   23  398   24  398   24  27  0  0 L3P 27
G29 FF 61022 112600  780 485 1473     4105234    -64          12     -2   13 102   98    0  297    7  297    7  10  0  0 L3P C8
G05 FF 61022 114200  780 242 1377     2254116      1          40     -5   23   6  179   40  452   69  452   69  18  0  0 L3P CC
G12 FF 61022 114200  780 189  328     6051183    -13          72    -19   28  24  225   75  523  135  523  135  22  0  0 L3P 1E
G15 FF 61022 114200  780 185  725    -3667502      1          45     37   41  23  230  -32  547  -62  547  -62  35  0  0 L3P 07
G18 FF 61022 114200  780 574 2336     4783270   -104          33     -5   11  64   87    0  279   28  279   28  10  0  0 L3P F8
G23 FF 61022 114200  780 480 3553    -5851703    -34          37     18   25  65   99  -13  314  -33  314  -33  20  0  0 L3P 23
G25 FF 61022 114200  780 542  168    -4563354     25          16      4   21  29   91   10  303   36  303   36  19  0  0 L3P C3
G26 FF 61022 114200  780 259 2251     2939463     14          46    -47   36  64  168  -35  416    8  416    8  31  0  0 L3P 02
G28 FF 61022 114200  780 190 2916     6238135    -18          46     19   33 127  224   35  438   38  438   38  25  0  0 L3P 2B
G29 FF 61022 114200  780 483 1363     4105176    -93          14    -31   16 102   98    1  313   46  313   46  15  0  0 L3P F6
G05 FF 61022 115800  780 185 1408     2254102    -43          20    -50   39   6  230   68  556  129  556  129  26  0  0 L3P 28
G15 FF 61022 115800  780 209  798    -3667555    -10          27     27   35  23  205  -21  560  -30  560  -30  28  0  0 L3P 2A
G18 FF 61022 115800  780 564 2192     4783179    -81          37     18   18  64   88    2  298    2  298    2  16  0  0 L3P E7
G23 FF 61022 115800  780 564 3553    -5851741     -2          50     50   20  65   88   -9  297  -47  297  -47  16  0  0 L3P 22
G25 FF 61022 115800  780 461  151    -4563318     39          31     18   16  29  102   14  339   40  339   40  14  0  0 L3P ED
G26 FF 61022 115800  780 313 2293     2939525     46          48    -15   25  64  141  -22  396   -3  396   -3  21  0  0 L3P 15
G29 FF 61022 115800  780 477 1251     4105115    -57          12      4   22 102   99    1  343   35  343   35  17  0  0 L3P D8
G10 FF 61022 121400  780 234 3361     5730369     35          69     -6   42  83  185  -54  483  -24  483  -24  41  0  0 L3P 24
G15 FF 61022 121400  780 228  873    -3667590     -4          25     32   28  24  189  -13  560  -33  560  -33  26  0  0 L3P 1D
G18 FF 61022 121400  780 546 2059     4783091   -110          45    -11   16  65   90    2  311   26  311   26  14  0  0 L3P EF
G23 FF 61022 121400  780 650 3551    -5851789    -61          51     -9   15  66   81   -6  288    4  288    4  13  0  0 L3P E8
G25 FF 61022 121400  780 382  142    -4563310     21          15      0   31  30  119   21  403   65  403   65  27  0  0 L3P BD
G26 FF 61022 121400  780 363 2350     2939587     80          51     19   22  65  124  -14  387  -18  387  -18  20  0  0 L3P 2F
G29 FF 61022 121400  780 465 1141     4105065    -69          21     -8   15 103  101    2  358   40  358   40  12  0  0 L3P E7
G10 FF 61022 123000  780 305 3339     5730411     13          72    -28   32  83  145  -32  440  -19  440  -19  29  0  0 L3P 1B
G15 FF 61022 123000  780 239  951    -3667606    -26          44     11   30  24  180   -6  544  -12  544  -12  27  0  0 L3P 0B
G18 FF 61022 123000  780 522 1939     4782994    -94          42      5   24  65   93    3  334   25  334   25  22  0  0 L3P E0
G23 FF 61022 123000  780 737 3550    -5851856   -110          34    -58   22  66   77   -4  301   58  301   58  20  0  0 L3P 1B
G25 FF 61022 123000  780 306  139    -4563274     86          30     64   21  30  144   33  459   28  459   28  17  0  0 L3P FB
G26 FF 61022 123000  780 405 2424     2939649     32          55    -29   19  65  113   -9  379   14  379   14  15  0  0 L3P 16
G29 FF 61022 123000  780 448 1033     4105012    -68          27     -6   27 103  104    4  377   27  377   27  24  0  0 L3P F8
G10 FF 61022 124600  780 377 3307     5730437     41          58      0   27  83  120  -21  414  -33  414  -33  26  0  0 L3P FE
G15 FF 61022 124600  780 243 1029    -3667647    -57          39    -20   25  24  178    1  566   45  566   45  22  0  0 L3P 22
G18 FF 61022 124600  780 496 1831     4782905    -77          48     22   19  65   97    4  354    1  354    1  16  0  0 L3P DA
G23 FF 61022 124600  780 825 3564    -5851917    -45          23      8   36  66   74   -2  315   -3  315   -3  35  0  0 L3P EC
G25 FF 61022 124600  780 233  141    -4563248     97          36     76   34  30  185   55  546   58  546   58  27  0  0 L3P 14
G26 FF 61022 124600  780 436 2515     2939708     54          54     -7   18  65  106   -5  377    9  377    9  16  0  0 L3P EF
G29 FF 61022 124600  780 424  931     4104953    -47          27     14   24 103  109    6  404   29  404   29  20  0  0 L3P ED
G10 FF 61022 130200  780 451 3261     5730468     35          49     -6   13  83  104  -14  391  -16  391  -16  12  0  0 L3P 0D
G15 FF 61022 130200  780 236 1105    -3667687     48          34     84   30  24  182    8  580  -50  580  -50  24  0  0 L3P 11
G16 FF 61022 130200  780 234 2260    -1663336    -43          36     35   25  98  184  -38  519  -61  519  -61  17  0  0 L3P 45
G18 FF 61022 130200  780 468 1731     4782812    -95          50      4   13  65  101    5  372   23  372   23  10  0  0 L3P D6
G23 FF 61022 130200  780 885 1463    -5851937    -90          54    -38   16  66   74    0  289   49  289   49  15  0  0 L3P 28
G26 FF 61022 130200  780 454 2620     2939766     44          54    -17   15  65  103   -2  378   20  378   20  13  0  0 L3P 01
G29 FF 61022 130200  780 394  836     4104891    -75          24    -13   18 103  116    9  436   56  436   56  15  0  0 L3P 0D
G10 FF 61022 131800  780 523 3197     5730514     60          56     19   13  83   93   -9  366  -37  366  -37  11  0  0 L3P 0B
G15 FF 61022 131800  780 221 1177    -3667708    -31          48      5   21  24  194   17  593   23  593   23  15  0  0 L3P 09
G16 FF 61022 131800  780 281 2312    -1663407    -82          40     -3   18  98  156  -23  488  -15  488  -15  14  0  0 L3P 41
G18 FF 61022 131800  780 441 1637     4782715   -119          48    -20   23  65  105    5  393   39  393   39  21  0  0 L3P 25
G23 FF 61022 131800  780 800 1652    -5852003      5          39     57   19  66   75    2  313  -42  313  -42  19  0  0 L3P E7
G26 FF 61022 131800  780 455 2732     2939828     72          57     11   15  65  103    1  385    5  385    5  14  0  0 L3P D2
G29 FF 61022 131800  780 357  749     4104832    -30          24     32   21 103  126   12  476   10  476   10  17  0  0 L3P F7
G10 FF 61022 133400  780 591 3104     5730553     36          56     -5   13  83   86   -6  353  -12  353  -12  12  0  0 L3P EA
G15 FF 61022 133400  780 196 1242    -3667744    -52          46    -16   26  24  217   31  629   59  629   59  23  0  0 L3P 39
G16 FF 61022 133400  780 321 2376    -1663483    -79          39     -1   18  98  138  -14  469  -24  469  -24  16  0  0 L3P 54
G18 FF 61022 133400  780 415 1548     4782630   -125          59    -26   23  65  111    6  404   47  404   47  19  0  0 L3P 1B
G23 FF 61022 133400  780 716 1647    -5852045    -60          47     -7   13  66   78    4  320   19  320   19  11  0  0 L3P EB
G26 FF 61022 133400  780 441 2843     2939879     92          49     31   19  65  106    4  406   -6  406   -6  14  0  0 L3P F3
G29 FF 61022 133400  780 315  671     4104790    -83          40    -22   27 103  140   18  515   79  515   79  24  0  0 L3P 16
G10 FF 61022 135000  780 651 2968     5730589     22          53    -19   12  83   81   -4  343    7  343    7  11  0  0 L3P CF
G16 FF 61022 135000  780 352 2455    -1663565    -79          32     -1   19  98  127   -8  457  -10  457  -10  16  0  0 L3P 30
G18 FF 61022 135000  780 390 1462     4782512    -81          35     18   18  65  117    6  449    6  449    6  15  0  0 L3P E2
G23 FF 61022 135000  780 635 1630    -5852107    -76          35    -24   11  66   82    6  344   39  344   39   9  0  0 L3P F5
G26 FF 61022 135000  780 413 2945     2939939     57          49     -5   18  65  111    7  426   33  426   33  15  0  0 L3P F8
G29 FF 61022 135000  780 269  603     4104729    -99          39    -37   29 103  162   28  576   90  576   90  24  0  0 L3P 35
G10 FF 61022 140600  780 694 2769     5730593    -39          23    -80   17  85   79   -2  347    2  347    2  13  0  0 L3P EE
G16 FF 61022 140600  780 372 2544    -1663663   -145           8    -67   23  99  122   -4  455    3  455    3  16  0  0 L3P 04
G18 FF 61022 140600  780 366 1379     4782406   -204          20   -105   19  66  123    7  467   54  467   54  11  0  0 L3P 33
G23 FF 61022 140600  780 558 1606    -5852171   -134          17    -82   24  67   89    8  364   46  364   46  15  0  0 L3P 29
G26 FF 61022 140600  780 376 3036     2939973     -2          20    -63   30  66  120   11  454   25  454   25  19  0  0 L3P 02
G29 FF 61022 140600  780 219  544     4104657   -161          21   -100   33 130  196   45  643  100  643  100  30  0  0 L3P 3E
G32 FF 61022 140600  780 256   67     2092522   -253          22    -92   23  74  169  -41  578  -72  578  -72  16  0  0 L3P 3C
G10 FF 61022 142200  780 709 2514     5730606     12          -3    -29   13  85   78    0  351    8  351    8  12  0  0 L3P AD
G16 FF 61022 142200  780 378 2641    -1663766   -106         -19    -28   19  99  120    0  465    5  465    5  16  0  0 L3P 1B
G18 FF 61022 142200  780 342 1297     4782281   -163         -10    -64   22  66  130    8  499   69  499   69  14  0  0 L3P 41
G23 FF 61022 142200  780 485 1578    -5852246    -84          -8    -32   16  67   98   11  402   48  402   48  17  0  0 L3P 20
G26 FF 61022 142200  780 333 3116     2940003     53         -10     -9   31  66  134   17  499   42  499   42  25  0  0 L3P FE
G32 FF 61022 142200  780 323   99     2092337   -176          -8    -15   19  74  137  -27  519  -65  519  -65  15  0  0 L3P 3B
G10 FF 61022 143800  780 694 2264     5730652     18           4    -23   13  85   79    2  353   29  353   29  12  0  0 L3P DB
G16 FF 61022 143800  780 370 2740    -1663846    -89         -24    -10   16  99  122    4  484   28  484   28  15  0  0 L3P 34
G18 FF 61022 143800  780 319 1216     4782199   -105           2     -6   22  66  139    9  527   47  527   47  20  0  0 L3P 06
G23 FF 61022 143800  780 416 1547    -5852297    -46          -9      7   23  67  111   15  444   40  444   40  20  0  0 L3P 01
G26 FF 61022 143800  780 287 3187     2940070    112          -1     50   24  66  153   24  553   37  553   37  18  0  0 L3P 0D
G32 FF 61022 143800  780 394  133     2092177   -148         -13     14   32  74  116  -18  479  -56  479  -56  30  0  0 L3P 4D
G10 FF 61022 145400  780 655 2069     5730692     63           4     23   13  85   81    3  368    6  368    6  12  0  0 L3P AC
G16 FF 61022 145400  780 351 2835    -1663920    -75         -23      3   17  99  128    8  511   38  511   38  13  0  0 L3P 07
G18 FF 61022 145400  780 295 1137     4782107    -74           6     25   33  66  149   11  560   19  560   19  30  0  0 L3P 00
G23 FF 61022 145400  780 352 1512    -5852344    -31          -5     21   26  67  127   20  491   36  491   36  22  0  0 L3P 07
G26 FF 61022 145400  780 240 3251     2940142     94          11     33   24  66  180   34  621   55  621   55  19  0  0 L3P F0
G32 FF 61022 145400  780 467  174     2092033   -134          -3     27   21  74  101  -13  441  -50  441  -50  18  0  0 L3P 0D
G08 FF 61022 151000  780 200 2199    -5149366    -12          37    -46   37  64  214  -63  658  -31  658  -31  32  0  0 L3P 50
G10 FF 61022 151000  780 605 1927     5730741     59          14     18   11  85   85    5  377   -3  377   -3  10  0  0 L3P CD
G16 FF 61022 151000  780 322 2923    -1663978    -53          -6     25   20  99  138   13  540   19  540   19  15  0  0 L3P 15
G18 FF 61022 151000  780 271 1059     4782008   -115           1    -16   31  66  161   14  604   54  604   54  27  0  0 L3P 07
G23 FF 61022 151000  780 293 1474    -5852399    -77         -10    -25   19  67  150   27  553   91  553   91  16  0  0 L3P 44
G26 FF 61022 151000  780 194 3310     2940204     13          14    -48   32  66  219   49  699  104  699  104  29  0  0 L3P 36
G32 FF 61022 151000  780 542  227     2091881   -143           0     18   13  74   91   -9  413  -44  413  -44  12  0  0 L3P E5
G08 FF 61022 152600  780 261 2217    -5149340     61          31     27   22  64  167  -37  599  -82  599  -82  17  0  0 L3P 49
G10 FF 61022 152600  780 551 1819     5730777     18          11    -23   16  85   90    6  402   40  402   40  14  0  0 L3P D6
G16 FF 61022 152600  780 286 3004    -1664048   -117          -1    -39   29  99  153   19  592   92  592   92  22  0  0 L3P 49
G18 FF 61022 152600  780 245  983     4781915    -87           3     12   39  66  176   19  658   49  658   49  34  0  0 L3P 1E
G23 FF 61022 152600  780 238 1433    -5852426     -1          13     51   33  67  181   39  603   41  603   41  26  0  0 L3P F9
G32 FF 61022 152600  780 615  306     2091732   -159           7      3   16  74   84   -6  392  -14  392  -14  13  0  0 L3P E7
G08 FF 61022 154200  780 321 2248    -5149318     34          20      0   25  64  138  -23  549  -50  549  -50  22  0  0 L3P 16
G10 FF 61022 154200  780 497 1730     5730809     37           4     -4   16  85   96    8  427   32  427   32  15  0  0 L3P CC
G16 FF 61022 154200  780 246 3078    -1664122    -71           1      8   31  99  176   28  652   71  652   71  21  0  0 L3P F9
G18 FF 61022 154200  780 217  909     4781837    -24          20     75   26  66  197   26  695   14  695   14  20  0  0 L3P 15
G23 FF 61022 154200  780 188 1389    -5852497    -37          -8     16   39  67  226   57  698   49  698   49  29  0  0 L3P 5D
G32 FF 61022 154200  780 681  436     2091569   -169          -2     -7   13  74   79   -3  380   -3  380   -3  11  0  0 L3P E0
G08 FF 61022 155800  780 378 2294    -5149283     20          22    -14   19  64  120  -15  501  -40  501  -40  15  0  0 L3P 2D
G10 FF 61022 155800  780 445 1652     5730841      8          -3    -33   16  85  105   10  449   52  449   52  16  0  0 L3P F4
G16 FF 61022 155800  780 204 3146    -1664197    -64           2     14   26  99  209   42  726   63  726   63  20  0  0 L3P 14
G18 FF 61022 155800  780 187  838     4781763     -8          42     91   39  66  227   38  742  -32  742  -32  36  0  0 L3P 29
G32 FF 61022 155800  780 727  655     2091415   -171           0    -10   11  74   77   -1  368   -2  368   -2   9  0  0 L3P D0
G08 FF 61022 161400  780 429 2360    -5149254     36          22      2   13  76  108  -10  469  -31  469  -31  11  0  0 L3P 16
G10 FF 61022 161400  780 396 1580     5730890      7           7    -34   28 103  115   12  479   53  479   53  24  0  0 L3P 01
G32 FF 61022 161400  780 734  953     2091256   -159          -7      3   11  75   77    1  371   -2  371   -2  10  0  0 L3P BA
G02 FF 61022 163000  780 214 2192       64577   -125          26    -41   38 179  200  -50  636  -54  636  -54  37  0  0 L3P 3D
G08 FF 61022 163000  780 472 2448    -5149213     24          30    -10   19  76  100   -6  446   -9  446   -9  15  0  0 L3P 03
G10 FF 61022 163000  780 351 1512     5730925    -15           2    -56   23   0  128   14  515   89  515   89  19  0  0 L3P EC
G28 FF 61022 163000  780 206  382     6237425   -103          -8    -64   34 130  208  -44  753  -27  753  -27  31  0  0 L3P 47
G32 FF 61022 163000  780 697 1197     2091111   -167           3     -5   10  75   78    3  368   19  368   19   7  0  0 L3P DE
G02 FF 61022 164600  780 271 2155       64484    -35          14     49   38 179  161  -34  567 -116  567 -116  33  0  0 L3P 53
G08 FF 61022 164600  780 501 2558    -5149194     35          16      1   14  76   96   -3  442  -10  442  -10  11  0  0 L3P F0
G10 FF 61022 164600  780 309 1446     5730985     29          23    -12   17   0  143   17  525   38  525   38  14  0  0 L3P F9
G28 FF 61022 164600  780 251  444     6237395    -75           0    -37   39 130  173  -30  671  -44  671  -44  32  0  0 L3P 34
G32 FF 61022 164600  780 636 1337     2090952   -161          -2      1   12  75   82    5  378   10  378   10  10  0  0 L3P D4
G02 FF 61022 170200  780 334 2123       64401    -86          12     -2   25 179  134  -24  512  -47  512  -47  20  0  0 L3P FB
G08 FF 61022 170200  780 512 2684    -5149167     36          11      2   19  76   94    0  445    6  445    6  16  0  0 L3P B6
G10 FF 61022 170200  780 270 1380     5730981     29         -20    -12   24   0  161   21  602   38  602   38  18  0  0 L3P E7
G28 FF 61022 170200  780 296  511     6237348    -27         -10     11   30 130  149  -21  618  -66  618  -66  22  0  0 L3P 38
G31 FF 61022 170200  780 193  203     1781704   -107          30    -87   32  69  221  -57  787  -31  787  -31  25  0  0 L3P 43
G32 FF 61022 170200  780 564 1410     2090787   -156         -11      6   14  75   88    8  400   22  400   22  12  0  0 L3P DB
G02 FF 61022 171800  780 400 2095       64329    -40          21     44   18 179  114  -17  460  -82  460  -82  14  0  0 L3P 13
G08 FF 61022 171800  780 504 2813    -5149129     83          16     49   15  76   95    2  451  -19  451  -19  13  0  0 L3P 10
G10 FF 61022 171800  780 235 1314     5731057     46          17      6   23   0  183   26  612   52  612   52  18  0  0 L3P C7
G28 FF 61022 171800  780 338  586     6237304    -39         -17      0   25 130  132  -14  573  -32  573  -32  22  0  0 L3P 28
G31 FF 61022 171800  780 245  254     1781659      8           3     27   23  69  176  -37  718 -105  718 -105  17  0  0 L3P 27
G32 FF 61022 171800  780 491 1446     2090638   -147          -6     15   26  75   97   11  423   24  423   24  26  0  0 L3P 09
G02 FF 61022 173400  780 472 2074       64227    -83          -1      1   19 179  100  -12  435  -48  435  -48  15  0  0 L3P FF
G08 FF 61022 173400  780 479 2933    -5149093     75          20     41   15  76   99    5  468   -1  468   -1  12  0  0 L3P F4
G10 FF 61022 173400  780 202 1248     5731067     56         -13     15   24   0  211   32  692   49  692   49  18  0  0 L3P F2
G28 FF 61022 173400  780 376  670     6237282    -19           0     20   27 131  120  -10  525  -61  525  -61  22  0  0 L3P 0C
G31 FF 61022 173400  780 300  307     1781654    -11          16      8   29  69  147  -25  630  -83  630  -83  23  0  0 L3P 0B
G32 FF 61022 173400  780 418 1460     2090477   -183         -12    -21   25  75  110   16  464   58  464   58  24  0  0 L3P 36
G02 FF 61022 175000  780 547 2059       64143   -112          -4    -28   18 179   90   -9  402   -7  402   -7  16  0  0 L3P EA
G08 FF 61022 175000  780 440 3037    -5149061     14          19    -20   48  76  106    9  499   56  499   56  31  0  0 L3P 1A
G28 FF 61022 175000  780 406  765     6237247    -54           2    -16   23 131  113   -6  492   -9  492   -9  20  0  0 L3P F8
G31 FF 61022 175000  780 356  367     1781623    -12           4      8   20  69  126  -18  572  -76  572  -76  18  0  0 L3P 0C
G32 FF 61022 175000  780 348 1459     2090320   -153         -14      8   24  75  129   23  510   55  510   55  21  0  0 L3P 06
G02 FF 61022 180600  780 627 2057       64055    -73         -12     11   15 180   83   -6  390  -20  390  -20  14  0  0 L3P EF
G03 FF 61022 180600  780 184 2449    -6244683     97          16     10   29  83  231  -34  738  -80  738  -80  23  0  0 L3P 47
G04 FF 61022 180600  780 211 3112     -312027    -58           7    -32   35  57  203  -53  868 -125  868 -125  24  0  0 L3P 43
G08 FF 61022 180600  780 393 3125    -5149032     34          19      0   20  87  116   13  555   60  555   60  15  0  0 L3P F0
G28 FF 61022 180600  780 424  868     6237205    -90          -4    -51   20 132  109   -2  477   21  477   21  18  0  0 L3P 0C
G31 FF 61022 180600  780 411  435     1781614    -20          14      0   17  76  112  -13  516  -51  516  -51  13  0  0 L3P ED
G32 FF 61022 180600  780 281 1449     2090169   -214         -14    -53   18  20  156   34  567   93  567   93  16  0  0 L3P 44
G02 FF 61022 182200  780 709 2079       63979    -65          -6     19   14 180   78   -4  373  -31  373  -31  12  0  0 L3P 01
G03 FF 61022 182200  780 212 2382    -6244613     63           2    -25   34  83  202  -27  685  -58  685  -58  30  0  0 L3P 2F
G04 FF 61022 182200  780 266 3058     -312042    -93          17    -67   33  57  164  -32  723  -70  723  -70  21  0  0 L3P 31
G08 FF 61022 182200  780 341 3199    -5148996     19          21    -15   18  87  131   18  627   86  627   86  13  0  0 L3P 3A
G28 FF 61022 182200  780 428  975     6237148    -53         -24    -15   26 132  108    1  477    5  477    5  23  0  0 L3P FB
G31 FF 61022 182200  780 463  517     1781589    -32           7    -13   25  76  102   -9  479  -36  479  -36  19  0  0 L3P 23
G32 FF 61022 182200  780 217 1430     2090037   -282           8   -121   26  20  198   55  593  158  593  158  22  0  0 L3P 4F
G02 FF 61022 183800  780 791 2172       63888    -91         -17     -6   10 180   75   -2  363  -14  363  -14   9  0  0 L3P F9
G03 FF 61022 183800  780 241 2314    -6244545     54         -14    -33   27  83  179  -22  626  -22  626  -22  22  0  0 L3P 45
G04 FF 61022 183800  780 318 2994     -312079    -40           6    -14   24  57  139  -20  631  -72  631  -72  17  0  0 L3P 2A
G08 FF 61022 183800  780 288 3264    -5148970     -7          15    -41   22  87  152   26  722  154  722  154  18  0  0 L3P 4A
G28 FF 61022 183800  780 416 1078     6237111    -31         -24      8   28 132  111    4  464  -14  464  -14  25  0  0 L3P 14
G31 FF 61022 183800  780 507  618     1781565    -24           2     -5   19  76   95   -6  442  -27  442  -27  13  0  0 L3P F3
G02 FF 61022 185400  780 852 2687       63787    -96         -37    -11    9 180   74    0  367    2  367    2   8  0  0 L3P C0
G03 FF 61022 185400  780 272 2247    -6244481     96         -34      9   26  83  160  -18  576  -79  576  -79  23  0  0 L3P 54
G04 FF 61022 185400  780 366 2918     -312114    -28          -5     -2   21  57  123  -14  561  -69  561  -69  17  0  0 L3P 25
G08 FF 61022 185400  780 236 3323    -5148953     39          -2      5   38  87  183   39  860  129  860  129  34  0  0 L3P 39
G28 FF 61022 185400  780 390 1171     6237060    -43         -37     -5   35 132  117    8  475    7  475    7  32  0  0 L3P F5
G31 FF 61022 185400  780 539  738     1781545    -32           1    -13   21  76   91   -3  415  -23  415  -23  19  0  0 L3P F4
G02 FF 61022 191000  780 807 3388       63709   -107         -34    -23   14 180   75    2  362   38  362   38  12  0  0 L3P FD
G03 FF 61022 191000  780 306 2180    -6244379    139         -16     52   30  83  144  -15  507  -85  507  -85  25  0  0 L3P 53
G04 FF 61022 191000  780 408 2831     -312147    -68         -12    -42   20  57  112   -9  508   -8  508   -8  18  0  0 L3P 07
G08 FF 61022 191000  780 186 3377    -5148926    128          -7     94   36  87  229   58  971    7  971    7  29  0  0 L3P 2B
G28 FF 61022 191000  780 352 1249     6237035    -31         -26      8   18 132  127   14  470    9  470    9  18  0  0 L3P F2
G31 FF 61022 191000  780 554  874     1781525     -7          -1     13   21  76   89   -1  398  -21  398  -21  18  0  0 L3P EF
G02 FF 61022 192600  780 724 3526       63629    -82         -34      2   21 180   77    4  373    9  373    9  20  0  0 L3P B0
G03 FF 61022 192600  780 343 2113    -6244303     78         -25    -10   23  83  130  -13  470  -37  470  -37  19  0  0 L3P 39
G04 FF 61022 192600  780 444 2733     -312168    -59          -8    -33   22  57  105   -6  469  -16  469  -16  18  0  0 L3P 32
G28 FF 61022 192600  780 305 1311     6237005    -56         -19    -17   31 132  145   22  483   24  483   24  25  0  0 L3P 2A
G31 FF 61022 192600  780 549 1012     1781509    -43           2    -24   17  76   90    2  385    6  385    6  15  0  0 L3P C2
G02 FF 61022 194200  780 638 3571       63553   -105         -29    -21   19 180   82    6  384   34  384   34  17  0  0 L3P 07
G03 FF 61022 194200  780 382 2044    -6244224     30         -29    -57   22  83  119  -11  431  -11  431  -11  18  0  0 L3P 2F
G04 FF 61022 194200  780 472 2624     -312193    -39          -8    -12   24  57  100   -4  433  -40  433  -40  21  0  0 L3P 06
G28 FF 61022 194200  780 252 1358     6236965    -15         -21     24   34 132  172   36  499   -9  499   -9  26  0  0 L3P 3E
G31 FF 61022 194200  780 524 1135     1781491    -61           2    -42   14  76   93    4  371   13  371   13  12  0  0 L3P D0
G02 FF 61022 195800  780 553 3593       63476   -102         -25    -18   20 180   89    9  409   53  409   53  16  0  0 L3P 10
G03 FF 61022 195800  780 425 1974    -6244153     71         -42    -16   23  83  109   -9  396  -27  396  -27  20  0  0 L3P 4D
G04 FF 61022 195800  780 491 2508     -312226    -40         -16    -14   19  57   97   -2  403  -28  403  -28  16  0  0 L3P 20
G09 FF 61022 195800  780 204 2779    -7673705    225          26    242   78 103  209  -34  751 -380  751 -380  78  0  0 L3P AF
G28 FF 61022 195800  780 195 1391     6236896   -173         -53   -134   39 132  219   64  549  148  549  148  28  0  0 L3P B4
G31 FF 61022 195800  780 483 1233     1781462    -69          -8    -49   28  76   98    7  366   30  366   30  25  0  0 L3P 11
G02 FF 61022 201400  780 471    7       63376    -61         -35     24   16  15  100   14  462   39  462   39  11  0  0 L3P A5
G03 FF 61022 201400  780 471 1899    -6244060     56         -31    -32   15  85  100   -8  350   -2  350   -2  13  0  0 L3P F9
G04 FF 61022 201400  780 502 2387     -312256    -41         -18    -15   16  58   96   -1  376  -11  376  -11  12  0  0 L3P 0F
G09 FF 61022 201400  780 237 2707    -7673862     95        -117    112   39 104  182  -23  757 -236  757 -236  35  0  0 L3P B0
G26 FF 61022 201400  780 198  854     2941298     87         -17     25   41  87  216  -18  564  -65  564  -65  35  0  0 L3P 45
G31 FF 61022 201400  780 432 1306     1781444    -20          -7     -1   24  79  107   11  365   17  365   17  23  0  0 L3P E9
G02 FF 61022 203000  780 392   20       63300    -72         -29     12   20  15  116   20  532   94  532   94  19  0  0 L3P AA
G03 FF 61022 203000  780 519 1816    -6243987     27         -43    -61   18  85   93   -6  326    9  326    9  15  0  0 L3P FB
G04 FF 61022 203000  780 506 2266     -312276    -63         -13    -37   17  58   95    0  346    6  346    6  13  0  0 L3P CD
G09 FF 61022 203000  780 266 2631    -7673759    -54           2    -37   27 104  163  -17  547  -54  547  -54  24  0  0 L3P 5B
G26 FF 61022 203000  780 211  928     2941362     72         -11     11   43  87  203   -9  512  -56  512  -56  37  0  0 L3P 00
G31 FF 61022 203000  780 375 1356     1781436    -18           3      2   12  79  121   17  365   11  365   11  11  0  0 L3P CD
G02 FF 61022 204600  780 317   34       63213    -43         -36     41   26  15  140   30  667  137  667  137  21  0  0 L3P DF
G03 FF 61022 204600  780 568 1721    -6243911     75         -50    -13   19  85   88   -5  305   -4  305   -4  17  0  0 L3P 02
G04 FF 61022 204600  780 504 2146     -312300     13         -12     40   15  58   95    1  321  -52  321  -52  13  0  0 L3P CA
G09 FF 61022 204600  780 293 2553    -7673791    -12         -13      5   25 104  149  -12  490  -62  490  -62  21  0  0 L3P 4A
G16 FF 61022 204600  780 208  641    -1665561   -112         -12    -34   48 102  206  -32  565  -51  565  -51  44  0  0 L3P 5B
G26 FF 61022 204600  780 217 1002     2941437    235           4    174   29  87  197   -2  455 -187  455 -187  23  0  0 L3P 5A
G31 FF 61022 204600  780 314 1389     1781412    -28          -2     -8   22  79  141   25  381   20  381   20  18  0  0 L3P F2
G02 FF 61022 210200  780 247   49       63139   -155         -29    -71   21  15  176   47  844  257  844  257  18  0  0 L3P 1F
G03 FF 61022 210200  780 616 1604    -6243833     82         -57     -6   12  85   84   -4  290  -21  290  -21  11  0  0 L3P 01
G04 FF 61022 210200  780 497 2031     -312330    -52         -17    -26   20  58   96    1  310   -7  310   -7  17  0  0 L3P CD
G09 FF 61022 210200  780 318 2472    -7673806    -45         -12    -28   25 104  139  -10  441  -35  441  -35  22  0  0 L3P 5B
G16 FF 61022 210200  780 239  713    -1665652    -61         -27     17   30 102  181  -22  512  -88  512  -88  26  0  0 L3P 42
G26 FF 61022 210200  780 215 1077     2941502     49          10    -12   23  87  200    6  423  -11  423  -11  19  0  0 L3P EB
G31 FF 61022 210200  780 253 1408     1781399    -25           4     -6   24  79  172   40  395   14  395   14  19  0  0 L3P F7
G03 FF 61022 211800  780 659 1453    -6243752     87         -60      0   16  85   81   -2  279    0  279    0  14  0  0 L3P CD
G04 FF 61022 211800  780 487 1920     -312367    -37         -28    -11   17  58   98    2  307   -2  307   -2  13  0  0 L3P E9
G07 FF 61022 211800  780 240 3194     1205736    109         -30     54   24  78  180  -45  813 -155  813 -155  18  0  0 L3P 66
G09 FF 61022 211800  780 341 2390    -7673827     -7         -16     10   17 104  131   -8  400  -46  400  -46  16  0  0 L3P 29
G16 FF 61022 211800  780 266  788    -1665734   -134         -33    -56   35 102  164  -14  464   13  464   13  29  0  0 L3P 58
G26 FF 61022 211800  780 203 1148     2941544     52          -7     -9   29  87  210   16  419   -4  419   -4  23  0  0 L3P E8
G31 FF 61022 211800  780 192 1415     1781372    -68          -5    -49   33  79  223   68  420   62  420   62  25  0  0 L3P 15
G03 FF 61022 213400  780 688 1254    -6243672    100         -64     13   12  85   79   -1  279  -17  279  -17   9  0  0 L3P 27
G04 FF 61022 213400  780 475 1814     -312392    -27         -29     -1   20  58  100    2  298  -17  298  -17  15  0  0 L3P 0D
G07 FF 61022 213400  780 302 3149     1205791     42         -28    -13   27  78  146  -28  672 -135  672 -135  22  0  0 L3P 62
G09 FF 61022 213400  780 364 2306    -7673848     26         -21     43   20 104  124   -7  372  -66  372  -66  17  0  0 L3P 42
G16 FF 61022 213400  780 286  869    -1665814    -47         -39     32   35 102  153   -8  423  -74  423  -74  29  0  0 L3P 4C
G26 FF 61022 213400  780 183 1214     2941598     24         -11    -37   27  87  232   31  414   29  414   29  19  0  0 L3P 19
G03 FF 61022 215000  780 695 1019    -6243588     94         -63      6   10  85   79    0  280   -6  280   -6  10  0  0 L3P D9
G04 FF 61022 215000  780 463 1712     -312411    -20         -23      6   15  58  102    2  284  -20  284  -20  13  0  0 L3P D6
G06 FF 61022 215000  780 210 2320     5889471     35         -10    -24   36  90  204  -34  464   -5  464   -5  32  0  0 L3P 08
G07 FF 61022 215000  780 362 3094     1205849     59         -21      5   15  78  124  -18  546 -117  546 -117  12  0  0 L3P 45
G09 FF 61022 215000  780 385 2221    -7673866    -24         -23     -7   28 104  118   -6  343  -17  343  -17  26  0  0 L3P 47
G16 FF 61022 215000  780 298  952    -1665885    -35         -34     43   35 102  148   -3  389  -59  389  -59  32  0  0 L3P 5D
G03 FF 61022 220600  780 674  794    -6243508     92         -71      4   16  86   80    2  286    4  286    4  14  0  0 L3P B7
G04 FF 61022 220600  780 450 1612     -312434      8         -18     34   20  59  104    3  270  -37  270  -37  16  0  0 L3P DF
G06 FF 61022 220600  780 241 2389     5889528     70          -9     11   30  96  179  -19  453   -4  453   -4  25  0  0 L3P 10
G07 FF 61022 220600  780 420 3024     1205899     43         -22    -12   30  79  110  -12  452  -66  452  -66  18  0  0 L3P 2C
G09 FF 61022 220600  780 407 2134    -7673875     -2         -17     15   25 108  113   -5  308  -37  308  -37  22  0  0 L3P 35
G16 FF 61022 220600  780 299 1035    -1665951   -102         -26    -23   43 103  147    2  350  -11  350  -11  38  0  0 L3P 41
G01 FF 61022 222200  780 197 3594    -3516083     78           6     58   26  14  217   67  754 -168  754 -168  19  0  0 L3P 5A
G03 FF 61022 222200  780 629  618    -6243418     72         -65    -16   15  86   83    4  295   37  295   37  13  0  0 L3P 00
G04 FF 61022 222200  780 436 1515     -312471    -34         -30     -8   30  59  106    3  277    6  277    6  27  0  0 L3P C9
G06 FF 61022 222200  780 262 2466     5889594     90           1     31   20  96  166   -9  456    1  456    1  17  0  0 L3P D0
G07 FF 61022 222200  780 474 2937     1205941     66         -32     12   20  79  100   -8  402  -51  402  -51  17  0  0 L3P 08
G09 FF 61022 222200  780 429 2045    -7673900     -9         -25      8   19 108  108   -5  297  -28  297  -28  15  0  0 L3P 3C
G16 FF 61022 222200  780 290 1116    -1666023    -27         -23     51   36 103  151    7  337  -55  337  -55  31  0  0 L3P 29
G30 FF 61022 222200  780 217 3038     -543213    -89          -7     30   34  48  198  -46  757  -67  757  -67  28  0  0 L3P 43
G03 FF 61022 223800  780 571  494    -6243332    102         -63     15   14  86   88    7  324   33  324   33  12  0  0 L3P EA
G04 FF 61022 223800  780 422 1419     -312477    -34         -10     -8   17  59  109    3  265   13  265   13  14  0  0 L3P EC
G06 FF 61022 223800  780 271 2549     5889660     90          10     30   30  96  161   -2  474   11  474   11  24  0  0 L3P F7
G07 FF 61022 223800  780 520 2831     1205998     55         -28      1   12  79   93   -6  366  -25  366  -25  10  0  0 L3P 04
G09 FF 61022 223800  780 452 1954    -7673912      4         -21     21   14 108  104   -4  275  -30  275  -30  13  0  0 L3P 1D
G16 FF 61022 223800  780 270 1191    -1666106    -82         -31     -4   29 103  161   14  332  -13  332  -13  23  0  0 L3P 2A
G30 FF 61022 223800  780 268 2979     -543326   -121          -4     -1   17  48  163  -29  708  -34  708  -34  16  0  0 L3P 40
G03 FF 61022 225400  780 504  406    -6243239     92         -18      5   12  28   95   10  384   57  384   57  10  0  0 L3P E2
G04 FF 61022 225400  780 407 1325     -312514    -68         -23    -41   22  59  113    4  276   37  276   37  19  0  0 L3P 06
G06 FF 61022 225400  780 269 2634     5889702     23          -4    -36   28  96  162    4  562  149  562  149  24  0  0 L3P 34
G07 FF 61022 225400  780 557 2702     1206066     77         -12     22   15  79   89   -3  330  -41  330  -41  14  0  0 L3P FF
G09 FF 61022 225400  780 475 1858    -7673930    -32         -23    -15   19 108  100   -4  260   -5  260   -5  16  0  0 L3P 2F
G16 FF 61022 225400  780 240 1258    -1666170   -141         -19    -63   20 103  180   25  317   51  317   51  16  0  0 L3P 3D
G30 FF 61022 225400  780 315 2911     -543443   -108          -7     12   25  48  140  -19  691  -42  691  -42  22  0  0 L3P 2C
G03 FF 61022 231000  780 433  344    -6243158     94         -21      6   21  28  107   15  411  -66  411  -66  19  0  0 L3P FA
G04 FF 61022 231000  780 391 1232     -312534      3         -17     30   16  59  116    5  269  -24  269  -24  13  0  0 L3P E3
G06 FF 61022 231000  780 256 2718     5889753     24         -11    -35   35  96  169   11  667  144  667  144  32  0  0 L3P 54
G07 FF 61022 231000  780 581 2555     1206118     59         -13      4   17  79   87   -2  323   38  323   38  15  0  0 L3P E0
G09 FF 61022 231000  780 498 1757    -7673949     30         -26     47   18 108   96   -3  251  -22  251  -22  15  0  0 L3P 3A
G16 FF 61022 231000  780 202 1314    -1666246    -56         -20     23   30 103  211   42  308   -6  308   -6  23  0  0 L3P 00
G30 FF 61022 231000  780 359 2834     -543558   -106          -8     13   19  48  125  -13  629  -92  629  -92  15  0  0 L3P 46
G03 FF 61022 232600  780 361  299    -6243067    117         -14     30   19  28  125   22  284 -156  284 -156  19  0  0 L3P 59
G04 FF 61022 232600  780 372 1141     -312558    -23         -17      3   18  59  121    6  271  -20  271  -20  12  0  0 L3P E5
G06 FF 61022 232600  780 235 2799     5889820     -1           0    -60   34  96  183   19  806  311  806  311  29  0  0 L3P 2A
G07 FF 61022 232600  780 591 2396     1206160     39         -24    -15   15  79   86    0  347   -5  347   -5  14  0  0 L3P EE
G09 FF 61022 232600  780 520 1649    -7673969    -33         -29    -16   13 108   93   -3  280   60  280   60  11  0  0 L3P 33
G30 FF 61022 232600  780 397 2748     -543661   -102           4     18   20  48  115   -9  538 -119  538 -119  16  0  0 L3P 49
G03 FF 61022 234200  780 288  267    -6242989    108         -20     21   26  28  152   36  265    6  265    6  20  0  0 L3P F6
G04 FF 61022 234200  780 351 1052     -312584      4         -17     30   32  59  128    8  231  -66  231  -66  26  0  0 L3P E8
G06 FF 61022 234200  780 207 2876     5889871     44          -6    -15   34  96  206   29  971  -66  971  -66  51  0  0 L3P 4C
G07 FF 61022 234200  780 586 2237     1206214     45         -22    -10   17  79   86    1  329   -9  329   -9  13  0  0 L3P EA
G09 FF 61022 234200  780 539 1531    -7673992    -36         -35    -19   14 108   91   -2  312   23  312   23  14  0  0 L3P 27
G30 FF 61022 234200  780 430 2653     -543783    -81          -3     38   20  48  108   -6  453 -130  453 -130  18  0  0 L3P 2A
