CGGTTS     GENERIC DATA FORMAT VERSION = 2E
REV DATE = 2025-11-01
RCVR = PolaRx5TR (5.6.0)     sbf2cggtts-1.5.0
CH = 80
IMS = PolaRx5TR
LAB = LRTE
X = 3967035.920 m
Y = -4390028.540 m
Z = -2375644.640 m
FRAME = ITRF
COMMENTS = LS=18; ElMask=10deg; 'Generated from the SBF in 2026-04-16 at 23:54:00'
INT DLY = 24.9 ns (GPS P1),  15.7 ns (GPS P2)     CAL_ID = 1201-2025
CAB DLY = 103.1 ns
REF DLY = 47.2 ns
REF = UTC(LRTE)
CKSUM = fe

SAT CL  MJD  STTIME TRKL ELV AZTH   REFSV      SRSV     REFSYS    SRSYS  DSG IOE MDTR SMDT MDIO SMDI MSIO SMSI ISG FR HC FRC CK
             hhmmss  s  .1dg .1dg    .1ns     .1ps/s     .1ns    .1ps/s .1ns     .1ns.1ps/s.1ns.1ps/s.1ns.1ps/s.1ns
G05 FF 61146 001400  780 239  430     2317840     12           5      7   29  96  181  -35   96  -39   96  -39  21  0  0 L3P D6
G11 FF 61146 001400  780 466 1343     3717880   -150           0    -23   35  23  101   11   45   16   45   16  33  0  0 L3P D3
G12 FF 61146 001400  780 587 1553     6079664     37          -5     37   11  71   86   -3   54  -35   54  -35  10  0  0 L3P DE
G21 FF 61146 001400  780 220  718    -4144063    -11         -13     -1   31 183  195  -25   86  -10   86  -10  24  0  0 L3P 01
G24 FF 61146 001400  780 466 3477      341429   -141         -12     36   23  47  101   13   91  -19   91  -19  24  0  0 L3P 04
G25 FF 61146 001400  780 374 2105    -4297679    -23           2    -50   13  39  121  -16   54   52   54   52  12  0  0 L3P EF
G29 FF 61146 001400  780 359 2580     3394765    -63          13      8   16  68  125   -8   86  -28   86  -28  12  0  0 L3P 09
G05 FF 61146 003000  780 286  496     2317842    -19           3    -24   37  96  153  -24   82   -3   82   -3  30  0  0 L3P D2
G11 FF 61146 003000  780 401 1388     3717763   -141           5    -13   30  23  114   16   39    8   39    8  28  0  0 L3P C3
G12 FF 61146 003000  780 613 1411     6079665     37          -4     37   12  71   84   -2   50  -42   50  -42  11  0  0 L3P BE
G21 FF 61146 003000  780 246  794    -4144046   -106          14    -96   42 183  176  -16   57   82   57   82  37  0  0 L3P 2C
G24 FF 61146 003000  780 391 3515      341250   -177         -20      1   13  47  116   19  117   25  117   25  10  0  0 L3P E4
G25 FF 61146 003000  780 432 2064    -4297653     74           2     46   19  39  107  -12   46  -51   46  -51  16  0  0 L3P F9
G29 FF 61146 003000  780 383 2489     3394698    -78          14     -6   17  68  119   -6   72  -13   72  -13  13  0  0 L3P 10
G05 FF 61146 004600  780 331  569     2317851     -3           7     -8   26  96  134  -16   71   -2   71   -2  24  0  0 L3P AB
G11 FF 61146 004600  780 335 1413     3717623   -117         -13     11   21  23  133   24   53  -11   53  -11  15  0  0 L3P F2
G12 FF 61146 004600  780 628 1248     6079665     22          -4     22   13  71   83   -1   50  -18   50  -18  12  0  0 L3P CD
G18 FF 61146 004600  780 199 3227     3757533    -21          11     72   24 228  215  -68  401 -282  401 -282  17  0  0 L3P 6C
G21 FF 61146 004600  780 266  874    -4144088    -14         -19     -4   26 183  164   -9   86    0   86    0  21  0  0 L3P D9
G24 FF 61146 004600  780 319 3548      341106   -157           6     20   25  47  139   28  138   31  138   31  22  0  0 L3P F2
G25 FF 61146 004600  780 494 2024    -4297623     -3           6    -30   16  39   97  -10   34   18   34   18  14  0  0 L3P D7
G29 FF 61146 004600  780 402 2395     3394636    -53          21     19   19  68  114   -4   60  -14   60  -14  17  0  0 L3P FC
G05 FF 61146 010200  780 372  651     2317860    -23          12    -27   18  96  121  -11   64   13   64   13  15  0  0 L3P D6
G11 FF 61146 010200  780 269 1425     3717506    -68          -8     59   28  23  162   37   46  -46   46  -46  23  0  0 L3P 09
G12 FF 61146 010200  780 628 1074     6079675     -6           6     -6   17  71   83    1   47    5   47    5  15  0  0 L3P 7B
G18 FF 61146 010200  780 263 3188     3757462    -95          30     -2   26 228  166  -38  216 -130  216 -130  20  0  0 L3P 5C
G21 FF 61146 010200  780 277  958    -4144103    -38         -24    -28   29 183  158   -3   81   17   81   17  23  0  0 L3P 0B
G24 FF 61146 010200  780 251 3579      340950   -203          21    -26   27  47  173   44  186   92  186   92  24  0  0 L3P 1C
G25 FF 61146 010200  780 560 1984    -4297618     13         -16    -15   14  39   89   -7   45   -1   45   -1  12  0  0 L3P E2
G29 FF 61146 010200  780 419 2299     3394571   -100          24    -29   17  68  110   -3   50   11   50   11  15  0  0 L3P ED
G05 FF 61146 011800  780 406  745     2317869     -2          17     -6   31  96  113   -7   54    8   54    8  28  0  0 L3P A2
G11 FF 61146 011800  780 205 1425     3717372   -154         -20    -26   31  23  209   63   55   30   55   30  25  0  0 L3P F9
G12 FF 61146 011800  780 611  905     6079674     -5           5     -5   19  71   84    2   50    8   50    8  15  0  0 L3P 66
G18 FF 61146 011800  780 325 3139     3757344    -99           1     -6   19 228  137  -24  139  -73  139  -73  15  0  0 L3P 46
G21 FF 61146 011800  780 278 1042    -4144070    -42          19    -32   36 183  157    2   44   16   44   16  28  0  0 L3P F4
G24 FF 61146 011800  780 186   11      340796   -109          36     69   23  47  228   72  249   21  249   21  19  0  0 L3P F3
G25 FF 61146 011800  780 629 1942    -4297600     36         -24      9   16  39   83   -5   45  -14   45  -14  13  0  0 L3P ED
G28 FF 61146 011800  780 186 2324     5541979    -42          17     51   27  44  228  -41   74  -46   74  -46  22  0  0 L3P 21
G29 FF 61146 011800  780 433 2202     3394495    -84          18    -13   14  68  107   -3   50   16   50   16  13  0  0 L3P E7
G05 FF 61146 013400  780 428  848     2317860    -29           4    -34   28  96  108   -3   58   19   58   19  25  0  0 L3P E4
G12 FF 61146 013400  780 578  758     6079669     54           0     54   17  71   87    4   56  -45   56  -45  14  0  0 L3P CD
G18 FF 61146 013400  780 385 3076     3757257    -78           4     15   25 228  118  -16   85  -51   85  -51  19  0  0 L3P 29
G21 FF 61146 013400  780 268 1123    -4144084     -2          15      8   43 183  162    9   42   -9   42   -9  42  0  0 L3P BB
G25 FF 61146 013400  780 703 1892    -4297568     52         -19     24   14  39   78   -4   42  -23   42  -23  11  0  0 L3P FD
G28 FF 61146 013400  780 216 2389     5541888    -96          15     -3   26  44  198  -23   75   -1   75   -1  21  0  0 L3P F8
G29 FF 61146 013400  780 446 2104     3394431    -55          22     17   19  68  105   -2   45  -12   45  -12  18  0  0 L3P F1
G05 FF 61146 015000  780 436  956     2317867    -52           6    -56   27  96  106    0   48   43   48   43  27  0  0 L3P D1
G12 FF 61146 015000  780 532  637     6079699    -40          30    -40   24  71   92    6   36   26   36   26  18  0  0 L3P C3
G18 FF 61146 015000  780 442 2999     3757168    -71           4     22   49 228  105  -11   68  -24   68  -24  32  0  0 L3P 20
G21 FF 61146 015000  780 247 1199    -4144095    -35          14    -24   18 183  175   18   39   20   39   20  14  0  0 L3P 0E
G25 FF 61146 015000  780 779 1811    -4297533     75         -10     47   14  39   75   -2   36  -36   36  -36  12  0  0 L3P 02
G28 FF 61146 015000  780 237 2462     5541795   -102          12     -9   23  44  182  -12   76   19   76   19  21  0  0 L3P 03
G29 FF 61146 015000  780 458 2004     3394360    -63          20      8   19  68  102   -2   47   -1   47   -1  16  0  0 L3P BA
G05 FF 61146 020600  780 429 1063     2317872     29           7     25   23  97  108    3   54   -5   54   -5  21  0  0 L3P AA
G12 FF 61146 020600  780 477  542     6079686    -29          21    -29   17  72   99   10   47   21   47   21  15  0  0 L3P DE
G18 FF 61146 020600  780 492 2903     3757084   -121          13    -28   22 229   97   -7   51    2   51    2  17  0  0 L3P DC
G21 FF 61146 020600  780 216 1266    -4144109     44           6     54   29 184  198   31   51  -37   51  -37  25  0  0 L3P 00
G25 FF 61146 020600  780 852 1536    -4297518     43         -25     15   44  40   74   -1   49  -25   49  -25  44  0  0 L3P 01
G28 FF 61146 020600  780 247 2540     5541715    -55          21     38   31  45  175   -4   77  -30   77  -30  26  0  0 L3P FD
G29 FF 61146 020600  780 468 1903     3394293    -82          18    -10   16  69  101   -2   41    3   41    3  14  0  0 L3P C0
G05 FF 61146 022200  780 406 1161     2317894    -24          25    -28   24  97  113    7   42   30   42   30  23  0  0 L3P CD
G12 FF 61146 022200  780 416  469     6079686    -13          21    -13   19  72  111   14   56   20   56   20  14  0  0 L3P D3
G18 FF 61146 022200  780 533 2787     3756985    -97           4     -4   21 229   92   -4   50    1   50    1  18  0  0 L3P B3
G23 FF 61146 022200  780 210 3520    -6366525    -99          33    -55   24 200  204  -66  196  -76  196  -76  20  0  0 L3P 62
G25 FF 61146 022200  780 844  463    -4297487     48         -19     21   12  40   74    1   43   -9   43   -9  10  0  0 L3P B7
G28 FF 61146 022200  780 247 2621     5541632   -181          28    -88   30  45  175    3   79   94   79   94  31  0  0 L3P 0D
G29 FF 61146 022200  780 479 1801     3394226    -70          20      1   14  69   99   -2   39    2   39    2  13  0  0 L3P 9B
G05 FF 61146 023800  780 371 1244     2317892     -8           9    -13   21   4  122   12   46    0   46    0  18  0  0 L3P 86
G12 FF 61146 023800  780 352  411     6079684     32          19     32   21  72  128   21   63  -17   63  -17  17  0  0 L3P DD
G18 FF 61146 023800  780 563 2652     3756907    -70          15     23   15 229   88   -2   40  -16   40  -16  13  0  0 L3P 00
G23 FF 61146 023800  780 282 3530    -6366578    -71          22    -26   26 200  156  -38  117  -57  117  -57  22  0  0 L3P 66
G25 FF 61146 023800  780 766  244    -4297455     39         -14     12   18  40   76    3   44   -3   44   -3  16  0  0 L3P BA
G28 FF 61146 023800  780 237 2702     5541469    -29         -47     64   37  45  182   10  169  -45  169  -45  35  0  0 L3P 50
G29 FF 61146 023800  780 488 1695     3394153    -78          16     -6   16  69   98   -1   49    7   49    7  14  0  0 L3P D8
G05 FF 61146 025400  780 325 1311     2317884    -11          -3    -16   26   4  137   19   52   -2   52   -2  23  0  0 L3P B9
G12 FF 61146 025400  780 286  368     6079695     35          31     35   30  72  153   34   63  -25   63  -25  25  0  0 L3P ED
G18 FF 61146 025400  780 579 2503     3756808    -76           6     18   16 229   87   -1   46  -13   46  -13  12  0  0 L3P FE
G23 FF 61146 025400  780 357 3536    -6366630    -45          13      0   19 200  126  -24   85  -38   85  -38  14  0  0 L3P 1F
G25 FF 61146 025400  780 683  181    -4297417     30          -2      2   18  40   79    5   44    7   44    7  14  0  0 L3P 78
G28 FF 61146 025400  780 219 2780     5541477   -255          51   -162   61  45  195   18  101  202  101  202  59  0  0 L3P 5D
G29 FF 61146 025400  780 495 1587     3394095   -103          26    -32   17  69   97   -1   39   23   39   23  13  0  0 L3P 07
G05 FF 61146 031000  780 273 1361     2317896    -40           4    -45   29   4  160   31   44   43   44   43  23  0  0 L3P BF
G12 FF 61146 031000  780 219  335     6079680     12          16     12   27  72  196   58   92    7   92    7  22  0  0 L3P A9
G18 FF 61146 031000  780 581 2350     3756720    -69           7     24   15 229   87    0   44  -21   44  -21  13  0  0 L3P D5
G23 FF 61146 031000  780 436 3539    -6366686      1          -1     46   25 200  107  -16   75  -55   75  -55  20  0  0 L3P 09
G25 FF 61146 031000  780 599  151    -4297400     19         -11     -8   19  40   85    7   57   13   57   13  18  0  0 L3P BC
G26 FF 61146 031000  780 228 2238     3542056     47          17      1   44  93  189  -45   44   -3   44   -3  39  0  0 L3P CF
G28 FF 61146 031000  780 195 2855     5541351   -120          15    -27   39  45  218   29  184   81  184   81  30  0  0 L3P 32
G29 FF 61146 031000  780 500 1475     3394028    -67          28      4   16  69   96    0   38   -5   38   -5  13  0  0 L3P B0
G05 FF 61146 032600  780 216 1397     2317909     -8          13    -12   39   4  199   52   36   23   36   23  35  0  0 L3P D6
G15 FF 61146 032600  780 205  769    -4034857    -48          12    -15   31  26  208  -24   61   28   61   28  25  0  0 L3P FE
G18 FF 61146 032600  780 572 2202     3756630    -91           6      3   16 229   87    2   42   -6   42   -6  13  0  0 L3P A4
G23 FF 61146 032600  780 518 3537    -6366723    -43           5      1   19 200   94  -11   58   -4   58   -4  15  0  0 L3P D5
G25 FF 61146 032600  780 516  133    -4297357     39           6     12   17  40   94   11   51   -1   51   -1  15  0  0 L3P 98
G26 FF 61146 032600  780 283 2273     3542087     75           3     28   29  93  155  -28   49  -29   49  -29  25  0  0 L3P 11
G29 FF 61146 032600  780 501 1360     3393951    -43          20     29   11  69   96    0   51  -20   51  -20  11  0  0 L3P C7
G10 FF 61146 034200  780 222 3370     5892256      1          -1     11   51  86  194  -59  158 -104  158 -104  49  0  0 L3P 30
G15 FF 61146 034200  780 226  845    -4034896   -104           4    -71   33  26  190  -15   58   57   58   57  29  0  0 L3P 0F
G18 FF 61146 034200  780 553 2066     3756524    -72          -9     21   21 229   89    3   48  -19   48  -19  17  0  0 L3P 01
G23 FF 61146 034200  780 603 3531    -6366773    -36          -2      9   23 200   85   -8   56  -13   56  -13  21  0  0 L3P EB
G25 FF 61146 034200  780 436  124    -4297344     21          -8     -6   37  40  107   16   62   14   62   14  35  0  0 L3P BF
G26 FF 61146 034200  780 334 2323     3542120     35          -8    -12   18  93  133  -18   50   14   50   14  15  0  0 L3P D2
G29 FF 61146 034200  780 497 1243     3393879    -96          17    -24   19  69   96    1   51   23   51   23  16  0  0 L3P EC
G10 FF 61146 035800  780 293 3351     5892231    -12         -16     -2   24  86  150  -35  101  -34  101  -34  19  0  0 L3P 24
G15 FF 61146 035800  780 241  922    -4034917     49          15     82   41  26  179   -8   46  -61   46  -61  39  0  0 L3P FE
G18 FF 61146 035800  780 528 1945     3756434    -76         -10     17   24 229   92    3   46  -15   46  -15  21  0  0 L3P 0C
G23 FF 61146 035800  780 690 3521    -6366822    -63          -9    -18   22 200   79   -5   61   19   61   19  20  0  0 L3P FE
G25 FF 61146 035800  780 357  121    -4297312      9          -2    -18   24  40  126   24   66   25   66   25  19  0  0 L3P CD
G26 FF 61146 035800  780 380 2389     3542170     44          -3     -3   20  93  119  -11   49    7   49    7  17  0  0 L3P C2
G29 FF 61146 035800  780 487 1127     3393824   -113          31    -41   19  69   98    2   43   37   43   37  17  0  0 L3P FA
G10 FF 61146 041400  780 366 3321     5892220     51         -17     61   58  94  123  -22   71  -72   71  -72  55  0  0 L3P 0A
G15 FF 61146 041400  780 247 1001    -4034940    -38          23     -5   24  27  175   -1   41   14   41   14  20  0  0 L3P C5
G18 FF 61146 041400  780 500 1835     3756361    -64          10     30   21 230   96    4   39  -20   39  -20  20  0  0 L3P D8
G23 FF 61146 041400  780 778 3502    -6366864    -84          -6    -40   24 201   75   -3   53   39   53   39  23  0  0 L3P 04
G25 FF 61146 041400  780 282  123    -4297260     49          20     21   27  42  155   38   65    3   65    3  21  0  0 L3P A6
G26 FF 61146 041400  780 415 2472     3542205     15         -13    -32   20 142  111   -7   53   28   53   28  18  0  0 L3P E8
G29 FF 61146 041400  780 470 1014     3393762    -79          34     -7   20 103  101    4   46   24   46   24  20  0  0 L3P CF
G10 FF 61146 043000  780 439 3280     5892208    -34         -18    -24   20  94  106  -15   63   20   63   20  16  0  0 L3P FD
G15 FF 61146 043000  780 244 1079    -4034955    -25          41      8   29  27  177    5   26    3   26    3  23  0  0 L3P AA
G16 FF 61146 043000  780 239 2257    -2458389    -89          16    -19   34 174  181  -37   52   13   52   13  30  0  0 L3P 2C
G18 FF 61146 043000  780 472 1735     3756283    -96          21     -3   20 230  100    5   31   -8   31   -8  17  0  0 L3P C8
G23 FF 61146 043000  780 865 3436    -6366875    -47          26     -3   18 201   74   -1   26    5   26    5  17  0  0 L3P CF
G25 FF 61146 043000  780 211  129    -4297230     97          24     70   25  42  204   66   74  -68   74  -68  21  0  0 L3P F4
G26 FF 61146 043000  780 439 2570     3542251     48         -11      2   19 142  106   -3   55    1   55    1  18  0  0 L3P AA
G29 FF 61146 043000  780 445  907     3393701    -77          19     -5   23   7  105    5   41    4   41    4  21  0  0 L3P 7F
G10 FF 61146 044600  780 512 3220     5892213      6          -4     16   14  94   94  -10   51   -6   51   -6  13  0  0 L3P A0
G15 FF 61146 044600  780 231 1152    -4035014    -23          13     10   33  27  186   14   50   -6   50   -6  26  0  0 L3P C6
G16 FF 61146 044600  780 287 2308    -2458466    -77           6     -6   30 174  153  -23   55    0   55    0  26  0  0 L3P E0
G18 FF 61146 044600  780 443 1642     3756182   -108          11    -14   22 230  105    5   37   13   37   13  17  0  0 L3P F4
G23 FF 61146 044600  780 847 1741    -6366926    -32          17     12   12 201   74    1   33  -12   33  -12  10  0  0 L3P E5
G26 FF 61146 044600  780 447 2678     3542302     59          -5     13   23 142  104    0   56   -4   56   -4  22  0  0 L3P C3
G29 FF 61146 044600  780 413  809     3393637    -43          25     29   24   7  111    8   40  -20   40  -20  20  0  0 L3P BD
G10 FF 61146 050200  780 582 3135     5892211    -37           4    -27   16  94   87   -7   51   23   51   23  13  0  0 L3P C4
G15 FF 61146 050200  780 209 1220    -4035032   -103          27    -70   39  27  204   25   40   56   40   56  30  0  0 L3P EF
G16 FF 61146 050200  780 329 2372    -2458541    -41          -1     29   22 174  135  -14   59  -21   59  -21  19  0  0 L3P 23
G18 FF 61146 050200  780 415 1554     3756093    -83          11     10   26 230  111    6   34  -16   34  -16  23  0  0 L3P E9
G23 FF 61146 050200  780 762 1692    -6366984    -29           2     15   16 201   76    3   47  -21   47  -21  14  0  0 L3P EC
G26 FF 61146 050200  780 440 2788     3542347     36          -5    -11   17 142  106    3   62    6   62    6  15  0  0 L3P B4
G29 FF 61146 050200  780 374  721     3393571    -70          27      2   24   7  121   12   43   -1   43   -1  19  0  0 L3P 93
G10 FF 61146 051800  780 645 3008     5892209    -17          12     -7   11  94   81   -4   42    4   42    4   9  0  0 L3P 91
G15 FF 61146 051800  780 179 1280    -4035075    -84          16    -51   29  27  237   42   45   37   45   37  24  0  0 L3P 0D
G16 FF 61146 051800  780 361 2450    -2458613   -110          -5    -40   21 174  125   -8   62   37   62   37  17  0  0 L3P 11
G18 FF 61146 051800  780 389 1469     3755998    -47           6     46   17 230  117    7   40  -37   40  -37  14  0  0 L3P 10
G23 FF 61146 051800  780 680 1663    -6367032    -42          -4      3   15 201   79    5   48   -8   48   -8  13  0  0 L3P C7
G26 FF 61146 051800  780 419 2893     3542404     46           8     -1   25 142  110    6   57   -3   57   -3  20  0  0 L3P B3
G29 FF 61146 051800  780 330  644     3393502    -44          27     28   26   7  135   17   46  -26   46  -26  23  0  0 L3P E4
G10 FF 61146 053400  780 693 2819     5892196     -8           9      3   13  94   79   -2   46   -9   46   -9  11  0  0 L3P B1
G16 FF 61146 053400  780 382 2541    -2458663    -93          13    -22   21 174  119   -4   58   26   58   26  19  0  0 L3P 1B
G18 FF 61146 053400  780 364 1386     3755928    -95          25     -1   19 230  124    7   29   -1   29   -1  16  0  0 L3P E4
G23 FF 61146 053400  780 601 1635    -6367067    -56           3    -12   11 201   85    7   42   12   42   12  10  0  0 L3P C1
G26 FF 61146 053400  780 386 2989     3542453     69          11     23   23 142  118   10   59  -20   59  -20  17  0  0 L3P 0D
G27 FF 61146 053400  780 238 2175     1090017    129          38    -36   37  69  181  -44   32   35   32   35  32  0  0 L3P 0A
G29 FF 61146 053400  780 281  576     3393439    -69          33      3   41   7  156   27   44   -4   44   -4  33  0  0 L3P B7
G32 FF 61146 053400  780 217   34      -47580   -197          -7     -1   30   2  198  -56   81   -8   81   -8  30  0  0 L3P A8
G10 FF 61146 055000  780 715 2564     5892178    -18           1     -7   13  94   78    0   47   -3   47   -3  11  0  0 L3P A7
G16 FF 61146 055000  780 389 2639    -2458725    -65          19      6   23 174  117    0   58   -7   58   -7  20  0  0 L3P F0
G18 FF 61146 055000  780 340 1305     3755825   -110          12    -17   23 230  131    8   45   18   45   18  17  0  0 L3P F3
G23 FF 61146 055000  780 526 1605    -6367106    -47           7     -3   17 201   93    9   41   -3   41   -3  16  0  0 L3P B5
G26 FF 61146 055000  780 346 3073     3542493     36           7    -10   35 142  129   14   59    3   59    3  25  0  0 L3P C4
G27 FF 61146 055000  780 300 2166     1090154    153          17    -12   31  69  147  -29   48    8   48    8  26  0  0 L3P E4
G29 FF 61146 055000  780 229  519     3393379    -88          41    -16   29   7  188   43   45   18   45   18  22  0  0 L3P F1
G32 FF 61146 055000  780 282   63      -47752   -132           9     63   22   2  155  -35   58  -72   58  -72  18  0  0 L3P C7
G10 FF 61146 060600  780 703 2301     5892180     28          14     38   15  95   78    1   36  -24   36  -24  14  0  0 L3P CC
G16 FF 61146 060600  780 382 2739    -2458795    -54          16     16   24 176  119    4   56  -18   56  -18  20  0  0 L3P 28
G18 FF 61146 060600  780 316 1225     3755734    -87          14      7   18 231  140   10   46  -12   46  -12  14  0  0 L3P F4
G23 FF 61146 060600  780 455 1572    -6367148    -54          10    -10   19 202  103   13   42    9   42    9  18  0  0 L3P E3
G26 FF 61146 060600  780 302 3147     3542536     64           5     18   15 144  146   21   59  -10   59  -10  12  0  0 L3P E7
G27 FF 61146 060600  780 364 2167     1090309    167          16      1   18 122  124  -20   46  -11   46  -11  14  0  0 L3P FC
G32 FF 61146 060600  780 351   93      -47937   -213          12    -17   17   5  128  -23   46   11   46   11  15  0  0 L3P B7
G10 FF 61146 062200  780 666 2093     5892170    -31          13    -21   13  95   80    3   38   11   38   11  12  0  0 L3P BD
G16 FF 61146 062200  780 363 2836    -2458871    -46           8     24   19 176  124    8   62  -23   62  -23  18  0  0 L3P 0C
G18 FF 61146 062200  780 292 1147     3755656   -157          25    -64   27 231  150   12   36   57   36   57  25  0  0 L3P 26
G23 FF 61146 062200  780 389 1537    -6367184    -73          16    -28   23 202  117   17   38   13   38   13  20  0  0 L3P 15
G26 FF 61146 062200  780 256 3214     3542579     15           4    -32   32 144  170   29   61   19   61   19  26  0  0 L3P E6
G27 FF 61146 062200  780 431 2181     1090455    129           2    -37   21 122  108  -14   46   26   46   26  19  0  0 L3P F8
G32 FF 61146 062200  780 423  126      -48127   -193           9      2   27   5  109  -16   44   -8   44   -8  25  0  0 L3P 99
G10 FF 61146 063800  780 616 1943     5892153    -36           6    -25   16  95   84    4   37   16   37   16  14  0  0 L3P D0
G16 FF 61146 063800  780 333 2926    -2458929    -59          18     11   21 176  134   12   53   -3   53   -3  17  0  0 L3P 05
G18 FF 61146 063800  780 267 1070     3755572    -80          31     13   40 231  163   15   32  -11   32  -11  39  0  0 L3P 01
G23 FF 61146 063800  780 328 1499    -6367227    -54          16    -10   23 202  136   22   33    5   33    5  20  0  0 L3P E5
G26 FF 61146 063800  780 210 3276     3542623   -108           3   -155   44 144  203   42   58  138   58  138  34  0  0 L3P 40
G27 FF 61146 063800  780 498 2211     1090624    187          11     21   17 122   96  -10   35  -20   35  -20  16  0  0 L3P 02
G32 FF 61146 063800  780 499  167      -48314   -201          10     -6   17   5   96  -11   39    7   39    7  15  0  0 L3P 99
G08 FF 61146 065400  780 241 2212    -4606865     55          -3    -12   30  58  179  -43   58   18   58   18  25  0  0 L3P 0A
G10 FF 61146 065400  780 561 1831     5892134    -16          -3     -6   15  95   89    6   38   -1   38   -1  13  0  0 L3P B4
G16 FF 61146 065400  780 297 3008    -2458978    -35          36     36   27 176  148   18   44  -18   44  -18  25  0  0 L3P 45
G18 FF 61146 065400  780 241  994     3755482    -24          31     69   30 231  179   19   40  -50   40  -50  25  0  0 L3P 07
G23 FF 61146 065400  780 271 1458    -6367286    -57           0    -13   28 202  161   31   53   12   53   12  23  0  0 L3P F5
G27 FF 61146 065400  780 564 2268     1090796    167          25      1   17 122   88   -7   30    3   30    3  16  0  0 L3P B6
G32 FF 61146 065400  780 575  222      -48497   -212          15    -16    8   5   87   -8   38   17   38   17   7  0  0 L3P A5
G08 FF 61146 071000  780 301 2239    -4606792     68           6      1   29  58  146  -27   46    6   46    6  25  0  0 L3P BB
G10 FF 61146 071000  780 506 1741     5892124    -46          -3    -35   16  95   95    8   37   24   37   24  14  0  0 L3P CF
G16 FF 61146 071000  780 256 3082    -2459042    -79          39     -9   35 176  169   27   44   11   44   11  26  0  0 L3P 0D
G18 FF 61146 071000  780 214  921     3755400    -40          38     53   37 231  200   26   39  -29   39  -29  33  0  0 L3P FB
G23 FF 61146 071000  780 218 1414    -6367303    -36          25      9   28 202  196   44   32   -4   32   -4  22  0  0 L3P DA
G27 FF 61146 071000  780 624 2365     1090952    175          21      9   18 122   83   -4   37   -3   37   -3  15  0  0 L3P C7
G32 FF 61146 071000  780 649  310      -48680   -187          19      9   15   5   81   -5   36   -3   36   -3  13  0  0 L3P 8A
G08 FF 61146 072600  780 359 2280    -4606716     49          18    -18   22  58  125  -18   37   27   37   27  19  0  0 L3P 1D
G10 FF 61146 072600  780 453 1663     5892109    -40          -9    -30   19  95  103   10   43   22   43   22  17  0  0 L3P E3
G16 FF 61146 072600  780 213 3150    -2459138   -112          11    -41   22 176  201   39   65   46   65   46  18  0  0 L3P 1E
G18 FF 61146 072600  780 184  850     3755291    -93          19      1   37 231  231   39   56  -13   56  -13  28  0  0 L3P FD
G27 FF 61146 072600  780 669 2521     1091111    148          21    -18   14 122   80   -2   39   17   39   17  12  0  0 L3P EA
G32 FF 61146 072600  780 713  465      -48871   -213          16    -18   15   5   78   -3   39   13   39   13  13  0  0 L3P B8
G08 FF 61146 074200  780 412 2340    -4606653     69          16      2   25  58  112  -12   41    1   41    1  23  0  0 L3P A4
G10 FF 61146 074200  780 403 1592     5892106    -48          -2    -38   27  95  114   12   44   46   44   46  25  0  0 L3P F3
G27 FF 61146 074200  780 687 2736     1091273    150          24    -16   12 122   79    0   38   15   38   15  12  0  0 L3P E4
G32 FF 61146 074200  780 751  739      -49051   -166          24     29   34   5   76   -1   34  -16   34  -16  21  0  0 L3P C0
G02 FF 61146 075800  780 229 2187     -797922      2          25     79   40  27  188  -44   33  -84   33  -84  37  0  0 L3P 0D
G08 FF 61146 075800  780 458 2420    -4606588     42          17    -25   18  58  103   -7   41   19   41   19  16  0  0 L3P FF
G10 FF 61146 075800  780 356 1524     5892098     -5           0      5   20  95  126   14   48    8   48    8  18  0  0 L3P A1
G27 FF 61146 075800  780 671 2958     1091440    181          31     15   14 122   80    2   33  -16   33  -16  12  0  0 L3P E8
G32 FF 61146 075800  780 741 1064      -49232   -233          31    -37   24   5   77    1   33   26   33   26  15  0  0 L3P B0
G02 FF 61146 081400  780 286 2149     -798011   -102           8    -25   30  28  153  -30   45   15   45   15  26  0  0 L3P F1
G08 FF 61146 081400  780 491 2523    -4606531     71           8      4   18  60   97   -4   42   -1   42   -1  17  0  0 L3P 9C
G10 FF 61146 081400  780 313 1458     5892094     13          11     23   20  96  141   17   33  -31   33  -31  17  0  0 L3P DF
G27 FF 61146 081400  780 626 3130     1091599    159          34     -7   16 123   83    4   34    4   34    4  14  0  0 L3P B1
G28 FF 61146 081400  780 228  384     5539674    -94          22     -1   38  49  188  -37   50    6   50    6  31  0  0 L3P D2
G32 FF 61146 081400  780 690 1279      -49433   -208          16    -12   15  10   79    3   41    8   41    8  13  0  0 L3P A1
G02 FF 61146 083000  780 347 2115     -798080   -147          12    -70   20  28  129  -22   37   55   37   55  17  0  0 L3P 0D
G08 FF 61146 083000  780 508 2644    -4606462     66          13     -1   19  60   95   -1   40   -6   40   -6  15  0  0 L3P BA
G10 FF 61146 083000  780 273 1393     5892069      9          -3     20   25  96  159   21   51  -11   51  -11  21  0  0 L3P D2
G27 FF 61146 083000  780 565 3247     1091758    159          34     -7   16 123   88    7   36    7   36    7  14  0  0 L3P C9
G28 FF 61146 083000  780 275  446     5539580   -144          18    -51   27  49  159  -26   53   43   53   43  23  0  0 L3P 16
G32 FF 61146 083000  780 621 1388      -49619   -195          18      0   11  10   83    6   37   -8   37   -8  10  0  0 L3P A2
G02 FF 61146 084600  780 414 2085     -798165    -61           2     16   16  28  111  -16   42  -18   42  -18  13  0  0 L3P F1
G08 FF 61146 084600  780 506 2772    -4606411     77          -1     10   16  60   95    2   47   -3   47   -3  14  0  0 L3P B2
G10 FF 61146 084600  780 237 1327     5892067     21           4     31   20  96  182   26   54    2   54    2  15  0  0 L3P 9F
G27 FF 61146 084600  780 497 3328     1091911    165          27     -1   28 123   96   10   41    6   41    6  27  0  0 L3P CA
G28 FF 61146 084600  780 321  515     5539484    -58          11     35   35  49  138  -18   58  -20   58  -20  28  0  0 L3P 13
G31 FF 61146 084600  780 225  230     1550849    -19          -2      5   34 100  191  -44   75    8   75    8  27  0  0 L3P BB
G32 FF 61146 084600  780 547 1441      -49810   -186          14     10   23  10   90    9   37  -14   37  -14  23  0  0 L3P CE
G01 FF 61146 090200  780 197 2194    -2965353     78          11     -4   40 173  216  -60   39    7   39    7  34  0  0 L3P E8
G02 FF 61146 090200  780 485 2060     -798249    -90          -8    -13   19  28   98  -12   43    7   43    7  15  0  0 L3P D0
G08 FF 61146 090200  780 486 2895    -4606344     56           2    -11   22  60   98    4   44    6   44    6  17  0  0 L3P A7
G10 FF 61146 090200  780 203 1262     5892040    -71         -14    -60   17  96  210   32   89   90   89   90  14  0  0 L3P FD
G27 FF 61146 090200  780 426 3388     1092064    155          21    -11   33 123  109   15   47   20   47   20  30  0  0 L3P F5
G28 FF 61146 090200  780 365  593     5539394    -72          11     22   27  49  124  -12   62  -14   62  -14  23  0  0 L3P FF
G31 FF 61146 090200  780 279  282     1550837     -7          10     17   31 100  156  -29   73   -2   73   -2  28  0  0 L3P CF
G32 FF 61146 090200  780 473 1464      -50005   -198           7     -3   23  10  100   12   43    5   43    5  22  0  0 L3P 83
G01 FF 61146 091800  780 255 2166    -2965284     91           1      9   38 173  170  -38   50    4   50    4  32  0  0 L3P C3
G02 FF 61146 091800  780 560 2041     -798325    -68          -9     10   13  28   89   -8   46   -4   46   -4  10  0  0 L3P C5
G08 FF 61146 091800  780 451 3004    -4606270     72          11      5   36  60  104    8   44   11   44   11  26  0  0 L3P AC
G27 FF 61146 091800  780 356 3436     1092227    148          24    -18   39 123  126   22   57   29   57   29  39  0  0 L3P 25
G28 FF 61146 091800  780 402  682     5539297    -76           4     17   36  49  114   -8   75   -3   75   -3  30  0  0 L3P CF
G31 FF 61146 091800  780 336  338     1550812     21           7     45   22 100  133  -20   87  -23   87  -23  17  0  0 L3P E1
G32 FF 61146 091800  780 400 1469      -50193   -200           7     -4   22  10  114   17   54   17   54   17  19  0  0 L3P B7
G01 FF 61146 093400  780 317 2143    -2965244     67         -37    -15   22 173  140  -26   89   23   89   23  17  0  0 L3P 2A
G02 FF 61146 093400  780 640 2031     -798398    -81          -8     -4   10  28   82   -6   55   19   55   19   9  0  0 L3P C3
G03 FF 61146 093400  780 189 2457    -5014117    111          -5    -32   39  36  225  -31   68   36   68   36  36  0  0 L3P 17
G08 FF 61146 093400  780 407 3097    -4606218     75          -1      8   19  60  113   11   69   18   69   18  15  0  0 L3P E0
G27 FF 61146 093400  780 289 3478     1092391    180          29     14   22 123  152   33   77    7   77    7  20  0  0 L3P EB
G28 FF 61146 093400  780 430  782     5539214    -82           9     11   22  49  108   -5   80   -8   80   -8  21  0  0 L3P BD
G31 FF 61146 093400  780 392  402     1550800    -31          18     -7   18 100  116  -14   87   17   87   17  14  0  0 L3P E3
G32 FF 61146 093400  780 331 1462      -50387   -156           0     39   22  10  134   25   75  -20   75  -20  20  0  0 L3P D1
G01 FF 61146 095000  780 382 2128    -2965134     88          -6      6   20 173  119  -18   75   15   75   15  19  0  0 L3P FC
G02 FF 61146 095000  780 723 2039     -798473    -60          -9     17   15  28   77   -4   65   -1   65   -1  15  0  0 L3P C8
G03 FF 61146 095000  780 216 2389    -5013980    150          -5      6   32  36  198  -25   81   12   81   12  29  0  0 L3P EF
G04 FF 61146 095000  780 212 3086     -535136     33          13     47   35 206  202  -51   92  -31   92  -31  28  0  0 L3P FD
G08 FF 61146 095000  780 356 3175    -4606152     85           0     18   19  60  126   16   88    7   88    7  14  0  0 L3P C5
G27 FF 61146 095000  780 225 3518     1092537    163          15     -3   29 123  191   51  124   40  124   40  23  0  0 L3P 0C
G28 FF 61146 095000  780 445  890     5539124    -79           9     14   23  49  105   -1   87    0   87    0  22  0  0 L3P A9
G31 FF 61146 095000  780 446  479     1550769    -35           9    -11   17 100  105  -10   99   10   99   10  14  0  0 L3P ED
G32 FF 61146 095000  780 265 1446      -50591   -159         -16     36   19  10  164   38  111   -1  111   -1  14  0  0 L3P F4
G01 FF 61146 100600  780 451 2121    -2965047     66           0    -16   17 174  104  -13   77   22   77   22  16  0  0 L3P EE
G02 FF 61146 100600  780 807 2109     -798546    -88          -6    -11   12  29   75   -2   75   15   75   15  10  0  0 L3P D8
G03 FF 61146 100600  780 244 2320    -5013841    188          -6     45   37  74  177  -20   93  -24   93  -24  31  0  0 L3P 13
G04 FF 61146 100600  780 266 3028     -535154    -39          15    -24   26 207  164  -30  104   24  104   24  24  0  0 L3P 17
G08 FF 61146 100600  780 304 3243    -4606085     84           2     17   22  63  145   24  110   10  110   10  18  0  0 L3P D1
G28 FF 61146 100600  780 444 1001     5539039   -131          13    -37   28  50  105    2   90   39   90   39  25  0  0 L3P E9
G31 FF 61146 100600  780 494  571     1550754    -55          18    -31   14 101   97   -7  101   37  101   37  11  0  0 L3P ED
G32 FF 61146 100600  780 203 1424      -50770   -210          -9    -14   38  43  211   61  127   43  127   43  30  0  0 L3P E9
G01 FF 61146 102200  780 523 2127    -2964968     72           1    -10   16 174   93  -10   84   19   84   19  14  0  0 L3P EE
G02 FF 61146 102200  780 871 2810     -798624    -70          -9      7   12  29   74    0   93    9   93    9  11  0  0 L3P 8C
G03 FF 61146 102200  780 275 2252    -5013698    102           0    -41   27  74  159  -17  100   44  100   44  25  0  0 L3P 07
G04 FF 61146 102200  780 315 2961     -535170      2          13     17   23 207  140  -20  110   -7  110   -7  18  0  0 L3P CE
G08 FF 61146 102200  780 251 3303    -4606017     31           6    -36   39  63  172   34  141   58  141   58  33  0  0 L3P F8
G28 FF 61146 102200  780 428 1105     5538939   -130           2    -37   23  50  108    5  111   44  111   44  21  0  0 L3P EC
G31 FF 61146 102200  780 532  685     1550738    -18          25      6   23 101   92   -4  102    3  102    3  19  0  0 L3P A2
G01 FF 61146 103800  780 597 2153    -2964888     81           3     -1   16 174   85   -7   89   13   89   13  13  0  0 L3P E6
G02 FF 61146 103800  780 806 3513     -798681    -98           7    -21   35  29   75    2   88   31   88   31  35  0  0 L3P D5
G03 FF 61146 103800  780 307 2184    -5013555    150           5      7   23  74  143  -15   96    5   96    5  19  0  0 L3P BF
G04 FF 61146 103800  780 361 2884     -535184     -9          13      6   29 207  125  -13  114    0  114    0  24  0  0 L3P C9
G08 FF 61146 103800  780 201 3359    -4605958     82           0     15   44  63  213   51  186   48  186   48  35  0  0 L3P 0B
G28 FF 61146 103800  780 397 1197     5538850   -121           3    -28   28  50  115    9  121   46  121   46  24  0  0 L3P 0C
G31 FF 61146 103800  780 555  817     1550713    -26          23     -2   17 101   89   -1  106    6  106    6  14  0  0 L3P B9
G01 FF 61146 105400  780 671 2215    -2964806     60           5    -22   11 174   80   -4   95   28   95   28  11  0  0 L3P DB
G02 FF 61146 105400  780 719 3592     -798754    -39           9     39   14  29   77    4  106  -15  106  -15  12  0  0 L3P FF
G03 FF 61146 105400  780 343 2115    -5013433    176         -10     33   29  74  130  -13  116  -20  116  -20  25  0  0 L3P 25
G04 FF 61146 105400  780 400 2796     -535205    -13           7      2   24 207  114   -9  122    8  122    8  19  0  0 L3P B7
G28 FF 61146 105400  780 354 1271     5538758    -95           1     -2   24  50  127   15  138   22  138   22  22  0  0 L3P F1
G31 FF 61146 105400  780 557  958     1550681    -30          14     -6   22 101   89    1  116    9  116    9  20  0  0 L3P B6
G01 FF 61146 111000  780 737 2356    -2964725     56           8    -26   14 174   77   -2  102   27  102   27  12  0  0 L3P F9
G02 FF 61146 111000  780 632   15     -798815    -53          23     24   23  29   82    7  115    3  115    3  20  0  0 L3P 83
G03 FF 61146 111000  780 381 2046    -5013297     79         -12    -64   26  74  119  -11  121   48  121   48  24  0  0 L3P 23
G04 FF 61146 111000  780 433 2698     -535203     20          23     35   26 207  107   -6  114  -34  114  -34  22  0  0 L3P FF
G28 FF 61146 111000  780 304 1329     5538676   -104           8    -10   27  50  145   24  150   33  150   33  24  0  0 L3P 02
G31 FF 61146 111000  780 540 1090     1550657     -1          12     23   24 101   91    3  122  -13  122  -13  21  0  0 L3P C4
G01 FF 61146 112600  780 778 2656    -2964648     69           6    -13   18 174   75   -1  111   23  111   23  15  0  0 L3P 06
G02 FF 61146 112600  780 547   27     -798898    -84          14     -7   17  29   90   10  142   28  142   28  15  0  0 L3P DD
G03 FF 61146 112600  780 422 1974    -5013147    138           0     -5   17  74  109   -9  114    6  114    6  15  0  0 L3P CE
G04 FF 61146 112600  780 459 2591     -535230      2          10     17   15 207  102   -4  125  -16  125  -16  13  0  0 L3P ED
G09 FF 61146 112600  780 186 2805    -7592787     48          -2     16   82  63  228  -42  203  -23  203  -23  78  0  0 L3P 3F
G28 FF 61146 112600  780 248 1371     5538574    -93          -5      0   24  50  175   39  183   23  183   23  20  0  0 L3P F9
G31 FF 61146 112600  780 504 1200     1550631    -63           9    -39   19 101   95    6  134   46  134   46  18  0  0 L3P E7
G01 FF 61146 114200  780 766 3041    -2964580     55          -4    -27   15 174   76    1  131   39  131   39  13  0  0 L3P FD
G02 FF 61146 114200  780 464   35     -798975    -87          10    -10   15  29  102   14  170   42  170   42  11  0  0 L3P DF
G03 FF 61146 114200  780 466 1898    -5013017    147          -7      4   17  74  101   -8  127    5  127    5  15  0  0 L3P D8
G04 FF 61146 114200  780 477 2479     -535261    -32          -7    -17   18 207   99   -2  139   21  139   21  17  0  0 L3P 10
G09 FF 61146 114200  780 220 2734    -7592842   -225         -87   -257   37  63  195  -28  286  254  286  254  35  0  0 L3P AE
G26 FF 61146 114200  780 198  818     3543429     76         -28     29   36   3  216  -21  310  -26  310  -26  29  0  0 L3P 15
G28 FF 61146 114200  780 189 1399     5538468   -233         -21   -140   47  50  225   66  237  176  237  176  35  0  0 L3P 8C
G31 FF 61146 114200  780 456 1282     1550606    -18           8      6   23 101  103   10  151   14  151   14  24  0  0 L3P D0
G01 FF 61146 115800  780 709 3273    -2964490     87           7      6   20 174   78    3  135   12  135   12  15  0  0 L3P DB
G02 FF 61146 115800  780 385   44     -799057    -72           3      6   16  29  118   21  213   39  213   39  14  0  0 L3P C5
G03 FF 61146 115800  780 513 1815    -5012877    183          -5     39   13  74   94   -6  134  -25  134  -25  12  0  0 L3P 1C
G04 FF 61146 115800  780 488 2362     -535276     -6          -8      9   18 207   98   -1  145   -2  145   -2  15  0  0 L3P DA
G09 FF 61146 115800  780 250 2661    -7592745    188         -21    156   34  63  173  -19  222 -157  222 -157  29  0  0 L3P 9F
G26 FF 61146 115800  780 214  891     3543516     10          15    -37   43   3  200  -12  273   34  273   34  35  0  0 L3P E6
G31 FF 61146 115800  780 400 1341     1550588    -53          12    -29   19 101  114   14  174   51  174   51  16  0  0 L3P 15
G01 FF 61146 121400  780 636 3386    -2964408     92           9     10   32 175   82    6  149    7  149    7  31  0  0 L3P D2
G02 FF 61146 121400  780 310   54     -799144    -86          -8     -9   16  30  143   31  267   56  267   56  13  0  0 L3P DD
G03 FF 61146 121400  780 560 1719    -5012756    171         -19     28   17  75   89   -5  155  -20  155  -20  15  0  0 L3P 2D
G04 FF 61146 121400  780 492 2245     -535297    -22          -5     -8   22 208   97    0  153   16  153   16  18  0  0 L3P E6
G09 FF 61146 121400  780 278 2584    -7592702     24          -8     -8   24  64  157  -14  200    9  200    9  19  0  0 L3P F4
G16 FF 61146 121400  780 197  645    -2460380    -36          -7     34   39  36  216  -35  358  -47  358  -47  33  0  0 L3P 40
G26 FF 61146 121400  780 224  967     3543541     -5          -4    -52   26  30  192   -5  286   52  286   52  23  0  0 L3P ED
G31 FF 61146 121400  780 341 1380     1550558    -57           2    -33   22 102  131   21  203   64  203   64  16  0  0 L3P F2
G01 FF 61146 123000  780 558 3450    -2964339     94          -1     12   36 175   89    9  182   20  182   20  34  0  0 L3P F8
G02 FF 61146 123000  780 239   67     -799196     -9          14     68   29  30  181   50  315   29  315   29  24  0  0 L3P E0
G03 FF 61146 123000  780 607 1603    -5012612    158         -12     15   16  75   84   -4  158    0  158    0  14  0  0 L3P D6
G04 FF 61146 123000  780 492 2130     -535313    -14          -6      0   18 208   97    0  161    1  161    1  15  0  0 L3P 93
G09 FF 61146 123000  780 304 2504    -7592669     34          -5      2   21  64  145  -11  207   -6  207   -6  19  0  0 L3P F0
G16 FF 61146 123000  780 228  715    -2460459   -101         -19    -30   37  36  189  -23  361   19  361   19  33  0  0 L3P 3F
G26 FF 61146 123000  780 225 1042     3543596    -12           7    -58   32  30  191    3  286   58  286   58  28  0  0 L3P FF
G31 FF 61146 123000  780 279 1403     1550532     -4          -2     20   17 102  157   33  254   46  254   46  13  0  0 L3P EA
G01 FF 61146 124600  780 481 3491    -2964256     69           3    -13   35 175   99   12  206   50  206   50  31  0  0 L3P 09
G03 FF 61146 124600  780 648 1456    -5012472    167         -10     24   13  75   81   -3  165  -11  165  -11  10  0  0 L3P 19
G04 FF 61146 124600  780 487 2018     -535330     19         -10     34   13 208   98    1  173  -20  173  -20  11  0  0 L3P F7
G07 FF 61146 124600  780 248 3205     1738336     49         -43      3   19  18  175  -43  288  -17  288  -17  15  0  0 L3P 3A
G09 FF 61146 124600  780 328 2423    -7592637     26          -4     -5   25  64  135   -9  211   10  211   10  23  0  0 L3P EF
G16 FF 61146 124600  780 254  790    -2460509   -188          -2   -118   32  36  170  -15  334  112  334  112  28  0  0 L3P 5C
G26 FF 61146 124600  780 217 1115     3543626     76          -8     29   23  30  197   11  327    1  327    1  18  0  0 L3P D2
G31 FF 61146 124600  780 218 1414     1550524    -74          13    -50   34 102  197   54  292  119  292  119  27  0  0 L3P 4A
G01 FF 61146 130200  780 405 3523    -2964184    102          -3     20   20 175  113   18  247   35  247   35  16  0  0 L3P 12
G03 FF 61146 130200  780 677 1267    -5012338    173         -14     29   14  75   80   -1  180  -14  180  -14  12  0  0 L3P 1B
G04 FF 61146 130200  780 480 1909     -535349     -4         -14     11   22 208   99    1  186   -4  186   -4  19  0  0 L3P E6
G07 FF 61146 130200  780 310 3161     1738395     66         -27     20   23  18  142  -27  261  -30  261  -30  19  0  0 L3P 1E
G09 FF 61146 130200  780 351 2340    -7592617     34         -14      3   19  64  128   -7  221    1  221    1  17  0  0 L3P C9
G16 FF 61146 130200  780 275  869    -2460606    -10         -30     60   26  36  159   -9  354  -53  354  -53  21  0  0 L3P 29
G26 FF 61146 130200  780 200 1184     3543673     99          -6     53   26  30  213   22  350  -13  350  -13  20  0  0 L3P F6
G01 FF 61146 131800  780 332 3550    -2964101     72           1    -10   15 175  134   26  296   66  296   66  12  0  0 L3P 12
G03 FF 61146 131800  780 685 1044    -5012195    144          -8      1   12  75   79    0  186   15  186   15  10  0  0 L3P DC
G04 FF 61146 131800  780 472 1804     -535370     -7         -21      8   23 208  100    2  207    5  207    5  18  0  0 L3P B5
G06 FF 61146 131800  780 209 2310     6101943     -9          -6     10   29  18  204  -36  277    1  277    1  27  0  0 L3P D4
G07 FF 61146 131800  780 372 3106     1738455     35          -1    -10   21  25  122  -18  245   -7  245   -7  15  0  0 L3P FB
G09 FF 61146 131800  780 373 2256    -7592571     29           1     -3   27  64  121   -6  215   12  215   12  23  0  0 L3P E7
G16 FF 61146 131800  780 287  951    -2460632    -40          10     30   39  36  153   -4  312  -21  312  -21  34  0  0 L3P 02
G01 FF 61146 133400  780 263 3577    -2964023    116           1     34   24 175  165   40  367   59  367   59  23  0  0 L3P 2B
G03 FF 61146 133400  780 667  826    -5012057    143          -8      0   15  75   80    2  198    8  198    8  14  0  0 L3P B7
G04 FF 61146 133400  780 462 1701     -535376    -47         -13    -32   21 208  102    2  210   40  210   40  18  0  0 L3P F5
G06 FF 61146 133400  780 242 2377     6101925    -24          -7     -4   37  18  178  -20  284    8  284    8  31  0  0 L3P F1
G07 FF 61146 133400  780 431 3037     1738497     57          -3     12   36  25  108  -12  237  -22  237  -22  23  0  0 L3P 18
G09 FF 61146 133400  780 395 2171    -7592541      7           1    -25   26  64  115   -6  221   17  221   17  24  0  0 L3P E9
G16 FF 61146 133400  780 289 1034    -2460705   -180           5   -110   32  36  152    1  314   92  314   92  25  0  0 L3P 13
G01 FF 61146 135000  780 198    4    -2963901     95          44     13   19 175  216   67  442  105  442  105  13  0  0 L3P 09
G03 FF 61146 135000  780 626  649    -5011924    138         -12     -5   11  75   83    4  212   17  212   17  10  0  0 L3P D9
G04 FF 61146 135000  780 452 1600     -535383     24          -6     39   26 208  103    2  211  -38  211  -38  24  0  0 L3P F5
G06 FF 61146 135000  780 265 2453     6101910     -1          -3     19   24  18  164  -10  288   -6  288   -6  21  0  0 L3P EC
G07 FF 61146 135000  780 485 2949     1738536     53          -7      8   21  25   98   -8  228  -19  228  -19  17  0  0 L3P 0F
G09 FF 61146 135000  780 418 2083    -7592511     73           0     41   24  64  110   -5  223  -37  223  -37  20  0  0 L3P FB
G16 FF 61146 135000  780 280 1114    -2460786    -83          -8    -13   49  36  156    7  322   20  322   20  44  0  0 L3P 03
G03 FF 61146 140600  780 570  520    -5011778    173          -6     30   16  76   88    6  216  -10  216  -10  14  0  0 L3P EC
G04 FF 61146 140600  780 441 1501     -535406     23          -9     37   25 209  105    2  218  -44  218  -44  21  0  0 L3P F8
G06 FF 61146 140600  780 277 2536     6101890     -6          -8     13   22  19  158   -3  299   -3  299   -3  20  0  0 L3P EF
G07 FF 61146 140600  780 533 2840     1738571     45         -19     -1   10  29   92   -5  221  -13  221  -13  10  0  0 L3P F2
G09 FF 61146 140600  780 441 1994    -7592491     69         -14     37   17  65  106   -5  226  -34  226  -34  14  0  0 L3P 41
G16 FF 61146 140600  780 262 1188    -2460851    -28          -5     43   26  37  166   15  312  -42  312  -42  20  0  0 L3P 21
G30 FF 61146 140600  780 206 3013    -1896501   -148          23    -15   28  13  208  -49  396  -38  396  -38  25  0  0 L3P 6A
G03 FF 61146 142200  780 505  428    -5011639    144          -4      1   15  76   95   10  228   15  228   15  14  0  0 L3P D3
G04 FF 61146 142200  780 430 1403     -535437     14         -26     28   22 209  108    3  231  -32  231  -32  21  0  0 L3P F9
G06 FF 61146 142200  780 277 2622     6101863    -34         -17    -14   28  19  158    3  322   38  322   38  23  0  0 L3P 10
G07 FF 61146 142200  780 570 2708     1738629     52          -5      7   13  29   88   -3  198  -23  198  -23  12  0  0 L3P FE
G09 FF 61146 142200  780 464 1901    -7592462     29         -16     -3   13  65  101   -4  216    1  216    1  13  0  0 L3P D7
G16 FF 61146 142200  780 233 1255    -2460909   -138           5    -67   29  37  185   25  310   66  310   66  23  0  0 L3P 2A
G30 FF 61146 142200  780 255 2953    -1896638    -74          13     59   21  13  170  -30  352  -93  352  -93  16  0  0 L3P 4A
G03 FF 61146 143800  780 435  362    -5011499    125          -2    -18   14  76  107   14  242   28  242   28  13  0  0 L3P 0B
G04 FF 61146 143800  780 416 1306     -535429     -2          -4     13   26 209  110    3  206  -22  206  -22  20  0  0 L3P E5
G06 FF 61146 143800  780 266 2707     6101825    -44         -37    -25   29  19  164    9  356   23  356   23  25  0  0 L3P 24
G07 FF 61146 143800  780 594 2554     1738658     40         -19     -6   20  29   85   -1  195  -10  195  -10  16  0  0 L3P 19
G09 FF 61146 143800  780 488 1803    -7592430    -15         -14    -47   17  65   98   -4  205   19  205   19  14  0  0 L3P 30
G16 FF 61146 143800  780 196 1311    -2460987   -113          -6    -43   18  37  217   43  327   50  327   50  16  0  0 L3P 37
G30 FF 61146 143800  780 300 2885    -1896761    -93          17     40   15  13  147  -20  292  -87  292  -87  12  0  0 L3P 52
G03 FF 61146 145400  780 364  314    -5011363    175          -3     32   19  76  124   22  272   10  272   10  15  0  0 L3P EB
G04 FF 61146 145400  780 401 1210     -535464    -58         -25    -43   18 209  114    4  214   36  214   36  14  0  0 L3P 0B
G06 FF 61146 145400  780 246 2790     6101841    -11          -2      8   37  19  176   16  330    0  330    0  34  0  0 L3P BC
G07 FF 61146 145400  780 602 2388     1738700     43         -21     -2   15  29   85    0  181  -15  181  -15  13  0  0 L3P F1
G09 FF 61146 145400  780 511 1698    -7592402     30         -17     -2   16  65   94   -3  192  -21  192  -21  13  0  0 L3P 15
G30 FF 61146 145400  780 341 2808    -1896900   -154           6    -21   26  13  131  -14  259  -21  259  -21  23  0  0 L3P 41
G03 FF 61146 151000  780 292  279    -5011201    176          21     33   23  76  150   35  307   45  307   45  18  0  0 L3P F9
G04 FF 61146 151000  780 383 1116     -535473    -11         -19      4   19 209  118    5  215    3  215    3  16  0  0 L3P C8
G06 FF 61146 151000  780 219 2867     6101826     14           2     33   25  19  196   26  354   17  354   17  22  0  0 L3P ED
G07 FF 61146 151000  780 595 2224     1738746     48         -19      3   16  29   85    1  171   -8  171   -8  13  0  0 L3P D8
G09 FF 61146 151000  780 533 1585    -7592371     56         -16     24   15  65   92   -2  184  -21  184  -21  11  0  0 L3P 1C
G30 FF 61146 151000  780 378 2724    -1897024   -148          10    -15   19  13  120  -10  223  -18  223  -18  16  0  0 L3P 48
G03 FF 61146 152600  780 221  255    -5011051    166          34     23   32  76  195   60  390   92  390   92  27  0  0 L3P 06
G04 FF 61146 152600  780 361 1025     -535491    -65         -23    -50   19 209  124    7  231   63  231   63  17  0  0 L3P 14
G06 FF 61146 152600  780 187 2940     6101809    -28           4     -9   42  19  227   40  418   95  418   95  31  0  0 L3P 09
G07 FF 61146 152600  780 576 2073     1738787     20         -21    -25   14  29   87    2  169   16  169   16  13  0  0 L3P 08
G09 FF 61146 152600  780 550 1461    -7592329     62          -5     30   15  65   90   -2  171  -23  171  -23  13  0  0 L3P 02
G14 FF 61146 152600  780 256 3392    -7434680     26         -19     40   28 190  170  -45  425 -143  425 -143  22  0  0 L3P 7A
G30 FF 61146 152600  780 409 2631    -1897174   -127         -13      6   18  13  112   -7  226  -11  226  -11  16  0  0 L3P 2B
G04 FF 61146 154200  780 336  938     -535500    -62         -18    -47   30 209  133   10  244   74  244   74  26  0  0 L3P 1D
G07 FF 61146 154200  780 549 1939     1738827     51         -24      6   24  29   90    3  170   -1  170   -1  21  0  0 L3P CD
G09 FF 61146 154200  780 561 1328    -7592313     20         -19    -12   16  65   89   -1  184   21  184   21  14  0  0 L3P 0C
G14 FF 61146 154200  780 328 3380    -7434665     -5           9      9   47 190  136  -28  313  -72  313  -72  40  0  0 L3P 27
G30 FF 61146 154200  780 435 2532    -1897284   -132           6      1   14  13  107   -5  193  -15  193  -15  13  0  0 L3P 0F
G04 FF 61146 155800  780 306  855     -535499    -75          -3    -60   35 209  144   14  257   75  257   75  34  0  0 L3P 2D
G07 FF 61146 155800  780 517 1821     1738864     18         -32    -27   15  29   94    4  181   24  181   24  13  0  0 L3P 02
G09 FF 61146 155800  780 563 1188    -7592273      6         -10    -26   16  65   88    0  183   28  183   28  14  0  0 L3P 0B
G14 FF 61146 155800  780 402 3360    -7434712    -45         -25    -32   28 190  114  -18  289  -10  289  -10  27  0  0 L3P 6D
G21 FF 61146 155800  780 232 2235    -4144592    -26           5    -17   31 191  186  -43  259   -5  259   -5  28  0  0 L3P 35
G22 FF 61146 155800  780 235 3357      176444    -83           0    -23   47  14  184  -51  474 -108  474 -108  45  0  0 L3P 4D
G30 FF 61146 155800  780 456 2428    -1897423   -107          -6     26   15  13  103   -3  195  -26  195  -26  13  0  0 L3P 41
G04 FF 61146 161400  780 272  777     -535530     31         -14     45   27 210  160   20  306    3  306    3  21  0  0 L3P C4
G07 FF 61146 161400  780 483 1716     1738913     54         -24      9   18  83   98    5  188   18  188   18  15  0  0 L3P FD
G08 FF 61146 161400  780 179 1025    -4604610    204         -10    137   38   5  237   -4  367 -117  367 -117  30  0  0 L3P 5D
G09 FF 61146 161400  780 555 1047    -7592246     56         -13     24   17  66   89    2  196  -10  196  -10  15  0  0 L3P 1E
G14 FF 61146 161400  780 478 3329    -7434710    -23         -10    -10   29 191   99  -12  247  -10  247  -10  26  0  0 L3P 53
G21 FF 61146 161400  780 285 2280    -4144613     36          -2     45   28 192  153  -26  251  -30  251  -30  26  0  0 L3P 2E
G22 FF 61146 161400  780 302 3339      176380    -44          -3     17   28  22  146  -31  375  -96  375  -96  25  0  0 L3P 27
G30 FF 61146 161400  780 471 2319    -1897560   -122         -13     11   19  14  100   -2  197    0  197    0  16  0  0 L3P FB
G04 FF 61146 163000  780 234  706     -535558    -42         -28    -27   47 210  184   30  366   74  366   74  39  0  0 L3P 31
G07 FF 61146 163000  780 449 1620     1738960     47         -21      2   21  83  104    6  202   13  202   13  19  0  0 L3P D0
G08 FF 61146 163000  780 177 1097    -4604519     67          16      0   30   5  239    8  350    4  350    4  27  0  0 L3P B2
G09 FF 61146 163000  780 534  914    -7592204     12          -1    -20   18  66   92    3  206   40  206   40  16  0  0 L3P CC
G14 FF 61146 163000  780 555 3283    -7434713    -39           0    -25   19 191   89   -9  222   15  222   15  17  0  0 L3P 14
G21 FF 61146 163000  780 333 2340    -4144619     18           0     27   32 192  134  -16  249  -13  249  -13  27  0  0 L3P 24
G22 FF 61146 163000  780 372 3311      176323   -118          -2    -58   36  22  122  -20  307    8  307    8  36  0  0 L3P E9
G30 FF 61146 163000  780 482 2209    -1897681   -101          -7     32   19  14   99   -1  202  -19  202  -19  16  0  0 L3P 24
G04 FF 61146 164600  780 192  641     -535555    -48         -11    -33   40 210  222   49  407   94  407   94  35  0  0 L3P 25
G07 FF 61146 164600  780 415 1531     1738993     19         -31    -26   17  83  111    7  221   32  221   32  14  0  0 L3P FD
G09 FF 61146 164600  780 503  793    -7592183     23         -11     -9   18  66   96    5  235   29  235   29  16  0  0 L3P FC
G14 FF 61146 164600  780 630 3212    -7434727    -44          -1    -30   18 191   83   -6  212   22  212   22  16  0  0 L3P 07
G21 FF 61146 164600  780 372 2415    -4144621     10           7     19   21 192  121  -10  252   -8  252   -8  18  0  0 L3P FA
G22 FF 61146 164600  780 442 3272      176250    -81         -17    -20   19  22  105  -14  282   -7  282   -7  16  0  0 L3P 0C
G30 FF 61146 164600  780 488 2098    -1897802   -133           0      0   17  14   98   -1  199    1  199    1  14  0  0 L3P DB
G05 FF 61146 170200  780 188 2296     2318134     59          -7     55   25  71  226  -44  343  -34  343  -34  22  0  0 L3P 26
G07 FF 61146 170200  780 383 1446     1739041     22         -27    -23   18  83  118    8  233   26  233   26  15  0  0 L3P 02
G09 FF 61146 170200  780 461  689    -7592136     11           5    -21   14  66  102    8  248   51  248   51  13  0  0 L3P E5
G14 FF 61146 170200  780 701 3092    -7434742      3          -3     16   17 191   78   -3  211  -13  211  -13  15  0  0 L3P F0
G21 FF 61146 170200  780 399 2504    -4144631     -3           6      6   26 192  114   -5  262    5  262    5  22  0  0 L3P BE
G22 FF 61146 170200  780 512 3216      176188    -53         -21      7    8  22   94   -9  262  -25  262  -25   7  0  0 L3P D2
G30 FF 61146 170200  780 492 1987    -1897940   -146         -10    -13   18  14   97    0  213   11  213   11  14  0  0 L3P 15
G05 FF 61146 171800  780 221 2359     2318144    -34          -2    -39   28  71  194  -25  344   30  344   30  22  0  0 L3P 18
G07 FF 61146 171800  780 353 1365     1739087     31         -24    -14   19  83  127   10  248   34  248   34  17  0  0 L3P 23
G09 FF 61146 171800  780 413  601    -7592110     34           1      2   21  66  111   12  283   21  283   21  20  0  0 L3P B3
G14 FF 61146 171800  780 758 2873    -7434755     -9          -3      5   20 191   76   -2  211  -10  211  -10  15  0  0 L3P FF
G17 FF 61146 171800  780 233  138     1142850     56           0    -34   29  77  185  -44  475  -68  475  -68  25  0  0 L3P 2D
G21 FF 61146 171800  780 413 2604    -4144628    -17          18     -8   27 192  111   -1  265   20  265   20  24  0  0 L3P 12
G22 FF 61146 171800  780 579 3138      176137    -70         -14    -10   15  22   87   -6  244   -5  244   -5  12  0  0 L3P F0
G30 FF 61146 171800  780 493 1877    -1898068   -154         -10    -21   16  14   97    0  214   19  214   19  16  0  0 L3P 2D
G05 FF 61146 173400  780 245 2431     2318140     30          -9     26   29  71  176  -13  357    5  357    5  23  0  0 L3P DF
G07 FF 61146 173400  780 323 1285     1739117      8         -38    -37   21  83  137   11  274   52  274   52  16  0  0 L3P 0F
G09 FF 61146 173400  780 358  528    -7592075     42           6     10   24  66  125   18  311   28  311   28  21  0  0 L3P EB
G14 FF 61146 173400  780 782 2503    -7434765     -6           0      8   15 191   75    0  207    0  207    0  12  0  0 L3P A0
G17 FF 61146 173400  780 292  178     1142916     82         -20     -7   35  77  150  -29  412  -47  412  -47  33  0  0 L3P 24
G21 FF 61146 173400  780 412 2709    -4144644     19          10     28   26 192  112    2  292    5  292    5  22  0  0 L3P DD
G22 FF 61146 173400  780 641 3024      176084    -53          -9      7   14  22   82   -4  228    0  228    0  12  0  0 L3P 95
G30 FF 61146 173400  780 492 1767    -1898189   -125          -4      8   14  14   97    0  209   -2  209   -2  12  0  0 L3P F1
G05 FF 61146 175000  780 259 2509     2318149      8          -5      3   30  71  168   -5  371   13  371   13  26  0  0 L3P D0
G07 FF 61146 175000  780 295 1208     1739163      8         -36    -37   20  83  149   13  299   59  299   59  15  0  0 L3P 2E
G09 FF 61146 175000  780 300  469    -7592050     -5          -1    -37   36  66  147   27  363   96  363   96  29  0  0 L3P 1A
G13 FF 61146 175000  780 222 2162    -6792751     68           2     52   33  80  194  -50  331  -61  331  -61  27  0  0 L3P 1B
G14 FF 61146 175000  780 756 2146    -7434782      0          -4     14   12 191   76    2  212   -7  212   -7  11  0  0 L3P CB
G17 FF 61146 175000  780 354  223     1143005     64         -18    -26   25  77  127  -20  362  -26  362  -26  25  0  0 L3P 23
G21 FF 61146 175000  780 396 2811    -4144658    -14           5     -5   21 192  115    6  324   38  324   38  18  0  0 L3P 04
G22 FF 61146 175000  780 690 2855      176024    -72         -11    -12   15  22   79   -2  227    5  227    5  12  0  0 L3P CC
G30 FF 61146 175000  780 490 1658    -1898334   -141         -21     -8   16  14   97    1  226   17  226   17  14  0  0 L3P 13
G05 FF 61146 180600  780 261 2591     2318167    -12           4    -17   25  73  166    2  392   53  392   53  22  0  0 L3P F6
G07 FF 61146 180600  780 267 1132     1739225    101         -16     56   34  85  163   16  299  -44  299  -44  30  0  0 L3P 47
G09 FF 61146 180600  780 240  421    -7592009     17           7    -15   32  69  180   45  421   94  421   94  27  0  0 L3P FE
G13 FF 61146 180600  780 283 2145    -6792752    -69         -11    -85   30  89  155  -32  316   31  316   31  25  0  0 L3P 4B
G14 FF 61146 180600  780 703 1934    -7434790     -3          -4     11   17 192   78    3  210   -2  210   -2  15  0  0 L3P D4
G17 FF 61146 180600  780 418  274     1143092     63         -13    -26   18  78  110  -14  321  -22  321  -22  14  0  0 L3P 16
G19 FF 61146 180600  780 230   20    -6972513      9          35     20   42  86  187  -52  529 -161  529 -161  32  0  0 L3P 2B
G20 FF 61146 180600  780 233 2175    -1110700   -160           0     31   32  20  185  -49  345  -61  345  -61  27  0  0 L3P 22
G21 FF 61146 180600  780 369 2905    -4144661    -12          11     -3   17 193  122    9  362   50  362   50  15  0  0 L3P 09
G22 FF 61146 180600  780 718 2619      175957    -78         -17    -18   16  23   77   -1  224    5  224    5  13  0  0 L3P E7
G30 FF 61146 180600  780 485 1550    -1898437   -175           4    -42   19  15   98    1  212   47  212   47  18  0  0 L3P 12
G05 FF 61146 182200  780 254 2674     2318208     62          40     57   28  73  171    8  405    6  405    6  24  0  0 L3P CC
G07 FF 61146 182200  780 239 1059     1739260     55         -25     10   28  85  180   20  318   -3  318   -3  26  0  0 L3P 01
G13 FF 61146 182200  780 347 2135    -6792740     34         -14     18   20  89  129  -22  287  -40  287  -40  18  0  0 L3P 4C
G14 FF 61146 182200  780 641 1807    -7434794    -31           5    -18   15 192   82    5  207   19  207   19  13  0  0 L3P 0A
G17 FF 61146 182200  780 483  336     1143195    116           4     26   17  78   98  -10  276  -50  276  -50  14  0  0 L3P 0C
G19 FF 61146 182200  780 298   49    -6972533    -37          26    -25   23  86  148  -33  426  -91  426  -91  20  0  0 L3P 48
G20 FF 61146 182200  780 298 2180    -1110889   -207          -5    -16   29  20  148  -31  315  -17  315  -17  25  0  0 L3P 53
G21 FF 61146 182200  780 333 2990    -4144659     -5          22      4   21 193  134   14  421   80  421   80  18  0  0 L3P FC
G22 FF 61146 182200  780 716 2353      175907    -28          -9     33   15  23   78    1  211  -30  211  -30  13  0  0 L3P D6
G30 FF 61146 182200  780 478 1442    -1898559   -168          10    -35   25  15   99    1  210   29  210   29  22  0  0 L3P 1D
G05 FF 61146 183800  780 237 2755     2318225   -180          54   -185   50  73  182   15  466  266  466  266  45  0  0 L3P 81
G07 FF 61146 183800  780 211  987     1739310     94         -19     48   29  85  203   27  326  -31  326  -31  27  0  0 L3P 29
G13 FF 61146 183800  780 415 2135    -6792706      4           4    -12   16  89  111  -16  246  -24  246  -24  15  0  0 L3P 1D
G14 FF 61146 183800  780 578 1719    -7434810    -38           2    -24   21 192   87    6  210   20  210   20  18  0  0 L3P FE
G17 FF 61146 183800  780 545  419     1143276    101          -1     12   11  78   90   -7  253  -47  253  -47   9  0  0 L3P F1
G19 FF 61146 183800  780 370   79    -6972562     -8           8      3   22  86  122  -22  362  -89  362  -89  18  0  0 L3P 10
G20 FF 61146 183800  780 364 2197    -1111064   -239           4    -48   25  20  124  -20  282    5  282    5  22  0  0 L3P 01
G21 FF 61146 183800  780 292 3066    -4144665    -50          24    -41   42 193  150   21  509  143  509  143  29  0  0 L3P 5E
G22 FF 61146 183800  780 687 2128      175855    -79          -4    -19   20  23   79    2  204   17  204   17  18  0  0 L3P EF
G30 FF 61146 183800  780 468 1335    -1898710   -123         -13     10   27  15  101    2  228  -26  228  -26  23  0  0 L3P 36
G05 FF 61146 185400  780 213 2832     2318166     19         -10     15   33  73  201   25  640  144  640  144  28  0  0 L3P 22
G07 FF 61146 185400  780 182  917     1739340     22         -32    -23   23  85  234   38  351   26  351   26  21  0  0 L3P 06
G13 FF 61146 185400  780 485 2149    -6792701     11          -6     -5   17  89   98  -11  233  -17  233  -17  15  0  0 L3P 27
G14 FF 61146 185400  780 517 1647    -7434831    -26          -6    -13   20 192   94    8  213    9  213    9  17  0  0 L3P F6
G15 FF 61146 185400  780 196 2221    -4036653    -40          52     -7   46  95  218  -60  343  -59  343  -59  40  0  0 L3P 4A
G17 FF 61146 185400  780 599  533     1143360     72          -3    -18   15  78   85   -4  228   -7  228   -7  14  0  0 L3P E8
G19 FF 61146 185400  780 445  113    -6972575      7           6     18   29  86  105  -15  297  -67  297  -67  27  0  0 L3P 30
G20 FF 61146 185400  780 430 2229    -1111261   -193         -10     -2   25  20  108  -14  267  -21  267  -21  21  0  0 L3P 33
G21 FF 61146 185400  780 248 3135    -4144686    -13          12     -4   31 193  175   30  646  151  646  151  26  0  0 L3P 4C
G22 FF 61146 185400  780 642 1963      175806    -40           5     21   16  23   82    4  194  -26  194  -26  14  0  0 L3P E1
G30 FF 61146 185400  780 455 1230    -1898848   -111         -23     22   16  15  103    3  234  -27  234  -27  14  0  0 L3P 34
G05 FF 61146 191000  780 184 2905     2318185     13           4      8   31  73  231   38  776   92  776   92  25  0  0 L3P F0
G13 FF 61146 191000  780 556 2183    -6792679     38           1     22   12  89   89   -8  212  -38  212  -38  11  0  0 L3P 11
G14 FF 61146 191000  780 459 1585    -7434837     -4           1     10   27 192  102   10  206   -9  206   -9  25  0  0 L3P F8
G15 FF 61146 191000  780 250 2252    -4036716    -57          21    -24   36  95  174  -35  327  -22  327  -22  31  0  0 L3P 43
G17 FF 61146 191000  780 638  690     1143446     54          -4    -36   19  78   82   -2  204    3  204    3  17  0  0 L3P B9
G19 FF 61146 191000  780 522  155    -6972593    -10          -1      2   17  86   93  -10  259  -42  259  -42  15  0  0 L3P 0C
G20 FF 61146 191000  780 493 2284    -1111438   -217          -4    -26   20  20   97   -9  244    3  244    3  18  0  0 L3P EA
G21 FF 61146 191000  780 204 3198    -4144687    -33          20    -24   23 193  210   44  737   61  737   61  18  0  0 L3P 39
G22 FF 61146 191000  780 590 1842      175739    -40          -4     20   14  23   86    5  195  -23  195  -23  12  0  0 L3P E5
G30 FF 61146 191000  780 438 1128    -1898949   -167           3    -34   26  15  106    4  207   34  207   34  21  0  0 L3P 17
G13 FF 61146 192600  780 624 2252    -6792674     33          -9     17   16  89   83   -5  200  -23  200  -23  15  0  0 L3P 0D
G14 FF 61146 192600  780 405 1526    -7434855     -8          -4      5   18 192  113   13  202   -5  202   -5  14  0  0 L3P EC
G15 FF 61146 192600  780 300 2297    -4036750      9          19     42   27  95  147  -22  290  -61  290  -61  24  0  0 L3P 29
G17 FF 61146 192600  780 651  881     1143525     71         -11    -19   20  78   81    0  188   -5  188   -5  16  0  0 L3P E4
G19 FF 61146 192600  780 600  216    -6972604     -9          -1      3   18  86   85   -7  222  -30  222  -30  14  0  0 L3P DD
G20 FF 61146 192600  780 549 2368    -1111630   -200         -12     -9   17  20   90   -6  234   -4  234   -4  14  0  0 L3P FA
G22 FF 61146 192600  780 537 1745      175683    -81          -2    -21   27  23   91    6  183   10  183   10  24  0  0 L3P DA
G30 FF 61146 192600  780 416 1030    -1899101   -152         -21    -19   19  15  111    5  225   26  225   26  18  0  0 L3P 20
G13 FF 61146 194200  780 685 2380    -6792657     26          -8     10   14  89   79   -3  193  -10  193  -10  12  0  0 L3P 1B
G14 FF 61146 194200  780 354 1469    -7434867    -23          -2     -9   26 192  127   16  199    8  199    8  23  0  0 L3P 23
G15 FF 61146 194200  780 344 2356    -4036781    -24          19      9   28  95  130  -14  266  -20  266  -20  24  0  0 L3P 32
G17 FF 61146 194200  780 635 1068     1143609    101         -13     11   17  78   82    2  175  -24  175  -24  14  0  0 L3P 0D
G19 FF 61146 194200  780 675  317    -6972618     -8          -4      3   12  86   80   -4  200  -22  200  -22  11  0  0 L3P D9
G20 FF 61146 194200  780 593 2491    -1111828   -242         -27    -51   15  20   86   -3  239   34  239   34  13  0  0 L3P 2B
G22 FF 61146 194200  780 484 1663      175620    -74          -8    -14   27  23   98    8  175    3  175    3  24  0  0 L3P C8
G30 FF 61146 194200  780 389  937    -1899209   -123          -1     10   23  15  117    8  210    2  210    2  19  0  0 L3P D2
G13 FF 61146 195800  780 724 2602    -6792638     24          -5      8   16  89   77   -1  190   -9  190   -9  14  0  0 L3P F4
G14 FF 61146 195800  780 307 1412    -7434866     -1          12     13   25 192  143   20  182  -22  182  -22  21  0  0 L3P 21
G15 FF 61146 195800  780 381 2429    -4036818     -4          14     29   30  95  119   -9  261  -33  261  -33  27  0  0 L3P 2C
G17 FF 61146 195800  780 593 1213     1143691     87         -18     -3   19  78   86    5  169   -6  169   -6  17  0  0 L3P 02
G19 FF 61146 195800  780 736  505    -6972615    -12           9      0   25  86   77   -2  174  -13  174  -13  17  0  0 L3P FC
G20 FF 61146 195800  780 616 2649    -1111993   -147          -9     44   47  20   84   -1  229  -25  229  -25  31  0  0 L3P 38
G22 FF 61146 195800  780 434 1590      175563    -52          -7      8   30  23  107   10  166  -12  166  -12  28  0  0 L3P F8
G30 FF 61146 195800  780 358  850    -1899345   -133          -9      0   22  15  126   11  227    8  227    8  19  0  0 L3P ED
G06 FF 61146 201400  780 205  403     6101485    -26          11     -6   41  22  209  -46  363  -62  363  -62  36  0  0 L3P 07
G13 FF 61146 201400  780 724 2886    -6792616     44           1     28   14  93   77    1  183  -22  183  -22  13  0  0 L3P F6
G14 FF 61146 201400  780 264 1355    -7434902    -34         -16    -21   21 193  165   25  191   11  191   11  16  0  0 L3P 2F
G15 FF 61146 201400  780 407 2517    -4036846    -22          17     11   27  96  113   -5  252  -13  252  -13  24  0  0 L3P 1A
G17 FF 61146 201400  780 536 1311     1143782    113         -14     23   21  79   91    8  163  -27  163  -27  19  0  0 L3P 0B
G19 FF 61146 201400  780 763  827    -6972641    -26          -9    -14   17 100   76    0  168   -8  168   -8  13  0  0 L3P 04
G20 FF 61146 201400  780 613 2822    -1112166   -194           0     -3   15  21   84    1  225   16  225   16  12  0  0 L3P C7
G22 FF 61146 201400  780 386 1520      175510    -62           2     -2   17  24  118   12  163    0  163    0  16  0  0 L3P 96
G30 FF 61146 201400  780 322  770    -1899472   -121          -7     12   40  16  138   15  226   -9  226   -9  35  0  0 L3P 04
G06 FF 61146 203000  780 251  464     6101456      9           0     28   40  22  173  -31  297 -101  297 -101  31  0  0 L3P F8
G13 FF 61146 203000  780 684 3115    -6792616    -16           0    -31   13   2   79    3  183   18  183   18  13  0  0 L3P D6
G14 FF 61146 203000  780 224 1298    -7434900      9          -2     23   32 193  192   32  156  -36  156  -36  24  0  0 L3P 1B
G15 FF 61146 203000  780 419 2615    -4036888    -39           7     -6   33  96  110   -1  250   -3  250   -3  30  0  0 L3P E5
G17 FF 61146 203000  780 471 1372     1143864     83         -18     -7   30  79  100   11  147   -7  147   -7  28  0  0 L3P F9
G19 FF 61146 203000  780 737 1147    -6972674      9         -30     21   14 100   77    2  158  -40  158  -40  11  0  0 L3P 08
G20 FF 61146 203000  780 585 2979    -1112363   -197         -14     -6   15  21   86    4  231    1  231    1  14  0  0 L3P D6
G22 FF 61146 203000  780 341 1453      175425    -90         -25    -30   22  24  131   15  168    5  168    5  18  0  0 L3P D9
G24 FF 61146 203000  780 232 2193      328519   -134         -10     43   30  59  186  -43  238  -82  238  -82  27  0  0 L3P 3F
G30 FF 61146 203000  780 281  698    -1899610    -52         -18     81   29  16  156   22  236  -52  236  -52  23  0  0 L3P 34
G06 FF 61146 204600  780 297  532     6101418    -35         -20    -16   39  22  148  -21  240  -55  240  -55  30  0  0 L3P 28
G12 FF 61146 204600  780 203 2622     6079603    -60         -29    -60   31  14  210  -29  515 -118  515 -118  26  0  0 L3P 60
G13 FF 61146 204600  780 620 3257    -6792611    -18         -11    -34   14   2   83    6  190   30  190   30  12  0  0 L3P E7
G14 FF 61146 204600  780 187 1239    -7434961    -23         -50     -9   30 193  227   42  172  -14  172  -14  24  0  0 L3P 4B
G15 FF 61146 204600  780 418 2718    -4036929    -42          -2     -9   36  96  110    2  255    7  255    7  31  0  0 L3P E0
G17 FF 61146 204600  780 402 1407     1143945     53         -22    -37   18  79  114   17  132    4  132    4  15  0  0 L3P E5
G19 FF 61146 204600  780 678 1325    -6972683    -19         -28     -8   17 100   79    4  133  -22  133  -22  15  0  0 L3P 35
G20 FF 61146 204600  780 539 3103    -1112553   -200         -20     -9   15  21   91    6  239   15  239   15  13  0  0 L3P F1
G22 FF 61146 204600  780 299 1387      175385    -50          -7     10   20  24  147   18  131  -31  131  -31  16  0  0 L3P FE
G24 FF 61146 204600  780 289 2172      328353   -193          -6    -15   29  59  152  -29  190  -29  190  -29  24  0  0 L3P 4F
G30 FF 61146 204600  780 237  633    -1899730   -162          -9    -29   34  16  182   34  235   37  235   37  28  0  0 L3P 32
G06 FF 61146 210200  780 341  607     6101402    -45         -17    -25   26  22  131  -15  181  -25  181  -25  22  0  0 L3P 14
G11 FF 61146 210200  780 215  159     3708361   -208           2    -81   28  34  199  -51  414 -104  414 -104  19  0  0 L3P 43
G12 FF 61146 210200  780 231 2551     6079633    -43           1    -43   29  14  186  -21  343  -75  343  -75  25  0  0 L3P 25
G13 FF 61146 210200  780 548 3344    -6792604     26         -20     10   20   2   90    9  204   -2  204   -2  19  0  0 L3P BC
G15 FF 61146 210200  780 403 2819    -4036960    -29          -1      4   21  96  114    5  268   13  268   13  19  0  0 L3P EB
G17 FF 61146 210200  780 333 1424     1144029    124         -25     34   22  79  134   25  113  -51  113  -51  18  0  0 L3P 17
G19 FF 61146 210200  780 607 1411    -6972691    -13         -26     -1   13 100   84    6  112  -26  112  -26  12  0  0 L3P 0B
G20 FF 61146 210200  780 482 3197    -1112746   -193         -29     -2   22  21   99    9  258   12  258   12  16  0  0 L3P 0D
G22 FF 61146 210200  780 260 1322      175307   -119         -27    -58   25  24  167   23  127   33  127   33  18  0  0 L3P 14
G24 FF 61146 210200  780 349 2157      328179   -173          -9      5   23  59  128  -21  156  -40  156  -40  17  0  0 L3P 1E
G30 FF 61146 210200  780 190  576    -1899857   -143          -9    -10   31  16  224   56  240   24  240   24  25  0  0 L3P 19
G06 FF 61146 211800  780 379  692     6101375     18         -25     38   30  22  120  -10  148  -75  148  -75  25  0  0 L3P 23
G11 FF 61146 211800  780 273  205     3708232   -139          -4    -12   37  34  160  -33  288 -101  288 -101  31  0  0 L3P 49
G12 FF 61146 211800  780 258 2479     6079624    -19          -7    -19   23  14  168  -17  258  -77  258  -77  20  0  0 L3P 5F
G13 FF 61146 211800  780 473 3403    -6792594      6         -25    -10   18   2  100   13  221   30  221   30  16  0  0 L3P E1
G15 FF 61146 211800  780 376 2914    -4036992    -50          -2    -17   23  96  120    9  298   50  298   50  20  0  0 L3P 1B
G17 FF 61146 211800  780 266 1428     1144114     60         -27    -30   30  79  164   39   92  -13   92  -13  23  0  0 L3P 07
G19 FF 61146 211800  780 533 1451    -6972706    -14         -30     -2   20 100   92    9   97  -15   97  -15  18  0  0 L3P 08
G20 FF 61146 211800  780 421 3270    -1112927   -175         -28     16   24  21  110   14  284   25  284   25  21  0  0 L3P 1D
G22 FF 61146 211800  780 224 1256      175250    -11         -26     49   21  24  192   29  114  -59  114  -59  16  0  0 L3P 17
G24 FF 61146 211800  780 413 2150      328014   -158          -4     19   19  59  111  -15  130  -45  130  -45  18  0  0 L3P 18
G06 FF 61146 213400  780 409  788     6101355     22         -26     41   22  22  112   -6  121  -53  121  -53  18  0  0 L3P F4
G11 FF 61146 213400  780 334  254     3708131   -112          17     15   23  34  133  -23  185  -79  185  -79  20  0  0 L3P 27
G12 FF 61146 213400  780 284 2405     6079632    -35           0    -35   28  14  154  -13  187  -23  187  -23  24  0  0 L3P 28
G13 FF 61146 213400  780 399 3448    -6792571     66         -17     51   37   2  115   18  248    4  248    4  34  0  0 L3P F9
G15 FF 61146 213400  780 341 2999    -4037025     -9          -3     24   24  96  131   13  356   52  356   52  22  0  0 L3P 02
G17 FF 61146 213400  780 201 1422     1144202    136         -24     46   37  79  213   67   76  -48   76  -48  30  0  0 L3P 12
G19 FF 61146 213400  780 461 1466    -6972709    -20         -22     -9   23 100  102   13   77   -5   77   -5  22  0  0 L3P FF
G20 FF 61146 213400  780 358 3329    -1113107   -199         -24     -8   46  21  125   19  332   88  332   88  44  0  0 L3P 3A
G22 FF 61146 213400  780 190 1191      175211    -70          -8    -10   24  24  224   39   86   15   86   15  21  0  0 L3P CA
G24 FF 61146 213400  780 480 2154      327840   -174          -8      4   16  59   99  -11  110  -16  110  -16  15  0  0 L3P FD
G06 FF 61146 215000  780 426  893     6101331     34         -32     53   24  22  109   -2  111  -65  111  -65  21  0  0 L3P ED
G11 FF 61146 215000  780 397  309     3707994   -114           2     13   21  34  115  -16  145  -62  145  -62  18  0  0 L3P 18
G12 FF 61146 215000  780 310 2331     6079628     44          -3     44   33  14  142  -11  152  -68  152  -68  29  0  0 L3P 13
G13 FF 61146 215000  780 327 3485    -6792551     27         -12     11   25   2  136   27  309   77  309   77  22  0  0 L3P 0E
G15 FF 61146 215000  780 301 3076    -4037036    -36          18     -3   36  96  146   19  416   78  416   78  27  0  0 L3P 22
G19 FF 61146 215000  780 391 1466    -6972709     29         -10     41   17 100  117   18   63  -36   63  -36  16  0  0 L3P 26
G20 FF 61146 215000  780 297 3379    -1113280   -148         -14     43   44  21  148   28  414   72  414   72  41  0  0 L3P 30
G24 FF 61146 215000  780 549 2174      327676   -176          -2      2   18  59   90   -8   95  -10   95  -10  15  0  0 L3P DF
G06 FF 61146 220600  780 428 1001     6101325    -44         -20    -25   24  23  108    1   81   13   81   13  21  0  0 L3P BF
G11 FF 61146 220600  780 459  377     3707877   -114           3     13   13  35  102  -11  108  -44  108  -44  13  0  0 L3P 11
G12 FF 61146 220600  780 338 2257     6079633    -19           6    -19   21  19  132  -10  117  -12  117  -12  18  0  0 L3P 20
G13 FF 61146 220600  780 258 3520    -6792528     33          -6     17   27   3  169   42  421  164  421  164  24  0  0 L3P 1B
G15 FF 61146 220600  780 257 3146    -4037067    -63          19    -30   26  99  169   28  490  134  490  134  23  0  0 L3P 5A
G19 FF 61146 220600  780 324 1455    -6972716     42          -5     53   25 106  137   25   51  -52   51  -52  21  0  0 L3P 09
G20 FF 61146 220600  780 238 3425    -1113470   -132         -19     58   29  22  181   42  539  104  539  104  24  0  0 L3P 50
G24 FF 61146 220600  780 618 2220      327515   -161           6     17   19  61   83   -6   80  -15   80  -15  18  0  0 L3P D0
G06 FF 61146 222200  780 415 1105     6101307     -7         -18     12   23  23  111    5   72  -16   72  -16  20  0  0 L3P BF
G11 FF 61146 222200  780 518  463     3707743   -131          -9     -3   18  35   94   -7   92  -19   92  -19  16  0  0 L3P EC
G12 FF 61146 222200  780 366 2181     6079635     19           8     19   25  19  123   -9   94  -38   94  -38  22  0  0 L3P F4
G13 FF 61146 222200  780 193 3554    -6792522    -21         -15    -37   30   3  221   69  623  267  623  267  25  0  0 L3P 4A
G15 FF 61146 222200  780 213 3211    -4037111    -88           6    -55   35  99  201   40  644  225  644  225  28  0  0 L3P 2F
G19 FF 61146 222200  780 262 1437    -6972723     37          -1     49   26 106  166   37   49  -38   49  -38  20  0  0 L3P 26
G20 FF 61146 222200  780 183 3469    -1113656   -191         -23     -1   39  22  232   64  714  222  714  222  25  0  0 L3P 47
G24 FF 61146 222200  780 684 2314      327343   -181           4     -4   13  61   79   -4   79   -1   79   -1  11  0  0 L3P A9
G06 FF 61146 223800  780 387 1198     6101295    -13         -12      7   27  23  117    9   66   -4   66   -4  24  0  0 L3P CD
G11 FF 61146 223800  780 568  577     3707616   -127         -13      0   16  35   88   -5   82  -12   82  -12  14  0  0 L3P EA
G12 FF 61146 223800  780 396 2104     6079634      5           7      5   22  19  115   -8   83   -9   83   -9  19  0  0 L3P A8
G19 FF 61146 223800  780 203 1413    -6972726     -8           7      3   47 106  211   57   45   14   45   14  36  0  0 L3P D4
G24 FF 61146 223800  780 736 2499      327163   -172          -6      6   17  61   77   -2   86   -4   86   -4  15  0  0 L3P C6
G06 FF 61146 230600  780 311 1322     6101280     -8           5     12   28  23  142   22   49   -9   49   -9  26  0  0 L3P A8
G11 FF 61146 230600  780 615  850     3707402   -134         -14     -7   23  35   84    0   71    6   71    6  20  0  0 L3P 92
G12 FF 61146 230600  780 452 1963     6079626     35          -1     35   19  19  104   -6   73  -37   73  -37  18  0  0 L3P F8
G24 FF 61146 230600  780 739 3036      326863   -192          -7    -14   20  61   77    2   98   31   98   31  14  0  0 L3P D6
G29 FF 61146 230600  780 225 2896     3388928    -93           6    -21   23  75  191  -34  590 -128  590 -128  20  0  0 L3P 71
G06 FF 61146 232200  780 257 1370     6101245     -2         -11     17   26  23  169   35   62  -13   62  -13  18  0  0 L3P E4
G11 FF 61146 232200  780 607 1021     3707282   -125         -11      3   17  35   84    2   63    5   63    5  13  0  0 L3P 91
G12 FF 61146 232200  780 486 1876     6079622    -10          -5    -10   17  19   98   -5   70    8   70    8  15  0  0 L3P BE
G24 FF 61146 232200  780 686 3243      326687   -162         -13     15   12  61   79    4  122   14  122   14  10  0  0 L3P E2
G25 FF 61146 232200  780 226 2240    -4295359     -2          13    -29   31  17  190  -36  108    5  108    5  28  0  0 L3P F4
G29 FF 61146 232200  780 265 2825     3388865    -38          11     34   34  75  164  -22  456 -142  456 -142  28  0  0 L3P 6E
G06 FF 61146 233800  780 199 1405     6101248    -41          11    -22   53  23  215   63   49   47   49   47  44  0  0 L3P F7
G11 FF 61146 233800  780 575 1166     3707158   -143         -13    -15   13  35   87    4   68   14   68   14  12  0  0 L3P F4
G12 FF 61146 233800  780 521 1782     6079637    -18           9    -18   10  19   93   -5   62   23   62   23  10  0  0 L3P CF
G24 FF 61146 233800  780 617 3359      326523   -171          -7      6   19  61   84    6  151   37  151   37  18  0  0 L3P DE
G25 FF 61146 233800  780 272 2193    -4295338     34           7      6   38  17  160  -27  109  -17  109  -17  34  0  0 L3P 1C
G29 FF 61146 233800  780 301 2749     3388799    -45          14     27   21  75  146  -15  362  -97  362  -97  17  0  0 L3P 60
