CGGTTS     GENERIC DATA FORMAT VERSION = 2E
REV DATE = 2025-11-01
RCVR = PolaRx5TR (5.6.0)     sbf2cggtts-1.5.0
CH = 80
IMS = PolaRx5TR
LAB = LRTE
X = 3967035.920 m
Y = -4390028.540 m
Z = -2375644.640 m
FRAME = ITRF
COMMENTS = LS=18; ElMask=10deg; 'Generated from the SBF in 2026-04-26 at 23:46:01'
INT DLY = 24.9 ns (GPS P1),  15.7 ns (GPS P2)     CAL_ID = 1201-2025
CAB DLY = 103.1 ns
REF DLY = 47.2 ns
REF = UTC(LRTE)
CKSUM = 01

SAT CL  MJD  STTIME TRKL ELV AZTH   REFSV      SRSV     REFSYS    SRSYS  DSG IOE MDTR SMDT MDIO SMDI MSIO SMSI ISG FR HC FRC CK
             hhmmss  s  .1dg .1dg    .1ns     .1ps/s     .1ns    .1ps/s .1ns     .1ns.1ps/s.1ns.1ps/s.1ns.1ps/s.1ns
G05 FF 61156 000600  780 333  570     2322133    -23          -2    -28   21 143  134  -16   96   14   96   14  21  0  0 L3P DE
G11 FF 61156 000600  780 328 1414     3608297    -85          -2     41   13 152  136   25   60  -25   60  -25  10  0  0 L3P F6
G12 FF 61156 000600  780 629 1247     6079089     31          -5     33   15  16   83   -1   68  -22   68  -22  13  0  0 L3P D7
G18 FF 61156 000600  780 204 3225     3677012    -12          35     81   23 114  210  -64  391 -301  391 -301  17  0  0 L3P 49
G21 FF 61156 000600  780 268  873    -4149528      5          -9      8   31  71  162   -9  100  -10  100  -10  26  0  0 L3P D1
G24 FF 61156 000600  780 314 3551      187466   -190          -5    -10   19  80  141   29  161   56  161   56  13  0  0 L3P 0A
G25 FF 61156 000600  780 496 2023    -4273451     48           7     19   19  43   96  -10   70  -19   70  -19  16  0  0 L3P F0
G29 FF 61156 000600  780 401 2393     3332697    -71           4      2   20  90  114   -4  102  -13  102  -13  18  0  0 L3P DA
G05 FF 61156 002200  780 374  652     2322136     19          -3     14   23 143  121  -11   97  -21   97  -21  20  0  0 L3P DC
G11 FF 61156 002200  780 262 1425     3608176    -70          -1     56   25 152  166   39   64  -47   64  -47  22  0  0 L3P 0C
G12 FF 61156 002200  780 630 1071     6079097      7           4      8   10  16   83    1   67   -4   67   -4   9  0  0 L3P 5F
G18 FF 61156 002200  780 268 3186     3676928    -79          41     14   23 114  163  -37  229 -121  229 -121  19  0  0 L3P 75
G21 FF 61156 002200  780 280  957    -4149496     47          26     51   26  71  156   -3   70  -63   70  -63  22  0  0 L3P EF
G24 FF 61156 002200  780 245 3582      187308   -219          10    -40   19  80  176   46  222  136  222  136  15  0  0 L3P 31
G25 FF 61156 002200  780 562 1983    -4273423     -4           8    -32   12  43   88   -7   67   23   67   23  10  0  0 L3P C5
G29 FF 61156 002200  780 418 2297     3332633   -100           9    -28   16  90  110   -3   91    9   91    9  15  0  0 L3P C7
G05 FF 61156 003800  780 408  746     2322153     10          10      5   22 143  112   -7   86    5   86    5  20  0  0 L3P 86
G11 FF 61156 003800  780 198 1424     3608059   -144           3    -18   34 152  216   67   65   28   65   28  25  0  0 L3P 12
G12 FF 61156 003800  780 612  902     6079096     20           4     21   19  16   84    2   75   -4   75   -4  16  0  0 L3P 84
G18 FF 61156 003800  780 331 3135     3676825   -101          27     -8   23 114  135  -23  163  -40  163  -40  18  0  0 L3P 42
G21 FF 61156 003800  780 281 1041    -4149524     -4           1      0   40  71  156    2   89    9   89    9  33  0  0 L3P 83
G25 FF 61156 003800  780 632 1941    -4273405     72          -1     43   16  43   82   -5   72  -36   72  -36  14  0  0 L3P E1
G28 FF 61156 003800  780 192 2331     5460171    -44          28     53   26 173  222  -38  152  -49  152  -49  24  0  0 L3P 48
G29 FF 61156 003800  780 433 2200     3332553    -96          -1    -23   18  90  107   -3   90   13   90   13  16  0  0 L3P D7
G05 FF 61156 005400  780 430  849     2322162     29          14     25   24 143  108   -3   82  -21   82  -21  21  0  0 L3P D5
G12 FF 61156 005400  780 579  754     6079096     39           5     40   19  16   87    4   79  -26   79  -26  16  0  0 L3P D4
G18 FF 61156 005400  780 391 3072     3676726   -107          18    -13   30 114  117  -15  127  -31  127  -31  24  0  0 L3P 54
G21 FF 61156 005400  780 271 1123    -4149511    -71          17    -68   39  71  161    9   71   56   71   56  37  0  0 L3P F4
G25 FF 61156 005400  780 706 1891    -4273373     32           4      4   12  43   78   -4   63  -11   63  -11  11  0  0 L3P B7
G28 FF 61156 005400  780 221 2397     5460071   -123          22    -26   31 173  194  -21  155   12  155   12  26  0  0 L3P 35
G29 FF 61156 005400  780 446 2102     3332485    -51           1     22   23  90  105   -2   79  -19   79  -19  20  0  0 L3P E2
G05 FF 61156 011000  780 438  958     2322175      7          23      2   26 143  106    0   69  -20   69  -20  24  0  0 L3P AD
G12 FF 61156 011000  780 532  634     6079100      0          10      1   23  16   92    6   74   -1   74   -1  17  0  0 L3P 50
G18 FF 61156 011000  780 447 2993     3676634    -71          15     22   47 114  105  -10  101  -42  101  -42  31  0  0 L3P 2A
G21 FF 61156 011000  780 250 1198    -4149520     47          11     51   22  71  173   17   70  -52   70  -52  19  0  0 L3P EB
G25 FF 61156 011000  780 782 1809    -4273346     66           4     37   14  43   75   -2   53  -45   53  -45  13  0  0 L3P DB
G28 FF 61156 011000  780 241 2471     5459985    -85          30     13   27 173  179  -11  144  -23  144  -23  25  0  0 L3P 44
G29 FF 61156 011000  780 457 2003     3332411    -70          -3      2   15  90  103   -2   73   -3   73   -3  13  0  0 L3P 97
G05 FF 61156 012600  780 430 1066     2322177     27          20     22   22 143  108    3   64  -24   64  -24  21  0  0 L3P D2
G12 FF 61156 012600  780 477  539     6079098    -34           9    -33   19  16   99   10   75   27   75   27  17  0  0 L3P E0
G18 FF 61156 012600  780 496 2895     3676545    -87          16      6   17 114   97   -7   80  -24   80  -24  13  0  0 L3P 0A
G21 FF 61156 012600  780 219 1266    -4149523     10          12     14   33  71  196   31   65  -16   65  -16  26  0  0 L3P F5
G25 FF 61156 012600  780 855 1515    -4273334     57         -12     28   40  43   74   -1   65  -31   65  -31  39  0  0 L3P F7
G28 FF 61156 012600  780 250 2550     5459900   -102          39     -4   44 173  173   -3  132    3  132    3  37  0  0 L3P F1
G29 FF 61156 012600  780 469 1902     3332343    -88          -1    -15   25  90  101   -2   60   -7   60   -7  21  0  0 L3P D2
G05 FF 61156 014200  780 407 1163     2322176      0          15     -4   25 143  113    7   57   -4   57   -4  23  0  0 L3P 9E
G12 FF 61156 014200  780 416  466     6079091    -20           3    -19   17  16  111   14   75   14   75   14  14  0  0 L3P C0
G18 FF 61156 014200  780 537 2778     3676447    -90           7      3   16 114   91   -4   71  -20   71  -20  14  0  0 L3P DB
G23 FF 61156 014200  780 212 3520    -6404449    -81          45    -36   34  87  202  -65  192 -108  192 -108  23  0  0 L3P 6B
G25 FF 61156 014200  780 842  437    -4273304     46          -9     17   10  43   74    1   54  -18   54  -18   8  0  0 L3P B4
G28 FF 61156 014200  780 249 2631     5459801   -167          34    -69   35 173  174    4  133   69  133   69  32  0  0 L3P 42
G29 FF 61156 014200  780 479 1799     3332263    -81         -11     -8   18  90   99   -2   57   -9   57   -9  15  0  0 L3P F1
G05 FF 61156 015800  780 371 1246     2322180     27          14     23   21 143  122   12   55  -18   55  -18  19  0  0 L3P F1
G12 FF 61156 015800  780 352  409     6079089     17           2     18   24  16  128   21   79   -8   79   -8  20  0  0 L3P BD
G18 FF 61156 015800  780 565 2641     3676367    -93          17      0   17 114   88   -2   53   -1   53   -1  16  0  0 L3P CF
G23 FF 61156 015800  780 284 3529    -6404511    -60          26    -15   24  87  155  -38  123  -46  123  -46  19  0  0 L3P 54
G25 FF 61156 015800  780 763  237    -4273270     33          -2      4   17  43   76    3   51    3   51    3  15  0  0 L3P 6B
G28 FF 61156 015800  780 238 2712     5459663    152         -10    250   44 173  181   11  180 -233  180 -233  42  0  0 L3P 79
G29 FF 61156 015800  780 488 1694     3332191    -65         -13      7    9  90   98   -1   57    0   57    0   9  0  0 L3P 9D
G05 FF 61156 021400  780 325 1312     2322180      8           5      3   27   6  137   19   54   -2   54   -2  25  0  0 L3P 6E
G12 FF 61156 021400  780 285  365     6079105    -29          16    -27   33  17  154   34   72   37   72   37  26  0  0 L3P E9
G18 FF 61156 021400  780 581 2491     3676265   -133           3    -40   14 115   87   -1   50   19   50   19  10  0  0 L3P E5
G23 FF 61156 021400  780 359 3535    -6404570    -75           7    -30   20  88  125  -24   91  -11   91  -11  16  0  0 L3P 0E
G25 FF 61156 021400  780 679  177    -4273241     19          -1     -9   23  44   79    5   49    9   49    9  18  0  0 L3P A0
G28 FF 61156 021400  780 219 2790     5459620   -147          40    -49   38 174  196   19  159   67  159   67  34  0  0 L3P 69
G29 FF 61156 021400  780 496 1585     3332128   -102          -9    -29   21  91   96   -1   49   28   49   28  18  0  0 L3P 01
G05 FF 61156 023000  780 272 1362     2322200    -27          21    -31   26   6  160   31   44   31   44   31  21  0  0 L3P AE
G12 FF 61156 023000  780 219  333     6079110     11          22     12   37  17  197   58   78   21   78   21  29  0  0 L3P C1
G18 FF 61156 023000  780 582 2337     3676177    -92           5      1   13 115   87    0   43    3   43    3  11  0  0 L3P 83
G23 FF 61156 023000  780 438 3537    -6404602    -17          17     28   17  88  106  -16   61  -42   61  -42  15  0  0 L3P 16
G25 FF 61156 023000  780 596  148    -4273213     26           0     -2   26  44   85    8   50    8   50    8  24  0  0 L3P 70
G26 FF 61156 023000  780 228 2239     3581240     28          19    -16   31  55  189  -45   68   -8   68   -8  27  0  0 L3P 01
G28 FF 61156 023000  780 194 2865     5459506   -130          20    -32   33 174  219   30  205   59  205   59  25  0  0 L3P 3F
G29 FF 61156 023000  780 501 1473     3332064   -113          -3    -40   18  91   96    0   45   36   45   36  16  0  0 L3P CE
G05 FF 61156 024600  780 216 1398     2322211    -38          27    -43   41   6  199   52   42   39   42   39  35  0  0 L3P E6
G15 FF 61156 024600  780 207  772    -4063139    -19          23     14   33  16  207  -23   66  -12   66  -12  28  0  0 L3P 01
G18 FF 61156 024600  780 571 2190     3676093    -89          10      4   14 115   88    2   39   -3   39   -3  12  0  0 L3P C0
G23 FF 61156 024600  780 520 3535    -6404648    -22          14     22   19  88   93  -11   56  -23   56  -23  15  0  0 L3P 08
G25 FF 61156 024600  780 513  132    -4273178     37           8      8   18  44   94   11   47   -5   47   -5  17  0  0 L3P 9F
G26 FF 61156 024600  780 283 2275     3581268     78           4     34   32  55  155  -28   70  -31   70  -31  30  0  0 L3P F4
G29 FF 61156 024600  780 502 1358     3331979    -44         -18     29   15  91   96    0   59  -25   59  -25  14  0  0 L3P 04
G10 FF 61156 030200  780 227 3370     5881369    -73          13    -58   60  51  190  -57  136  -39  136  -39  56  0  0 L3P 4F
G15 FF 61156 030200  780 228  847    -4063178   -126          16    -93   40  16  189  -14   62   68   62   68  37  0  0 L3P 23
G18 FF 61156 030200  780 551 2055     3676000    -85           7      9   21 115   90    3   41  -10   41  -10  19  0  0 L3P AF
G23 FF 61156 030200  780 605 3529    -6404696    -38           8      6   18  88   84   -7   55  -10   55  -10  16  0  0 L3P E2
G25 FF 61156 030200  780 432  123    -4273152     14           6    -14   39  44  107   16   52   20   52   20  36  0  0 L3P AF
G26 FF 61156 030200  780 334 2325     3581315      9           9    -36   23  55  133  -18   59   18   59   18  20  0  0 L3P D5
G29 FF 61156 030200  780 498 1241     3331931   -102           4    -29   18  91   96    1   39   22   39   22  16  0  0 L3P CE
G10 FF 61156 031800  780 298 3350     5881331    -61         -11    -46   17  51  148  -34   94    1   94    1  15  0  0 L3P E7
G15 FF 61156 031800  780 242  925    -4063207     26          19     59   36  16  178   -7   47  -65   47  -65  32  0  0 L3P 00
G18 FF 61156 031800  780 526 1935     3675907   -106           3    -13   16 115   92    3   39    5   39    5  15  0  0 L3P C9
G23 FF 61156 031800  780 692 3517    -6404741    -56           6    -12   24  88   79   -5   51    4   51    4  21  0  0 L3P BA
G25 FF 61156 031800  780 354  120    -4273130     49           1     21   18  44  127   25   59  -20   59  -20  14  0  0 L3P C9
G26 FF 61156 031800  780 379 2391     3581355     37           5     -7   20  55  119  -11   55    0   55    0  16  0  0 L3P AC
G29 FF 61156 031800  780 488 1124     3331867   -112           9    -39   26  91   98    2   32   41   32   41  23  0  0 L3P D7
G10 FF 61156 033400  780 371 3320     5881320      7          -8     22   49  51  122  -21   69  -33   69  -33  46  0  0 L3P E3
G15 FF 61156 033400  780 248 1004    -4063237   -108          20    -76   30  16  174   -1   43   60   43   60  26  0  0 L3P F5
G18 FF 61156 033400  780 498 1826     3675810   -113          -4    -19   17 115   96    4   40   13   40   13  15  0  0 L3P ED
G23 FF 61156 033400  780 780 3496    -6404787    -79           2    -35   19  88   75   -3   48   30   48   30  18  0  0 L3P FA
G25 FF 61156 033400  780 280  122    -4273113     47          -9     19   23  44  157   39   69    0   69    0  17  0  0 L3P AD
G26 FF 61156 033400  780 415 2474     3581390     25          -2    -19   20  55  111   -7   53   14   53   14  18  0  0 L3P D1
G29 FF 61156 033400  780 471 1011     3331798    -76          12     -4   28   9  100    4   34    9   34    9  25  0  0 L3P 97
G10 FF 61156 035000  780 444 3277     5881308    -19          -7     -5   18  51  105  -14   59   10   59   10  15  0  0 L3P E5
G15 FF 61156 035000  780 244 1081    -4063252     10          37     43   26  16  177    6   27  -36   27  -36  21  0  0 L3P E0
G16 FF 61156 035000  780 242 2260    -2518898    -89         -14    -20   34  63  179  -36   69   13   69   13  30  0  0 L3P 2A
G18 FF 61156 035000  780 469 1727     3675724    -85          -1      8   18 115  101    5   32  -15   32  -15  16  0  0 L3P E9
G23 FF 61156 035000  780 868 3411    -6404814    -82          18    -37   16  88   74   -1   28   36   28   36  14  0  0 L3P FA
G25 FF 61156 035000  780 208  129    -4273075     40           1     12   31  44  206   67   67  -28   67  -28  24  0  0 L3P D9
G26 FF 61156 035000  780 438 2572     3581434     61          -1     16   23  55  106   -3   52  -16   52  -16  20  0  0 L3P D9
G29 FF 61156 035000  780 446  904     3331727    -74          10     -1   23   9  105    6   37    2   37    2  19  0  0 L3P 7F
G10 FF 61156 040600  780 517 3216     5881299    -26           0    -11   15  52   94  -10   45    3   45    3  12  0  0 L3P A9
G15 FF 61156 040600  780 231 1155    -4063301    -21          15     12   23  17  186   14   42   -6   42   -6  20  0  0 L3P C2
G16 FF 61156 040600  780 290 2311    -2518950   -105           4    -36   33 174  151  -22   51   24   51   24  28  0  0 L3P 0B
G18 FF 61156 040600  780 441 1634     3675635    -94           4     -1   24 116  106    6   34    5   34    5  19  0  0 L3P AA
G23 FF 61156 040600  780 844 1749    -6404860    -21          14     22   14  89   74    1   29  -21   29  -21  12  0  0 L3P E5
G26 FF 61156 040600  780 446 2680     3581479     28           0    -17   18  56  105    0   49    9   49    9  16  0  0 L3P B5
G29 FF 61156 040600  780 413  806     3331654    -71           4      2   24  10  111    8   40   -5   40   -5  22  0  0 L3P 75
G10 FF 61156 042200  780 587 3129     5881279    -30          -7    -15   13  52   86   -6   47   13   47   13  11  0  0 L3P DB
G15 FF 61156 042200  780 209 1223    -4063319    -87          29    -54   34  17  204   25   31   60   31   60  29  0  0 L3P F4
G16 FF 61156 042200  780 331 2376    -2519032    -72         -11     -3   24 174  134  -14   62   -3   62   -3  20  0  0 L3P F2
G18 FF 61156 042200  780 413 1546     3675561    -93          19      0   18 116  111    6   20    8   20    8  15  0  0 L3P A5
G23 FF 61156 042200  780 760 1695    -6404916    -32           0     11   21  89   76    3   43  -15   43  -15  20  0  0 L3P CC
G26 FF 61156 042200  780 438 2790     3581515     22          -7    -22   20  56  106    3   53   18   53   18  17  0  0 L3P CB
G29 FF 61156 042200  780 375  718     3331597    -71          17      2   28  10  121   12   35    1   35    1  23  0  0 L3P 8D
G10 FF 61156 043800  780 649 2999     5881268     -4          -3     11   13  52   81   -4   41   -9   41   -9  12  0  0 L3P BB
G15 FF 61156 043800  780 179 1282    -4063362    -68          17    -35   30  17  237   43   38   35   38   35  23  0  0 L3P 0D
G16 FF 61156 043800  780 362 2455    -2519104   -107         -17    -38   20 174  124   -8   64   29   64   29  18  0  0 L3P 37
G18 FF 61156 043800  780 387 1462     3675450    -85          -2      8   21 116  117    7   36  -15   36  -15  17  0  0 L3P F5
G23 FF 61156 043800  780 677 1665    -6404966    -52          -9     -9   13  89   79    5   44   -1   44   -1  12  0  0 L3P D7
G26 FF 61156 043800  780 417 2895     3581558     23          -6    -21   19  56  111    6   53    8   53    8  14  0  0 L3P BD
G29 FF 61156 043800  780 330  641     3331517    -73           7      0   27  10  135   18   42    2   42    2  22  0  0 L3P 74
G10 FF 61156 045400  780 696 2805     5881254    -23          -3     -8   14  52   78   -2   39    8   39    8  12  0  0 L3P B3
G16 FF 61156 045400  780 382 2546    -2519166    -91         -12    -22   24 174  119   -4   62   25   62   25  21  0  0 L3P 18
G18 FF 61156 045400  780 361 1379     3675371   -103           9     -9   18 116  124    8   26   11   26   11  15  0  0 L3P E2
G23 FF 61156 045400  780 598 1635    -6405005    -38          -6      6   14  89   85    7   36   -3   36   -3  13  0  0 L3P BD
G26 FF 61156 045400  780 384 2989     3581597     75         -10     31   26  56  118   10   56  -20   56  -20  21  0  0 L3P 0D
G27 FF 61156 045400  780 242 2174     1237697    183          25     10   37  74  179  -43   33   -6   33   -6  31  0  0 L3P F7
G29 FF 61156 045400  780 281  574     3331458    -59          18     14   27  10  156   27   36   -1   36   -1  23  0  0 L3P CD
G32 FF 61156 045400  780 218   33     -217187   -206         -13     -8   41  14  197  -55   63  -11   63  -11  33  0  0 L3P F1
G10 FF 61156 051000  780 715 2547     5881239      0          -3     15   11  52   78    0   40  -11   40  -11   8  0  0 L3P 8A
G16 FF 61156 051000  780 389 2645    -2519220    -77           0     -8   16 174  117    0   56   19   56   19  13  0  0 L3P E2
G18 FF 61156 051000  780 337 1299     3675268    -86          -5      7   17 116  132    9   40    8   40    8  13  0  0 L3P B9
G23 FF 61156 051000  780 524 1605    -6405053    -67         -12    -24   14  89   93    9   38   23   38   23  12  0  0 L3P E5
G26 FF 61156 051000  780 344 3073     3581642     -9          -7    -53   43  56  130   15   58   51   58   51  30  0  0 L3P DB
G27 FF 61156 051000  780 304 2166     1237858    133          20    -40   24  74  145  -28   26   31   26   31  22  0  0 L3P F3
G29 FF 61156 051000  780 228  516     3331396    -43          26     30   27  10  189   43   37  -14   37  -14  19  0  0 L3P ED
G32 FF 61156 051000  780 283   62     -217361   -188           3      9   24  14  155  -35   49   -7   49   -7  20  0  0 L3P AE
G10 FF 61156 052600  780 702 2285     5881232      1           4     16   16  52   78    1   32  -17   32  -17  14  0  0 L3P 9C
G16 FF 61156 052600  780 381 2745    -2519285    -42           2     28   16 174  119    4   62  -23   62  -23  14  0  0 L3P FD
G18 FF 61156 052600  780 313 1219     3675185    -71           1     23   22 116  141   10   41  -12   41  -12  16  0  0 L3P E0
G23 FF 61156 052600  780 453 1572    -6405092    -46         -10     -3   26  89  103   13   37    4   37    4  22  0  0 L3P CE
G26 FF 61156 052600  780 300 3148     3581689     69          -3     24   23  56  147   21   61  -12   61  -12  18  0  0 L3P EF
G27 FF 61156 052600  780 368 2168     1238002    165          -3     -8   21  74  123  -19   48    0   48    0  18  0  0 L3P C9
G32 FF 61156 052600  780 352   92     -217547   -224           7    -27   19  14  127  -23   39   23   39   23  16  0  0 L3P D8
G10 FF 61156 054200  780 663 2081     5881219    -31           5    -16   11  52   80    3   30   15   30   15  11  0  0 L3P 9E
G16 FF 61156 054200  780 361 2841    -2519350    -23           3     46   21 174  124    8   66  -32   66  -32  18  0  0 L3P F7
G18 FF 61156 054200  780 289 1141     3675113    -83          19     10   40 116  151   12   30   -5   30   -5  38  0  0 L3P DA
G23 FF 61156 054200  780 387 1537    -6405127    -29          -4     15   29  89  117   17   34  -11   34  -11  26  0  0 L3P 0C
G26 FF 61156 054200  780 254 3215     3581734     37           0     -8   20  56  171   30   66   13   66   13  17  0  0 L3P BC
G27 FF 61156 054200  780 435 2182     1238172    168           2     -5   25  74  107  -14   40   -1   40   -1  22  0  0 L3P C0
G32 FF 61156 054200  780 425  125     -217741   -172           3     26   33  14  109  -16   38  -27   38  -27  30  0  0 L3P EA
G10 FF 61156 055800  780 613 1935     5881204    -21           4     -6   16  52   84    4   34   10   34   10  14  0  0 L3P 99
G16 FF 61156 055800  780 331 2931    -2519407    -48          13     21   23 174  134   13   66  -12   66  -12  21  0  0 L3P 14
G18 FF 61156 055800  780 264 1064     3675030   -137          25    -44   39 116  164   15   32   53   32   53  34  0  0 L3P 18
G23 FF 61156 055800  780 326 1498    -6405154    -41          11      2   24  89  136   23   28   10   28   10  21  0  0 L3P D7
G26 FF 61156 055800  780 209 3276     3581784     -4           7    -48   39  56  205   43   75   67   75   67  34  0  0 L3P FE
G27 FF 61156 055800  780 502 2214     1238351    203          15     31   19  74   96  -10   32  -28   32  -28  18  0  0 L3P F8
G32 FF 61156 055800  780 500  165     -217926   -216           8    -19   19  14   96  -11   33   20   33   20  16  0  0 L3P CD
G08 FF 61156 061400  780 243 2213    -4547459    100          -6     29   40  29  178  -43   67  -20   67  -20  34  0  0 L3P 1C
G10 FF 61156 061400  780 558 1825     5881194     -8           9      6   15  53   89    6   35   -4   35   -4  13  0  0 L3P 95
G16 FF 61156 061400  780 295 3012    -2519472    -68          18      1   30 177  149   19   72   14   72   14  26  0  0 L3P FA
G18 FF 61156 061400  780 238  988     3674929    -83          13     10   21 117  181   20   43   -5   43   -5  18  0  0 L3P E6
G23 FF 61156 061400  780 270 1457    -6405210    -20           2     24   26  90  162   31   47  -17   47  -17  22  0  0 L3P E6
G27 FF 61156 061400  780 568 2272     1238522    162          16    -11   17  75   88   -7   31    9   31    9  15  0  0 L3P C6
G32 FF 61156 061400  780 577  220     -218116   -202          10     -4   14  15   87   -8   35    1   35    1  12  0  0 L3P 82
G08 FF 61156 063000  780 303 2240    -4547381     72           5      2   29  29  146  -27   55   -5   55   -5  26  0  0 L3P C7
G10 FF 61156 063000  780 502 1736     5881181    -38          10    -24   12  53   96    8   34   16   34   16  10  0  0 L3P C1
G16 FF 61156 063000  780 254 3086    -2519529    -79          27    -10   32 177  171   27   73   24   73   24  24  0  0 L3P 1E
G18 FF 61156 063000  780 211  915     3674852     -7          26     87   33 117  203   27   39  -58   39  -58  28  0  0 L3P 0A
G23 FF 61156 063000  780 217 1413    -6405222     31          32     74   36  90  197   44   24  -36   24  -36  27  0  0 L3P F7
G27 FF 61156 063000  780 627 2372     1238681    170           9     -3   17  75   83   -4   36   -2   36   -2  14  0  0 L3P B6
G32 FF 61156 063000  780 651  308     -218309   -200           7     -3   19  15   81   -5   36    0   36    0  14  0  0 L3P 75
G08 FF 61156 064600  780 360 2282    -4547316     45           2    -26   14  29  125  -17   50   32   50   32  13  0  0 L3P E3
G10 FF 61156 064600  780 449 1658     5881154    -37          -3    -22   18  53  104   10   42   24   42   24  17  0  0 L3P E9
G16 FF 61156 064600  780 211 3154    -2519614    -99           9    -30   30 177  203   40   94   41   94   41  24  0  0 L3P 02
G18 FF 61156 064600  780 181  845     3674759      6          22     99   32 117  235   40   45  -86   45  -86  27  0  0 L3P 0A
G27 FF 61156 064600  780 671 2532     1238835    170          -2     -3   10  75   80   -2   42    7   42    7   8  0  0 L3P 92
G32 FF 61156 064600  780 715  464     -218503   -201           2     -3   13  15   78   -3   36    4   36    4  12  0  0 L3P 7C
G08 FF 61156 070200  780 413 2343    -4547251     77          -1      7   24  29  111  -11   53    0   53    0  21  0  0 L3P 9B
G10 FF 61156 070200  780 399 1587     5881139    -32          -3    -17   27  53  114   12   45   21   45   21  24  0  0 L3P EA
G27 FF 61156 070200  780 687 2750     1239002    162          -2    -11   13  75   79    0   43   10   43   10  10  0  0 L3P B2
G32 FF 61156 070200  780 753  741     -218689   -198           6     -1   42  15   76   -1   34    3   34    3  28  0  0 L3P 94
G02 FF 61156 071800  780 228 2187     -864444    -64          23     13   41  35  189  -44   48  -35   48  -35  39  0  0 L3P 21
G08 FF 61156 071800  780 458 2424    -4547185     50          -3    -21   19  29  102   -7   55   16   55   16  15  0  0 L3P F1
G10 FF 61156 071800  780 353 1520     5881126      3          -2     18   22  53  127   14   45  -10   45  -10  18  0  0 L3P C4
G27 FF 61156 071800  780 669 2970     1239176    190           6     17   15  75   80    2   38  -19   38  -19  13  0  0 L3P ED
G32 FF 61156 071800  780 742 1070     -218854   -183          31     15   15  15   76    1   19  -10   19  -10  13  0  0 L3P D8
G02 FF 61156 073400  780 285 2150     -864540    -89           1    -11   27  35  154  -30   58   -4   58   -4  25  0  0 L3P DF
G08 FF 61156 073400  780 491 2528    -4547119     76          -5      6   19  29   97   -4   57   -4   57   -4  18  0  0 L3P D3
G10 FF 61156 073400  780 310 1454     5881135      6          21     20   24  53  142   18   29  -16   29  -16  18  0  0 L3P D4
G27 FF 61156 073400  780 623 3138     1239339    177           4      4   14  75   83    4   44   -3   44   -3  12  0  0 L3P 9D
G28 FF 61156 073400  780 232  393     5457726   -115           9    -17   35 176  186  -36   65    9   65    9  25  0  0 L3P 02
G32 FF 61156 073400  780 691 1285     -219065   -217          10    -19   15  15   79    3   34   13   34   13  13  0  0 L3P D3
G02 FF 61156 075000  780 347 2116     -864625   -135          -9    -58   19  35  129  -22   53   49   53   49  16  0  0 L3P 1C
G08 FF 61156 075000  780 507 2649    -4547049     84          -2     14   21  29   95   -1   56   -5   56   -5  17  0  0 L3P D3
G10 FF 61156 075000  780 271 1389     5881105     40           5     55   26  53  161   21   50  -36   50  -36  22  0  0 L3P D4
G27 FF 61156 075000  780 561 3253     1239515    205          14     32   25  75   89    7   38  -19   38  -19  21  0  0 L3P EF
G28 FF 61156 075000  780 279  456     5457648    -80          24     18   33 176  157  -25   42   -4   42   -4  26  0  0 L3P 01
G32 FF 61156 075000  780 622 1392     -219257   -178           9     20   14  15   83    6   34  -17   34  -17  11  0  0 L3P D3
G02 FF 61156 080600  780 413 2086     -864684    -21           3     56   21  36  111  -16   40  -44   40  -44  17  0  0 L3P E8
G08 FF 61156 080600  780 505 2777    -4546996     75         -21      5   18  30   95    2   65   -5   65   -5  14  0  0 L3P CF
G10 FF 61156 080600  780 234 1323     5881097     -4          12     11   24  54  184   26   40   -9   40   -9  17  0  0 L3P C1
G27 FF 61156 080600  780 493 3332     1239668    183           1     10   39  76   97   11   49  -19   49  -19  38  0  0 L3P 05
G28 FF 61156 080600  780 324  526     5457543   -100          11     -3   31 177  137  -17   49  -17   49  -17  25  0  0 L3P 21
G31 FF 61156 080600  780 230  237     1530331     -8          -4     15   28  29  187  -42   75  -30   75  -30  24  0  0 L3P D9
G32 FF 61156 080600  780 547 1444     -219453   -203           7     -5   20  16   90    9   37   -4   37   -4  19  0  0 L3P AF
G01 FF 61156 082200  780 203 2191    -2892415     59          16    -29   31  63  211  -57   64   24   64   24  27  0  0 L3P FF
G02 FF 61156 082200  780 484 2062     -864753    -78           8     -1   18  36   98  -12   39   -2   39   -2  16  0  0 L3P CC
G08 FF 61156 082200  780 484 2899    -4546914     50          -7    -21   16  30   98    5   55   13   55   13  13  0  0 L3P DB
G10 FF 61156 082200  780 201 1258     5881061    -59         -10    -44   25  54  212   33   63   61   63   61  19  0  0 L3P F4
G27 FF 61156 082200  780 422 3391     1239841    150           8    -23   32  76  109   15   47   29   47   29  28  0  0 L3P F5
G28 FF 61156 082200  780 367  605     5457441    -85           3     13   20 177  123  -12   54   -1   54   -1  17  0  0 L3P D1
G31 FF 61156 082200  780 284  289     1530333    -20          21      4   28  29  154  -28   48    3   48    3  22  0  0 L3P A5
G32 FF 61156 082200  780 473 1466     -219636   -188          14      9   25  16  100   12   34    0   34    0  24  0  0 L3P AE
G01 FF 61156 083800  780 261 2163    -2892336     63          11    -25   39  63  167  -37   58    5   58    5  33  0  0 L3P EE
G02 FF 61156 083800  780 560 2044     -864826    -99          10    -22   12  36   89   -8   33    9   33    9  10  0  0 L3P BF
G08 FF 61156 083800  780 449 3007    -4546837     89           2     18   41  30  104    8   50  -16   50  -16  27  0  0 L3P E8
G27 FF 61156 083800  780 352 3439     1240013    149          15    -23   44  76  127   22   48   26   48   26  41  0  0 L3P FE
G28 FF 61156 083800  780 403  694     5457351    -93           7      4   16 177  113   -8   52   11   52   11  14  0  0 L3P C4
G31 FF 61156 083800  780 340  346     1530301    -36          11    -12   22  29  131  -20   55   14   55   14  18  0  0 L3P CE
G32 FF 61156 083800  780 400 1470     -219826   -188          14     10   21  16  114   17   38   -7   38   -7  19  0  0 L3P E9
G01 FF 61156 085400  780 323 2141    -2892284     83         -21     -5   24  63  137  -25   69    5   69    5  17  0  0 L3P E1
G02 FF 61156 085400  780 640 2035     -864914    -79          -4     -1   15  36   82   -6   36   -4   36   -4  13  0  0 L3P B8
G03 FF 61156 085400  780 192 2452    -4887555    178          -3     30   35  11  221  -30   73  -47   73  -47  30  0  0 L3P 21
G08 FF 61156 085400  780 404 3099    -4546773     68          -2     -2   20  30  113   12   50    1   50    1  14  0  0 L3P A5
G27 FF 61156 085400  780 285 3481     1240186    205          22     32   23  76  154   33   51  -23   51  -23  20  0  0 L3P F7
G28 FF 61156 085400  780 430  795     5457270   -134          19    -36   26 177  108   -4   45   31   45   31  23  0  0 L3P 0E
G31 FF 61156 085400  780 396  412     1530273    -42           7    -18   18  29  115  -14   55   11   55   11  16  0  0 L3P D3
G32 FF 61156 085400  780 331 1463     -220012   -180          18     18   19  16  135   25   39  -20   39  -20  17  0  0 L3P FA
G01 FF 61156 091000  780 389 2126    -2892183     73          -4    -15   29  63  117  -18   50   16   50   16  26  0  0 L3P FD
G02 FF 61156 091000  780 722 2046     -864993    -71          -9      6   14  36   77   -4   39    3   39    3  12  0  0 L3P 9A
G03 FF 61156 091000  780 220 2383    -4887405    130           5    -17   32  11  195  -24   53   -2   53   -2  29  0  0 L3P E6
G04 FF 61156 091000  780 214 3083     -547932     10          38     25   48  93  201  -50   54  -26   54  -26  35  0  0 L3P F6
G08 FF 61156 091000  780 354 3177    -4546705     57          -1    -14   20  30  127   17   59   23   59   23  15  0  0 L3P EF
G27 FF 61156 091000  780 221 3520     1240346    205          16     32   26  76  194   53   78    4   78    4  18  0  0 L3P C7
G28 FF 61156 091000  780 443  904     5457173    -99          16     -1   24 177  105   -1   55   13   55   13  19  0  0 L3P E3
G31 FF 61156 091000  780 449  490     1530246    -33           2     -9   21  29  104  -10   66   22   66   22  17  0  0 L3P B9
G32 FF 61156 091000  780 265 1447     -220226   -161          -6     37   22  16  164   38   78   -8   78   -8  17  0  0 L3P EE
G01 FF 61156 092600  780 458 2120    -2892103     97          -8     10   17  63  102  -13   58    3   58    3  17  0  0 L3P C5
G02 FF 61156 092600  780 806 2123     -865063    -78          -4     -1   14  36   75   -2   46   17   46   17  12  0  0 L3P C1
G03 FF 61156 092600  780 248 2314    -4887268    119          -1    -29   22  11  174  -20   59   31   59   31  19  0  0 L3P 18
G04 FF 61156 092600  780 267 3025     -547960    -17          25     -2   26  93  163  -30   67   14   67   14  23  0  0 L3P F0
G08 FF 61156 092600  780 301 3245    -4546629    105           8     35   22  30  146   24   73    1   73    1  18  0  0 L3P BD
G28 FF 61156 092600  780 441 1013     5457077   -109          14    -12   30 177  106    2   67   16   67   16  26  0  0 L3P 07
G31 FF 61156 092600  780 497  585     1530233    -30          12     -6   21  29   96   -6   67   20   67   20  15  0  0 L3P BA
G32 FF 61156 092600  780 203 1424     -220405   -231           5    -33   37  16  211   61   94   69   94   69  29  0  0 L3P EE
G01 FF 61156 094200  780 530 2127    -2892006    115           5     27   16  63   92   -9   58   -2   58   -2  15  0  0 L3P C4
G02 FF 61156 094200  780 868 2812     -865144    -47         -11     31   12  36   74    0   71    1   71    1  12  0  0 L3P 98
G03 FF 61156 094200  780 279 2246    -4887132    175          -6     27   33  11  157  -17   72   -5   72   -5  27  0  0 L3P 06
G04 FF 61156 094200  780 316 2958     -547986      7          13     21   22  93  140  -19   86    2   86    2  20  0  0 L3P B9
G08 FF 61156 094200  780 249 3305    -4546551      4          17    -67   54  30  174   35  101   98  101   98  47  0  0 L3P 17
G28 FF 61156 094200  780 422 1116     5456973    -52           4     46   28 177  109    6   86  -15   86  -15  24  0  0 L3P 08
G31 FF 61156 094200  780 533  700     1530212      7          15     31   19  29   92   -4   73  -12   73  -12  17  0  0 L3P A5
G01 FF 61156 095800  780 604 2155    -2891918     97           9      9   12  63   85   -6   70   14   70   14   9  0  0 L3P B4
G02 FF 61156 095800  780 805 3498     -865189    -67          18     10   31  36   75    2   66   15   66   15  30  0  0 L3P D9
G03 FF 61156 095800  780 311 2178    -4886974    177          10     29   29  11  142  -14   75   -2   75   -2  24  0  0 L3P 0C
G04 FF 61156 095800  780 361 2880     -547994     21          19     36   28  93  124  -13   97  -17   97  -17  23  0  0 L3P 20
G08 FF 61156 095800  780 198 3360    -4546484     91          17     20   40  30  215   52  150   42  150   42  35  0  0 L3P 0A
G28 FF 61156 095800  780 390 1206     5456883   -103           8     -6   24 177  117   10   99   23   99   23  23  0  0 L3P 0E
G31 FF 61156 095800  780 554  833     1530194    -40          19    -16   19  29   89   -1   82   28   82   28  17  0  0 L3P E4
G01 FF 61156 101400  780 677 2221    -2891830     71          15    -16   10  64   79   -4   80   22   80   22   9  0  0 L3P C1
G02 FF 61156 101400  780 718 3583     -865274    -95           5    -17   13  37   77    4   89   31   89   31  11  0  0 L3P CD
G03 FF 61156 101400  780 347 2109    -4886836    157           4      9   19  30  129  -12   97    6   97    6  17  0  0 L3P D6
G04 FF 61156 101400  780 401 2792     -548006    -17          22     -3   23  94  114   -9  105    7  105    7  20  0  0 L3P BE
G28 FF 61156 101400  780 347 1278     5456807   -113          26    -15   31 178  129   16  116   37  116   37  25  0  0 L3P 46
G31 FF 61156 101400  780 554  973     1530177    -36          26    -12   22  35   89    1   92   23   92   23  19  0  0 L3P BD
G01 FF 61156 103000  780 743 2372    -2891752     59           8    -28   16  64   76   -2   91   31   91   31  13  0  0 L3P CE
G02 FF 61156 103000  780 631    9     -865350    -77           3      0   20  37   82    7  105   16  105   16  16  0  0 L3P 71
G03 FF 61156 103000  780 385 2039    -4886702    157          -4      9   24  30  118  -11  109    6  109    6  22  0  0 L3P E6
G04 FF 61156 103000  780 433 2694     -548021      5          21     20   22  94  107   -6  111  -13  111  -13  19  0  0 L3P D4
G28 FF 61156 103000  780 296 1334     5456712   -104          25     -6   22 178  149   25  141   22  141   22  17  0  0 L3P 1D
G31 FF 61156 103000  780 534 1102     1530145    -12          16     12   20  35   92    4  110    1  110    1  19  0  0 L3P 82
G01 FF 61156 104600  780 781 2690    -2891673     89           4      2   15  64   75    0  104   18  104   18  13  0  0 L3P C5
G02 FF 61156 104600  780 546   22     -865411    -43          16     34   18  37   90   10  124   -1  124   -1  15  0  0 L3P A9
G03 FF 61156 104600  780 426 1966    -4886552    171           4     23   12  30  108   -9  112  -15  112  -15  11  0  0 L3P 0E
G04 FF 61156 104600  780 459 2587     -548037    -19          20     -4   22  94  102   -4  117   11  117   11  18  0  0 L3P F1
G09 FF 61156 104600  780 185 2803    -7563446    133          41     96   89  22  229  -43  191  -95  191  -95  87  0  0 L3P 6F
G28 FF 61156 104600  780 240 1374     5456627    -74          33     24   30 178  180   42  163    7  163    7  24  0  0 L3P FF
G31 FF 61156 104600  780 498 1209     1530122    -30          17     -6   23  35   96    6  121   16  121   16  21  0  0 L3P C8
G01 FF 61156 110200  780 763 3072    -2891584     96           8      8   15  64   76    1  122   20  122   20  13  0  0 L3P B6
G02 FF 61156 110200  780 464   31     -865480    -69          21      8   21  37  102   14  161   38  161   38  17  0  0 L3P C2
G03 FF 61156 110200  780 471 1890    -4886412    135           2    -13   21  30  100   -8  126   31  126   31  19  0  0 L3P F3
G04 FF 61156 110200  780 477 2474     -548054    -12          16      3   24  94   99   -2  132   19  132   19  21  0  0 L3P D7
G09 FF 61156 110200  780 219 2732    -7563520   -175         -68   -211   34  22  196  -28  314  215  314  215  31  0  0 L3P 80
G26 FF 61156 110200  780 199  819     3582604     64          11     19   25  16  214  -20  281    3  281    3  23  0  0 L3P CC
G31 FF 61156 110200  780 449 1288     1530101     16          19     40   17  35  104   10  142    4  142    4  15  0  0 L3P B2
G01 FF 61156 111800  780 703 3289    -2891500     45           9    -43   20  64   78    4  138   55  138   55  15  0  0 L3P ED
G02 FF 61156 111800  780 385   41     -865556   -122          19    -45   12  37  118   21  204   93  204   93  10  0  0 L3P F7
G03 FF 61156 111800  780 517 1805    -4886270    113           2    -35   15  30   94   -6  136   41  136   41  12  0  0 L3P F3
G04 FF 61156 111800  780 487 2358     -548071    -52           8    -38   17  95   98   -1  146   36  146   36  15  0  0 L3P 05
G09 FF 61156 111800  780 249 2659    -7563430    205         -12    169   37  22  173  -20  259 -176  259 -176  33  0  0 L3P A1
G26 FF 61156 111800  780 216  892     3582654     71          19     26   45  16  198  -12  276  -17  276  -17  38  0  0 L3P 33
G31 FF 61156 111800  780 393 1345     1530079     -8          19     16   25  35  116   15  168   24  168   24  23  0  0 L3P FA
G01 FF 61156 113400  780 629 3396    -2891407     54          17    -34   42  64   83    6  160   71  160   71  41  0  0 L3P F9
G02 FF 61156 113400  780 310   52     -865620    -84          30     -6   21  37  143   31  262   83  262   83  17  0  0 L3P CC
G03 FF 61156 113400  780 564 1708    -4886130    170           1     22   17  30   88   -5  152   -5  152   -5  16  0  0 L3P DF
G04 FF 61156 113400  780 492 2241     -548086    -22           8     -7   23  95   97    0  161   31  161   31  20  0  0 L3P BF
G09 FF 61156 113400  780 277 2582    -7563345     41          37      5   25  22  157  -14  221   10  221   10  22  0  0 L3P F3
G16 FF 61156 113400  780 199  649    -2520799    -72          25     -3   36  12  215  -34  328   -1  328   -1  31  0  0 L3P 08
G26 FF 61156 113400  780 225  968     3582687     41           9     -4   30  16  191   -4  288   11  288   11  26  0  0 L3P E1
G31 FF 61156 113400  780 333 1382     1530053    -34          16    -10   22  35  134   22  210   50  210   50  19  0  0 L3P E4
G01 FF 61156 115000  780 552 3456    -2891329    127          11     39   31  64   90    9  200   -4  200   -4  30  0  0 L3P DA
G02 FF 61156 115000  780 239   65     -865693    -80          31     -3   29  37  181   50  341  100  341  100  28  0  0 L3P F1
G03 FF 61156 115000  780 610 1589    -4885984    161           5     13   15  30   84   -4  164    8  164    8  13  0  0 L3P D8
G04 FF 61156 115000  780 491 2126     -548095    -13          13      2   19  95   97    0  176   17  176   17  17  0  0 L3P D7
G09 FF 61156 115000  780 303 2503    -7563323     38          25      1   26  22  145  -11  244    8  244    8  22  0  0 L3P CE
G16 FF 61156 115000  780 229  719    -2520889    -63           1      6   38  12  188  -23  355   -5  355   -5  32  0  0 L3P F0
G26 FF 61156 115000  780 226 1043     3582728     62           8     18   26  16  190    3  319   21  319   21  22  0  0 L3P D1
G31 FF 61156 115000  780 271 1404     1530027     51          13     75   32  35  161   35  258    0  258    0  25  0  0 L3P BC
G01 FF 61156 120600  780 474 3496    -2891239     80          19     -8   32  65  100   13  236   56  236   56  30  0  0 L3P 0D
G03 FF 61156 120600  780 650 1439    -4885846    135          -1    -13   15  37   81   -2  184   29  184   29  13  0  0 L3P 18
G04 FF 61156 120600  780 486 2014     -548107      8          11     23   19  96   98    1  201    8  201    8  15  0  0 L3P 96
G07 FF 61156 120600  780 255 3203     1776916     54          13     10   21  15  171  -40  329  -24  329  -24  14  0  0 L3P 15
G09 FF 61156 120600  780 327 2421    -7563281      7          37    -29   21  23  136   -9  256   36  256   36  17  0  0 L3P 0D
G16 FF 61156 120600  780 256  795    -2520940   -191          21   -121   30  42  170  -15  350  136  350  136  27  0  0 L3P 56
G26 FF 61156 120600  780 218 1117     3582779     44          20      0   27  17  197   11  352   44  352   44  21  0  0 L3P E8
G31 FF 61156 120600  780 210 1414     1530022    -66          32    -42   28  43  204   58  314  138  314  138  25  0  0 L3P 1F
G01 FF 61156 122200  780 399 3527    -2891163     83          11     -5   15  65  115   18  290   56  290   56  12  0  0 L3P 0C
G03 FF 61156 122200  780 677 1247    -4885705    145          -3     -3   10  37   79   -1  202   18  202   18   9  0  0 L3P E8
G04 FF 61156 122200  780 480 1906     -548124    -19           9     -4   20  96   99    1  228   24  228   24  17  0  0 L3P D1
G07 FF 61156 122200  780 317 3158     1776942     63          -3     19   21  15  140  -25  317  -36  317  -36  17  0  0 L3P 21
G09 FF 61156 122200  780 350 2339    -7563250     29          33     -7   22  23  128   -7  274   21  274   21  18  0  0 L3P FC
G16 FF 61156 122200  780 275  874    -2521037    -19         -10     50   26  42  158   -9  384  -40  384  -40  21  0  0 L3P 23
G26 FF 61156 122200  780 201 1186     3582825     31          23    -14   32  17  212   22  397   63  397   63  24  0  0 L3P 06
G01 FF 61156 123800  780 326 3554    -2891073     85          17     -3   19  65  136   27  341   66  341   66  14  0  0 L3P 14
G03 FF 61156 123800  780 683 1024    -4885566    143          -5     -4   15  37   79    0  220   13  220   13  15  0  0 L3P E5
G04 FF 61156 123800  780 471 1801     -548150      4          -3     19   21  96  100    2  255   -4  255   -4  17  0  0 L3P B5
G06 FF 61156 123800  780 212 2314     6082887    -32          17     -7   36  39  202  -34  379  -10  379  -10  30  0  0 L3P 2E
G07 FF 61156 123800  780 379 3102     1776987     59          -1     15   19  15  120  -17  299  -27  299  -27  14  0  0 L3P 42
G09 FF 61156 123800  780 372 2255    -7563222     33          26     -3   23  23  121   -6  291    5  291    5  21  0  0 L3P D1
G16 FF 61156 123800  780 287  956    -2521060    -88          34    -19   33  42  153   -3  358   28  358   28  30  0  0 L3P 22
G01 FF 61156 125400  780 257 3580    -2890990     44          16    -44   19  65  169   42  412  116  412  116  15  0  0 L3P 44
G03 FF 61156 125400  780 662  809    -4885427    159          -8     11   11  37   80    2  236    6  236    6   9  0  0 L3P BC
G04 FF 61156 125400  780 462 1698     -548156    -35           5    -21   18  96  102    2  260   20  260   20  17  0  0 L3P E5
G06 FF 61156 125400  780 244 2381     6082860    -14          15     11   29  39  177  -19  371  -25  371  -25  25  0  0 L3P 38
G07 FF 61156 125400  780 437 3031     1777036     79           6     35   41  15  106  -11  284  -30  284  -30  26  0  0 L3P 0E
G09 FF 61156 125400  780 394 2170    -7563179     54          34     18   26  23  116   -6  284  -17  284  -17  24  0  0 L3P 33
G16 FF 61156 125400  780 289 1038    -2521153    -69           7      1   26  42  152    2  389    8  389    8  20  0  0 L3P CC
G01 FF 61156 131000  780 193    7    -2890887    140          35     52   29  65  221   69  483   55  483   55  23  0  0 L3P FA
G03 FF 61156 131000  780 620  638    -4885283    148          -6      0   14  37   83    4  256   21  256   21  12  0  0 L3P C9
G04 FF 61156 131000  780 452 1597     -548156     11          20     26   25  96  104    2  257  -13  257  -13  24  0  0 L3P F5
G06 FF 61156 131000  780 266 2458     6082831    -46          10    -21   19  39  164  -10  367   20  367   20  17  0  0 L3P 1F
G07 FF 61156 131000  780 492 2941     1777084     44          11      0   13  15   97   -8  275   -3  275   -3  10  0  0 L3P C7
G09 FF 61156 131000  780 417 2083    -7563144     44          35      8   23  23  110   -5  282  -10  282  -10  20  0  0 L3P F2
G16 FF 61156 131000  780 280 1118    -2521210   -105          17    -36   50  42  156    8  388   35  388   35  45  0  0 L3P 1E
G03 FF 61156 132600  780 563  513    -4885136    135          -1    -13   15  37   88    7  272   33  272   33  13  0  0 L3P EF
G04 FF 61156 132600  780 441 1498     -548177     14          13     29   18  96  105    2  277  -20  277  -20  16  0  0 L3P 09
G06 FF 61156 132600  780 277 2541     6082814    -30          17     -5   24  39  158   -3  373   11  373   11  18  0  0 L3P 00
G07 FF 61156 132600  780 539 2830     1777125     63          10     18    8  15   91   -5  266  -24  266  -24   8  0  0 L3P EA
G09 FF 61156 132600  780 440 1993    -7563107     90          37     54   16  23  106   -5  280  -49  280  -49  15  0  0 L3P 30
G16 FF 61156 132600  780 260 1192    -2521274    -45          20     25   26  42  167   15  403    8  403    8  20  0  0 L3P E1
G30 FF 61156 132600  780 207 3010    -2011846   -163          24    -29   34   4  207  -49  445  -30  445  -30  26  0  0 L3P 38
G03 FF 61156 134200  780 498  423    -4885004    130         -11    -18   13  37   96   10  300   36  300   36  11  0  0 L3P FA
G04 FF 61156 134200  780 430 1400     -548206     20          -3     34   23  96  108    3  300  -28  300  -28  19  0  0 L3P DB
G06 FF 61156 134200  780 276 2627     6082780    -36           7    -11   24  39  158    3  389   18  389   18  20  0  0 L3P 0E
G07 FF 61156 134200  780 575 2695     1777177     47          19      3   12  15   87   -3  248  -24  248  -24  10  0  0 L3P 04
G09 FF 61156 134200  780 464 1900    -7563080     33          29     -4   20  23  101   -4  272  -11  272  -11  18  0  0 L3P 02
G16 FF 61156 134200  780 231 1258    -2521349   -140          12    -70   29  42  186   26  431   76  431   76  24  0  0 L3P 33
G30 FF 61156 134200  780 255 2950    -2011984   -107          15     27   25   4  170  -30  402  -76  402  -76  21  0  0 L3P 2D
G03 FF 61156 135800  780 428  359    -4884858    171          -6     23   24  37  108   15  319    7  319    7  20  0  0 L3P FB
G04 FF 61156 135800  780 416 1303     -548204    -18          14     -3   24  96  110    3  292    8  292    8  17  0  0 L3P C6
G06 FF 61156 135800  780 265 2712     6082742     -9          -7     16   35  39  164   10  410   -2  410   -2  30  0  0 L3P DD
G07 FF 61156 135800  780 597 2538     1777200     49           0      4   18  15   85   -1  246  -11  246  -11  14  0  0 L3P E1
G09 FF 61156 135800  780 488 1803    -7563050    -23          24    -60   15  23   98   -4  268   39  268   39  12  0  0 L3P 28
G16 FF 61156 135800  780 194 1314    -2521416    -70          11      0   25  42  220   45  460   44  460   44  18  0  0 L3P F2
G30 FF 61156 135800  780 300 2882    -2012106   -135          22     -1   18   4  147  -20  357  -32  357  -32  14  0  0 L3P 1F
G03 FF 61156 141400  780 357  312    -4884716    145          -9     -3   17  38  126   23  361   48  361   48  12  0  0 L3P 09
G04 FF 61156 141400  780 401 1207     -548233     11          -5     26   19  97  114    4  302  -25  302  -25  15  0  0 L3P DF
G06 FF 61156 141400  780 244 2794     6082737    -37          13    -12   33  40  177   17  406   50  406   50  32  0  0 L3P 14
G07 FF 61156 141400  780 604 2371     1777247     50           3      6   13  19   85    0  230  -15  230  -15  12  0  0 L3P BB
G09 FF 61156 141400  780 512 1698    -7563020     37          20      1   15  24   94   -3  257  -28  257  -28  13  0  0 L3P FF
G30 FF 61156 141400  780 341 2805    -2012255   -182           5    -48   16  63  131  -14  329   17  329   17  12  0  0 L3P 22
G03 FF 61156 143000  780 285  278    -4884582    113         -16    -35   16  38  154   36  430   96  430   96  12  0  0 L3P 35
G04 FF 61156 143000  780 383 1113     -548250    -13          -8      2   19  97  118    5  305    1  305    1  15  0  0 L3P A2
G06 FF 61156 143000  780 217 2872     6082722    -24          22      1   23  40  197   27  452   52  452   52  18  0  0 L3P F2
G07 FF 61156 143000  780 595 2207     1777301     83          14     38   10  19   85    1  215  -32  215  -32   8  0  0 L3P DB
G09 FF 61156 143000  780 534 1584    -7562974     33          31     -3   13  24   92   -2  231   -2  231   -2  12  0  0 L3P D3
G30 FF 61156 143000  780 378 2720    -2012360   -137          28     -3   20  63  120   -9  283  -19  283  -19  18  0  0 L3P 2E
G03 FF 61156 144600  780 214  255    -4884442    136         -19    -12   27  38  200   64  526  114  526  114  21  0  0 L3P 42
G04 FF 61156 144600  780 361 1022     -548261    -47          -4    -32   21  97  124    7  317   55  317   55  18  0  0 L3P FC
G06 FF 61156 144600  780 185 2944     6082689    -45          14    -20   30  40  229   41  510   61  510   61  20  0  0 L3P 10
G07 FF 61156 144600  780 575 2057     1777338     41           9     -3   15  19   87    3  217    2  217    2  14  0  0 L3P AA
G09 FF 61156 144600  780 551 1461    -7562943     24          28    -13   13  24   90   -2  234   17  234   17  12  0  0 L3P FC
G14 FF 61156 144600  780 261 3392    -7445421    -19          20     -8   36  78  167  -43  447  -92  447  -92  33  0  0 L3P 56
G30 FF 61156 144600  780 409 2628    -2012507    -90          10     44   15  63  112   -7  282  -58  282  -58  14  0  0 L3P 2A
G04 FF 61156 150200  780 336  934     -548274    -46          -3    -31   30  97  133   10  339   55  339   55  25  0  0 L3P 03
G07 FF 61156 150200  780 546 1925     1777369     37          -3     -7   18  19   90    4  222   -1  222   -1  16  0  0 L3P C8
G09 FF 61156 150200  780 563 1327    -7562916      5          19    -31   13  24   88   -1  241   31  241   31  12  0  0 L3P E2
G14 FF 61156 150200  780 333 3379    -7445430    -64          21    -52   29  78  134  -27  377  -21  377  -21  25  0  0 L3P 57
G30 FF 61156 150200  780 435 2529    -2012626   -148          20    -14   19  63  107   -5  251  -11  251  -11  16  0  0 L3P 2D
G04 FF 61156 151800  780 306  852     -548271    -44          14    -29   34  97  144   14  354   54  354   54  31  0  0 L3P 0C
G07 FF 61156 151800  780 514 1809     1777413     23          -2    -21   17  19   94    5  227   16  227   16  16  0  0 L3P E7
G09 FF 61156 151800  780 565 1187    -7562884     -2          17    -38   18  24   88    0  247   39  247   39  15  0  0 L3P 18
G14 FF 61156 151800  780 407 3359    -7445460    -51           2    -40   26  78  113  -18  342   -4  342   -4  25  0  0 L3P 15
G21 FF 61156 151800  780 230 2235    -4149655    -44          10    -42   41  79  187  -44  313    0  313    0  36  0  0 L3P 00
G22 FF 61156 151800  780 239 3357      123232   -103          18    -41   47   1  181  -49  477  -58  477  -58  45  0  0 L3P 41
G30 FF 61156 151800  780 455 2424    -2012760   -141          15     -7   18  63  103   -3  241   -3  241   -3  15  0  0 L3P F6
G04 FF 61156 153400  780 272  774     -548307     47          -8     62   26  97  160   20  417    9  417    9  21  0  0 L3P D0
G07 FF 61156 153400  780 479 1705     1777452     63          -6     19   17  19   99    6  245    8  245    8  14  0  0 L3P D5
G08 FF 61156 153400  780 180 1028    -4545053    126          19     54   32  33  236   -3  485  -50  485  -50  27  0  0 L3P 35
G09 FF 61156 153400  780 556 1045    -7562855     53          11     16   16  24   89    2  265    5  265    5  14  0  0 L3P D1
G14 FF 61156 153400  780 483 3328    -7445470     15           4     26   20  78   98  -12  306  -53  306  -53  18  0  0 L3P 1A
G21 FF 61156 153400  780 283 2280    -4149655    -40          14    -37   24  79  155  -26  293   19  293   19  22  0  0 L3P 43
G22 FF 61156 153400  780 308 3338      123162    -92           7    -30   23   1  144  -30  410  -31  410  -31  21  0  0 L3P DD
G30 FF 61156 153400  780 470 2316    -2012896   -133           7      1   18  63  100   -2  241   -5  241   -5  15  0  0 L3P DA
G04 FF 61156 155000  780 233  703     -548327     -8         -13      7   37  97  185   31  479   71  479   71  32  0  0 L3P F5
G07 FF 61156 155000  780 445 1610     1777500     52           0      8   27  19  105    7  266   30  266   30  24  0  0 L3P BD
G08 FF 61156 155000  780 178 1100    -4544975    118          28     46   29  33  238    8  482  -46  482  -46  26  0  0 L3P 42
G09 FF 61156 155000  780 536  911    -7562806     33          24     -3   16  24   91    3  272   27  272   27  14  0  0 L3P D3
G14 FF 61156 155000  780 560 3280    -7445470    -30          14    -19   17  78   89   -8  276    7  276    7  14  0  0 L3P 02
G21 FF 61156 155000  780 330 2339    -4149662      0           8      2   23  79  135  -16  294   -2  294   -2  19  0  0 L3P D8
G22 FF 61156 155000  780 377 3309      123096    -75           1    -12   29   1  120  -20  364  -38  364  -38  29  0  0 L3P 05
G30 FF 61156 155000  780 481 2206    -2013031   -139           2     -5   17  63   99   -1  249    8  249    8  16  0  0 L3P D4
G04 FF 61156 160600  780 191  638     -548314    -18          10     -4   33  98  223   50  527   93  527   93  27  0  0 L3P FF
G07 FF 61156 160600  780 412 1522     1777547     13           3    -31   22  20  112    8  294   54  294   54  19  0  0 L3P E3
G09 FF 61156 160600  780 504  790    -7562783     58          18     22   21  25   95    5  306   11  306   11  18  0  0 L3P DC
G14 FF 61156 160600  780 635 3207    -7445481    -20          16     -8   15  79   82   -5  262    6  262    6  12  0  0 L3P DE
G21 FF 61156 160600  780 369 2414    -4149662      0          12      2   19  80  122  -10  299    6  299    6  18  0  0 L3P D5
G22 FF 61156 160600  780 447 3269      123038    -66           5     -4   19   5  104  -13  328  -22  328  -22  16  0  0 L3P F0
G30 FF 61156 160600  780 488 2096    -2013138   -118          26     16   18  64   98   -1  247    8  247    8  16  0  0 L3P 01
G05 FF 61156 162200  780 188 2298     2322424     43           1     38   28  36  226  -44  419  -34  419  -34  24  0  0 L3P 1C
G07 FF 61156 162200  780 379 1438     1777588     76           1     32   18  20  119    9  315   -5  315   -5  15  0  0 L3P E2
G09 FF 61156 162200  780 462  686    -7562739     19          27    -17   18  25  102    8  325   43  325   43  16  0  0 L3P 08
G14 FF 61156 162200  780 706 3083    -7445491    -24          17    -13   15  79   78   -3  259    6  259    6  13  0  0 L3P FF
G21 FF 61156 162200  780 397 2503    -4149669     32           8     35   17  80  115   -5  310  -17  310  -17  15  0  0 L3P 09
G22 FF 61156 162200  780 517 3213      122987    -67          14     -5   11   5   94   -9  297  -12  297  -12   9  0  0 L3P DE
G30 FF 61156 162200  780 492 1985    -2013275   -155          18    -21   19  64   97    0  267   24  267   24  14  0  0 L3P 1D
G05 FF 61156 163800  780 221 2361     2322428     -8           0    -12   24  36  194  -24  417    4  417    4  19  0  0 L3P D2
G07 FF 61156 163800  780 349 1356     1777626     19          -3    -25   18  20  128   10  333   41  333   41  15  0  0 L3P 07
G09 FF 61156 163800  780 413  598    -7562705     28          27     -8   26  25  111   12  351   39  351   39  24  0  0 L3P 07
G14 FF 61156 163800  780 762 2854    -7445509    -18          10     -7   15  79   76   -1  255    2  255    2  11  0  0 L3P E6
G17 FF 61156 163800  780 238  142     1218666     68          24    -18   26  40  182  -43  517  -67  517  -67  21  0  0 L3P 36
G21 FF 61156 163800  780 410 2603    -4149669      0          10      2   25  80  112   -1  321    8  321    8  22  0  0 L3P A1
G22 FF 61156 163800  780 584 3133      122912    -73          -1    -10   13   5   86   -6  290  -10  290  -10  12  0  0 L3P D8
G30 FF 61156 163800  780 493 1875    -2013415   -171           6    -37   16  64   97    0  274   28  274   28  15  0  0 L3P 13
G05 FF 61156 165400  780 244 2432     2322431     45          -1     41   25  36  177  -13  428  -16  428  -16  19  0  0 L3P 19
G07 FF 61156 165400  780 319 1278     1777658     28         -14    -16   18  20  139   12  364   41  364   41  14  0  0 L3P 27
G09 FF 61156 165400  780 359  526    -7562670     76          27     39   20  25  125   18  393    8  393    8  13  0  0 L3P F7
G14 FF 61156 165400  780 782 2475    -7445522     13           8     24   12  79   75    0  254  -23  254  -23  10  0  0 L3P F2
G17 FF 61156 165400  780 297  183     1218737     93          13      7   33  40  148  -29  460  -70  460  -70  29  0  0 L3P 14
G21 FF 61156 165400  780 409 2707    -4149674     -2           7      0   25  80  112    2  345   26  345   26  23  0  0 L3P CC
G22 FF 61156 165400  780 645 3015      122864    -57          11      6   12   5   81   -4  271  -12  271  -12  10  0  0 L3P BF
G30 FF 61156 165400  780 492 1765    -2013549   -105           1     29   14  64   97    0  276  -26  276  -26  12  0  0 L3P 17
G05 FF 61156 171000  780 258 2510     2322446     26           9     22   24  36  168   -5  435   -5  435   -5  21  0  0 L3P D4
G07 FF 61156 171000  780 291 1201     1777707     10          -7    -34   23  20  151   14  380   56  380   56  18  0  0 L3P F9
G09 FF 61156 171000  780 300  466    -7562637     52          25     15   25  25  147   27  443   46  443   46  20  0  0 L3P FD
G14 FF 61156 171000  780 754 2126    -7445550    -14         -10     -3   13  79   76    2  262   -3  262   -3  11  0  0 L3P E1
G17 FF 61156 171000  780 359  228     1218805    128          -2     42   25  40  125  -20  416  -72  416  -72  21  0  0 L3P 12
G21 FF 61156 171000  780 393 2808    -4149677     12           7     15   12  80  116    6  371   22  371   22  10  0  0 L3P DC
G22 FF 61156 171000  780 694 2841      122793    -73           0    -10   14   5   79   -2  274    0  274    0  12  0  0 L3P 96
G30 FF 61156 171000  780 490 1656    -2013697   -143         -18     -9   15  64   97    1  285   12  285   12  13  0  0 L3P 12
G05 FF 61156 172600  780 260 2592     2322463     -1          22     -5   31  36  167    2  452   33  452   33  28  0  0 L3P D6
G07 FF 61156 172600  780 263 1125     1777767     53          10      9   41  20  165   17  393   22  393   22  39  0  0 L3P F8
G09 FF 61156 172600  780 240  419    -7562600     12          27    -25   28  25  180   45  505   93  505   93  23  0  0 L3P 0C
G14 FF 61156 172600  780 699 1923    -7445556    -14          -4     -3   15  79   78    3  258   10  258   10  13  0  0 L3P 00
G17 FF 61156 172600  780 423  280     1218892     65           2    -22   10  40  109  -14  366  -27  366  -27  10  0  0 L3P 08
G19 FF 61156 172600  780 232   19    -6982004    -67          16    -57   26  68  186  -51  552  -63  552  -63  22  0  0 L3P 43
G20 FF 61156 172600  780 240 2175    -1271006   -185          18     -3   33 153  180  -47  407  -44  407  -44  29  0  0 L3P 58
G21 FF 61156 172600  780 366 2903    -4149673    -20          13    -18   19  80  123   10  397   42  397   42  17  0  0 L3P 2F
G22 FF 61156 172600  780 720 2600      122731    -64          -2     -2   11   5   77   -1  270    2  270    2   9  0  0 L3P 70
G30 FF 61156 172600  780 485 1548    -2013800   -167           8    -33   17  64   98    1  267   43  267   43  16  0  0 L3P 12
G05 FF 61156 174200  780 252 2675     2322485     13          40      9   34  36  172    8  454   19  454   19  29  0  0 L3P EA
G07 FF 61156 174200  780 235 1052     1777807     77           8     33   47  20  183   21  417  -10  417  -10  41  0  0 L3P 01
G14 FF 61156 174200  780 637 1800    -7445573    -12         -11      0   13  79   82    5  261    2  261    2  10  0  0 L3P B9
G17 FF 61156 174200  780 488  344     1218970     95          -4      8   15  40   98  -10  326  -41  326  -41  13  0  0 L3P F3
G19 FF 61156 174200  780 300   48    -6982012    -43          18    -33   23  68  147  -32  455  -68  455  -68  21  0  0 L3P 3A
G20 FF 61156 174200  780 305 2180    -1271207   -183          -9     -1   27 153  145  -29  386  -35  386  -35  22  0  0 L3P 59
G21 FF 61156 174200  780 331 2988    -4149679     -3           9      0   24  80  134   14  431   34  431   34  19  0  0 L3P E8
G22 FF 61156 174200  780 716 2335      122680    -43           7     20   13   5   78    1  252  -32  252  -32  12  0  0 L3P B3
G30 FF 61156 174200  780 479 1440    -2013930   -144           7    -10   22  64   99    1  269   13  269   13  19  0  0 L3P 01
G05 FF 61156 175800  780 235 2756     2322496   -166          47   -171   34  36  183   16  479  223  479  223  34  0  0 L3P 83
G07 FF 61156 175800  780 207  980     1777861     83          19     39   30  20  207   28  431   -4  431   -4  28  0  0 L3P F4
G14 FF 61156 175800  780 574 1713    -7445578    -34          -5    -22   24  79   87    6  262   32  262   32  22  0  0 L3P 13
G17 FF 61156 175800  780 549  429     1219060     84           4     -3   14  40   90   -7  291  -24  291  -24  11  0  0 L3P DB
G19 FF 61156 175800  780 372   78    -6982030    -28          10    -18   11  68  122  -21  391  -60  391  -60   9  0  0 L3P 23
G20 FF 61156 175800  780 371 2198    -1271382   -200          -9    -18   17 153  122  -19  345  -16  345  -16  16  0  0 L3P 6E
G21 FF 61156 175800  780 290 3064    -4149673      8          17     10   36  80  151   21  470   44  470   44  23  0  0 L3P FA
G22 FF 61156 175800  780 685 2113      122616    -67           3     -4   17   5   79    2  250   -2  250   -2  14  0  0 L3P 97
G30 FF 61156 175800  780 469 1333    -2014068    -83          -3     51   19  64  101    2  283  -53  283  -53  16  0  0 L3P 1C
G05 FF 61156 181400  780 211 2833     2322474     12          16      8   25  37  203   25  568   61  568   61  20  0  0 L3P E8
G07 FF 61156 181400  780 177  911     1777893     16          10    -28   27  35  239   39  466   45  466   45  20  0  0 L3P 1B
G14 FF 61156 181400  780 513 1642    -7445581      4           6     16   18  80   94    8  254  -11  254  -11  15  0  0 L3P DD
G15 FF 61156 181400  780 198 2221    -4064971    -16          14     17   40  42  216  -59  408  -79  408  -79  35  0  0 L3P 56
G17 FF 61156 181400  780 602  547     1219137     86           1     -1   14  41   85   -4  273  -24  273  -24  12  0  0 L3P D0
G19 FF 61156 181400  780 447  111    -6982059    -21           6    -11   21  11  104  -15  345  -33  345  -33  21  0  0 L3P 15
G20 FF 61156 181400  780 437 2232    -1271547   -168           0     14   18 154  106  -13  310  -32  310  -32  16  0  0 L3P 32
G21 FF 61156 181400  780 246 3132    -4149675    -32          15    -30   26  81  176   30  542  107  542  107  19  0  0 L3P 45
G22 FF 61156 181400  780 639 1952      122562    -68          10     -5   17  26   82    4  240   -5  240   -5  15  0  0 L3P BD
G30 FF 61156 181400  780 456 1227    -2014195   -107           2     27   17  67  103    3  272  -25  272  -25  17  0  0 L3P 15
G05 FF 61156 183000  780 182 2906     2322477     40          14     35   27  37  233   39  650   58  650   58  23  0  0 L3P 09
G14 FF 61156 183000  780 455 1580    -7445587      1          10     12   27  80  103   10  250  -14  250  -14  24  0  0 L3P F9
G15 FF 61156 183000  780 251 2254    -4065017    -66          -1    -33   28  42  173  -34  365  -16  365  -16  24  0  0 L3P 42
G17 FF 61156 183000  780 639  706     1219221     67           1    -19   17  41   82   -2  250    3  250    3  15  0  0 L3P 9E
G19 FF 61156 183000  780 525  154    -6982069     22           6     32   20  11   93  -10  308  -66  308  -66  17  0  0 L3P 02
G20 FF 61156 183000  780 500 2289    -1271714   -184           7     -2   17 154   96   -9  281  -17  281  -17  14  0  0 L3P 2C
G21 FF 61156 183000  780 202 3195    -4149671     15          21     18   24  81  211   44  627   92  627   92  21  0  0 L3P 0A
G22 FF 61156 183000  780 587 1833      122498    -61           5      1   13  26   86    5  238  -11  238  -11  12  0  0 L3P C5
G30 FF 61156 183000  780 438 1125    -2014310   -136          16     -2   13  67  106    4  257    6  257    6  11  0  0 L3P D6
G14 FF 61156 184600  780 401 1522    -7445602    -25           6    -14   24  80  114   13  251   11  251   11  18  0  0 L3P F5
G15 FF 61156 184600  780 301 2299    -4065039     14           9     47   19  42  146  -22  325  -69  325  -69  18  0  0 L3P 39
G17 FF 61156 184600  780 650  898     1219299     70          -4    -16   17  41   81    0  234   -8  234   -8  15  0  0 L3P D8
G19 FF 61156 184600  780 603  215    -6982074    -19          11     -9   22  11   85   -7  268  -29  268  -29  17  0  0 L3P 21
G20 FF 61156 184600  780 555 2377    -1271888   -183           8     -1   17 154   89   -6  268   -8  268   -8  14  0  0 L3P 2F
G22 FF 61156 184600  780 533 1738      122435    -42           3     21   18  26   92    7  237  -27  237  -27  16  0  0 L3P E1
G30 FF 61156 184600  780 416 1026    -2014447   -119           8     15   23  67  111    5  270    0  270    0  21  0  0 L3P C6
G14 FF 61156 190200  780 351 1465    -7445623    -12          -4      0   22  80  128   16  259   -2  259   -2  18  0  0 L3P F0
G15 FF 61156 190200  780 345 2358    -4065076    -32           4      1   21  42  130  -14  300  -31  300  -31  19  0  0 L3P F5
G17 FF 61156 190200  780 631 1081     1219378     88          -7      2   11  41   82    2  220  -23  220  -23  10  0  0 L3P C1
G19 FF 61156 190200  780 677  316    -6982088    -21           6    -11    8  11   80   -4  243  -18  243  -18   6  0  0 L3P EA
G20 FF 61156 190200  780 598 2503    -1272073   -193          -3    -11   16 154   85   -3  262   -2  262   -2  14  0  0 L3P 13
G22 FF 61156 190200  780 480 1657      122375    -64           3     -2   21  26   99    8  228   -8  228   -8  20  0  0 L3P B9
G30 FF 61156 190200  780 389  933    -2014576   -104           8     30   20  67  117    8  276  -23  276  -23  18  0  0 L3P 14
G14 FF 61156 191800  780 304 1408    -7445619      5          11     17   25  80  145   20  242  -15  242  -15  19  0  0 L3P 0B
G15 FF 61156 191800  780 381 2432    -4065107    -22           5     11   23  42  119   -9  284  -20  284  -20  19  0  0 L3P 10
G17 FF 61156 191800  780 588 1222     1219458     74         -10    -13   18  41   86    5  209    0  209    0  18  0  0 L3P D3
G19 FF 61156 191800  780 738  507    -6982092     -6          12      5   28  11   77   -2  213  -23  213  -23  21  0  0 L3P E7
G20 FF 61156 191800  780 619 2665    -1272236   -264           9    -82   43 154   83   -1  248   43  248   43  28  0  0 L3P 37
G22 FF 61156 191800  780 430 1584      122315    -90           2    -28   36  26  108   10  222    8  222    8  32  0  0 L3P BD
G30 FF 61156 191800  780 358  847    -2014714   -156          -2    -22   22  67  126   11  290   24  290   24  20  0  0 L3P 16
G06 FF 61156 193400  780 208  406     6082267     -7          26     18   35  44  206  -44  439 -126  439 -126  31  0  0 L3P 40
G14 FF 61156 193400  780 261 1351    -7445645    -21          -4    -10   21  80  166   25  251   -2  251   -2  18  0  0 L3P 02
G15 FF 61156 193400  780 407 2520    -4065133    -16          10     17   19  42  113   -5  270  -22  270  -22  16  0  0 L3P 11
G17 FF 61156 193400  780 530 1316     1219535     94         -16      8   22  41   92    8  201  -17  201  -17  20  0  0 L3P E1
G19 FF 61156 193400  780 765  835    -6982103     10          10     21   12  11   76    0  194  -36  194  -36  11  0  0 L3P EC
G20 FF 61156 193400  780 613 2839    -1272413   -202           6    -20   10 154   84    2  248   22  248   22   9  0  0 L3P F4
G22 FF 61156 193400  780 382 1515      122252    -73           0    -10   24  26  119   13  219    1  219    1  21  0  0 L3P AF
G30 FF 61156 193400  780 321  767    -2014849   -122          -8     13   29  67  138   15  303  -20  303  -20  24  0  0 L3P 20
G06 FF 61156 195000  780 254  468     6082231     -2          15     23   43  44  171  -30  354 -109  354 -109  31  0  0 L3P 28
G14 FF 61156 195000  780 221 1294    -7445640     -8          12      3   29  80  194   33  230  -18  230  -18  21  0  0 L3P 03
G15 FF 61156 195000  780 419 2618    -4065159     -3          15     30   22  42  110   -1  261  -25  261  -25  20  0  0 L3P 02
G17 FF 61156 195000  780 464 1375     1219620     78         -14     -8   28  41  101   12  186   -7  186   -7  27  0  0 L3P 07
G19 FF 61156 195000  780 737 1155    -6982120     20           4     30   16  11   77    2  184  -33  184  -33  13  0  0 L3P E9
G20 FF 61156 195000  780 583 2994    -1272581   -169          13     13   12 154   86    4  245   -4  245   -4  10  0  0 L3P 11
G22 FF 61156 195000  780 338 1448      122185    -35          -7     27   18  26  132   15  216  -41  216  -41  17  0  0 L3P 06
G24 FF 61156 195000  780 237 2191      174693   -113           3     67   30  67  182  -41  264  -95  264  -95  29  0  0 L3P 38
G30 FF 61156 195000  780 281  695    -2014983    -99         -14     35   31  67  156   22  312  -14  312  -14  28  0  0 L3P 31
G06 FF 61156 200600  780 300  536     6082199     -1          13     24   28  49  147  -21  285  -84  285  -84  21  0  0 L3P 14
G12 FF 61156 200600  780 202 2621     6079006    -35         -14    -34   32  27  211  -29  445  -56  445  -56  28  0  0 L3P 43
G14 FF 61156 200600  780 184 1235    -7445690     18         -21     29   27  81  230   44  248  -49  248  -49  22  0  0 L3P 40
G15 FF 61156 200600  780 417 2721    -4065202    -33           0      0   24  48  110    2  264   -6  264   -6  22  0  0 L3P B5
G17 FF 61156 200600  780 396 1409     1219706     79         -13     -8   17  55  115   17  177   -5  177   -5  15  0  0 L3P 0D
G19 FF 61156 200600  780 677 1330    -6982121     -9          13      1   14  12   79    4  164  -20  164  -20  13  0  0 L3P DA
G20 FF 61156 200600  780 535 3115    -1272759   -197           4    -15   16 155   91    7  251   14  251   14  14  0  0 L3P 0A
G22 FF 61156 200600  780 296 1383      122149    -75          18    -12   23  46  148   19  185  -13  185  -13  17  0  0 L3P 21
G24 FF 61156 200600  780 294 2170      174518   -214           2    -34   27  68  149  -28  222  -16  222  -16  21  0  0 L3P 22
G30 FF 61156 200600  780 237  631    -2015077   -194          24    -60   29 115  182   34  302   68  302   68  24  0  0 L3P 2C
G06 FF 61156 202200  780 343  612     6082170    -48           8    -23   26  49  130  -14  233  -40  233  -40  23  0  0 L3P 00
G11 FF 61156 202200  780 220  165     3599099   -126          34      0   19 163  195  -49  415 -153  415 -153  16  0  0 L3P 59
G12 FF 61156 202200  780 230 2550     6079047    -15          28    -14   33  27  187  -22  331  -67  331  -67  30  0  0 L3P 33
G15 FF 61156 202200  780 401 2822    -4065228    -33           5      0   23  48  114    5  263   -2  263   -2  20  0  0 L3P B5
G17 FF 61156 202200  780 327 1425     1219797    118          -5     32   14  55  136   26  166  -51  166  -51  11  0  0 L3P 22
G19 FF 61156 202200  780 606 1414    -6982127    -23          17    -12   12  12   84    6  148  -10  148  -10  11  0  0 L3P 04
G20 FF 61156 202200  780 478 3207    -1272939   -169          -2     13   18 155   99   10  267    1  267    1  15  0  0 L3P 06
G22 FF 61156 202200  780 258 1317      122075   -141           5    -78   26  46  168   23  188   46  188   46  20  0  0 L3P 0C
G24 FF 61156 202200  780 355 2155      174342   -171          -2      9   17  68  127  -20  183  -51  183  -51  15  0  0 L3P 10
G30 FF 61156 202200  780 189  574    -2015200   -130          30      4   54 115  225   57  308   22  308   22  49  0  0 L3P FE
G06 FF 61156 203800  780 381  698     6082134      5          -4     30   23  49  119   -9  195  -78  195  -78  22  0  0 L3P 08
G11 FF 61156 203800  780 278  211     3598956   -143          13    -16   32 163  157  -32  322  -76  322  -76  27  0  0 L3P 5B
G12 FF 61156 203800  780 257 2477     6079034     -9          16     -8   26  27  169  -17  267  -62  267  -62  23  0  0 L3P 38
G15 FF 61156 203800  780 374 2916    -4065266     -9          -1     24   20  48  121    9  278    4  278    4  18  0  0 L3P D9
G17 FF 61156 203800  780 260 1428     1219874     36         -11    -51   39  55  168   41  154   17  154   17  29  0  0 L3P 24
G19 FF 61156 203800  780 532 1453    -6982138    -11          15      0   13  12   92    9  134  -20  134  -20  12  0  0 L3P E5
G20 FF 61156 203800  780 416 3278    -1273116   -188          -4     -6   18 155  111   14  286   32  286   32  15  0  0 L3P 32
G22 FF 61156 203800  780 221 1252      122005     35          -5     98   23  46  194   30  178 -104  178 -104  19  0  0 L3P 17
G24 FF 61156 203800  780 419 2149      174174   -194           2    -14   17  68  110  -15  154  -10  154  -10  14  0  0 L3P 1C
G06 FF 61156 205400  780 410  794     6082101     -3         -13     22   24  49  112   -5  165  -45  165  -45  20  0  0 L3P F4
G11 FF 61156 205400  780 339  260     3598839   -132          17     -6   30 163  132  -22  242  -63  242  -63  24  0  0 L3P 39
G12 FF 61156 205400  780 283 2404     6079030     -2          13     -1   19  27  154  -14  216  -43  216  -43  17  0  0 L3P 04
G15 FF 61156 205400  780 339 3001    -4065288    -32           8      1   25  48  132   14  305   39  305   39  20  0  0 L3P E9
G17 FF 61156 205400  780 195 1421     1219970    149           2     63   33  55  220   71  127  -74  127  -74  27  0  0 L3P 1D
G19 FF 61156 205400  780 460 1467    -6982151    -23          12    -13   23  12  102   13  121    5  121    5  22  0  0 L3P DD
G20 FF 61156 205400  780 353 3336    -1273298   -158         -11     24   38 155  127   20  328   31  328   31  39  0  0 L3P 48
G22 FF 61156 205400  780 187 1186      121971    -44          21     18   27  46  227   40  140  -21  140  -21  22  0  0 L3P F9
G24 FF 61156 205400  780 486 2154      173992   -144          -7     35   19  68   98  -11  141  -43  141  -43  16  0  0 L3P 27
G06 FF 61156 211000  780 426  899     6082072    -13         -18     12   28  49  108   -2  141  -36  141  -36  24  0  0 L3P 14
G11 FF 61156 211000  780 402  317     3598716   -114          15     12   22 163  114  -15  187  -68  187  -68  19  0  0 L3P 45
G12 FF 61156 211000  780 310 2330     6079022     21           6     23   29  27  142  -11  179  -53  179  -53  27  0  0 L3P FE
G15 FF 61156 211000  780 298 3078    -4065313    -35          16     -2   35  48  147   20  345   54  345   54  26  0  0 L3P 15
G19 FF 61156 211000  780 390 1466    -6982159     -7          15      3   20  12  117   18  105  -22  105  -22  18  0  0 L3P FF
G20 FF 61156 211000  780 292 3386    -1273456   -178           5      4   49 155  150   29  377   77  377   77  44  0  0 L3P 39
G24 FF 61156 211000  780 555 2175      173824   -175          -2      5   14  68   89   -8  124  -18  124  -18  12  0  0 L3P F9
G06 FF 61156 212600  780 428 1007     6082050    -79         -16    -54   25  49  108    1  112   29  112   29  24  0  0 L3P 09
G11 FF 61156 212600  780 464  386     3598590   -149          10    -23   15 163  102  -11  147  -21  147  -21  13  0  0 L3P 43
G12 FF 61156 212600  780 337 2256     6079014     10          -1     11   21  27  132  -10  148  -52  148  -52  19  0  0 L3P 06
G15 FF 61156 212600  780 255 3148    -4065344    -50          16    -17   18  48  170   28  426  134  426  134  13  0  0 L3P 49
G19 FF 61156 212600  780 323 1455    -6982165     -3          19      7   17  12  137   25   85  -26   85  -26  13  0  0 L3P F8
G20 FF 61156 212600  780 233 3431    -1273635   -187           1     -5   30 155  185   44  484  155  484  155  23  0  0 L3P 4B
G24 FF 61156 212600  780 624 2224      173652   -187          -2     -8   19  68   83   -5  108   -6  108   -6  17  0  0 L3P E9
G06 FF 61156 214200  780 414 1111     6082023    -31         -19     -6   26  49  111    5  101  -12  101  -12  24  0  0 L3P E7
G11 FF 61156 214200  780 522  475     3598459   -146          -1    -20   14 163   93   -7  127  -16  127  -16  12  0  0 L3P 26
G12 FF 61156 214200  780 365 2180     6079015     25           1     26   24  27  123   -9  120  -53  120  -53  21  0  0 L3P E3
G15 FF 61156 214200  780 211 3212    -4065386    -89           6    -56   29  48  203   41  602  272  602  272  25  0  0 L3P 36
G19 FF 61156 214200  780 261 1437    -6982184     24           9     34   32  12  167   37   87  -40   87  -40  26  0  0 L3P 00
G24 FF 61156 214200  780 689 2323      173477   -197          -5    -17   12  68   79   -3  102    5  102    5  11  0  0 L3P D9
G06 FF 61156 215800  780 385 1203     6082002    -20         -17      5   27  49  118    9   85  -16   85  -16  25  0  0 L3P ED
G11 FF 61156 215800  780 571  591     3598334   -124          -4      2   13 163   88   -4  106  -17  106  -17  12  0  0 L3P 06
G12 FF 61156 215800  780 395 2103     6079009      5          -3      6   18  27  115   -8  105  -15  105  -15  16  0  0 L3P DF
G19 FF 61156 215800  780 202 1412    -6982189     29          14     39   44  12  211   58   77  -14   77  -14  34  0  0 L3P 11
G24 FF 61156 215800  780 740 2519      173291   -177         -19      2   18  68   77   -2  105  -13  105  -13  16  0  0 L3P 0B
G06 FF 61156 222600  780 308 1325     6081975    -12          -6     15   27  50  143   22   63    0   63    0  24  0  0 L3P AB
G11 FF 61156 222600  780 614  867     3598115   -118         -12      8   17 164   84    0   85  -16   85  -16  15  0  0 L3P F8
G12 FF 61156 222600  780 452 1963     6079006     16          -8     17   17  28  103   -6   85  -26   85  -26  17  0  0 L3P F6
G24 FF 61156 222600  780 737 3059      172997   -182          -5     -2   16  74   77    2  106   14  106   14  11  0  0 L3P E0
G29 FF 61156 222600  780 225 2893     3326854    -62          -6     10   23  28  191  -34  474 -177  474 -177  22  0  0 L3P 6A
G06 FF 61156 224200  780 253 1373     6081940    -28         -15     -2   26  50  171   37   73    1   73    1  19  0  0 L3P C1
G11 FF 61156 224200  780 603 1036     3598007   -109           2     17   17 164   85    2   69  -20   69  -20  15  0  0 L3P E8
G12 FF 61156 224200  780 486 1876     6079011    -29          -2    -28   15  28   98   -5   73   17   73   17  12  0  0 L3P E9
G24 FF 61156 224200  780 682 3257      172835   -165           5     15   14  74   79    4  105   -5  105   -5  13  0  0 L3P CB
G25 FF 61156 224200  780 228 2238    -4271120     18          37    -11   38  27  189  -36  108  -19  108  -19  33  0  0 L3P 42
G29 FF 61156 224200  780 265 2823     3326792    -82           1    -10   30  28  164  -22  339 -112  339 -112  30  0  0 L3P 47
G06 FF 61156 225800  780 196 1406     6081938    -58           8    -32   59  50  218   65   57   47   57   47  44  0  0 L3P 0C
G11 FF 61156 225800  780 569 1177     3597881   -164          -3    -38   13 164   88    5   66   27   66   27  13  0  0 L3P 16
G12 FF 61156 225800  780 522 1782     6079019    -24           7    -23   18  28   93   -5   60   21   60   21  16  0  0 L3P C9
G24 FF 61156 225800  780 611 3368      172663   -149           6     30   23  74   84    6  110  -23  110  -23  23  0  0 L3P E3
G25 FF 61156 225800  780 273 2191    -4271106     13          24    -16   43  27  159  -26   99   -4   99   -4  38  0  0 L3P 0A
G29 FF 61156 225800  780 300 2746     3326722    -98           2    -25   30  28  147  -15  242  -54  242  -54  27  0  0 L3P 34
G05 FF 61156 231400  780 194  370     2322559     42          14     38   36  43  220  -51  240 -135  240 -135  29  0  0 L3P 27
G11 FF 61156 231400  780 518 1279     3597757   -103          -6     23   31 164   94    8   63  -29   63  -29  28  0  0 L3P 15
G12 FF 61156 231400  780 556 1676     6079011      1           0      2   14  28   89   -4   66    0   66    0  12  0  0 L3P 5C
G21 FF 61156 231400  780 191  644    -4149711     52          20     55   51  83  222  -37  115  -67  115  -67  45  0  0 L3P 1E
G24 FF 61156 231400  780 536 3436      172485   -201           1    -22   30  74   91    9  135   53  135   53  28  0  0 L3P DC
G25 FF 61156 231400  780 323 2146    -4271087    -45          15    -73   22  27  137  -20   90   60   90   60  18  0  0 L3P 05
G29 FF 61156 231400  780 331 2664     3326655    -38           5     34   26  28  134  -11  177  -76  177  -76  22  0  0 L3P 33
G05 FF 61156 233000  780 241  431     2322558    -13           9    -17   26  43  179  -34  174  -38  174  -38  22  0  0 L3P 1A
G11 FF 61156 233000  780 458 1347     3597642   -143           0    -17   37 164  103   11   55   12   55   12  34  0  0 L3P F8
G12 FF 61156 233000  780 588 1553     6079016     32           6     33   11  28   86   -3   60  -29   60  -29   9  0  0 L3P BF
G21 FF 61156 233000  780 222  716    -4149729    -25           4    -23   33  83  193  -25  115   13  115   13  27  0  0 L3P FF
G24 FF 61156 233000  780 460 3482      172316   -205           4    -26   31  74  102   14  179   98  179   98  29  0  0 L3P 14
G25 FF 61156 233000  780 377 2103    -4271058      7          17    -22   18  27  120  -16   80   23   80   23  15  0  0 L3P DB
G29 FF 61156 233000  780 359 2577     3326571    -50          -9     23   17  28  125   -8  154  -42  154  -42  14  0  0 L3P 23
