CGGTTS     GENERIC DATA FORMAT VERSION = 2E
REV DATE = 2025-11-01
RCVR = PolaRx5TR (5.6.0)     sbf2cggtts-1.5.0
CH = 80
IMS = PolaRx5TR
LAB = LRTE
X = 3967035.920 m
Y = -4390028.540 m
Z = -2375644.640 m
FRAME = ITRF
COMMENTS = LS=18; ElMask=10deg; 'Generated from the SBF in 2026-04-17 at 23:50:01'
INT DLY = 24.9 ns (GPS P1),  15.7 ns (GPS P2)     CAL_ID = 1201-2025
CAB DLY = 103.1 ns
REF DLY = 47.2 ns
REF = UTC(LRTE)
CKSUM = fc

SAT CL  MJD  STTIME TRKL ELV AZTH   REFSV      SRSV     REFSYS    SRSYS  DSG IOE MDTR SMDT MDIO SMDI MSIO SMSI ISG FR HC FRC CK
             hhmmss  s  .1dg .1dg    .1ns     .1ps/s     .1ns    .1ps/s .1ns     .1ns.1ps/s.1ns.1ps/s.1ns.1ps/s.1ns
G05 FF 61147 001000  780 239  430     2318274     34           3     29   31  77  181  -34  171  -67  171  -67  23  0  0 L3P FA
G11 FF 61147 001000  780 465 1343     3706921   -142          -5    -15   34  36  101   11   64   20   64   20  32  0  0 L3P D7
G12 FF 61147 001000  780 587 1554     6079630     27           3     27   11  40   86   -3   83  -19   83  -19   9  0  0 L3P C0
G21 FF 61147 001000  780 220  718    -4144859    -27          15    -18   23 196  195  -25  107    4  107    4  21  0  0 L3P 01
G24 FF 61147 001000  780 466 3478      326178   -150         -12     27   31  73  101   13  272   50  272   50  29  0  0 L3P 07
G25 FF 61147 001000  780 375 2105    -4295279      0          10    -27   13  18  121  -16  104   48  104   48  11  0  0 L3P F6
G29 FF 61147 001000  780 359 2579     3388658    -57           7     14   17  76  125   -8  257  -49  257  -49  15  0  0 L3P 3E
G05 FF 61147 002600  780 286  496     2318260    -40         -15    -44   38  77  153  -24  154    3  154    3  31  0  0 L3P F6
G11 FF 61147 002600  780 400 1388     3706802   -139          -2    -11   35  36  114   16   63    4   63    4  31  0  0 L3P C4
G12 FF 61147 002600  780 613 1411     6079628     29           0     29   12  40   84   -2   87  -34   87  -34  11  0  0 L3P C6
G21 FF 61147 002600  780 246  794    -4144850    -89          32    -80   43 196  176  -16   82   70   82   70  39  0  0 L3P 25
G24 FF 61147 002600  780 391 3515      326000   -171         -20      6   15  73  117   19  348   65  348   65  11  0  0 L3P FC
G25 FF 61147 002600  780 432 2063    -4295250     72          12     45   19  18  107  -12  101  -50  101  -50  16  0  0 L3P 0E
G29 FF 61147 002600  780 382 2488     3388591    -54           9     17   17  76  119   -6  213  -64  213  -64  13  0  0 L3P 27
G05 FF 61147 004200  780 331  569     2318269     -1         -11     -5   26  77  134  -16  132   -7  132   -7  25  0  0 L3P E5
G11 FF 61147 004200  780 334 1413     3706668   -111         -14     17   21  36  133   24   75  -17   75  -17  16  0  0 L3P 0F
G12 FF 61147 004200  780 628 1248     6079632     24           5     24   12  40   83   -1   87  -22   87  -22  11  0  0 L3P C0
G18 FF 61147 004200  780 200 3227     3749489    -82          38     12   33   1  214  -67  497   48  497   48  24  0  0 L3P 22
G21 FF 61147 004200  780 266  874    -4144888    -15           3     -5   28 196  163   -9  110    0  110    0  23  0  0 L3P CB
G24 FF 61147 004200  780 319 3548      325851   -130           1     47   19  73  139   28  389    9  389    9  18  0  0 L3P F4
G25 FF 61147 004200  780 494 2024    -4295219      3          17    -24   14  18   97  -10   85    3   85    3  13  0  0 L3P B5
G29 FF 61147 004200  780 402 2395     3388532    -68          19      3   20  76  114   -4  169  -38  169  -38  17  0  0 L3P 24
G05 FF 61147 005800  780 372  651     2318278    -10          -6    -14   21  77  121  -11  120    0  120    0  18  0  0 L3P C3
G11 FF 61147 005800  780 269 1425     3706553    -90          -7     37   24  36  162   37   65  -34   65  -34  19  0  0 L3P 0B
G12 FF 61147 005800  780 628 1074     6079636     -7           9     -7   16  40   83    1   85    8   85    8  15  0  0 L3P 8D
G18 FF 61147 005800  780 263 3188     3749409   -120          47    -27   29   1  165  -38  465  -69  465  -69  25  0  0 L3P 6B
G21 FF 61147 005800  780 277  958    -4144901     -3          -1      6   27 196  157   -3  106   -3  106   -3  22  0  0 L3P DA
G24 FF 61147 005800  780 250 3579      325704   -213          24    -35   24  73  173   44  397   38  397   38  20  0  0 L3P 2A
G25 FF 61147 005800  780 560 1984    -4295216     -4          -6    -31   14  18   89   -7   90   10   90   10  12  0  0 L3P D2
G29 FF 61147 005800  780 419 2299     3388460   -103          15    -31   17  76  110   -3  136  -13  136  -13  16  0  0 L3P 3C
G05 FF 61147 011400  780 406  745     2318287    -16          -1    -21   27  77  113   -7  103   10  103   10  25  0  0 L3P DB
G11 FF 61147 011400  780 205 1425     3706415   -194         -22    -67   39  36  209   63   73   56   73   56  30  0  0 L3P 15
G12 FF 61147 011400  780 611  905     6079637     -4          10     -4   18  40   84    2   89    8   89    8  15  0  0 L3P 7F
G18 FF 61147 011400  780 326 3138     3749287   -110          15    -16   17   1  136  -24  388  -98  388  -98  13  0  0 L3P 5A
G21 FF 61147 011400  780 278 1042    -4144875    -44          34    -35   33 196  157    2   73   19   73   19  28  0  0 L3P 0B
G24 FF 61147 011400  780 186   11      325539   -104          30     74   28  73  229   72  382 -102  382 -102  19  0  0 L3P 1A
G25 FF 61147 011400  780 630 1942    -4295200     42         -16     15   18  18   83   -5   89  -25   89  -25  14  0  0 L3P FB
G28 FF 61147 011400  780 187 2325     5533985    -79          34     14   27  57  228  -41  172  -11  172  -11  22  0  0 L3P 38
G29 FF 61147 011400  780 433 2202     3388382    -88           7    -16   14  76  107   -3  116   -1  116   -1  14  0  0 L3P EB
G05 FF 61147 013000  780 428  848     2318287    -15          -6    -20   27  77  108   -3   96    8   96    8  23  0  0 L3P C6
G12 FF 61147 013000  780 578  757     6079628     45           1     45   16  40   87    4   99  -32   99  -32  13  0  0 L3P C5
G18 FF 61147 013000  780 386 3076     3749193    -78          11     15   23   1  118  -16  299 -102  299 -102  17  0  0 L3P 4E
G21 FF 61147 013000  780 268 1123    -4144875    -51          43    -42   41 196  162    9   60   32   60   32  40  0  0 L3P EE
G25 FF 61147 013000  780 703 1892    -4295173     59         -15     32   13  18   78   -4   84  -30   84  -30  11  0  0 L3P F6
G28 FF 61147 013000  780 216 2390     5533888    -78          26     15   23  57  198  -23  192   12  192   12  19  0  0 L3P 28
G29 FF 61147 013000  780 446 2103     3388316    -52           9     20   22  76  105   -2   98  -20   98  -20  20  0  0 L3P DE
G05 FF 61147 014600  780 437  956     2318291    -39          -6    -43   27  77  106    0   82   27   82   27  27  0  0 L3P DD
G12 FF 61147 014600  780 532  637     6079652    -37          24    -37   19  40   92    6   84   26   84   26  15  0  0 L3P D0
G18 FF 61147 014600  780 442 2998     3749101    -49           7     44   43   1  105  -11  234  -89  234  -89  27  0  0 L3P 24
G21 FF 61147 014600  780 247 1199    -4144893      1          33     10   21 196  175   18   62   -5   62   -5  16  0  0 L3P DD
G25 FF 61147 014600  780 779 1811    -4295136     70          -5     43   10  18   75   -2   74  -37   74  -37  10  0  0 L3P ED
G28 FF 61147 014600  780 237 2463     5533792    -97          19     -4   25  57  182  -12  214   23  214   23  22  0  0 L3P 18
G29 FF 61147 014600  780 458 2004     3388249    -55          10     16   17  76  102   -2   87  -23   87  -23  15  0  0 L3P 04
G05 FF 61147 020200  780 429 1064     2318297     32           0     28   20  17  108    3   79  -15   79  -15  20  0  0 L3P C4
G12 FF 61147 020200  780 477  542     6079640    -33          18    -33   17  41   99   10   98   26   98   26  15  0  0 L3P DF
G18 FF 61147 020200  780 492 2902     3749024   -114          24    -21   21   2   97   -7  170  -49  170  -49  16  0  0 L3P 17
G21 FF 61147 020200  780 217 1266    -4144907     29          27     38   36 197  198   31   68  -26   68  -26  30  0  0 L3P 26
G25 FF 61147 020200  780 852 1535    -4295119     48         -18     20   46  20   74   -1   89  -32   89  -32  45  0  0 L3P 00
G28 FF 61147 020200  780 247 2541     5533708    -38          24     55   28  58  175   -3  230  -22  230  -22  23  0  0 L3P 17
G29 FF 61147 020200  780 468 1903     3388185    -82          12    -11   19  77  101   -2   72   -4   72   -4  17  0  0 L3P E4
G05 FF 61147 021800  780 406 1161     2318318    -35          16    -39   24  17  113    7   60   31   60   31  23  0  0 L3P C9
G12 FF 61147 021800  780 416  468     6079637    -11          15    -11   15  41  111   14  108   18  108   18  12  0  0 L3P F3
G18 FF 61147 021800  780 533 2786     3748921   -117          11    -23   21   2   92   -4  132  -27  132  -27  19  0  0 L3P 19
G23 FF 61147 021800  780 211 3520    -6370330   -131          49    -87   29 213  204  -66  309   22  309   22  22  0  0 L3P 44
G25 FF 61147 021800  780 844  460    -4295095     32         -19      4   13  20   74    1   83   -5   83   -5  11  0  0 L3P 9D
G28 FF 61147 021800  780 247 2622     5533620   -165          26    -72   37  58  175    3  246   86  246   86  36  0  0 L3P 35
G29 FF 61147 021800  780 479 1800     3388109    -69           5      3   15  77   99   -2   65  -13   65  -13  13  0  0 L3P DC
G05 FF 61147 023400  780 371 1245     2318313     10           7      6   19  17  122   12   61   -8   61   -8  17  0  0 L3P 96
G12 FF 61147 023400  780 352  411     6079636     25          13     25   21  41  127   21  119    3  119    3  16  0  0 L3P AF
G18 FF 61147 023400  780 563 2651     3748840    -66          19     27   15   2   88   -2   96  -38   96  -38  13  0  0 L3P F9
G23 FF 61147 023400  780 282 3530    -6370390    -57          32    -13   22 213  155  -38  263  -74  263  -74  17  0  0 L3P 5C
G25 FF 61147 023400  780 766  243    -4295062     45         -13     18   16  20   76    3   81   -4   81   -4  15  0  0 L3P AF
G28 FF 61147 023400  780 237 2703     5533457    -14         -48     79   33  58  182   10  340  -50  340  -50  31  0  0 L3P 2F
G29 FF 61147 023400  780 488 1695     3388038    -85           2    -13   18  77   98   -1   66    7   66    7  15  0  0 L3P D1
G05 FF 61147 025000  780 325 1311     2318314     -4           4     -9   27  17  137   19   55   -9   55   -9  25  0  0 L3P AE
G12 FF 61147 025000  780 286  367     6079640    -12          18    -12   36  41  153   34  135   24  135   24  29  0  0 L3P FE
G18 FF 61147 025000  780 579 2502     3748743   -101          12     -7   18   2   87   -1   83  -13   83  -13  13  0  0 L3P E0
G23 FF 61147 025000  780 357 3536    -6370439    -71          26    -27   17 213  126  -24  193  -66  193  -66  12  0  0 L3P 69
G25 FF 61147 025000  780 682  181    -4295023     28           0      1   20  20   79    5   80    8   80    8  17  0  0 L3P 5E
G28 FF 61147 025000  780 219 2781     5533464   -275          49   -182   61  58  195   19  276  211  276  211  58  0  0 L3P 81
G29 FF 61147 025000  780 495 1586     3387980    -92          13    -20   17  77   97   -1   50   14   50   14  13  0  0 L3P E9
G05 FF 61147 030600  780 273 1361     2318324    -47           9    -52   24  17  160   31   44   47   44   47  19  0  0 L3P DE
G12 FF 61147 030600  780 219  334     6079629     34           6     34   32  41  196   58  179   19  179   19  27  0  0 L3P F7
G18 FF 61147 030600  780 582 2348     3748656    -82          14     11   18   2   87    0   65  -22   65  -22  15  0  0 L3P D3
G23 FF 61147 030600  780 436 3538    -6370490     21          17     65   26 213  107  -16  137  -97  137  -97  21  0  0 L3P 4F
G25 FF 61147 030600  780 599  150    -4294996     36           1      8   23  20   85    7   88    5   88    5  22  0  0 L3P 84
G26 FF 61147 030600  780 228 2238     3546064     45          41     -1   37  40  189  -45   61   -6   61   -6  33  0  0 L3P D8
G28 FF 61147 030600  780 195 2856     5533347   -119          21    -26   35  58  218   29  352   82  352   82  29  0  0 L3P 47
G29 FF 61147 030600  780 500 1474     3387915    -61          16     10   14  77   96    0   46   -5   46   -5  12  0  0 L3P BA
G05 FF 61147 032200  780 216 1397     2318333    -31          14    -36   43  17  199   52   37   37   37   37  37  0  0 L3P FB
G15 FF 61147 032200  780 205  770    -4037686    -31          25      2   25  35  208  -24   76    2   76    2  20  0  0 L3P AB
G18 FF 61147 032200  780 572 2201     3748572   -101          20     -8   16   2   87    2   50   -5   50   -5  13  0  0 L3P 9D
G23 FF 61147 032200  780 518 3537    -6370528    -41          22      3   18 213   94  -11  101  -18  101  -18  14  0  0 L3P 15
G25 FF 61147 032200  780 516  133    -4294952     28          19      0   20  20   94   11   86   12   86   12  17  0  0 L3P A6
G26 FF 61147 032200  780 283 2274     3546079     61          11     15   27  40  155  -28   71  -24   71  -24  24  0  0 L3P FB
G29 FF 61147 032200  780 501 1359     3387845    -49          16     22   16  77   96    0   53  -21   53  -21  13  0  0 L3P E1
G10 FF 61147 033800  780 223 3370     5891337     -1          13     10   50  23  193  -59  303 -116  303 -116  48  0  0 L3P 32
G15 FF 61147 033800  780 226  845    -4037729   -105          14    -72   33  35  190  -15   71   50   71   50  29  0  0 L3P 0E
G18 FF 61147 033800  780 553 2065     3748466    -77           3     16   23   2   89    3   52  -18   52  -18  19  0  0 L3P CF
G23 FF 61147 033800  780 603 3531    -6370582    -36          11      8   22 213   85   -8   91  -25   91  -25  20  0  0 L3P F2
G25 FF 61147 033800  780 435  124    -4294936     35           9      8   41  20  107   16  106   14  106   14  38  0  0 L3P D0
G26 FF 61147 033800  780 334 2323     3546123     36          11    -10   18  40  133  -18   64    6   64    6  16  0  0 L3P C0
G29 FF 61147 033800  780 497 1243     3387773   -111          12    -39   18  77   96    1   52   30   52   30  15  0  0 L3P EE
G10 FF 61147 035400  780 294 3351     5891308    -20          -6     -9   22  23  150  -35  213  -74  213  -74  18  0  0 L3P 1F
G15 FF 61147 035400  780 241  923    -4037752     63          22     96   42  35  179   -8   55  -78   55  -78  39  0  0 L3P 0C
G18 FF 61147 035400  780 528 1944     3748373    -81          -1     13   21   2   92    3   45  -17   45  -17  19  0  0 L3P CE
G23 FF 61147 035400  780 690 3520    -6370634    -64           1    -19   22 213   79   -5   81    3   81    3  20  0  0 L3P BD
G25 FF 61147 035400  780 357  121    -4294916     33           3      6   26  20  126   24  128   18  128   18  20  0  0 L3P CC
G26 FF 61147 035400  780 380 2389     3546163     23           6    -24   17  40  119  -11   66   17   66   17  16  0  0 L3P E8
G29 FF 61147 035400  780 487 1126     3387708   -121          17    -50   20  77   98    2   46   43   46   43  18  0  0 L3P F5
G10 FF 61147 041000  780 366 3321     5891287     21         -18     32   59  24  123  -22  152  -95  152  -95  57  0  0 L3P 35
G15 FF 61147 041000  780 247 1001    -4037779    -41          27     -8   28  50  175   -1   48   13   48   13  24  0  0 L3P E0
G18 FF 61147 041000  780 500 1834     3748281    -93           1      0   20   3   96    4   41   -4   41   -4  19  0  0 L3P 70
G23 FF 61147 041000  780 778 3501    -6370687   -104          -7    -60   24 214   75   -3   66   42   66   42  23  0  0 L3P 0A
G25 FF 61147 041000  780 282  123    -4294882     48           6     21   25  21  155   38  152   22  152   22  19  0  0 L3P DB
G26 FF 61147 041000  780 415 2472     3546197      2           0    -45   25  41  111   -7   68   31   68   31  21  0  0 L3P AF
G29 FF 61147 041000  780 470 1014     3387639    -84          13    -13   20  78  100    4   50   22   50   22  20  0  0 L3P C4
G10 FF 61147 042600  780 440 3279     5891268    -54         -26    -43   15  24  106  -15  115   11  115   11  14  0  0 L3P 21
G15 FF 61147 042600  780 244 1079    -4037791    -22          46     10   36  50  177    5   30    1   30    1  28  0  0 L3P AD
G16 FF 61147 042600  780 239 2258    -2464486   -112          -7    -42   36  77  181  -37   71   23   71   23  32  0  0 L3P 24
G18 FF 61147 042600  780 471 1734     3748200    -96           9     -2   23   3  100    5   35   -4   35   -4  19  0  0 L3P 9A
G23 FF 61147 042600  780 866 3434    -6370705    -43          17      2   17 214   74   -1   40    3   40    3  16  0  0 L3P AB
G25 FF 61147 042600  780 211  129    -4294841     74          22     46   24  21  204   66  171  -26  171  -26  24  0  0 L3P 0A
G26 FF 61147 042600  780 439 2570     3546235     62          -7     15   17  41  106   -3   73   -5   73   -5  15  0  0 L3P C6
G29 FF 61147 042600  780 445  907     3387582    -71          25      1   25  78  105    5   47    1   47    1  22  0  0 L3P 96
G10 FF 61147 044200  780 513 3220     5891273     11         -10     23   10  24   94  -10   83  -32   83  -32  10  0  0 L3P D4
G15 FF 61147 044200  780 231 1153    -4037842    -32          27      1   22  50  186   14   51    0   51    0  19  0  0 L3P 9C
G16 FF 61147 044200  780 287 2308    -2464557    -93         -11    -23   30  77  153  -23   70   10   70   10  27  0  0 L3P 10
G18 FF 61147 044200  780 443 1641     3748100    -99          -1     -5   22   3  105    5   42    7   42    7  18  0  0 L3P 89
G23 FF 61147 044200  780 847 1742    -6370749    -40          15      5   13 214   74    1   42   -8   42   -8  11  0  0 L3P C0
G26 FF 61147 044200  780 447 2678     3546285     48          -1      1   23  41  104    0   77    2   77    2  22  0  0 L3P 8B
G29 FF 61147 044200  780 413  809     3387516    -66          28      5   32  78  111    8   52   -1   52   -1  26  0  0 L3P AC
G10 FF 61147 045800  780 583 3134     5891266    -33          -6    -21   14  24   86   -7   72   13   72   13  12  0  0 L3P D6
G15 FF 61147 045800  780 209 1220    -4037867   -112          33    -79   35  50  204   25   43   61   43   61  30  0  0 L3P 08
G16 FF 61147 045800  780 329 2372    -2464636    -53         -22     17   25  77  135  -14   79  -14   79  -14  21  0  0 L3P 39
G18 FF 61147 045800  780 415 1553     3748019    -77           8     17   25   3  111    6   33  -15   33  -15  22  0  0 L3P CA
G23 FF 61147 045800  780 762 1692    -6370809    -20          -2     24   18 214   76    3   57  -26   57  -26  16  0  0 L3P 06
G26 FF 61147 045800  780 440 2789     3546333     42           2     -4   20  41  106    3   81    2   81    2  17  0  0 L3P 82
G29 FF 61147 045800  780 374  721     3387454    -71          34      0   22  78  121   12   55    5   55    5  19  0  0 L3P A8
G10 FF 61147 051400  780 646 3007     5891260    -10          -1      2   12  24   81   -4   59   -3   59   -3  10  0  0 L3P 96
G15 FF 61147 051400  780 179 1280    -4037901    -51          31    -18   25  50  237   42   44   22   44   22  20  0  0 L3P EA
G16 FF 61147 051400  780 361 2451    -2464705   -102         -23    -31   21  77  125   -8   80   31   80   31  17  0  0 L3P 05
G18 FF 61147 051400  780 389 1468     3747921    -56          -1     37   16   3  117    7   42  -30   42  -30  13  0  0 L3P D9
G23 FF 61147 051400  780 679 1663    -6370854    -32          -4     13   14 214   79    5   54  -16   54  -16  12  0  0 L3P FC
G26 FF 61147 051400  780 419 2894     3546389     35          13    -12   23  41  110    6   77    6   77    6  18  0  0 L3P C0
G29 FF 61147 051400  780 330  643     3387378    -48          12     22   27  79  135   17   57  -18   57  -18  24  0  0 L3P 07
G10 FF 61147 053000  780 693 2817     5891241    -12          -9      0   15  24   79   -2   60  -15   60  -15  13  0  0 L3P C6
G16 FF 61147 053000  780 382 2541    -2464762   -105         -12    -34   21  77  119   -4   76   27   76   27  19  0  0 L3P 22
G18 FF 61147 053000  780 364 1385     3747840    -92           8      1   14   3  124    7   34   -5   34   -5  12  0  0 L3P 90
G23 FF 61147 053000  780 600 1635    -6370898    -63          -6    -19   11 214   85    7   49   10   49   10   9  0  0 L3P DE
G26 FF 61147 053000  780 386 2989     3546424     41           3     -5   28  41  118   10   85   -8   85   -8  21  0  0 L3P C8
G27 FF 61147 053000  780 239 2175     1104342    170          36      3   38  40  181  -44   49    3   49    3  33  0  0 L3P B9
G29 FF 61147 053000  780 281  576     3387311    -65          12      5   40  79  156   27   60  -11   60  -11  32  0  0 L3P D6
G32 FF 61147 053000  780 217   34      -64442   -211         -15    -16   35  45  198  -56  141  -24  141  -24  30  0  0 L3P 0B
G10 FF 61147 054600  780 715 2562     5891222    -16         -18     -5   13  24   78    0   56   -5   56   -5  11  0  0 L3P BE
G16 FF 61147 054600  780 389 2639    -2464827    -33         -10     38   22  77  117    0   75  -24   75  -24  19  0  0 L3P 1F
G18 FF 61147 054600  780 339 1304     3747731   -126         -11    -33   17   3  131    8   49   28   49   28  13  0  0 L3P F5
G23 FF 61147 054600  780 525 1605    -6370947    -55         -12    -11   19 214   93    9   48    4   48    4  17  0  0 L3P E5
G26 FF 61147 054600  780 346 3073     3546464     25          -1    -22   39  41  129   14   82   13   82   13  29  0  0 L3P E4
G27 FF 61147 054600  780 300 2166     1104480    153          13    -14   30  40  147  -29   57   11   57   11  26  0  0 L3P EE
G29 FF 61147 054600  780 229  518     3387246    -78          15     -7   28  79  188   43   62   13   62   13  23  0  0 L3P EF
G32 FF 61147 054600  780 282   63      -64619   -134          -5     61   24  45  155  -35   92  -95   92  -95  19  0  0 L3P F7
G10 FF 61147 060200  780 703 2299     5891213     35         -18     47   15  33   78    1   45  -28   45  -28  13  0  0 L3P E3
G16 FF 61147 060200  780 382 2740    -2464896    -43         -11     28   20  78  119    4   72  -30   72  -30  18  0  0 L3P 09
G18 FF 61147 060200  780 315 1225     3747644    -87         -10      6   19   4  140   10   49  -12   49  -12  15  0  0 L3P DF
G23 FF 61147 060200  780 455 1572    -6370988    -50         -13     -6   21 215  103   13   48   10   48   10  19  0  0 L3P 01
G26 FF 61147 060200  780 302 3147     3546498     48         -12      2   20  69  146   21   85    2   85    2  14  0  0 L3P AF
G27 FF 61147 060200  780 365 2167     1104635    142           9    -25   17  42  124  -20   59   -2   59   -2  14  0  0 L3P DE
G32 FF 61147 060200  780 351   93      -64816   -198         -11     -2   17  47  128  -23   71  -26   71  -26  14  0  0 L3P E8
G10 FF 61147 061800  780 666 2092     5891209    -20         -11     -9   11  33   80    3   43   10   43   10  11  0  0 L3P AE
G16 FF 61147 061800  780 362 2837    -2464970    -26         -17     45   22  78  124    8   73  -32   73  -32  20  0  0 L3P 15
G18 FF 61147 061800  780 292 1146     3747557   -148          -7    -55   23   4  150   12   44   56   44   56  23  0  0 L3P FD
G23 FF 61147 061800  780 389 1537    -6371020    -79          -3    -35   24 215  117   17   43   24   43   24  21  0  0 L3P 0A
G26 FF 61147 061800  780 256 3214     3546547     17          -7    -29   28  69  170   29   86   29   86   29  24  0  0 L3P 0C
G27 FF 61147 061800  780 431 2181     1104785    150          -1    -17   23  42  108  -14   52   14   52   14  20  0  0 L3P E3
G32 FF 61147 061800  780 424  126      -65000   -207          -7    -11   29  47  109  -16   54    4   54    4  26  0  0 L3P B2
G10 FF 61147 063400  780 615 1942     5891196    -38         -14    -27   14  33   84    4   44   16   44   16  13  0  0 L3P E2
G16 FF 61147 063400  780 333 2926    -2465025    -53          -5     18   24  78  134   12   69  -10   69  -10  19  0  0 L3P 0D
G18 FF 61147 063400  780 267 1069     3747481    -65           6     28   46   4  163   15   38  -15   38  -15  42  0  0 L3P F3
G23 FF 61147 063400  780 327 1499    -6371054    -69           6    -24   20 215  136   22   34   16   34   16  20  0  0 L3P FB
G26 FF 61147 063400  780 210 3276     3546596   -127          -3   -173   46  69  204   42   85  153   85  153  37  0  0 L3P 4E
G27 FF 61147 063400  780 498 2212     1104960    177          14     10   21  42   96  -10   40  -13   40  -13  18  0  0 L3P E9
G32 FF 61147 063400  780 499  167      -65185   -193          -4      3   17  47   96  -11   48    0   48    0  16  0  0 L3P 9E
G08 FF 61147 065000  780 241 2212    -4601077     57         -14    -10   30 111  179  -43   68   12   68   12  25  0  0 L3P 0B
G10 FF 61147 065000  780 561 1831     5891178    -15         -21     -3   15  33   89    6   41   -8   41   -8  14  0  0 L3P BF
G16 FF 61147 065000  780 296 3008    -2465070    -45          18     25   29  78  148   18   52  -19   52  -19  26  0  0 L3P 21
G18 FF 61147 065000  780 241  994     3747393    -91           7      2   32   4  179   19   44   -7   44   -7  25  0  0 L3P AC
G23 FF 61147 065000  780 271 1458    -6371122    -76         -20    -31   31 215  161   31   54   16   54   16  23  0  0 L3P 0A
G27 FF 61147 065000  780 564 2268     1105130    168          23      0   20  42   88   -7   34    1   34    1  18  0  0 L3P 8D
G32 FF 61147 065000  780 575  222      -65370   -214          -2    -19   10  47   87   -8   44   13   44   13   8  0  0 L3P A7
G08 FF 61147 070600  780 301 2239    -4600999     52          -1    -15   24 111  146  -27   52   11   52   11  22  0  0 L3P F7
G10 FF 61147 070600  780 506 1741     5891162    -41         -25    -29   16  33   95    8   40   14   40   14  14  0  0 L3P D2
G16 FF 61147 070600  780 256 3082    -2465136    -73          20     -2   29  78  170   27   52    4   52    4  21  0  0 L3P C6
G18 FF 61147 070600  780 213  920     3747305    -60           9     34   36   4  201   26   46  -21   46  -21  32  0  0 L3P BC
G23 FF 61147 070600  780 218 1414    -6371140    -43           6      1   36 215  197   44   29    1   29    1  28  0  0 L3P B5
G27 FF 61147 070600  780 624 2366     1105286    174          19      7   14  42   83   -4   41   -3   41   -3  12  0  0 L3P AF
G32 FF 61147 070600  780 649  310      -65552   -186           4     10   16  47   81   -5   40   -7   40   -7  13  0  0 L3P 93
G08 FF 61147 072200  780 359 2280    -4600927     33           6    -34   25 111  125  -18   44   37   44   37  21  0  0 L3P FC
G10 FF 61147 072200  780 452 1663     5891143    -34         -34    -23   20  33  103   10   46   14   46   14  18  0  0 L3P E8
G16 FF 61147 072200  780 213 3151    -2465222   -110           2    -40   29   0  201   39   66   39   66   39  21  0  0 L3P D9
G18 FF 61147 072200  780 183  850     3747205    -67          -1     26   30   4  231   39   55  -34   55  -34  22  0  0 L3P D6
G27 FF 61147 072200  780 669 2522     1105444    155          16    -12   15  42   80   -2   45   12   45   12  13  0  0 L3P CC
G32 FF 61147 072200  780 713  465      -65743   -214           0    -19   14  47   78   -3   41   10   41   10  12  0  0 L3P 9D
G08 FF 61147 073800  780 412 2340    -4600868     62           1     -5   24 111  111  -12   47    1   47    1  23  0  0 L3P AF
G10 FF 61147 073800  780 402 1591     5891137    -53         -29    -42   32  33  114   12   45   47   45   47  28  0  0 L3P 05
G27 FF 61147 073800  780 687 2738     1105605    152          17    -15   13  42   79    0   42   11   42   11  12  0  0 L3P CA
G32 FF 61147 073800  780 752  739      -65933   -196          -2      0   33  47   76   -1   41   -2   41   -2  21  0  0 L3P 96
G02 FF 61147 075400  780 229 2187     -804603     -6          16     71   36 116  188  -44   38  -73   38  -73  34  0  0 L3P 1B
G08 FF 61147 075400  780 458 2421    -4600801     54           4    -13   17 111  103   -7   44   16   44   16  15  0  0 L3P DB
G10 FF 61147 075400  780 356 1524     5891126     -7         -29      4   25  33  126   14   49   14   49   14  20  0  0 L3P D0
G27 FF 61147 075400  780 671 2960     1105768    195          20     28   15  42   80    2   38  -24   38  -24  12  0  0 L3P E8
G32 FF 61147 075400  780 741 1065      -66111   -219           8    -24   22  47   76    1   34   19   34   19  15  0  0 L3P B6
G02 FF 61147 081000  780 286 2149     -804694    -93           2    -16   29 117  153  -30   49   13   49   13  26  0  0 L3P 01
G08 FF 61147 081000  780 491 2524    -4600744     82         -10     15   20 112   97   -4   47   -6   47   -6  18  0  0 L3P E0
G10 FF 61147 081000  780 313 1458     5891133     20          -9     32   19  42  141   17   34  -31   34  -31  16  0  0 L3P D7
G27 FF 61147 081000  780 626 3131     1105933    180          26     13   14  45   83    4   39   -4   39   -4  12  0  0 L3P B1
G28 FF 61147 081000  780 229  385     5531630    -99           7     -5   34  62  188  -37   61   16   61   16  29  0  0 L3P E1
G32 FF 61147 081000  780 690 1280      -66307   -201          -1     -5   16  73   79    3   42    9   42    9  14  0  0 L3P 86
G02 FF 61147 082600  780 347 2115     -804752   -111          19    -34   20 117  129  -22   37   36   37   36  17  0  0 L3P 18
G08 FF 61147 082600  780 508 2644    -4600670     72           0      5   18 112   95   -1   43   -2   43   -2  14  0  0 L3P A5
G10 FF 61147 082600  780 273 1392     5891109     17         -22     28   27  42  160   21   54  -11   54  -11  23  0  0 L3P F2
G27 FF 61147 082600  780 565 3248     1106103    169          35      2   18  45   88    7   36    3   36    3  16  0  0 L3P 9C
G28 FF 61147 082600  780 275  447     5531542   -125           9    -32   26  62  158  -26   62   29   62   29  21  0  0 L3P 00
G32 FF 61147 082600  780 621 1389      -66487   -187           7      9   11  73   83    6   37  -10   37  -10   9  0  0 L3P B6
G02 FF 61147 084200  780 414 2085     -804829    -37          16     40   17 117  111  -16   40  -33   40  -33  13  0  0 L3P 04
G08 FF 61147 084200  780 506 2773    -4600611     75          -5      8   15 112   95    2   48   -2   48   -2  13  0  0 L3P B1
G10 FF 61147 084200  780 237 1327     5891118     23          -2     35   22  42  182   26   50   -3   50   -3  16  0  0 L3P B7
G27 FF 61147 084200  780 496 3329     1106254    155          26    -12   27  45   97   10   45   14   45   14  26  0  0 L3P EC
G28 FF 61147 084200  780 322  516     5531466    -67          22     27   47  62  138  -18   52  -11   52  -11  36  0  0 L3P FE
G31 FF 61147 084200  780 226  230     1548784    -11         -38     13   38  68  191  -44   69    0   69    0  28  0  0 L3P D6
G32 FF 61147 084200  780 547 1441      -66673   -175           8     21   19  73   90    9   37  -18   37  -18  20  0  0 L3P D7
G01 FF 61147 085800  780 198 2193    -2958246     47           7    -36   35 186  216  -60   47   30   47   30  31  0  0 L3P 17
G02 FF 61147 085800  780 485 2060     -804905    -83          14     -6   18 117   98  -12   41    4   41    4  15  0  0 L3P C6
G08 FF 61147 085800  780 486 2896    -4600540     48           1    -19   22 112   98    4   47    8   47    8  16  0  0 L3P CA
G10 FF 61147 085800  780 203 1262     5891099    -58         -10    -47   29  42  210   32   80   81   80   81  22  0  0 L3P 02
G27 FF 61147 085800  780 426 3388     1106421    146          32    -21   32  45  109   15   42   25   42   25  29  0  0 L3P F6
G28 FF 61147 085800  780 365  594     5531376    -59          21     34   33  62  123  -12   61  -21   61  -21  27  0  0 L3P 01
G31 FF 61147 085800  780 280  282     1548782      8         -17     32   34  68  156  -29   65  -16   65  -16  31  0  0 L3P 03
G32 FF 61147 085800  780 473 1464      -66860   -202           9     -6   24  73  100   12   40    7   40    7  23  0  0 L3P 9E
G01 FF 61147 091400  780 256 2165    -2958173     99           1     16   36 186  170  -38   54   -3   54   -3  32  0  0 L3P F7
G02 FF 61147 091400  780 560 2041     -804983    -66          11     12   12 117   89   -8   43   -5   43   -5  10  0  0 L3P C6
G08 FF 61147 091400  780 451 3004    -4600464     69          13      2   42 112  104    8   43   10   43   10  29  0  0 L3P B7
G27 FF 61147 091400  780 356 3437     1106587    189          38     22   37  45  126   22   48   -2   48   -2  36  0  0 L3P F6
G28 FF 61147 091400  780 402  683     5531277    -87          12      6   30  62  114   -8   74    4   74    4  26  0  0 L3P A2
G31 FF 61147 091400  780 336  339     1548761    -11         -15     13   22  68  133  -20   73   -4   73   -4  18  0  0 L3P DE
G32 FF 61147 091400  780 400 1469      -67046   -204          10     -9   20  73  114   17   49   18   49   18  17  0  0 L3P DB
G01 FF 61147 093000  780 317 2143    -2958123     65         -29    -18   18 186  139  -26   85   20   85   20  14  0  0 L3P 27
G02 FF 61147 093000  780 640 2031     -805060    -83           8     -6   13 117   82   -6   50   16   50   16  10  0  0 L3P A8
G03 FF 61147 093000  780 189 2457    -5001541    120           1    -27   41 103  225  -31   66   27   66   27  35  0  0 L3P 03
G08 FF 61147 093000  780 406 3097    -4600410     60           3     -7   18 112  113   11   61   21   61   21  14  0  0 L3P BB
G27 FF 61147 093000  780 288 3479     1106753    202          43     35   21  45  152   33   63  -18   63  -18  18  0  0 L3P 0D
G28 FF 61147 093000  780 430  783     5531203    -94          27     -1   26  62  108   -5   70   -5   70   -5  23  0  0 L3P B9
G31 FF 61147 093000  780 392  403     1548742    -38         -11    -14   15  68  116  -14   79   21   79   21  11  0  0 L3P F7
G32 FF 61147 093000  780 331 1462      -67240   -160           4     36   22  73  135   25   68  -22   68  -22  20  0  0 L3P D8
G01 FF 61147 094600  780 383 2127    -2958014     62           0    -21   24 186  119  -18   71   30   71   30  21  0  0 L3P F3
G02 FF 61147 094600  780 723 2040     -805131    -56          11     22   16 117   77   -4   56   -8   56   -8  14  0  0 L3P CC
G03 FF 61147 094600  780 216 2388    -5001386    161          14     14   32 103  198  -25   69    7   69    7  29  0  0 L3P 04
G04 FF 61147 094600  780 213 3085     -536428     19          45     34   44 218  202  -51   75  -18   75  -18  33  0  0 L3P 18
G08 FF 61147 094600  780 356 3175    -4600341     75           7      8   16 112  126   16   76    9   76    9  12  0  0 L3P C1
G27 FF 61147 094600  780 224 3518     1106903    213          33     45   26  45  192   51  103    2  103    2  21  0  0 L3P D4
G28 FF 61147 094600  780 445  892     5531114    -81          28     12   26  62  105   -1   75   -7   75   -7  24  0  0 L3P D2
G31 FF 61147 094600  780 446  480     1548713    -37         -17    -13   23  68  105  -10   90   11   90   11  18  0  0 L3P F5
G32 FF 61147 094600  780 265 1446      -67440   -167          -8     29   19  73  164   38   99   -4   99   -4  14  0  0 L3P FA
G01 FF 61147 100200  780 452 2121    -2957920     57          16    -26   15 187  104  -13   66   31   66   31  15  0  0 L3P 02
G02 FF 61147 100200  780 807 2111     -805198    -76          20      2   15 118   75   -2   63    6   63    6  12  0  0 L3P 93
G03 FF 61147 100200  780 245 2320    -5001250    185          13     39   32 104  176  -20   83  -20   83  -20  28  0  0 L3P 09
G04 FF 61147 100200  780 266 3028     -536463    -52          29    -37   27 219  164  -30   97   35   97   35  25  0  0 L3P 1B
G08 FF 61147 100200  780 303 3243    -4600273     70           9      3   21 113  145   24   95   15   95   15  18  0  0 L3P C0
G28 FF 61147 100200  780 444 1002     5531032   -137          35    -44   31  63  105    2   76   41   76   41  26  0  0 L3P D9
G31 FF 61147 100200  780 494  573     1548703    -61          -4    -37   16  79   97   -7   87   34   87   34  12  0  0 L3P DD
G32 FF 61147 100200  780 203 1424      -67611   -184          12     11   36  74  211   61  109   26  109   26  28  0  0 L3P EA
G01 FF 61147 101800  780 524 2127    -2957837     54          20    -29   18 187   93   -9   70   30   70   30  15  0  0 L3P F4
G02 FF 61147 101800  780 870 2810     -805285    -83           7     -5   13 118   74    0   82   10   82   10  11  0  0 L3P A5
G03 FF 61147 101800  780 275 2252    -5001107    103          16    -44   27 104  158  -17   91   39   91   39  25  0  0 L3P 19
G04 FF 61147 101800  780 315 2961     -536475      5          31     19   23 219  140  -20   99  -12   99  -12  19  0  0 L3P FE
G08 FF 61147 101800  780 251 3303    -4600208     42          10    -25   45 113  173   34  116   35  116   35  39  0  0 L3P 0F
G28 FF 61147 101800  780 427 1107     5530927   -114          19    -21   18  63  108    5   94   20   94   20  17  0  0 L3P F0
G31 FF 61147 101800  780 532  686     1548684    -35           0    -11   21  79   92   -4   87   13   87   13  17  0  0 L3P C5
G01 FF 61147 103400  780 598 2153    -2957762     73          15    -10   15 187   85   -7   76    9   76    9  13  0  0 L3P E6
G02 FF 61147 103400  780 806 3511     -805349    -88          17    -11   35 118   75    2   75   11   75   11  35  0  0 L3P D8
G03 FF 61147 103400  780 308 2183    -5000960    166          22     19   22 104  143  -15   84  -12   84  -12  19  0  0 L3P 1A
G04 FF 61147 103400  780 361 2883     -536492    -31          28    -17   29 219  125  -13  102   11  102   11  25  0  0 L3P 1A
G08 FF 61147 103400  780 200 3359    -4600157    100          -4     33   51 113  213   51  153   10  153   10  40  0  0 L3P F5
G28 FF 61147 103400  780 396 1198     5530832   -130          14    -37   26  63  115    9  102   40  102   40  22  0  0 L3P 05
G31 FF 61147 103400  780 555  819     1548654    -39          -7    -16   16  79   89   -1   94   19   94   19  14  0  0 L3P EC
G01 FF 61147 105000  780 671 2216    -2957685     67          12    -16   13 187   80   -4   82   23   82   23  13  0  0 L3P EE
G02 FF 61147 105000  780 719 3591     -805431    -51          10     26   16 118   77    4   94   -7   94   -7  14  0  0 L3P C7
G03 FF 61147 105000  780 343 2115    -5000835    178           6     31   25 104  130  -13  100  -20  100  -20  22  0  0 L3P 01
G04 FF 61147 105000  780 400 2795     -536512    -23          23     -8   19 219  114   -9  108   16  108   16  17  0  0 L3P 02
G28 FF 61147 105000  780 353 1272     5530746   -104          18    -11   27  63  127   15  113   23  113   23  22  0  0 L3P 0D
G31 FF 61147 105000  780 557  960     1548624    -45         -14    -21   24  79   89    1  105   24  105   24  22  0  0 L3P E8
G01 FF 61147 110600  780 738 2357    -2957615     74           3     -9   15 187   77   -2   93   20   93   20  13  0  0 L3P D7
G02 FF 61147 110600  780 632   15     -805502    -57          13     20   24 118   82    7   99    1   99    1  19  0  0 L3P 80
G03 FF 61147 110600  780 381 2045    -5000696    131           5    -16   25 104  119  -11  101   19  101   19  22  0  0 L3P 0D
G04 FF 61147 110600  780 433 2698     -536516     41          33     56   24 219  107   -6  103  -44  103  -44  19  0  0 L3P 19
G28 FF 61147 110600  780 303 1329     5530652    -84          13      9   29  63  146   24  128   15  128   15  25  0  0 L3P F9
G31 FF 61147 110600  780 539 1091     1548599      5         -16     29   22  79   91    3  109  -18  109  -18  20  0  0 L3P FC
G01 FF 61147 112200  780 779 2659    -2957532     90           6      7   14 187   75   -1   98   11   98   11  12  0  0 L3P D4
G02 FF 61147 112200  780 547   26     -805580    -69           9      8   17 118   90   10  121    8  121    8  16  0  0 L3P 93
G03 FF 61147 112200  780 423 1973    -5000552    140           7     -7   20 104  109   -9  103    7  103    7  17  0  0 L3P CD
G04 FF 61147 112200  780 459 2591     -536540     22          23     36   17 219  102   -4  116  -26  116  -26  15  0  0 L3P 0F
G09 FF 61147 112200  780 186 2804    -7589979     52          31     19   86  16  228  -42  174  -25  174  -25  81  0  0 L3P 55
G28 FF 61147 112200  780 247 1371     5530556   -105           7    -12   31  63  175   39  156   29  156   29  24  0  0 L3P 1E
G31 FF 61147 112200  780 503 1200     1548577    -41         -15    -17   25  79   95    6  118   30  118   30  23  0  0 L3P F2
G01 FF 61147 113800  780 765 3044    -2957453     61           4    -22   13 187   76    1  113   31  113   31  11  0  0 L3P E1
G02 FF 61147 113800  780 464   35     -805653    -78          10     -1   13 118  102   14  144   28  144   28  10  0  0 L3P D9
G03 FF 61147 113800  780 467 1897    -5000407    155          12      9   19 104  101   -8  111   -1  111   -1  16  0  0 L3P F1
G04 FF 61147 113800  780 477 2478     -536561    -56          16    -41   15 219   99   -2  122   39  122   39  14  0  0 L3P 1E
G09 FF 61147 113800  780 220 2734    -7590039   -229         -61   -262   40  16  195  -28  270  258  270  258  36  0  0 L3P 9B
G26 FF 61147 113800  780 198  818     3547439     67          -6     20   31  11  215  -21  257  -14  257  -14  25  0  0 L3P 16
G28 FF 61147 113800  780 189 1399     5530464   -109           3    -16   46  63  226   66  201   72  201   72  33  0  0 L3P 23
G31 FF 61147 113800  780 455 1283     1548555    -21         -14      3   25  79  103   10  134    8  134    8  25  0  0 L3P DA
G01 FF 61147 115400  780 708 3275    -2957359     96          20     13   16 187   78    3  113    4  113    4  12  0  0 L3P D8
G02 FF 61147 115400  780 385   43     -805726   -112          12    -35   15 118  118   21  171   65  171   65  11  0  0 L3P 01
G03 FF 61147 115400  780 513 1814    -5000260    173          18     26   13 104   94   -6  111  -19  111  -19  12  0  0 L3P 0F
G04 FF 61147 115400  780 488 2362     -536584    -10           8      4   23 220   98   -1  126   -1  126   -1  20  0  0 L3P C2
G09 FF 61147 115400  780 250 2660    -7589948    167          -2    134   33  16  173  -19  211 -143  211 -143  28  0  0 L3P 7C
G26 FF 61147 115400  780 214  891     3547509     -9          19    -56   37  11  200  -12  231   44  231   44  32  0  0 L3P F8
G31 FF 61147 115400  780 400 1341     1548538    -60          -8    -36   21  79  114   14  149   55  149   55  17  0  0 L3P 16
G01 FF 61147 121000  780 635 3387    -2957275    110          25     27   29 188   82    6  128    1  128    1  29  0  0 L3P EF
G02 FF 61147 121000  780 310   54     -805809    -83           0     -5   34 119  143   31  223   70  223   70  28  0  0 L3P C0
G03 FF 61147 121000  780 561 1718    -5000136    192           0     46   17 150   89   -5  137  -35  137  -35  16  0  0 L3P 12
G04 FF 61147 121000  780 492 2245     -536590    -20          17     -5   25 221   97    0  131   17  131   17  20  0  0 L3P D2
G09 FF 61147 121000  780 278 2583    -7589887     32          33     -1   21  52  157  -14  180    9  180    9  17  0  0 L3P 03
G16 FF 61147 121000  780 197  645    -2466425    -50          16     21   46  33  216  -35  295  -24  295  -24  38  0  0 L3P 34
G26 FF 61147 121000  780 224  967     3547541    -11           7    -57   31  12  192   -5  243   60  243   60  26  0  0 L3P E5
G31 FF 61147 121000  780 340 1380     1548510    -40         -18    -16   24  80  131   21  177   52  177   52  18  0  0 L3P 0D
G01 FF 61147 122600  780 557 3450    -2957204     88          16      5   33 188   89    9  165   34  165   34  33  0  0 L3P 00
G02 FF 61147 122600  780 239   67     -805867    -40          16     37   27 119  181   50  278   48  278   48  22  0  0 L3P 0E
G03 FF 61147 122600  780 607 1602    -4999987    156           8     10   16 150   84   -4  142    9  142    9  14  0  0 L3P F0
G04 FF 61147 122600  780 492 2130     -536605     -6          16      8   16 221   97    0  143   -1  143   -1  14  0  0 L3P AD
G09 FF 61147 122600  780 304 2504    -7589855     47          33     14   23  52  145  -11  190   -6  190   -6  20  0  0 L3P 0D
G16 FF 61147 122600  780 228  716    -2466499   -111          11    -41   40  33  189  -23  303   33  303   33  34  0  0 L3P 26
G26 FF 61147 122600  780 225 1042     3547593     61          15     14   30  12  191    3  255   21  255   21  26  0  0 L3P D7
G31 FF 61147 122600  780 278 1403     1548492     -7         -12     16   19  80  157   33  217   40  217   40  15  0  0 L3P FF
G01 FF 61147 124200  780 480 3492    -2957115     75          25     -8   30 188   99   12  191   48  191   48  28  0  0 L3P 20
G03 FF 61147 124200  780 648 1454    -4999838    174          16     27   17 150   81   -3  152   -7  152   -7  14  0  0 L3P 1F
G04 FF 61147 124200  780 487 2017     -536622     23          13     38   16 221   98    1  157  -18  157  -18  13  0  0 L3P FF
G07 FF 61147 124200  780 248 3205     1742235     53           8      7   20  40  175  -43  271  -17  271  -17  16  0  0 L3P F7
G09 FF 61147 124200  780 328 2423    -7589830     37          26      4   20  52  135   -9  203    8  203    8  19  0  0 L3P D5
G16 FF 61147 124200  780 254  791    -2466549   -180          28   -110   34  33  170  -15  288  106  288  106  29  0  0 L3P 75
G26 FF 61147 124200  780 217 1115     3547637     73          14     26   28  12  197   11  288    9  288    9  20  0  0 L3P E9
G31 FF 61147 124200  780 217 1414     1548490    -87           9    -63   28  80  198   54  251  140  251  140  23  0  0 L3P 2B
G01 FF 61147 125800  780 404 3523    -2957041    115          20     32   16 188  113   18  236   22  236   22  14  0  0 L3P 1A
G03 FF 61147 125800  780 677 1265    -4999694    172          19     25   15 150   80   -1  167   -5  167   -5  13  0  0 L3P 29
G04 FF 61147 125800  780 480 1909     -536636    -11          13      4   19 221   99    1  171    6  171    6  16  0  0 L3P BF
G07 FF 61147 125800  780 311 3161     1742288     63          17     17   23  40  142  -27  250  -23  250  -23  19  0  0 L3P 16
G09 FF 61147 125800  780 351 2340    -7589806     44          19     11   22  52  128   -7  214   -7  214   -7  18  0  0 L3P 04
G16 FF 61147 125800  780 275  870    -2466659    -15         -14     56   22  33  159   -9  327  -42  327  -42  17  0  0 L3P 40
G26 FF 61147 125800  780 200 1184     3547696     67          28     20   28  12  213   22  313   27  313   27  22  0  0 L3P F8
G01 FF 61147 131400  780 331 3551    -2956964     83          18      0   21 188  134   26  290   58  290   58  16  0  0 L3P 18
G03 FF 61147 131400  780 685 1042    -4999554    149          19      2   14 150   79    0  178    9  178    9  13  0  0 L3P EF
G04 FF 61147 131400  780 472 1803     -536661    -10           2      5   25 221  100    2  192    5  192    5  21  0  0 L3P 9B
G06 FF 61147 131400  780 210 2311     6100305     18          23     37   40  64  204  -35  266  -30  266  -30  35  0  0 L3P 01
G07 FF 61147 131400  780 372 3106     1742326     51          12      6   17  40  121  -18  243  -13  243  -13  13  0  0 L3P F0
G09 FF 61147 131400  780 373 2256    -7589762     11          31    -22   29  52  121   -6  206   19  206   19  25  0  0 L3P 16
G16 FF 61147 131400  780 287  952    -2466686    -36          26     34   32  33  153   -4  293  -14  293  -14  28  0  0 L3P 2C
G01 FF 61147 133000  780 263 3577    -2956882    121          20     38   23 188  166   40  367   81  367   81  21  0  0 L3P 3F
G03 FF 61147 133000  780 666  824    -4999421    156          11      9   14 150   80    2  195   10  195   10  13  0  0 L3P E1
G04 FF 61147 133000  780 462 1700     -536674    -48           3    -33   23 221  102    2  203   46  203   46  19  0  0 L3P E5
G06 FF 61147 133000  780 242 2378     6100280    -10          16     10   33  64  178  -20  281   16  281   16  30  0  0 L3P FA
G07 FF 61147 133000  780 431 3036     1742363     58           5     13   34  40  107  -12  243  -13  243  -13  22  0  0 L3P F1
G09 FF 61147 133000  780 395 2170    -7589744     -3          17    -36   26  52  115   -6  220   36  220   36  24  0  0 L3P 0F
G16 FF 61147 133000  780 289 1034    -2466763   -148          17    -78   32  33  152    2  305   73  305   73  28  0  0 L3P 2D
G01 FF 61147 134600  780 198    4    -2956783    113          39     30   24 188  216   67  477  121  477  121  18  0  0 L3P 34
G03 FF 61147 134600  780 625  648    -4999288    133           3    -13   15 150   83    4  222   39  222   39  13  0  0 L3P 00
G04 FF 61147 134600  780 452 1600     -536683     28           8     43   29 221  103    2  214  -21  214  -21  26  0  0 L3P E9
G06 FF 61147 134600  780 265 2454     6100256      4          11     24   25  64  164  -10  307   18  307   18  21  0  0 L3P E7
G07 FF 61147 134600  780 486 2948     1742401     61           0     16   22  40   98   -8  245   -5  245   -5  17  0  0 L3P D3
G09 FF 61147 134600  780 418 2083    -7589712     37          18      4   21  52  110   -5  232   11  232   11  19  0  0 L3P EA
G16 FF 61147 134600  780 280 1114    -2466832    -81          16    -10   49  33  156    7  313   29  313   29  45  0  0 L3P 14
G03 FF 61147 140200  780 569  519    -4999147    145           7     -2   14 151   88    6  247   34  247   34  13  0  0 L3P F7
G04 FF 61147 140200  780 441 1501     -536704      5           7     19   25 222  105    2  237   -9  237   -9  22  0  0 L3P B8
G06 FF 61147 140200  780 277 2536     6100235      3          13     22   23  70  158   -3  339    5  339    5  19  0  0 L3P B9
G07 FF 61147 140200  780 533 2839     1742430     52         -13      6   13 111   92   -5  250   -4  250   -4  11  0  0 L3P CC
G09 FF 61147 140200  780 441 1994    -7589689     69          14     36   17  53  106   -5  250  -18  250  -18  15  0  0 L3P 3B
G16 FF 61147 140200  780 261 1189    -2466912    -32           3     39   21  34  166   15  331  -21  331  -21  19  0  0 L3P 0F
G30 FF 61147 140200  780 206 3012    -1907975   -130          37      3   29  80  208  -49  446  -43  446  -43  25  0  0 L3P 3F
G03 FF 61147 141800  780 504  428    -4999001    162          13     16   20 151   95   10  272   14  272   14  17  0  0 L3P FD
G04 FF 61147 141800  780 430 1403     -536737     17         -12     31   20 222  108    3  272  -22  272  -22  18  0  0 L3P 02
G06 FF 61147 141800  780 277 2622     6100216    -33          12    -14   23  70  158    3  369   53  369   53  21  0  0 L3P 00
G07 FF 61147 141800  780 571 2707     1742490     38           3     -7   15 111   88   -3  238   -1  238   -1  13  0  0 L3P D6
G09 FF 61147 141800  780 464 1901    -7589659     31          12     -2   15  53  101   -4  253    3  253    3  14  0  0 L3P D8
G16 FF 61147 141800  780 233 1255    -2466975   -152           7    -82   27  34  185   25  349   93  349   93  22  0  0 L3P 46
G30 FF 61147 141800  780 255 2953    -1908112    -97          27     36   20  80  170  -30  422  -59  422  -59  18  0  0 L3P 47
G03 FF 61147 143400  780 435  361    -4998858    129          15    -17   15 151  107   14  303   43  303   43  13  0  0 L3P 28
G04 FF 61147 143400  780 416 1306     -536724    -11          15      4   23 222  110    3  255   -2  255   -2  17  0  0 L3P C8
G06 FF 61147 143400  780 266 2708     6100168    -29         -17    -10   31  70  164    9  438   56  438   56  27  0  0 L3P 22
G07 FF 61147 143400  780 594 2553     1742514     40         -17     -5   18 111   85   -1  247    1  247    1  14  0  0 L3P D3
G09 FF 61147 143400  780 488 1803    -7589630    -26          10    -59   15  53   98   -4  256   40  256   40  12  0  0 L3P 22
G16 FF 61147 143400  780 196 1312    -2467042    -74           9     -4   28  34  217   44  380   52  380   52  22  0  0 L3P 01
G30 FF 61147 143400  780 300 2884    -1908241   -105          26     28   17  80  147  -20  390  -51  390  -51  13  0  0 L3P 44
G03 FF 61147 145000  780 363  314    -4998728    156           4     10   18 151  124   22  348   35  348   35  14  0  0 L3P 10
G04 FF 61147 145000  780 401 1210     -536769    -48         -15    -34   20 222  114    4  286   39  286   39  16  0  0 L3P 1D
G06 FF 61147 145000  780 246 2790     6100188    -18          22      1   41  70  176   17  458   52  458   52  39  0  0 L3P 03
G07 FF 61147 145000  780 602 2386     1742559     43         -15     -3   15 111   85    0  238  -11  238  -11  14  0  0 L3P FE
G09 FF 61147 145000  780 511 1698    -7589600     16           7    -17   13  53   94   -3  252   -1  252   -1  10  0  0 L3P E1
G30 FF 61147 145000  780 341 2808    -1908373   -135          22     -2   22  80  131  -14  361  -24  361  -24  17  0  0 L3P 35
G03 FF 61147 150600  780 291  279    -4998586    128           5    -19   24 151  151   35  400   76  400   76  18  0  0 L3P 2D
G04 FF 61147 150600  780 383 1116     -536773    -26          -5    -11   15 222  118    5  288   14  288   14  14  0  0 L3P 0B
G06 FF 61147 150600  780 219 2868     6100175    -13          27      7   29  70  196   26  513   58  513   58  25  0  0 L3P 0C
G07 FF 61147 150600  780 595 2222     1742605     54         -13      9   14 111   85    1  231  -18  231  -18  13  0  0 L3P F0
G09 FF 61147 150600  780 533 1585    -7589566     37          10      4   10  53   92   -2  239  -14  239  -14   8  0  0 L3P FC
G30 FF 61147 150600  780 378 2723    -1908489   -138          33     -5   16  80  120  -10  316  -33  316  -33  14  0  0 L3P 47
G03 FF 61147 152200  780 221  255    -4998439    146          11      0   23 151  195   61  491  127  491  127  19  0  0 L3P 36
G04 FF 61147 152200  780 361 1025     -536783    -51          -1    -37   19 222  124    7  299   54  299   54  17  0  0 L3P 19
G06 FF 61147 152200  780 187 2941     6100155     23          26     43   31  70  227   40  593   72  593   72  23  0  0 L3P FD
G07 FF 61147 152200  780 576 2071     1742650     18         -11    -28   14 111   87    2  226   24  226   24  13  0  0 L3P F6
G09 FF 61147 152200  780 550 1461    -7589532     23          13    -10   19  53   90   -2  232   12  232   12  16  0  0 L3P ED
G14 FF 61147 152200  780 256 3392    -7435783     -1          -2     12   28 203  170  -45  523 -134  523 -134  23  0  0 L3P 53
G30 FF 61147 152200  780 409 2631    -1908643   -143           7    -10   23  80  112   -7  310  -12  310  -12  20  0  0 L3P 0F
G04 FF 61147 153800  780 336  937     -536800    -60          -4    -45   30 222  133   10  317   63  317   63  26  0  0 L3P 06
G07 FF 61147 153800  780 549 1938     1742685     52         -20      6   26 111   90    3  234   -2  234   -2  23  0  0 L3P DC
G09 FF 61147 153800  780 561 1328    -7589512     18           1    -15   14  53   89   -1  240   22  240   22  12  0  0 L3P EA
G14 FF 61147 153800  780 328 3380    -7435774    -20          20     -8   46 203  136  -28  407  -71  407  -71  40  0  0 L3P 51
G30 FF 61147 153800  780 435 2532    -1908753   -127          25      6   17  80  107   -5  271  -23  271  -23  15  0  0 L3P 2A
G04 FF 61147 155400  780 306  854     -536794    -50          17    -35   34 222  144   14  327   59  327   59  31  0  0 L3P 22
G07 FF 61147 155400  780 516 1820     1742731     27         -18    -19   13 111   94    4  238   20  238   20  12  0  0 L3P F9
G09 FF 61147 155400  780 564 1188    -7589473      9           8    -24   15  53   88    0  243   32  243   32  13  0  0 L3P E7
G14 FF 61147 155400  780 402 3360    -7435808    -36          -2    -23   28 203  114  -18  366  -24  366  -24  27  0  0 L3P 59
G21 FF 61147 155400  780 232 2235    -4145355    -28           9    -19   38 204  186  -43  363  -11  363  -11  33  0  0 L3P 48
G22 FF 61147 155400  780 235 3357      171217    -55          11      6   44   4  184  -51  569 -146  569 -146  40  0  0 L3P 2D
G30 FF 61147 155400  780 456 2427    -1908895   -133          11      0   14  80  103   -3  270  -12  270  -12  12  0  0 L3P 15
G04 FF 61147 161000  780 272  777     -536838     53         -13     68   31 223  160   20  392  -16  392  -16  22  0  0 L3P 21
G07 FF 61147 161000  780 483 1715     1742770     31         -16    -15   16 146   98    5  257   31  257   31  14  0  0 L3P 08
G08 FF 61147 161000  780 179 1026    -4598790    185           3    118   32 117  237   -3  437 -112  437 -112  25  0  0 L3P 6F
G09 FF 61147 161000  780 555 1047    -7589443     53          11     20   17  59   89    2  256  -12  256  -12  15  0  0 L3P 0A
G14 FF 61147 161000  780 478 3329    -7435816    -14           4     -2   28 204   99  -12  325  -34  325  -34  26  0  0 L3P 2F
G21 FF 61147 161000  780 285 2280    -4145365      5          10     13   30 205  154  -26  338  -20  338  -20  28  0  0 L3P 1A
G22 FF 61147 161000  780 303 3339      171161    -58          10      4   25  25  146  -31  457  -91  457  -91  23  0  0 L3P 05
G30 FF 61147 161000  780 471 2319    -1909026   -145           9    -12   18  87  100   -2  265    7  265    7  14  0  0 L3P F7
G04 FF 61147 162600  780 234  705     -536859      4         -19     19   32 223  184   31  446   36  446   36  26  0  0 L3P 05
G07 FF 61147 162600  780 448 1619     1742819     45         -11      0   23 146  104    6  266   15  266   15  20  0  0 L3P F8
G08 FF 61147 162600  780 177 1097    -4598706     71          21      4   34   0  239    8  419   -6  419   -6  29  0  0 L3P E8
G09 FF 61147 162600  780 534  913    -7589413     15           9    -18   16  59   92    3  273   26  273   26  14  0  0 L3P EC
G14 FF 61147 162600  780 555 3283    -7435813    -52          20    -40   16 204   89   -9  283   14  283   14  14  0  0 L3P 27
G21 FF 61147 162600  780 333 2339    -4145386     -6          -4      2   28 205  134  -16  333  -18  333  -18  23  0  0 L3P 22
G22 FF 61147 162600  780 372 3311      171088   -123          -4    -62   38  25  121  -20  393   -2  393   -2  38  0  0 L3P 09
G30 FF 61147 162600  780 482 2209    -1909155   -125           7      8   19  87   99   -1  265  -10  265  -10  16  0  0 L3P 16
G04 FF 61147 164200  780 192  641     -536849    -42           5    -28   35 223  222   49  486   96  486   96  30  0  0 L3P 22
G07 FF 61147 164200  780 415 1530     1742860     10         -14    -36   19 146  111    7  279   36  279   36  15  0  0 L3P 1B
G09 FF 61147 164200  780 503  793    -7589379     44          11     11   23  59   96    5  289   10  289   10  21  0  0 L3P F0
G14 FF 61147 164200  780 631 3211    -7435830    -40          15    -27   15 204   83   -6  268   11  268   11  13  0  0 L3P 11
G21 FF 61147 164200  780 372 2414    -4145384     23           5     31   22 205  122  -10  322  -21  322  -21  20  0  0 L3P 01
G22 FF 61147 164200  780 443 3271      171026    -97          -7    -36   18  25  105  -14  352   -6  352   -6  16  0  0 L3P FE
G30 FF 61147 164200  780 488 2098    -1909270   -141          21     -8   16  87   98   -1  249   -1  249   -1  14  0  0 L3P 13
G05 FF 61147 165800  780 188 2297     2318575     47          11     43   27  30  226  -44  436  -57  436  -57  25  0  0 L3P 43
G07 FF 61147 165800  780 383 1445     1742900     22         -17    -24   14 146  118    8  287   28  287   28  13  0  0 L3P 2A
G09 FF 61147 165800  780 461  688    -7589341     30          18     -3   17  59  102    8  302   29  302   29  15  0  0 L3P F7
G14 FF 61147 165800  780 701 3091    -7435848    -10           9      3   15 204   78   -3  258  -13  258  -13  14  0  0 L3P 10
G21 FF 61147 165800  780 399 2504    -4145389     -3           8      5   23 205  114   -5  323    9  323    9  20  0  0 L3P CF
G22 FF 61147 165800  780 512 3216      170961    -38         -13     23    8  25   94   -9  320  -47  320  -47   6  0  0 L3P E8
G30 FF 61147 165800  780 492 1987    -1909415   -161           3    -28   18  87   97    0  259   20  259   20  13  0  0 L3P 1C
G05 FF 61147 171400  780 221 2359     2318583    -24          15    -29   35  30  194  -25  424   24  424   24  27  0  0 L3P 23
G07 FF 61147 171400  780 352 1364     1742945     17         -16    -29   21 146  127   10  293   26  293   26  17  0  0 L3P 31
G09 FF 61147 171400  780 413  601    -7589321     57           7     24   19  59  111   12  336   10  336   10  17  0  0 L3P E2
G14 FF 61147 171400  780 759 2871    -7435862     -9           7      4   19 204   76   -2  253   -8  253   -8  15  0  0 L3P EE
G17 FF 61147 171400  780 234  138     1150544    103           1     15   25  33  185  -44  597 -147  597 -147  21  0  0 L3P 3C
G21 FF 61147 171400  780 413 2604    -4145391     -2          14      5   30 205  111   -1  334   16  334   16  26  0  0 L3P DE
G22 FF 61147 171400  780 580 3138      170906    -84          -9    -23   16  25   87   -6  293   -7  293   -7  12  0  0 L3P F0
G30 FF 61147 171400  780 493 1877    -1909541   -145           4    -11   21  87   97    0  253    5  253    5  19  0  0 L3P E9
G05 FF 61147 173000  780 245 2431     2318591      6          19      1   25  30  176  -13  426   15  426   15  20  0  0 L3P D6
G07 FF 61147 173000  780 323 1285     1742978     22         -27    -24   20 146  137   11  311   33  311   33  15  0  0 L3P 17
G09 FF 61147 173000  780 358  528    -7589281     38          14      5   27  59  125   18  366   37  366   37  22  0  0 L3P 0F
G14 FF 61147 173000  780 782 2500    -7435869     -3          12      9   14 204   75    0  241  -15  241  -15  13  0  0 L3P EE
G17 FF 61147 173000  780 293  179     1150625     75          -3    -14   38  33  150  -29  490  -77  490  -77  34  0  0 L3P 2E
G21 FF 61147 173000  780 411 2708    -4145399    -18          13    -10   24 205  112    2  355   26  355   26  21  0  0 L3P 11
G22 FF 61147 173000  780 641 3023      170859    -49           3     13   15  25   82   -4  269  -19  269  -19  13  0  0 L3P F1
G30 FF 61147 173000  780 492 1767    -1909668   -119           5     14   16  87   97    0  247  -14  247  -14  13  0  0 L3P 24
G05 FF 61147 174600  780 259 2509     2318600     15          23     11   28  30  168   -5  439   20  439   20  23  0  0 L3P F3
G07 FF 61147 174600  780 295 1207     1743028     28         -20    -18   23 146  149   13  320   37  320   37  19  0  0 L3P 29
G09 FF 61147 174600  780 300  469    -7589245     48          19     15   30  59  147   27  413   59  413   59  24  0  0 L3P 1E
G13 FF 61147 174600  780 222 2162    -6791348     90          17     74   33  11  193  -50  380 -103  380 -103  26  0  0 L3P 51
G14 FF 61147 174600  780 756 2144    -7435886    -12           7      1   13 204   76    2  241  -10  241  -10  11  0  0 L3P EB
G17 FF 61147 174600  780 355  223     1150723    104          10     16   27  33  127  -20  409  -71  409  -71  24  0  0 L3P 14
G21 FF 61147 174600  780 396 2810    -4145413    -23           7    -15   21 205  115    6  384   43  384   43  16  0  0 L3P 0F
G22 FF 61147 174600  780 691 2853      170795    -59          -2      2   15  25   79   -2  262   -4  262   -4  12  0  0 L3P CA
G30 FF 61147 174600  780 490 1658    -1909806   -132          -5      1   15  87   97    1  255    3  255    3  13  0  0 L3P D6
G05 FF 61147 180200  780 261 2591     2318611     -4          26     -9   24  31  166    2  464   52  464   52  22  0  0 L3P DA
G07 FF 61147 180200  780 267 1132     1743097    105           6     60   34 155  163   16  313  -48  313  -48  31  0  0 L3P 24
G09 FF 61147 180200  780 240  421    -7589210     17          22    -16   35  60  180   45  481   99  481   99  29  0  0 L3P 1B
G13 FF 61147 180200  780 283 2145    -6791346    -61          -3    -77   20  14  155  -32  347   26  347   26  17  0  0 L3P 34
G14 FF 61147 180200  780 702 1933    -7435900    -16           8     -4   17 205   78    3  234   -1  234   -1  15  0  0 L3P D8
G17 FF 61147 180200  780 419  274     1150801     80           3     -9   17  34  110  -14  355  -41  355  -41  13  0  0 L3P E8
G19 FF 61147 180200  780 230   20    -6973473     14          60     26   32  65  187  -52  644 -220  644 -220  25  0  0 L3P 30
G20 FF 61147 180200  780 234 2175    -1127077   -155          28     35   36  36  185  -49  382  -69  382  -69  29  0  0 L3P 70
G21 FF 61147 180200  780 368 2905    -4145419     -4          12      4   19 206  122    9  425   64  425   64  14  0  0 L3P F3
G22 FF 61147 180200  780 719 2617      170733    -95         -11    -34   12  45   77   -1  250    2  250    2  11  0  0 L3P C3
G30 FF 61147 180200  780 485 1550    -1909917   -151          13    -18   23  88   98    1  236   30  236   30  21  0  0 L3P 13
G05 FF 61147 181800  780 254 2674     2318658     43          68     38   27  31  171    8  477   26  477   26  24  0  0 L3P 12
G07 FF 61147 181800  780 239 1058     1743126     63          -9     18   27 155  180   20  332  -11  332  -11  25  0  0 L3P 1D
G13 FF 61147 181800  780 348 2135    -6791326     23           2      7   16  14  129  -22  312  -34  312  -34  15  0  0 L3P 04
G14 FF 61147 181800  780 640 1807    -7435908    -41          12    -29   16 205   82    5  228   20  228   20  14  0  0 L3P 11
G17 FF 61147 181800  780 483  337     1150890    105           7     17   13  34   98  -10  309  -47  309  -47  10  0  0 L3P 0A
G19 FF 61147 181800  780 298   49    -6973503     22          41     34   29  65  148  -33  505 -168  505 -168  25  0  0 L3P 57
G20 FF 61147 181800  780 298 2180    -1127262   -209          26    -19   34  36  147  -30  345  -21  345  -21  28  0  0 L3P 5D
G21 FF 61147 181800  780 333 2990    -4145413      8          26     16   23 206  134   14  492   72  492   72  17  0  0 L3P 12
G22 FF 61147 181800  780 716 2351      170674    -38         -11     24   16  45   78    1  234  -30  234  -30  13  0  0 L3P EF
G30 FF 61147 181800  780 478 1442    -1910038   -181          20    -48   21  88   99    1  225   30  225   30  19  0  0 L3P 14
G05 FF 61147 183400  780 237 2755     2318662   -168          68   -172   39  31  182   15  547  259  547  259  37  0  0 L3P 90
G07 FF 61147 183400  780 210  986     1743180     34           2    -12   36 155  203   27  330   11  330   11  31  0  0 L3P DC
G13 FF 61147 183400  780 415 2135    -6791293     25          19      9   17  14  111  -16  264  -45  264  -45  15  0  0 L3P 27
G14 FF 61147 183400  780 578 1718    -7435927    -39           5    -26   20 205   87    6  229   20  229   20  17  0  0 L3P 17
G17 FF 61147 183400  780 545  420     1150967     95          -1      6   13  34   90   -7  280  -41  280  -41  10  0  0 L3P D0
G19 FF 61147 183400  780 370   79    -6973533     28          21     39   18  65  122  -22  416 -130  416 -130  15  0  0 L3P 3A
G20 FF 61147 183400  780 365 2197    -1127447   -241          23    -52   25  36  124  -20  312    7  312    7  22  0  0 L3P 0F
G21 FF 61147 183400  780 291 3066    -4145417    -45          30    -37   37 206  151   21  576  129  576  129  26  0  0 L3P 69
G22 FF 61147 183400  780 687 2127      170615    -63         -11     -2   17  45   79    2  226    1  226    1  16  0  0 L3P B1
G30 FF 61147 183400  780 468 1335    -1910191   -124          -5      9   25  88  101    2  241  -25  241  -25  21  0  0 L3P 0B
G05 FF 61147 185000  780 213 2832     2318615     22          16     18   29  31  201   25  708  119  708  119  25  0  0 L3P 1E
G07 FF 61147 185000  780 181  917     1743194     50         -28      4   31 155  234   38  361   -3  361   -3  25  0  0 L3P EF
G13 FF 61147 185000  780 485 2149    -6791290     -8           7    -24   17  14   98  -11  246   -4  246   -4  14  0  0 L3P 01
G14 FF 61147 185000  780 517 1647    -7435948    -16          -4     -4   21 205   94    8  225  -11  225  -11  17  0  0 L3P 18
G15 FF 61147 185000  780 196 2221    -4039505    -30          43      3   49  66  218  -60  368  -45  368  -45  43  0  0 L3P 3C
G17 FF 61147 185000  780 599  535     1151050     86          -4     -3   14  34   85   -4  250  -21  250  -21  13  0  0 L3P D6
G19 FF 61147 185000  780 445  113    -6973547    -19          18     -7   31  65  105  -15  342  -55  342  -55  27  0  0 L3P 39
G20 FF 61147 185000  780 430 2230    -1127642   -190           9      0   22  36  108  -14  288  -26  288  -26  19  0  0 L3P 26
G21 FF 61147 185000  780 248 3135    -4145446     13           8     21   27 206  175   30  712  115  712  115  22  0  0 L3P 1E
G22 FF 61147 185000  780 642 1962      170567    -48           0     13   14  45   82    4  209  -15  209  -15  12  0  0 L3P D6
G30 FF 61147 185000  780 455 1230    -1910327   -129         -14      4   15  88  103    3  240  -21  240  -21  15  0  0 L3P 0B
G05 FF 61147 190600  780 184 2905     2318622    -14          19    -18   28  31  231   38  829   97  829   97  23  0  0 L3P 3A
G13 FF 61147 190600  780 556 2183    -6791278     30           4     14   12  14   89   -8  224  -37  224  -37  11  0  0 L3P 05
G14 FF 61147 190600  780 459 1584    -7435960     -6          -4      6   27 205  102   10  212  -18  212  -18  25  0  0 L3P 17
G15 FF 61147 190600  780 250 2253    -4039553    -31          26      2   39  66  173  -35  337  -46  337  -46  33  0  0 L3P 38
G17 FF 61147 190600  780 638  691     1151143     68           4    -20   18  34   82   -2  219   -5  219   -5  16  0  0 L3P CA
G19 FF 61147 190600  780 523  155    -6973557     -5          19      7   17  65   93  -10  286  -60  286  -60  16  0  0 L3P 17
G20 FF 61147 190600  780 493 2284    -1127820   -216          14    -26   19  36   97   -9  257   -3  257   -3  17  0  0 L3P 25
G21 FF 61147 190600  780 204 3197    -4145451    -39          11    -31   24 206  210   44  778   42  778   42  18  0  0 L3P 3C
G22 FF 61147 190600  780 590 1841      170507    -42          -1     19   14  45   86    5  203  -30  203  -30  12  0  0 L3P D1
G30 FF 61147 190600  780 438 1128    -1910425   -181          16    -48   19  88  106    4  205   44  205   44  16  0  0 L3P 26
G13 FF 61147 192200  780 625 2252    -6791262     30           4     14   14  14   83   -5  207  -26  207  -26  13  0  0 L3P EF
G14 FF 61147 192200  780 404 1525    -7435974    -41          -6    -29   13 205  113   13  196    8  196    8  12  0  0 L3P 14
G15 FF 61147 192200  780 300 2297    -4039582     -3          28     30   22  66  147  -22  292  -53  292  -53  21  0  0 L3P 2C
G17 FF 61147 192200  780 651  883     1151222     70          -2    -19   16  34   81    0  198  -12  198  -12  14  0  0 L3P E4
G19 FF 61147 192200  780 601  216    -6973569    -24          18    -13   21  65   85   -7  240  -29  240  -29  17  0  0 L3P 26
G20 FF 61147 192200  780 550 2369    -1128008   -201           8    -11   16  36   90   -6  243  -11  243  -11  14  0  0 L3P 0B
G22 FF 61147 192200  780 536 1745      170452    -74           3    -13   25  45   91    6  185   -7  185   -7  23  0  0 L3P CD
G30 FF 61147 192200  780 416 1029    -1910580   -159         -11    -26   21  88  111    5  226   27  226   27  19  0  0 L3P 2C
G13 FF 61147 193800  780 685 2381    -6791244     41           8     26   13  14   79   -3  192  -26  192  -26  13  0  0 L3P 10
G14 FF 61147 193800  780 354 1468    -7435994    -16         -14     -4   27 205  127   16  186   -6  186   -6  23  0  0 L3P 44
G15 FF 61147 193800  780 345 2356    -4039614    -38          28     -5   28  66  130  -14  266  -16  266  -16  25  0  0 L3P 4E
G17 FF 61147 193800  780 635 1069     1151302    100          -7     12   15  34   82    2  175  -31  175  -31  13  0  0 L3P ED
G19 FF 61147 193800  780 675  317    -6973580     -4          18      8   14  65   80   -4  205  -36  205  -36  12  0  0 L3P FB
G20 FF 61147 193800  780 593 2491    -1128206   -224          -7    -34   17  36   86   -3  240   14  240   14  15  0  0 L3P 15
G22 FF 61147 193800  780 484 1663      170387    -52          -3      9   21  45   98    8  170  -21  170  -21  21  0  0 L3P DC
G30 FF 61147 193800  780 389  936    -1910699   -133          -2      0   19  88  117    8  213   -7  213   -7  15  0  0 L3P FA
G13 FF 61147 195400  780 724 2604    -6791224     21          12      5   14  14   77   -1  184   -5  184   -5  13  0  0 L3P D3
G14 FF 61147 195400  780 307 1412    -7435983     -1           9     11   26 205  144   20  153  -23  153  -23  23  0  0 L3P 10
G15 FF 61147 195400  780 381 2429    -4039651      0          23     33   26  66  119   -9  258  -44  258  -44  24  0  0 L3P 21
G17 FF 61147 195400  780 593 1214     1151384     80         -10     -8   18  34   86    5  158   -9  158   -9  16  0  0 L3P EC
G19 FF 61147 195400  780 736  505    -6973585     -4          24      7   26  65   77   -2  172  -31  172  -31  19  0  0 L3P 01
G20 FF 61147 195400  780 616 2650    -1128371   -139          10     51   50  36   84   -1  225  -32  225  -32  32  0  0 L3P 1B
G22 FF 61147 195400  780 433 1589      170328    -33          -3     28   32  45  107   10  150  -42  150  -42  29  0  0 L3P 02
G30 FF 61147 195400  780 358  850    -1910833   -102          -8     31   21  88  126   11  218  -23  218  -23  17  0  0 L3P 26
G06 FF 61147 201000  780 205  403     6099811    -70          20    -50   40  81  208  -45  390  -91  390  -91  35  0  0 L3P 20
G13 FF 61147 201000  780 724 2888    -6791197     44          22     28   15  20   77    1  170  -32  170  -32  13  0  0 L3P FC
G14 FF 61147 201000  780 264 1355    -7436022    -18         -15     -5   22 206  165   25  159  -12  159  -12  18  0  0 L3P 3C
G15 FF 61147 201000  780 407 2517    -4039682    -34          23     -1   24  70  113   -5  241  -10  241  -10  21  0  0 L3P FC
G17 FF 61147 201000  780 535 1312     1151472    118         -11     29   22  35   91    8  143  -39  143  -39  20  0  0 L3P FE
G19 FF 61147 201000  780 763  828    -6973608    -18           9     -7   21  67   76    0  158  -27  158  -27  15  0  0 L3P 05
G20 FF 61147 201000  780 613 2824    -1128545   -182          15      8   15  37   84    1  217   -6  217   -6  12  0  0 L3P DA
G22 FF 61147 201000  780 385 1520      170266    -65         -11     -4   25  49  118   12  141   -3  141   -3  21  0  0 L3P D1
G30 FF 61147 201000  780 322  770    -1910959   -108           0     25   39  89  138   15  206  -26  206  -26  34  0  0 L3P 1B
G06 FF 61147 202600  780 251  465     6099797     21          25     41   36  81  172  -31  279 -133  279 -133  27  0  0 L3P 4B
G13 FF 61147 202600  780 683 3116    -6791187     -8          17    -24   14  20   79    3  167   19  167   19  14  0  0 L3P 01
G14 FF 61147 202600  780 224 1297    -7436014     13           5     26   29 206  192   32  123  -30  123  -30  23  0  0 L3P 0A
G15 FF 61147 202600  780 419 2615    -4039713    -21          24     12   35  70  110   -1  230  -11  230  -11  32  0  0 L3P FD
G17 FF 61147 202600  780 470 1372     1151564     79          -5    -10   33  35  101   11  119  -11  119  -11  30  0  0 L3P FE
G19 FF 61147 202600  780 737 1148    -6973626     17           2     28   11  67   77    2  139  -46  139  -46   9  0  0 L3P FF
G20 FF 61147 202600  780 584 2980    -1128727   -178          16     12   16  37   86    4  211  -15  211  -15  14  0  0 L3P 1A
G22 FF 61147 202600  780 341 1453      170200    -73         -17    -11   23  49  131   15  135   -6  135   -6  19  0  0 L3P EB
G24 FF 61147 202600  780 232 2193      313247   -139          -9     38   31  57  186  -43  205  -74  205  -74  27  0  0 L3P 33
G30 FF 61147 202600  780 281  698    -1911088    -75          -2     58   22  89  156   22  211  -47  211  -47  18  0  0 L3P 27
G06 FF 61147 204200  780 297  532     6099761    -44           9    -24   35  81  148  -21  203  -54  203  -54  27  0  0 L3P 22
G12 FF 61147 204200  780 203 2622     6079588    -53          -7    -53   32  11  210  -29  427 -102  427 -102  27  0  0 L3P 4E
G13 FF 61147 204200  780 620 3257    -6791174    -17           1    -33   15  41   83    6  167   30  167   30  13  0  0 L3P E4
G14 FF 61147 204200  780 187 1239    -7436056     -2         -25     11   30 206  227   43  131  -26  131  -26  25  0  0 L3P 29
G15 FF 61147 204200  780 418 2718    -4039738    -19          31     14   30  70  110    2  223  -21  223  -21  26  0  0 L3P 04
G17 FF 61147 204200  780 402 1407     1151650     80          -4     -9   13  35  114   17  101  -15  101  -15  12  0  0 L3P DF
G19 FF 61147 204200  780 678 1326    -6973623    -13          16     -1   17  67   79    4  109  -27  109  -27  16  0  0 L3P 1E
G20 FF 61147 204200  780 538 3104    -1128906   -192          19     -2   14  37   91    6  207    3  207    3  11  0  0 L3P C9
G22 FF 61147 204200  780 299 1387      170156    -98          -3    -37   22  49  147   19  103    6  103    6  17  0  0 L3P E3
G24 FF 61147 204200  780 289 2172      313087   -209           1    -32   32  57  152  -29  155  -21  155  -21  26  0  0 L3P 21
G30 FF 61147 204200  780 237  633    -1911200   -152          13    -19   31  89  182   34  191    2  191    2  25  0  0 L3P EA
G06 FF 61147 205800  780 341  608     6099735    -52           3    -31   25  81  131  -14  148  -28  148  -28  21  0  0 L3P 20
G11 FF 61147 205800  780 216  160     3697456   -140          47    -12   45  47  199  -50  364 -245  364 -245  39  0  0 L3P 79
G12 FF 61147 205800  780 231 2551     6079620    -75          25    -75   44  11  186  -21  276  -38  276  -38  37  0  0 L3P 51
G13 FF 61147 205800  780 548 3344    -6791156     33           2     17   24  41   90    9  163  -22  163  -22  24  0  0 L3P EF
G15 FF 61147 205800  780 403 2819    -4039775    -32          25      1   22  70  114    5  224   -6  224   -6  19  0  0 L3P E4
G17 FF 61147 205800  780 333 1424     1151731     94          -8      5   24  35  134   25   87  -38   87  -38  19  0  0 L3P EE
G19 FF 61147 205800  780 607 1411    -6973633    -27          17    -16   15  67   84    6   87  -16   87  -16  13  0  0 L3P 14
G20 FF 61147 205800  780 482 3198    -1129097   -190          11      0   23  37   99   10  212  -13  212  -13  18  0  0 L3P 12
G22 FF 61147 205800  780 260 1321      170085   -112         -15    -50   25  49  167   23  101   35  101   35  18  0  0 L3P 05
G24 FF 61147 205800  780 350 2157      312921   -147           5     30   17  57  128  -21  120  -55  120  -55  15  0  0 L3P 0C
G30 FF 61147 205800  780 190  576    -1911320   -185          22    -52   35  89  224   56  170   34  170   34  30  0  0 L3P 20
G06 FF 61147 211400  780 379  693     6099718     47           5     67   33  81  119  -10  110  -92  110  -92  28  0  0 L3P 12
G11 FF 61147 211400  780 274  205     3697298   -104          11     23   40  47  159  -33  230 -137  230 -137  35  0  0 L3P 4A
G12 FF 61147 211400  780 258 2479     6079605     -9          10     -9   25  11  168  -17  208  -61  208  -61  21  0  0 L3P 1E
G13 FF 61147 211400  780 473 3403    -6791144     45           0     29   14  41  100   13  160  -20  160  -20  14  0  0 L3P E9
G15 FF 61147 211400  780 376 2914    -4039806    -41          26     -8   23  70  120    9  216    1  216    1  20  0  0 L3P CA
G17 FF 61147 211400  780 265 1428     1151813     93         -10      4   28  35  164   39   73  -18   73  -18  22  0  0 L3P EF
G19 FF 61147 211400  780 533 1451    -6973647      9          14     20   21  67   92    9   74  -23   74  -23  19  0  0 L3P DB
G20 FF 61147 211400  780 420 3271    -1129281   -180           9     10   20  37  110   14  215    1  215    1  18  0  0 L3P C4
G22 FF 61147 211400  780 224 1256      170014    -16         -27     46   23  49  192   29  103  -47  103  -47  16  0  0 L3P 0F
G24 FF 61147 211400  780 414 2150      312760   -145          15     32   19  57  111  -15   92  -45   92  -45  17  0  0 L3P FE
G06 FF 61147 213000  780 409  789     6099694      3           1     23   25  81  112   -6   94  -33   94  -33  22  0  0 L3P C4
G11 FF 61147 213000  780 335  254     3697191   -126          26      1   31  47  133  -23  133  -59  133  -59  23  0  0 L3P 16
G12 FF 61147 213000  780 284 2405     6079610    -42          16    -42   26  11  154  -13  148  -18  148  -18  22  0  0 L3P 2F
G13 FF 61147 213000  780 398 3448    -6791127     88           1     72   41  41  115   18  163  -58  163  -58  37  0  0 L3P 29
G15 FF 61147 213000  780 341 3000    -4039838    -22          26     11   23  70  131   13  219   -3  219   -3  19  0  0 L3P ED
G17 FF 61147 213000  780 200 1422     1151912    183           4     94   29  35  214   67   62  -69   62  -69  25  0  0 L3P F4
G19 FF 61147 213000  780 461 1466    -6973652    -13          19     -2   27  67  102   13   61   -4   61   -4  25  0  0 L3P E1
G20 FF 61147 213000  780 358 3329    -1129460   -197          11     -7   39  37  126   20  219   16  219   16  38  0  0 L3P 27
G22 FF 61147 213000  780 189 1190      169993    -99          11    -38   30  49  224   39   70   38   70   38  24  0  0 L3P F7
G24 FF 61147 213000  780 480 2154      312579   -184           4     -7   17  57   99  -11   84  -14   84  -14  14  0  0 L3P EB
G06 FF 61147 214600  780 426  894     6099662     16         -11     37   20  81  109   -2   93  -46   93  -46  18  0  0 L3P 01
G11 FF 61147 214600  780 397  310     3697064   -150          22    -23   18  47  115  -16   96  -15   96  -15  15  0  0 L3P 1F
G12 FF 61147 214600  780 310 2331     6079610     18          16     18   24  11  142  -11  112  -45  112  -45  22  0  0 L3P FD
G13 FF 61147 214600  780 326 3486    -6791106     25           7      9   22  41  136   27  178   31  178   31  19  0  0 L3P F5
G15 FF 61147 214600  780 300 3077    -4039855    -56          41    -23   37  70  146   19  225   44  225   44  27  0  0 L3P 2A
G19 FF 61147 214600  780 391 1466    -6973661     15          22     26   15  67  117   18   56  -28   56  -28  15  0  0 L3P 1D
G20 FF 61147 214600  780 297 3380    -1129636   -154          18     36   52  37  148   28  240    5  240    5  46  0  0 L3P 0D
G24 FF 61147 214600  780 549 2174      312409   -173           4      5   16  57   90   -8   70  -12   70  -12  13  0  0 L3P BE
G06 FF 61147 220200  780 428 1002     6099652    -57          -5    -37   28 120  108    1   75   26   75   26  25  0  0 L3P EE
G11 FF 61147 220200  780 459  378     3696943   -112          19     15   17  48  102  -11   83  -20   83  -20  16  0  0 L3P 0A
G12 FF 61147 220200  780 337 2257     6079610     11          16     11   18  15  132  -10   91  -22   91  -22  16  0  0 L3P E2
G13 FF 61147 220200  780 258 3520    -6791085     48          11     32   30  64  169   42  215   41  215   41  26  0  0 L3P 00
G15 FF 61147 220200  780 257 3146    -4039893    -98          35    -65   23  98  169   28  259   87  259   87  17  0  0 L3P 61
G19 FF 61147 220200  780 324 1455    -6973665      8          31     19   21 103  137   25   47  -19   47  -19  18  0  0 L3P 0F
G20 FF 61147 220200  780 238 3426    -1129817   -128          17     62   31  38  182   42  288   18  288   18  24  0  0 L3P 36
G24 FF 61147 220200  780 618 2220      312244   -164          13     14   19  58   83   -6   61  -11   61  -11  18  0  0 L3P D0
G06 FF 61147 221800  780 415 1106     6099630     -3          -7     17   24 120  111    5   73  -21   73  -21  22  0  0 L3P CF
G11 FF 61147 221800  780 518  464     3696812   -137          10    -10   14  48   94   -7   81   -3   81   -3  12  0  0 L3P D0
G12 FF 61147 221800  780 366 2181     6079611      9          17      9   26  15  123   -9   79  -25   79  -25  22  0  0 L3P DD
G13 FF 61147 221800  780 193 3554    -6791066    -50          15    -66   29  64  221   69  277  138  277  138  23  0  0 L3P 6A
G15 FF 61147 221800  780 213 3211    -4039935    -64          24    -31   32  98  201   40  306   72  306   72  27  0  0 L3P 1A
G19 FF 61147 221800  780 262 1437    -6973686     64          20     75   19 103  166   37   57  -55   57  -55  15  0  0 L3P 37
G20 FF 61147 221800  780 182 3470    -1130006   -175          10     15   32  38  233   64  360   85  360   85  22  0  0 L3P 17
G24 FF 61147 221800  780 684 2315      312068   -182           7     -4   13  58   79   -3   66    4   66    4  11  0  0 L3P 9B
G06 FF 61147 223400  780 387 1198     6099614    -18          -3      2   26 120  118    9   67   -8   67   -8  22  0  0 L3P DB
G11 FF 61147 223400  780 569  578     3696686   -115           7     12   15  48   88   -5   74  -17   74  -17  13  0  0 L3P FB
G12 FF 61147 223400  780 395 2104     6079612      1          17      1   22  15  115   -8   71   -5   71   -5  19  0  0 L3P 97
G19 FF 61147 223400  780 203 1413    -6973692    -49          25    -38   42 103  211   57   59   48   59   48  34  0  0 L3P 2C
G24 FF 61147 223400  780 737 2501      311894   -179           3     -2   20  58   77   -2   71   -1   71   -1  17  0  0 L3P A8
G06 FF 61147 230200  780 310 1322     6099599    -22          16     -1   30 120  142   22   54    2   54    2  27  0  0 L3P B2
G11 FF 61147 230200  780 615  852     3696466   -148           0    -21   20  48   84    0   67   13   67   13  18  0  0 L3P BF
G12 FF 61147 230200  780 452 1963     6079605     25          11     25   20  15  104   -6   66  -36   66  -36  19  0  0 L3P EB
G24 FF 61147 230200  780 739 3038      311598   -189           6    -12   18  58   77    2   69   14   69   14  12  0  0 L3P D3
G29 FF 61147 230200  780 225 2896     3382853    -82          36    -12   25  91  191  -34  229  -37  229  -37  22  0  0 L3P 54
G06 FF 61147 231800  780 256 1371     6099570    -36           6    -16   25 120  169   36   65    6   65    6  19  0  0 L3P E4
G11 FF 61147 231800  780 607 1023     3696346   -132           3     -5   20  48   84    2   59    5   59    5  16  0  0 L3P 9D
G12 FF 61147 231800  780 486 1876     6079607    -17          13    -17   15  15   98   -5   59    6   59    6  13  0  0 L3P D9
G24 FF 61147 231800  780 686 3245      311428   -162           6     15   11  58   79    4   73   -8   73   -8   9  0  0 L3P A9
G25 FF 61147 231800  780 226 2240    -4292939      2          30    -27   30  41  190  -36   87   -4   87   -4  27  0  0 L3P EA
G29 FF 61147 231800  780 265 2825     3382790    -57          40     13   30  91  164  -22  186  -43  186  -43  26  0  0 L3P 43
G06 FF 61147 233400  780 199 1405     6099558    -62          15    -41   63 120  215   63   61   57   61   57  50  0  0 L3P 12
G11 FF 61147 233400  780 574 1167     3696218   -144          -3    -16   17  48   87    4   63   15   63   15  14  0  0 L3P E8
G12 FF 61147 233400  780 521 1782     6079609    -30          14    -30   12  15   93   -5   54   26   54   26  11  0  0 L3P D2
G24 FF 61147 233400  780 616 3360      311256   -180           4     -3   18  58   84    6   82   10   82   10  18  0  0 L3P A2
G25 FF 61147 233400  780 272 2192    -4292925     33          16      4   37  41  160  -27   87  -22   87  -22  33  0  0 L3P 01
G29 FF 61147 233400  780 301 2748     3382725    -57          43     13   25  91  146  -15  153  -39  153  -39  22  0  0 L3P 3D
