CGGTTS     GENERIC DATA FORMAT VERSION = 2E
REV DATE = 2025-11-01
RCVR = PolaRx5TR (5.6.0)     sbf2cggtts-1.5.0
CH = 80
IMS = PolaRx5TR
LAB = LRTE
X = 3967035.920 m
Y = -4390028.540 m
Z = -2375644.640 m
FRAME = ITRF
COMMENTS = LS=18; ElMask=10deg; 'Generated from the SBF in 2026-04-01 at 23:54:00'
INT DLY = 24.9 ns (GPS P1),  15.7 ns (GPS P2)     CAL_ID = 1201-2025
CAB DLY = 103.1 ns
REF DLY = 47.2 ns
REF = UTC(LRTE)
CKSUM = f8

SAT CL  MJD  STTIME TRKL ELV AZTH   REFSV      SRSV     REFSYS    SRSYS  DSG IOE MDTR SMDT MDIO SMDI MSIO SMSI ISG FR HC FRC CK
             hhmmss  s  .1dg .1dg    .1ns     .1ps/s     .1ns    .1ps/s .1ns     .1ns.1ps/s.1ns.1ps/s.1ns.1ps/s.1ns
G06 FF 61131 001000  780 316 1316     6121057    -18          13     -9   28  97  140   21  123    2  123    2  25  0  0 L3P B8
G11 FF 61131 001000  780 617  821     3883425   -153          29    -24   13  69   84   -1  199  -15  199  -15  10  0  0 L3P 18
G12 FF 61131 001000  780 452 1963     6079856     38          10     38   17  40  104   -6  172  -40  172  -40  15  0  0 L3P FF
G24 FF 61131 001000  780 743 2999      567923   -149          36     23   23  84   76    1  257   11  257   11  17  0  0 L3P EF
G29 FF 61131 001000  780 226 2900     3486933    -59          11     11   22  78  190  -34  959 -204  959 -204  20  0  0 L3P 58
G06 FF 61131 002600  780 263 1366     6121057     24          22     33   18  97  166   34  115  -39  115  -39  15  0  0 L3P 0F
G11 FF 61131 002600  780 613  996     3883298   -138          26     -9   16  69   84    1  174  -27  174  -27  14  0  0 L3P 15
G12 FF 61131 002600  780 486 1876     6079853    -22           6    -22   17  40   98   -5  162    2  162    2  14  0  0 L3P C8
G24 FF 61131 002600  780 693 3221      567745   -156          24     17   16  84   79    3  287   -1  287   -1  13  0  0 L3P E6
G25 FF 61131 002600  780 224 2243    -4333137    -55          49    -83   33  20  191  -36  257   14  257   14  30  0  0 L3P 22
G29 FF 61131 002600  780 266 2829     3486858    -92           4    -22   26  78  164  -22  772 -173  772 -173  23  0  0 L3P 72
G06 FF 61131 004200  780 205 1402     6121045   -105          19    -96   25  97  209   59  120   88  120   88  20  0  0 L3P 1B
G11 FF 61131 004200  780 584 1147     3883160   -138          11     -9   15  69   86    4  159  -12  159  -12  13  0  0 L3P 0A
G12 FF 61131 004200  780 520 1781     6079852    -22           5    -22   14  40   93   -5  152   14  152   14  13  0  0 L3P CF
G24 FF 61131 004200  780 625 3346      567570   -196          15    -23   16  84   83    6  312   42  312   42  16  0  0 L3P EC
G25 FF 61131 004200  780 270 2195    -4333124      3          36    -24   33  20  161  -27  225  -17  225  -17  29  0  0 L3P 11
G29 FF 61131 004200  780 302 2753     3486791    -17           4     53   29  78  146  -15  618 -185  618 -185  25  0  0 L3P 5E
G05 FF 61131 005800  780 189  369     2311303     15          44      9   33   4  225  -53  646 -256  646 -256  26  0  0 L3P 1B
G11 FF 61131 005800  780 536 1260     3883029   -125           4      3   20  69   91    7  140  -21  140  -21  18  0  0 L3P D5
G12 FF 61131 005800  780 554 1675     6079842     12          -4     12   11  40   89   -4  146  -28  146  -28  10  0  0 L3P F6
G21 FF 61131 005800  780 186  649    -4124482    -11          35     10   38 229  228  -38  314 -151  314 -151  35  0  0 L3P 59
G24 FF 61131 005800  780 551 3420      567388   -170          -1      3   34  84   90    9  354   32  354   32  35  0  0 L3P CE
G25 FF 61131 005800  780 319 2150    -4333117    -31          17    -58   30  20  139  -21  203   25  203   25  25  0  0 L3P 0D
G29 FF 61131 005800  780 333 2670     3486704    -77         -14     -7   23  78  133  -11  509 -109  509 -109  21  0  0 L3P 65
G05 FF 61131 011400  780 236  429     2311297      7          33      2   24   4  183  -35  461 -192  461 -192  20  0  0 L3P EF
G11 FF 61131 011400  780 477 1336     3882909   -132           6     -4   31  69   99   10  122  -11  122  -11  27  0  0 L3P FC
G12 FF 61131 011400  780 585 1553     6079850     20           4     20   16  40   86   -3  129  -32  129  -32  14  0  0 L3P DB
G21 FF 61131 011400  780 216  720    -4124524    -49          14    -28   28 229  198  -26  231  -49  231  -49  23  0  0 L3P 44
G24 FF 61131 011400  780 475 3471      567223   -192           0    -20   33  84  100   13  394   70  394   70  33  0  0 L3P F4
G25 FF 61131 011400  780 372 2107    -4333082    -41          25    -68   20  20  121  -16  164   36  164   36  17  0  0 L3P 14
G29 FF 61131 011400  780 361 2583     3486657    -81           6    -10   24  78  125   -8  386  -98  386  -98  20  0  0 L3P 3D
G05 FF 61131 013000  780 283  495     2311305     -5          35    -10   30   4  155  -24  314 -118  314 -118  22  0  0 L3P 03
G11 FF 61131 013000  780 413 1384     3882775   -135          -4     -7   29  69  111   15  110   -9  110   -9  26  0  0 L3P F9
G12 FF 61131 013000  780 610 1411     6079844     10          -2     10   18  40   84   -2  127  -14  127  -14  16  0  0 L3P D0
G21 FF 61131 013000  780 242  796    -4124514    -17          43      4   51 229  178  -17  146  -67  146  -67  46  0  0 L3P 30
G24 FF 61131 013000  780 400 3510      567045   -172         -12      1   16  84  114   18  463   74  463   74  12  0  0 L3P EC
G25 FF 61131 013000  780 429 2065    -4333058     94          24     67   18  20  108  -12  141  -77  141  -77  15  0  0 L3P 27
G29 FF 61131 013000  780 384 2492     3486570   -111         -13    -40   19  78  118   -6  309  -47  309  -47  16  0  0 L3P 54
G05 FF 61131 014600  780 328  567     2311305    -19          30    -25   27   4  136  -17  214  -63  214  -63  23  0  0 L3P 04
G11 FF 61131 014600  780 346 1412     3882659   -148           4    -20   15  69  129   22   92    5   92    5  12  0  0 L3P CD
G12 FF 61131 014600  780 625 1250     6079843     -6          -3     -6   19  40   83   -1  120   11  120   11  18  0  0 L3P B5
G21 FF 61131 014600  780 262  876    -4124568     15           8     35   29 229  166  -10  138  -69  138  -69  26  0  0 L3P 36
G24 FF 61131 014600  780 327 3543      566911   -159          19     13   19  84  136   27  523   96  523   96  17  0  0 L3P 22
G25 FF 61131 014600  780 490 2025    -4333044     23          11     -4   16  20   97  -10  132   -6  132   -6  14  0  0 L3P CD
G29 FF 61131 014600  780 404 2398     3486503    -41         -12     29   27  78  113   -4  234  -91  234  -91  24  0  0 L3P 2F
G05 FF 61131 020200  780 369  649     2311306     28          34     22   18   5  122  -11  159  -66  159  -66  15  0  0 L3P F8
G11 FF 61131 020200  780 280 1425     3882539   -130           4     -2   25  70  156   34   80   11   80   11  21  0  0 L3P BB
G12 FF 61131 020200  780 625 1077     6079852     20           6     20   18  41   83    1  108  -13  108  -13  16  0  0 L3P C4
G18 FF 61131 020200  780 255 3192     3878950    -61          46     33   25  34  171  -41  788 -230  788 -230  20  0  0 L3P 5E
G21 FF 61131 020200  780 273  959    -4124585     -6           8     14   22 230  159   -4  110  -20  110  -20  20  0  0 L3P DE
G24 FF 61131 020200  780 258 3575      566757   -141          31     32   26  86  168   42  627  113  627  113  24  0  0 L3P 33
G25 FF 61131 020200  780 556 1985    -4333021     51           9     24   16  21   89   -7  117  -29  117  -29  14  0  0 L3P F7
G29 FF 61131 020200  780 420 2302     3486438    -60          -9     10   16  79  110   -3  178  -51  178  -51  14  0  0 L3P 0B
G05 FF 61131 021800  780 403  742     2311327      4          49     -2   21   5  114   -7  113  -22  113  -22  18  0  0 L3P AB
G11 FF 61131 021800  780 216 1426     3882423   -161          12    -32   20  70  199   57   80   63   80   63  14  0  0 L3P F7
G12 FF 61131 021800  780 609  910     6079865      3          19      3   28  41   84    2  101   -4  101   -4  21  0  0 L3P 83
G18 FF 61131 021800  780 317 3144     3878858    -86          45      9   14  34  140  -25  583 -224  583 -224  12  0  0 L3P 56
G21 FF 61131 021800  780 274 1043    -4124589     14          24     34   41 230  159    2   88  -29   88  -29  33  0  0 L3P 01
G24 FF 61131 021800  780 193    6      566595   -215          35    -42   18  86  221   69  781  195  781  195  15  0  0 L3P 24
G25 FF 61131 021800  780 626 1942    -4332989     20          15     -7   13  21   83   -6  105   -3  105   -3  11  0  0 L3P CF
G29 FF 61131 021800  780 434 2204     3486372    -71          -8     -1   25  79  107   -3  138  -41  138  -41  24  0  0 L3P 10
G05 FF 61131 023400  780 426  844     2311327     17          44     11   21   5  109   -4   97  -30   97  -30  18  0  0 L3P B8
G12 FF 61131 023400  780 576  763     6079852     27           6     27   13  41   87    4  112  -30  112  -30  12  0  0 L3P BF
G18 FF 61131 023400  780 378 3083     3878755   -105          33    -10   21  34  120  -16  409 -153  409 -153  15  0  0 L3P 6E
G21 FF 61131 023400  780 264 1124    -4124608     23          25     43   35 230  164    9   85  -43   85  -43  36  0  0 L3P F2
G25 FF 61131 023400  780 699 1892    -4332961     30          17      3   14  21   78   -4   93   -9   93   -9  13  0  0 L3P C0
G28 FF 61131 023400  780 209 2377     5657612    -66          41     21   27  90  205  -26  241   -4  241   -4  22  0  0 L3P 01
G29 FF 61131 023400  780 447 2106     3486317    -34          34     37   17   8  104   -2  107  -50  107  -50  15  0  0 L3P FC
G05 FF 61131 025000  780 435  952     2311327    -20          39    -25   26   5  107    0   89   25   89   25  22  0  0 L3P B0
G12 FF 61131 025000  780 530  642     6079876    -51          30    -51   29  41   92    6   99   45   99   45  23  0  0 L3P CB
G18 FF 61131 025000  780 434 3007     3878666   -128          34    -34   54  34  107  -11  281  -94  281  -94  35  0  0 L3P 5A
G21 FF 61131 025000  780 244 1199    -4124617    -41          36    -20   28 230  177   18   74    5   74    5  23  0  0 L3P E1
G25 FF 61131 025000  780 775 1812    -4332931     41          20     14   15  21   75   -2   84  -23   84  -23  14  0  0 L3P D1
G28 FF 61131 025000  780 231 2449     5657534    -92          45     -6   36  90  187  -13  242    4  242    4  33  0  0 L3P EF
G29 FF 61131 025000  780 458 2006     3486256    -51          41     20   23   8  102   -2   90  -41   90  -41  20  0  0 L3P CB
G05 FF 61131 030600  780 428 1059     2311335      1          41     -4   25   5  108    3   80    2   80    2  22  0  0 L3P 51
G12 FF 61131 030600  780 476  547     6079875    -15          29    -15   15  41  100   10  107   18  107   18  12  0  0 L3P F7
G18 FF 61131 030600  780 485 2914     3878560    -96          19     -2   24  34   98   -7  201  -81  201  -81  20  0  0 L3P 10
G21 FF 61131 030600  780 213 1266    -4124636     -5          36     16   33 230  201   32   70  -16   70  -16  26  0  0 L3P E8
G25 FF 61131 030600  780 848 1557    -4332924     59           1     32   33  21   74   -1   94  -39   94  -39  32  0  0 L3P E2
G28 FF 61131 030600  780 243 2526     5657451    -80          46      6   30  90  178   -5  242   10  242   10  27  0  0 L3P E7
G29 FF 61131 030600  780 469 1905     3486186    -83          37    -12   20   8  101   -2   74   -3   74   -3  19  0  0 L3P D4
G05 FF 61131 032200  780 406 1157     2311333    -10          34    -16   27   5  113    7   79   15   79   15  25  0  0 L3P B7
G12 FF 61131 032200  780 415  473     6079864     11          18     11   19  41  111   14  126    2  126    2  16  0  0 L3P A8
G18 FF 61131 032200  780 527 2801     3878469   -108          19    -13   18  34   92   -5  137  -45  137  -45  15  0  0 L3P 39
G23 FF 61131 032200  780 207 3521    -6308531   -130          60    -85   27  12  207  -67  622 -188  622 -188  21  0  0 L3P 77
G25 FF 61131 032200  780 847  503    -4332897     52           2     25   10  21   74    1   89  -21   89  -21   9  0  0 L3P A2
G28 FF 61131 032200  780 244 2606     5657363   -108          41    -21   26  90  177    2  262   57  262   57  22  0  0 L3P 16
G29 FF 61131 032200  780 478 1802     3486117    -86          36    -15   17   8   99   -1   66    9   66    9  15  0  0 L3P C2
G05 FF 61131 033800  780 371 1241     2311349     17          44     11   20   5  122   12   65   -5   65   -5  17  0  0 L3P 9D
G12 FF 61131 033800  780 351  415     6079862     15          16     15   20  41  128   21  144   13  144   13  18  0  0 L3P D2
G18 FF 61131 033800  780 559 2668     3878376    -61          16     33   17  34   89   -3  106  -42  106  -42  17  0  0 L3P 24
G23 FF 61131 033800  780 278 3531    -6308598    -94          37    -49   24  12  157  -39  386 -163  386 -163  22  0  0 L3P 92
G25 FF 61131 033800  780 770  255    -4332867     52           6     25   15  21   76    3   86   -5   86   -5  13  0  0 L3P 9B
G28 FF 61131 033800  780 236 2687     5657178   -194         -61   -108   33  90  183    9  395  143  395  143  31  0  0 L3P 7D
G29 FF 61131 033800  780 487 1697     3486033    -51          20     20   19   8   98   -1   76  -20   76  -20  17  0  0 L3P E3
G05 FF 61131 035400  780 325 1308     2311345     12          35      7   30   5  136   19   69   -5   69   -5  25  0  0 L3P 9E
G12 FF 61131 035400  780 286  371     6079872     42          26     42   26  41  154   34  173   12  173   12  21  0  0 L3P DF
G18 FF 61131 035400  780 576 2521     3878289    -88          20      6   15  34   87   -1   87  -15   87  -15  11  0  0 L3P F0
G23 FF 61131 035400  780 353 3538    -6308651    -69          28    -24   30  12  127  -25  250  -72  250  -72  24  0  0 L3P 43
G25 FF 61131 035400  780 687  187    -4332830     50          17     23   19  21   79    5   84  -12   84  -12  14  0  0 L3P CA
G28 FF 61131 035400  780 219 2765     5657227   -227          71   -141   67  90  195   17  303  195  303  195  64  0  0 L3P 79
G29 FF 61131 035400  780 494 1588     3485980    -88          35    -18   19   8   97   -1   59   17   59   17  18  0  0 L3P 00
G05 FF 61131 041000  780 274 1359     2311365     -9          46    -14   21  17  160   30   66   31   66   31  16  0  0 L3P C9
G12 FF 61131 041000  780 219  338     6079895    -52          49    -52   28  42  196   58  206  129  206  129  25  0  0 L3P 3C
G18 FF 61131 041000  780 581 2368     3878199    -89          20      5   18  35   87    0   75  -17   75  -17  14  0  0 L3P E5
G23 FF 61131 041000  780 432 3540    -6308695    -71          26    -25   21  13  107  -17  163  -47  163  -47  17  0  0 L3P 3F
G25 FF 61131 041000  780 603  155    -4332811      9          15    -19   28  22   85    7   92   24   92   24  27  0  0 L3P A3
G26 FF 61131 041000  780 227 2237     3480214     19          48    -30   37  41  190  -46  101   16  101   16  33  0  0 L3P F7
G28 FF 61131 041000  780 196 2841     5657118   -138          42    -51   39  91  217   28  385   93  385   93  34  0  0 L3P 47
G29 FF 61131 041000  780 498 1477     3485929    -57          52     14   16  81   96    0   43  -16   43  -16  14  0  0 L3P EC
G05 FF 61131 042600  780 217 1395     2311360    -29          37    -33   39  17  198   51   77   26   77   26  32  0  0 L3P FC
G15 FF 61131 042600  780 202  766    -3991910   -122          45    -89   42  50  211  -25   85   67   85   67  36  0  0 L3P 1C
G18 FF 61131 042600  780 572 2219     3878102    -80          14     14   13  35   87    1   71  -19   71  -19  12  0  0 L3P D7
G23 FF 61131 042600  780 514 3539    -6308742    -42          22      3   25  13   94  -11  115  -36  115  -36  22  0  0 L3P 06
G25 FF 61131 042600  780 521  136    -4332776     73          24     45   18  22   93   11   95  -20   95  -20  18  0  0 L3P D6
G26 FF 61131 042600  780 282 2272     3480250     36          37    -13   30  41  155  -28  102    3  102    3  26  0  0 L3P D2
G29 FF 61131 042600  780 499 1362     3485832    -48          23     23   13  81   96    0   71  -25   71  -25  11  0  0 L3P E0
G10 FF 61131 044200  780 215 3371     5901881     36          20     41   63  24  200  -63  371 -141  371 -141  58  0  0 L3P 2E
G15 FF 61131 044200  780 224  840    -3991961    -65          26    -32   34  50  192  -15   96   20   96   20  27  0  0 L3P FC
G18 FF 61131 044200  780 554 2083     3878014    -78          17     16   19  35   89    2   74  -10   74  -10  15  0  0 L3P E2
G23 FF 61131 044200  780 599 3534    -6308778    -28          30     17   29  13   85   -8   92  -28   92  -28  26  0  0 L3P 15
G25 FF 61131 044200  780 440  126    -4332755     63          18     35   36  22  106   16  126    6  126    6  33  0  0 L3P C2
G26 FF 61131 044200  780 334 2321     3480287     20          27    -29   24  41  133  -18  107   21  107   21  21  0  0 L3P F5
G29 FF 61131 044200  780 495 1246     3485777    -68          36      2   22  80   97    1   58   17   58   17  18  0  0 L3P D0
G10 FF 61131 045800  780 286 3352     5901868    -41          10    -36   26  24  153  -36  281  -45  281  -45  20  0  0 L3P 3B
G15 FF 61131 045800  780 239  918    -3991983     29          36     62   27  50  181   -8   80  -63   80  -63  25  0  0 L3P 07
G18 FF 61131 045800  780 530 1959     3877931    -45          24     50   17  35   92    3   69  -40   69  -40  16  0  0 L3P F3
G23 FF 61131 045800  780 686 3525    -6308837   -102          15    -56   16  13   79   -5  100   48  100   48  15  0  0 L3P 21
G25 FF 61131 045800  780 362  122    -4332716     62          31     35   26  22  125   24  152    8  152    8  21  0  0 L3P BD
G26 FF 61131 045800  780 380 2386     3480334     66          27     17   24  41  119  -11  105  -21  105  -21  21  0  0 L3P 0E
G29 FF 61131 045800  780 485 1130     3485702    -67          29      3   23  80   98    2   70   -3   70   -3  23  0  0 L3P A7
G10 FF 61131 051400  780 359 3324     5901864     33          11     37   46  24  125  -23  197 -109  197 -109  44  0  0 L3P 4A
G15 FF 61131 051400  780 245  996    -3992003    -28          47      5   19  50  176   -2   74    0   74    0  14  0  0 L3P A5
G18 FF 61131 051400  780 503 1849     3877845   -101          29     -7   20  35   95    4   66    8   66    8  17  0  0 L3P C2
G23 FF 61131 051400  780 773 3510    -6308880    -77          15    -31   28  13   75   -3   92   30   92   30  28  0  0 L3P E6
G25 FF 61131 051400  780 286  124    -4332683     49          38     22   35  22  153   37  190   35  190   35  29  0  0 L3P F9
G26 FF 61131 051400  780 416 2468     3480374     53          20      5   21  41  111   -7  112   -2  112   -2  19  0  0 L3P B9
G29 FF 61131 051400  780 468 1018     3485637    -78          31     -7   25  80  101    4   73   21   73   21  23  0  0 L3P CA
G10 FF 61131 053000  780 432 3283     5901854      0           6      4   24  24  107  -15  151  -35  151  -35  22  0  0 L3P CC
G15 FF 61131 053000  780 243 1074    -3992017    -43          66    -10   33  50  178    5   57   21   57   21  25  0  0 L3P DF
G16 FF 61131 053000  780 234 2253    -2366489      1          41     72   49  47  184  -39  121  -53  121  -53  42  0  0 L3P 19
G18 FF 61131 053000  780 475 1747     3877761   -113          36    -19   19  35  100    5   62   17   62   17  15  0  0 L3P F8
G23 FF 61131 053000  780 861 3467    -6308895    -44          44      2   22  13   74   -1   60   -4   60   -4  20  0  0 L3P B1
G25 FF 61131 053000  780 215  130    -4332653     31          42      3   22  22  200   63  250   43  250   43  17  0  0 L3P B3
G26 FF 61131 053000  780 440 2566     3480425     54          24      6   25  41  106   -3  111    4  111    4  22  0  0 L3P 9C
G29 FF 61131 053000  780 443  912     3485575    -76          37     -5   23  80  105    5   74    4   74    4  21  0  0 L3P 9B
G10 FF 61131 054600  780 505 3226     5901860    -11          15     -7   16  24   95  -10  119  -14  119  -14  14  0  0 L3P 02
G15 FF 61131 054600  780 231 1148    -3992066     25          48     58   26  50  186   13   74  -42   74  -42  23  0  0 L3P 07
G16 FF 61131 054600  780 283 2303    -2366569    -72          30      0   29  47  155  -24  131   -4  131   -4  26  0  0 L3P FB
G18 FF 61131 054600  780 446 1653     3877670   -109          35    -15   23  35  104    5   63   18   63   18  20  0  0 L3P F7
G23 FF 61131 054600  780 851 1729    -6308947    -50          36     -4   11  13   74    1   66   -2   66   -2  10  0  0 L3P B9
G26 FF 61131 054600  780 449 2674     3480469     57          21      8   19  41  104    0  121    2  121    2  17  0  0 L3P A9
G29 FF 61131 054600  780 412  814     3485517   -108          46    -37   20  80  112    8   68   31   68   31  17  0  0 L3P E5
G10 FF 61131 060200  780 575 3143     5901857    -29          17    -24   13  33   87   -7   97   -8   97   -8  12  0  0 L3P E2
G15 FF 61131 060200  780 210 1216    -3992096    -71          54    -38   28  57  204   24   69   25   69   25  23  0  0 L3P 04
G16 FF 61131 060200  780 325 2366    -2366636    -42          33     30   20  48  137  -15  130  -24  130  -24  17  0  0 L3P 22
G18 FF 61131 060200  780 419 1565     3877579    -81          35     14   18  36  110    6   65  -15   65  -15  16  0  0 L3P FB
G23 FF 61131 060200  780 766 1688    -6309008    -29          17     17   17  14   76    3   78  -20   78  -20  16  0  0 L3P F3
G26 FF 61131 060200  780 443 2785     3480511     33          14    -16   22  94  105    3  127    1  127    1  18  0  0 L3P BC
G29 FF 61131 060200  780 374  726     3485438    -32          35     38   29  83  121   12   79  -28   79  -28  25  0  0 L3P 07
G10 FF 61131 061800  780 639 3021     5901852    -22          17    -17   12  33   82   -4   78    2   78    2  11  0  0 L3P A9
G15 FF 61131 061800  780 180 1276    -3992127    -27          55      6   34  57  235   42   74   -6   74   -6  28  0  0 L3P E8
G16 FF 61131 061800  780 358 2443    -2366697    -70          41      2   21  48  125   -9  122   -7  122   -7  18  0  0 L3P F7
G18 FF 61131 061800  780 393 1479     3877486   -100          32     -6   17  36  116    7   70    2   70    2  16  0  0 L3P C3
G23 FF 61131 061800  780 683 1661    -6309048    -16          21     29   13  14   79    5   71  -23   71  -23  12  0  0 L3P E2
G26 FF 61131 061800  780 422 2891     3480562     42          18     -7   24  94  109    6  121   -3  121   -3  22  0  0 L3P CE
G29 FF 61131 061800  780 330  648     3485380   -100          45    -30   26  83  135   17   68   26   68   26  22  0  0 L3P F9
G10 FF 61131 063400  780 689 2839     5901843      0          12      5   14  33   79   -2   74  -13   74  -13  12  0  0 L3P B3
G16 FF 61131 063400  780 380 2532    -2366757    -46          50     25   25  48  119   -4  106  -37  106  -37  21  0  0 L3P 2A
G18 FF 61131 063400  780 367 1396     3877399   -106          36    -12   14  36  123    7   62   -3   62   -3  12  0  0 L3P EF
G23 FF 61131 063400  780 604 1634    -6309080    -37          32      9   17  14   85    7   61  -12   61  -12  13  0  0 L3P C6
G26 FF 61131 063400  780 390 2987     3480604     70          13     21   30  94  117   10  119  -24  119  -24  26  0  0 L3P 0D
G27 FF 61131 063400  780 233 2176      889626    101          47    -43   36  82  185  -46  106    3  106    3  31  0  0 L3P F3
G29 FF 61131 063400  780 281  580     3485311    -24          44     47   33  83  156   26   71  -46   71  -46  29  0  0 L3P FA
G32 FF 61131 063400  780 215   35      202478   -162          27     29   21  47  200  -57  163  -94  163  -94  15  0  0 L3P 07
G10 FF 61131 065000  780 713 2590     5901846      7          19     12   13  33   78    0   64  -17   64  -17  10  0  0 L3P B1
G16 FF 61131 065000  780 388 2630    -2366829    -62          47      9   24  48  117    0   97  -18   97  -18  20  0  0 L3P 00
G18 FF 61131 065000  780 343 1315     3877311   -113          39    -19   21  36  130    8   51   12   51   12  17  0  0 L3P DA
G23 FF 61131 065000  780 529 1605    -6309126    -24          31     21   21  14   92    9   51  -29   51  -29  18  0  0 L3P DC
G26 FF 61131 065000  780 350 3072     3480655     49          18      0   31  94  128   14  114   -4  114   -4  22  0  0 L3P CC
G27 FF 61131 065000  780 294 2167      889763    157          46     13   34  82  150  -30   75  -48   75  -48  29  0  0 L3P 20
G29 FF 61131 065000  780 229  522     3485236    -29          37     42   48  83  188   43   76  -42   76  -42  42  0  0 L3P 05
G32 FF 61131 065000  780 280   65      202300   -209          33    -18   28  47  156  -35  105  -27  105  -27  22  0  0 L3P FF
G10 FF 61131 070600  780 705 2325     5901856      1          33      5   15  33   78    1   46   -5   46   -5  14  0  0 L3P 7A
G16 FF 61131 070600  780 383 2730    -2366894    -84          50    -12   24  48  119    3   90    1   90    1  20  0  0 L3P C2
G18 FF 61131 070600  780 319 1235     3877217    -84          36     11   19  36  139    9   52  -14   52  -14  16  0  0 L3P F4
G23 FF 61131 070600  780 458 1573    -6309172    -19          28     26   22  14  103   12   48  -22   48  -22  20  0  0 L3P FE
G26 FF 61131 070600  780 305 3147     3480700     47          16     -2   21  94  144   20  117    7  117    7  15  0  0 L3P C1
G27 FF 61131 070600  780 358 2167      889885    118          29    -27   20  82  126  -21   68    9   68    9  19  0  0 L3P F9
G32 FF 61131 070600  780 348   95      202109   -180          25     11   23  47  129  -24   80  -28   80  -28  19  0  0 L3P E0
G10 FF 61131 072200  780 670 2111     5901852      5          34      9   16  33   80    3   44  -15   44  -15  15  0  0 L3P 92
G16 FF 61131 072200  780 365 2827    -2366969    -63          45      9   21  48  124    7   94   -3   94   -3  16  0  0 L3P DC
G18 FF 61131 072200  780 296 1156     3877149    -94          58      0   22  36  148   11   32    2   32    2  18  0  0 L3P B0
G23 FF 61131 072200  780 392 1538    -6309213    -73          31    -28   25  14  116   16   46   22   46   22  22  0  0 L3P EE
G26 FF 61131 072200  780 259 3214     3480760     43          28     -6   18  94  168   29  116   14  116   14  16  0  0 L3P FB
G27 FF 61131 072200  780 424 2179      890031    177          36     32   24  82  109  -14   50  -33   50  -33  21  0  0 L3P EF
G32 FF 61131 072200  780 421  129      201937   -217          36    -26   37  47  110  -16   61   14   61   14  35  0  0 L3P D6
G10 FF 61131 073800  780 621 1957     5901841    -21          27    -16   18  33   83    4   49   14   49   14  16  0  0 L3P D1
G16 FF 61131 073800  780 336 2918    -2367041    -68          41      4   25  48  133   12   97    0   97    0  20  0  0 L3P BD
G18 FF 61131 073800  780 271 1078     3877050   -101          50     -7   51  36  161   14   42   17   42   17  47  0  0 L3P EB
G23 FF 61131 073800  780 330 1500    -6309245    -18          42     28   17  14  135   22   35  -14   35  -14  15  0  0 L3P F4
G26 FF 61131 073800  780 213 3275     3480801     64          23     15   46  94  201   41  134    2  134    2  40  0  0 L3P C2
G27 FF 61131 073800  780 492 2208      890173    147          39      2   19  82   97  -10   42   -5   42   -5  17  0  0 L3P C3
G32 FF 61131 073800  780 496  169      201742   -177          25     14   15  47   97  -11   61  -16   61  -16  12  0  0 L3P E8
G08 FF 61131 075400  780 238 2210    -4691065     48          23    -16   34 114  182  -45   65    5   65    5  29  0  0 L3P F1
G10 FF 61131 075400  780 566 1842     5901846    -12          36     -8   12  33   88    6   38   10   38   10  12  0  0 L3P B7
G16 FF 61131 075400  780 300 3001    -2367091    -41          59     31   26  48  147   18   92  -23   92  -23  20  0  0 L3P FD
G18 FF 61131 075400  780 246 1002     3876960    -81          51     13   36  36  176   18   50   -1   50   -1  30  0  0 L3P CE
G23 FF 61131 075400  780 273 1460    -6309305    -72          25    -26   23  14  160   31   52   25   52   25  18  0  0 L3P EC
G27 FF 61131 075400  780 558 2261      890315    134          43    -10   14  82   89   -7   38    4   38    4  13  0  0 L3P B0
G32 FF 61131 075400  780 571  225      201568   -202          34    -11   14  47   88   -8   51    6   51    6  11  0  0 L3P 94
G08 FF 61131 081000  780 298 2236    -4691006     56          27     -8   29 115  148  -28   53   -3   53   -3  25  0  0 L3P FB
G10 FF 61131 081000  780 511 1750     5901843     -9          33     -5   19  42   94    7   43    7   43    7  15  0  0 L3P 7D
G16 FF 61131 081000  780 260 3075    -2367152    -56          46     15   39   0  167   26   88  -11   88  -11  30  0  0 L3P F6
G18 FF 61131 081000  780 218  929     3876876    -42          57     52   35  37  197   25   51  -34   51  -34  32  0  0 L3P 04
G23 FF 61131 081000  780 220 1416    -6309331    -75          42    -30   34  15  195   43   39   44   39   44  28  0  0 L3P F5
G27 FF 61131 081000  780 618 2354      890448    128          40    -18   13  83   83   -5   40   10   40   10  11  0  0 L3P BA
G32 FF 61131 081000  780 645  313      201387   -186          40      5    9  74   81   -5   46   -3   46   -3   8  0  0 L3P 76
G08 FF 61131 082600  780 356 2276    -4690948      8          24    -56   29 115  126  -18   48   43   48   43  25  0  0 L3P 1D
G10 FF 61131 082600  780 458 1671     5901837      3          32      7   24  42  102    9   44  -10   44  -10  21  0  0 L3P A5
G16 FF 61131 082600  780 217 3144    -2367225     -5          42     66   24   0  197   38   92  -44   92  -44  19  0  0 L3P F2
G18 FF 61131 082600  780 188  858     3876782    -71          50     23   37  38  226   36   64  -11   64  -11  30  0  0 L3P 01
G27 FF 61131 082600  780 665 2504      890580    136          33    -10   15  83   80   -2   45   15   45   15  13  0  0 L3P C8
G32 FF 61131 082600  780 709  466      201199   -211          35    -20   13  74   78   -3   48   18   48   18  11  0  0 L3P CA
G08 FF 61131 084200  780 410 2335    -4690892     42          19    -22   22 115  112  -12   52   20   52   20  19  0  0 L3P F4
G10 FF 61131 084200  780 408 1599     5901832    -45          30    -40   20  42  112   11   47   40   47   40  17  0  0 L3P DA
G27 FF 61131 084200  780 687 2715      890725    130          39    -16   13  83   79    0   43   19   43   19  12  0  0 L3P CF
G32 FF 61131 084200  780 748  732      201012   -221          31    -30   20  74   76   -1   50   22   50   22  14  0  0 L3P 9A
G02 FF 61131 085800  780 223 2191     -697259    -51          56     28   36  47  193  -46   46  -24   46  -24  33  0  0 L3P 1B
G08 FF 61131 085800  780 456 2414    -4690828     72          22      9   15 115  103   -8   51    1   51    1  13  0  0 L3P B4
G10 FF 61131 085800  780 361 1530     5901825     27          28     32   22  42  125   14   57   -3   57   -3  19  0  0 L3P C5
G27 FF 61131 085800  780 674 2939      890867    155          40      9   15  83   80    2   46   -3   46   -3  12  0  0 L3P B3
G32 FF 61131 085800  780 739 1054      200810   -242          13    -51   35  74   77    1   65   40   65   40  23  0  0 L3P C0
G02 FF 61131 091400  780 280 2153     -697353    -55          37     23   33  47  156  -31   68  -19   68  -19  29  0  0 L3P 19
G08 FF 61131 091400  780 490 2515    -4690766     62          22     -2   19 115   97   -4   57   18   57   18  16  0  0 L3P EE
G10 FF 61131 091400  780 317 1464     5901824     16          32     20   22  42  139   17   76   15   76   15  19  0  0 L3P D0
G27 FF 61131 091400  780 631 3117      891003    145          37     -1   14  83   82    4   59   21   59   21  12  0  0 L3P A4
G28 FF 61131 091400  780 222  371     5655524    -91          27     -4   37  94  193  -39  130   30  130   30  30  0  0 L3P F5
G32 FF 61131 091400  780 690 1271      200633   -193          19     -2   13  74   79    3   69   17   69   17  12  0  0 L3P BE
G02 FF 61131 093000  780 341 2118     -697422   -147          43    -69   24  47  131  -22   74   75   74   75  21  0  0 L3P 0E
G08 FF 61131 093000  780 508 2636    -4690697     54          30    -10   17 115   95   -1   68   23   68   23  15  0  0 L3P F6
G10 FF 61131 093000  780 277 1399     5901808     41          20     45   22  42  157   21  130    7  130    7  18  0  0 L3P C8
G27 FF 61131 093000  780 571 3238      891148    147          43      2   14  83   88    7   73   26   73   26  12  0  0 L3P B1
G28 FF 61131 093000  780 269  432     5655451    -71          37     15   42  94  162  -27  136   10  136   10  34  0  0 L3P 00
G32 FF 61131 093000  780 622 1383      200463   -187          32      4   16  74   83    6   74   13   74   13  14  0  0 L3P A2
G02 FF 61131 094600  780 407 2088     -697501    -20          39     59   19  47  113  -16   89  -47   89  -47  17  0  0 L3P 29
G08 FF 61131 094600  780 508 2764    -4690655     47          11    -17   17 115   95    1   97   29   97   29  13  0  0 L3P 02
G10 FF 61131 094600  780 241 1334     5901828    -34          44    -29   18  42  179   25  154   77  154   77  12  0  0 L3P 22
G27 FF 61131 094600  780 503 3322      891280    131          35    -15   25  83   96   10   99   40   99   40  24  0  0 L3P DB
G28 FF 61131 094600  780 316  500     5655373    -33          42     54   28  94  140  -19  145  -24  145  -24  20  0  0 L3P 1C
G31 FF 61131 094600  780 218  219     1581336    -20          34      3   26  68  197  -46  167    4  167    4  23  0  0 L3P D6
G32 FF 61131 094600  780 548 1437      200276   -177          29     14   17  74   90    9   94   11   94   11  16  0  0 L3P CC
G02 FF 61131 100200  780 478 2062     -697579    -57          35     22   20  56   99  -12  102   13  102   13  18  0  0 L3P F2
G08 FF 61131 100200  780 489 2888    -4690578     49          29    -14   23 117   98    4  108   37  108   37  19  0  0 L3P 28
G10 FF 61131 100200  780 207 1268     5901801    -78          22    -74   25  45  206   31  221  113  221  113  19  0  0 L3P 15
G27 FF 61131 100200  780 433 3383      891422    165          37     19   33  85  107   15  129   21  129   21  32  0  0 L3P F2
G28 FF 61131 100200  780 361  576     5655293   -102          47    -16   28  95  125  -13  157   24  157   24  25  0  0 L3P 26
G31 FF 61131 100200  780 272  270     1581327    -21          46      2   27  79  160  -31  165  -12  165  -12  23  0  0 L3P ED
G32 FF 61131 100200  780 474 1462      200097   -173          42     18   22  95  100   12  115   10  115   10  22  0  0 L3P D4
G01 FF 61131 101800  780 247 2169    -3066967     79          32      4   34 218  176  -41  153   16  153   16  31  0  0 L3P 18
G02 FF 61131 101800  780 553 2042     -697634    -83          56     -5   18  56   89   -9  106   31  106   31  16  0  0 L3P EB
G08 FF 61131 101800  780 455 2998    -4690505     64          41      0   50 117  103    7  127   32  127   32  34  0  0 L3P F0
G27 FF 61131 101800  780 363 3432      891582    174          57     29   51  85  124   21  149   15  149   15  48  0  0 L3P 0D
G28 FF 61131 101800  780 400  663     5655204   -106          41    -20   16  95  114   -9  172   25  172   25  14  0  0 L3P FF
G31 FF 61131 101800  780 328  326     1581307    -40          48    -18   24  79  135  -21  171   31  171   31  20  0  0 L3P FA
G32 FF 61131 101800  780 401 1468      199914   -183          42      8   23  95  114   17  146   29  146   29  22  0  0 L3P FD
G01 FF 61131 103400  780 308 2146    -3066913     61          14    -14   22 218  143  -27  174   20  174   20  17  0  0 L3P 16
G02 FF 61131 103400  780 632 2031     -697722    -96          43    -17   15  56   82   -6  126   17  126   17  12  0  0 L3P F1
G03 FF 61131 103400  780 184 2466    -5195262    153          29     16   31  36  231  -33  194   -3  194   -3  26  0  0 L3P 17
G08 FF 61131 103400  780 411 3092    -4690453     48          32    -15   20 117  112   11  161   41  161   41  16  0  0 L3P 03
G27 FF 61131 103400  780 295 3475      891722    213          57     68   20  85  149   31  195  -10  195  -10  15  0  0 L3P 1F
G28 FF 61131 103400  780 430  762     5655136    -79          56      8   17  95  108   -5  173    7  173    7  13  0  0 L3P CD
G31 FF 61131 103400  780 385  388     1581275    -13          37      9   17  79  118  -15  184   -4  184   -4  14  0  0 L3P F3
G32 FF 61131 103400  780 332 1461      199731    -99          42     92   19  95  134   25  183  -40  183  -40  17  0  0 L3P 15
G01 FF 61131 105000  780 373 2130    -3066828     77          27      2   23 218  121  -19  175    4  175    4  20  0  0 L3P DD
G02 FF 61131 105000  780 715 2038     -697806   -104          35    -26   14  56   78   -4  139   24  139   24  12  0  0 L3P 08
G03 FF 61131 105000  780 211 2398    -5195134     91          26    -45   32  36  203  -26  208   54  208   54  25  0  0 L3P 16
G04 FF 61131 105000  780 211 3089     -514409    -13          68      4   53  12  204  -52  225   -2  225   -2  38  0  0 L3P D6
G08 FF 61131 105000  780 361 3171    -4690389     46          35    -17   14 117  125   16  193   54  193   54  11  0  0 L3P 27
G27 FF 61131 105000  780 230 3514      891853    156          49     11   24  85  187   49  262   68  262   68  16  0  0 L3P 12
G28 FF 61131 105000  780 447  870     5655054    -82          57      5   25  95  104   -2  184   21  184   21  21  0  0 L3P DD
G31 FF 61131 105000  780 440  462     1581243    -20          27      2   17  79  106  -11  199    8  199    8  15  0  0 L3P C7
G32 FF 61131 105000  780 266 1446      199548   -136          43     55   26  95  164   38  237   14  237   14  20  0  0 L3P 11
G01 FF 61131 110600  780 442 2122    -3066742     56          41    -19   18 218  106  -14  167   17  167   17  16  0  0 L3P 27
G02 FF 61131 110600  780 799 2097     -697891    -89          24    -10   13  56   75   -2  155   18  155   18  12  0  0 L3P 0E
G03 FF 61131 110600  780 239 2329    -5194991    158          38     21   38  36  180  -21  212   -5  212   -5  33  0  0 L3P 16
G04 FF 61131 110600  780 264 3032     -514449     -1          45     16   22  12  165  -31  240  -18  240  -18  19  0  0 L3P F9
G08 FF 61131 110600  780 308 3240    -4690323    106          40     42   22 117  143   23  231    1  231    1  18  0  0 L3P DB
G28 FF 61131 110600  780 449  982     5654954    -94          39     -8   26  95  104    1  217   19  217   19  22  0  0 L3P FC
G31 FF 61131 110600  780 490  552     1581222    -24          28     -1   19  79   97   -7  202    6  202    6  15  0  0 L3P AA
G32 FF 61131 110600  780 204 1424      199357   -287          35    -96   31  95  210   61  310  171  310  171  24  0  0 L3P 2B
G01 FF 61131 112200  780 513 2126    -3066689     65          22    -10   18 218   94  -10  186   15  186   15  15  0  0 L3P 17
G02 FF 61131 112200  780 869 2654     -697988    -78           3      0   14  56   74    0  182   22  182   22  12  0  0 L3P C4
G03 FF 61131 112200  780 269 2261    -5194872    143          26      7   34  36  162  -18  231    6  231    6  30  0  0 L3P E4
G04 FF 61131 112200  780 314 2966     -514468    -35          40    -18   22  13  141  -20  237   20  237   20  15  0  0 L3P FD
G08 FF 61131 112200  780 255 3300    -4690269     80          32     16   41 117  170   33  291   62  291   62  35  0  0 L3P 0E
G28 FF 61131 112200  780 435 1089     5654864   -109          33    -22   20  95  107    4  239   43  239   43  17  0  0 L3P 1D
G31 FF 61131 112200  780 530  663     1581194     -1          22     22   20  79   92   -4  209   -6  209   -6  16  0  0 L3P B2
G01 FF 61131 113800  780 587 2150    -3066620     71          19     -4   20 218   86   -7  195   10  195   10  17  0  0 L3P F5
G02 FF 61131 113800  780 814 3495     -698042   -123          25    -45   34  56   74    2  185   65  185   65  33  0  0 L3P 0F
G03 FF 61131 113800  780 302 2193    -5194739    157          28     21   29  36  146  -15  243    0  243    0  26  0  0 L3P FA
G04 FF 61131 113800  780 360 2889     -514492      6          32     23   22  13  125  -13  244  -18  244  -18  18  0  0 L3P 02
G08 FF 61131 113800  780 204 3356    -4690207     68          33      4   44 117  209   49  371   96  371   96  35  0  0 L3P 1F
G28 FF 61131 113800  780 406 1183     5654787    -80          39      6   22  95  113    8  260   32  260   32  20  0  0 L3P E7
G31 FF 61131 113800  780 556  794     1581175    -40          25    -17   18  79   89   -2  218   28  218   28  16  0  0 L3P 05
G01 FF 61131 115400  780 660 2207    -3066544     77          23      2   11 218   81   -5  199   12  199   12   9  0  0 L3P DB
G02 FF 61131 115400  780 727 3587     -698121    -88          21    -10   20  56   77    4  214   38  214   38  17  0  0 L3P F2
G03 FF 61131 115400  780 337 2125    -5194621    139          15      2   23  36  132  -13  265    3  265    3  19  0  0 L3P DF
G04 FF 61131 115400  780 400 2802     -514523      5          17     22   18  13  114   -9  260    3  260    3  15  0  0 L3P 93
G28 FF 61131 115400  780 365 1261     5654708    -78          43      8   22  95  123   14  293   42  293   42  18  0  0 L3P 06
G31 FF 61131 115400  780 562  936     1581140    -30          11     -7   14  79   88    0  241   19  241   19  13  0  0 L3P C0
G01 FF 61131 121000  780 728 2334    -3066473     86          22     11   16 219   77   -3  217   11  217   11  14  0  0 L3P EB
G02 FF 61131 121000  780 640   13     -698197    -99          18    -20   16  57   82    6  240   46  240   46  14  0  0 L3P C5
G03 FF 61131 121000  780 375 2056    -5194489    112          16    -24   31  92  120  -11  277   35  277   35  27  0  0 L3P 2D
G04 FF 61131 121000  780 433 2704     -514530    -25          22     -8   24  14  107   -6  263   25  263   25  20  0  0 L3P D4
G28 FF 61131 121000  780 316 1321     5654616    -85          36      1   24  96  140   22  353   62  353   62  20  0  0 L3P E7
G31 FF 61131 121000  780 547 1071     1581114    -20          11      2   19  80   90    3  260   20  260   20  18  0  0 L3P A1
G01 FF 61131 122600  780 774 2608    -3066404     53          19    -22   11 219   75   -1  236   44  236   44  10  0  0 L3P 01
G02 FF 61131 122600  780 554   25     -698279    -56          12     22   12  57   89    9  284   36  284   36  11  0  0 L3P CD
G03 FF 61131 122600  780 416 1985    -5194358    169          16     32   21  92  111  -10  288   -6  288   -6  18  0  0 L3P 2B
G04 FF 61131 122600  780 459 2598     -514549     20          20     38   21  14  102   -4  277  -11  277  -11  16  0  0 L3P FF
G09 FF 61131 122600  780 188 2808    -7630266     33          29      7   40  52  226  -42  446   -2  446   -2  39  0  0 L3P 05
G28 FF 61131 122600  780 260 1365     5654548    -52          50     34   24  96  167   35  412   56  412   56  18  0  0 L3P 16
G31 FF 61131 122600  780 514 1185     1581095    -17          14      6   28  80   94    6  284   31  284   31  26  0  0 L3P D3
G01 FF 61131 124200  780 769 2994    -3066337     78          14      3   14 219   76    1  258   18  258   18  12  0  0 L3P F7
G02 FF 61131 124200  780 472   34     -698351    -70          15      8   18  57  100   14  337   57  337   57  13  0  0 L3P CC
G03 FF 61131 124200  780 460 1910    -5194229    139          14      3   12  92  102   -8  298    2  298    2  10  0  0 L3P D1
G04 FF 61131 124200  780 478 2485     -514567    -40          19    -23   17  14   99   -2  292   35  292   35  14  0  0 L3P 03
G09 FF 61131 124200  780 222 2737    -7630282   -276         -13   -302   44  52  194  -27  488  311  488  311  40  0  0 L3P 89
G26 FF 61131 124200  780 195  816     3481688     99          13     51   41  12  218  -21  589  -41  589  -41  36  0  0 L3P 2A
G28 FF 61131 124200  780 202 1396     5654465    -95          50     -8   31  96  212   61  500  123  500  123  22  0  0 L3P 18
G31 FF 61131 124200  780 467 1272     1581073    -17          14      6   30  80  101    9  317   33  317   33  28  0  0 L3P D2
G01 FF 61131 125800  780 716 3247    -3066264     90          15     14   13 219   78    3  283   17  283   17  11  0  0 L3P F6
G02 FF 61131 125800  780 392   42     -698419    -84          22     -6   13  57  116   20  400   84  400   84   9  0  0 L3P C8
G03 FF 61131 125800  780 507 1828    -5194093    143          19      7   15  92   95   -7  294   -8  294   -8  14  0  0 L3P 04
G04 FF 61131 125800  780 489 2368     -514582    -31          20    -14   19  14   98   -1  307   22  307   22  16  0  0 L3P F5
G09 FF 61131 125800  780 252 2663    -7630207    195          38    169   47  52  172  -19  442 -165  442 -165  45  0  0 L3P 92
G26 FF 61131 125800  780 211  889     3481760     30          38    -18   29  12  202  -13  555    6  555    6  26  0  0 L3P E8
G31 FF 61131 125800  780 412 1334     1581058    -28          21     -5   19  80  112   13  348   39  348   39  16  0  0 L3P 02
G01 FF 61131 131400  780 644 3371    -3066195     48          11    -27   27 219   82    5  319   64  319   64  24  0  0 L3P 0A
G02 FF 61131 131400  780 317   53     -698503   -106          14    -27   29  57  140   30  504  136  504  136  23  0  0 L3P 10
G03 FF 61131 131400  780 555 1735    -5193979    141           2      5   16  92   89   -5  313   -4  313   -4  15  0  0 L3P D8
G04 FF 61131 131400  780 493 2251     -514600     10          18     27   18  14   97    0  323  -11  323  -11  16  0  0 L3P C7
G09 FF 61131 131400  780 280 2586    -7630185     23          35     -3   25  52  156  -14  452   -3  452   -3  21  0  0 L3P FB
G16 FF 61131 131400  780 194  638    -2368470   -109          36    -37   48  23  219  -36  642  -37  642  -37  43  0  0 L3P 5E
G26 FF 61131 131400  780 221  964     3481802    115          33     66   31  12  194   -5  568  -37  568  -37  27  0  0 L3P 1D
G31 FF 61131 131400  780 352 1376     1581030    -74          15    -51   17  80  127   20  404  111  404  111  12  0  0 L3P 0D
G01 FF 61131 133000  780 567 3440    -3066125    117          10     42   39 219   88    8  367   11  367   11  38  0  0 L3P 05
G02 FF 61131 133000  780 246   65     -698562    -86          31     -8   21  57  176   48  618  163  618  163  15  0  0 L3P 13
G03 FF 61131 133000  780 602 1623    -5193849    128           1     -9   13  92   85   -4  318   12  318   12  11  0  0 L3P DE
G04 FF 61131 133000  780 493 2135     -514605    -17          29      0   24  14   97    0  331   18  331   18  21  0  0 L3P B3
G09 FF 61131 133000  780 306 2506    -7630163      5          31    -21   23  52  144  -11  451   13  451   13  19  0  0 L3P ED
G16 FF 61131 133000  780 225  709    -2368557    -95          18    -24   30  23  191  -24  635   -4  635   -4  25  0  0 L3P 17
G26 FF 61131 133000  780 223 1039     3481860     81          44     32   35  12  193    2  569   -8  569   -8  31  0  0 L3P E4
G31 FF 61131 133000  780 291 1401     1581006    -55          12    -32   19  80  151   30  471  104  471  104  15  0  0 L3P 0F
G01 FF 61131 134600  780 490 3484    -3066041     67          22     -8   32 219   97   12  410   66  410   66  31  0  0 L3P FD
G03 FF 61131 134600  780 644 1481    -5193712    130           7     -7   13  92   82   -3  318    7  318    7  12  0  0 L3P C4
G04 FF 61131 134600  780 488 2022     -514632     -2          19     16   19  14   98    1  352   -5  352   -5  15  0  0 L3P BA
G07 FF 61131 134600  780 238 3208     1679043     63          23     18   21 160  182  -46  644  -82  644  -82  16  0  0 L3P 3E
G09 FF 61131 134600  780 330 2425    -7630134     34          36      8   22  52  135   -9  444  -19  444  -19  19  0  0 L3P 0E
G16 FF 61131 134600  780 252  783    -2368607   -172          37   -101   37  23  172  -16  592   42  592   42  36  0  0 L3P 4C
G26 FF 61131 134600  780 216 1113     3481892     16          28    -33   33  12  199   11  601   34  601   34  24  0  0 L3P F9
G31 FF 61131 134600  780 229 1414     1580993    -75          21    -53   35  80  188   49  534  126  534  126  29  0  0 L3P 4D
G01 FF 61131 140200  780 414 3517    -3065975     76          16      1   16 220  111   17  485   78  485   78  12  0  0 L3P 0C
G03 FF 61131 140200  780 676 1296    -5193584    129           4     -8   14  93   80   -1  331    9  331    9  12  0  0 L3P CB
G04 FF 61131 140200  780 481 1913     -514647      7          18     24   15  15   99    1  366  -14  366  -14  13  0  0 L3P D6
G07 FF 61131 140200  780 300 3166     1679080      1          13    -44   16 161  147  -28  581  -52  581  -52  13  0  0 L3P 21
G09 FF 61131 140200  780 353 2342    -7630104      7          42    -19   16  53  127   -7  438    6  438    6  14  0  0 L3P D5
G16 FF 61131 140200  780 273  862    -2368706    -61           3     11   27  33  159  -10  594  -27  594  -27  21  0  0 L3P 1C
G26 FF 61131 140200  780 199 1182     3481932     53          20      4   25  42  214   22  629   10  629   10  18  0  0 L3P DC
G01 FF 61131 141800  780 341 3545    -3065902    123          17     48   21 220  131   25  569   82  569   82  19  0  0 L3P 2E
G03 FF 61131 141800  780 688 1074    -5193468    142         -12      6   14  93   79    0  341   11  341   11  13  0  0 L3P E7
G04 FF 61131 141800  780 472 1808     -514675     -3           7     14   16  15  100    2  378    0  378    0  14  0  0 L3P 9B
G06 FF 61131 141800  780 206 2304     6120578    -10          21      0   39  64  208  -38  581    2  581    2  35  0  0 L3P D0
G07 FF 61131 141800  780 362 3112     1679097     32           0    -13   25  29  124  -19  522  -47  522  -47  18  0  0 L3P 1C
G09 FF 61131 141800  780 374 2257    -7630091      8          30    -18   20  53  121   -6  432    7  432    7  18  0  0 L3P D4
G16 FF 61131 141800  780 286  944    -2368754    -76          24     -5   36  33  153   -4  548  -12  548  -12  29  0  0 L3P 2B
G01 FF 61131 143400  780 271 3572    -3065826     85          20     10   24 220  161   38  698  145  698  145  20  0  0 L3P 41
G03 FF 61131 143400  780 673  850    -5193341    111         -15    -25   14  93   80    2  357   39  357   39  12  0  0 L3P FE
G04 FF 61131 143400  780 463 1705     -514686    -33          12    -16   23  15  102    2  389   30  389   30  20  0  0 L3P EC
G06 FF 61131 143400  780 239 2371     6120572    -11          25     -1   36  64  180  -21  574   -5  574   -5  31  0  0 L3P F9
G07 FF 61131 143400  780 421 3045     1679130     21         -11    -25   25  29  110  -13  485  -30  485  -30  17  0  0 L3P 23
G09 FF 61131 143400  780 396 2171    -7630064     54          33     28   30  53  115   -6  422  -38  422  -38  27  0  0 L3P 1D
G16 FF 61131 143400  780 289 1026    -2368823   -206          23   -134   28  33  151    1  548  126  548  126  22  0  0 L3P 58
G01 FF 61131 145000  780 206 3599    -3065739     42          36    -33   29 220  208   62  860  243  860  243  20  0  0 L3P 4B
G03 FF 61131 145000  780 634  666    -5193200    157          -5     21   15  93   82    4  371   18  371   18  14  0  0 L3P D9
G04 FF 61131 145000  780 452 1604     -514689     42          25     59   22  15  103    2  390  -39  390  -39  20  0  0 L3P F6
G06 FF 61131 145000  780 263 2446     6120555     -7          18      3   25  64  165  -11  575    4  575    4  21  0  0 L3P C9
G07 FF 61131 145000  780 476 2960     1679180     73          -4     28   15  29   99   -9  452  -41  452  -41  11  0  0 L3P 0A
G09 FF 61131 145000  780 418 2084    -7630045     62          26     36   23  53  110   -5  427  -34  427  -34  22  0  0 L3P 11
G16 FF 61131 145000  780 282 1107    -2368905    -89          10    -17   48  33  155    7  570   28  570   28  43  0  0 L3P 1C
G03 FF 61131 150600  780 579  531    -5193065    155          -1     19   15  93   87    6  404   23  404   23  13  0  0 L3P DC
G04 FF 61131 150600  780 441 1505     -514709    -35          22    -18   23  15  105    2  410   31  410   31  19  0  0 L3P D6
G06 FF 61131 150600  780 276 2528     6120541    -37          14    -27   19  64  158   -4  598   48  598   48  18  0  0 L3P 34
G07 FF 61131 150600  780 525 2855     1679230     56           1     11   13  29   93   -6  430  -23  430  -23  10  0  0 L3P DB
G09 FF 61131 150600  780 441 1994    -7630029     56          17     30   18  53  105   -5  428  -34  428  -34  15  0  0 L3P 23
G16 FF 61131 150600  780 264 1182    -2368975    -24           9     47   29  33  165   14  590  -14  590  -14  23  0  0 L3P 2B
G30 FF 61131 150600  780 206 3016    -1725098   -159          27    -27   24  41  208  -50  861 -107  861 -107  21  0  0 L3P 78
G03 FF 61131 152200  780 515  435    -5192943    146         -10      9   17  93   94    9  448   44  448   44  14  0  0 L3P F0
G04 FF 61131 152200  780 429 1407     -514750    -25          -3     -8   15  15  108    3  449   34  449   34  13  0  0 L3P DE
G06 FF 61131 152200  780 277 2614     6120526    -21           8    -11   26  64  158    2  635   63  635   63  21  0  0 L3P EA
G07 FF 61131 152200  780 564 2726     1679293     36          21     -9   15  29   88   -4  406   -5  406   -5  13  0  0 L3P E3
G09 FF 61131 152200  780 464 1901    -7630013      7           8    -19   17  53  101   -4  429   24  429   24  16  0  0 L3P E4
G16 FF 61131 152200  780 236 1249    -2369043   -141          10    -69   19  33  183   24  622  128  622  128  17  0  0 L3P 55
G30 FF 61131 152200  780 255 2957    -1725233   -115          19     17   26  41  170  -30  756 -114  756 -114  21  0  0 L3P 69
G03 FF 61131 153800  780 446  366    -5192812    117         -10    -19   16  93  105   14  503   85  503   85  12  0  0 L3P 20
G04 FF 61131 153800  780 416 1310     -514747    -28          16    -11   22  15  111    3  458   42  458   42  17  0  0 L3P EE
G06 FF 61131 153800  780 267 2699     6120491    -47         -17    -37   29  64  163    9  719   92  719   92  26  0  0 L3P 40
G07 FF 61131 153800  780 589 2576     1679327     34          12    -11   17  29   86   -2  405   11  405   11  13  0  0 L3P F5
G09 FF 61131 153800  780 488 1802    -7629984    -16          12    -42   22  53   98   -4  430   30  430   30  18  0  0 L3P 15
G16 FF 61131 153800  780 200 1307    -2369118   -109           4    -37   20  33  213   41  710  119  710  119  17  0  0 L3P 30
G30 FF 61131 153800  780 300 2889    -1725358   -105          20     27   19  41  147  -20  668 -113  668 -113  15  0  0 L3P 75
G03 FF 61131 155400  780 374  317    -5192677    131          -6     -5   24  93  121   21  577   96  577   96  18  0  0 L3P 1A
G04 FF 61131 155400  780 401 1215     -514792    -57         -12    -40   21  15  114    4  508   74  508   74  16  0  0 L3P FB
G06 FF 61131 155400  780 248 2782     6120526    -12          28     -2   34  64  175   16  748   87  748   87  30  0  0 L3P 1E
G07 FF 61131 155400  780 600 2412     1679356     29          -3    -16   18  29   85    0  414   13  414   13  16  0  0 L3P D8
G09 FF 61131 155400  780 511 1697    -7629967     26           4      0   13  53   94   -3  438   -7  438   -7  11  0  0 L3P DB
G30 FF 61131 155400  780 342 2812    -1725495   -125          10      7   20  41  131  -14  609  -59  609  -59  15  0  0 L3P 38
G03 FF 61131 161000  780 302  281    -5192549    176          -9     40   25  94  146   32  686   88  686   88  21  0  0 L3P 1F
G04 FF 61131 161000  780 383 1121     -514795      5          -1     22   25  16  118    5  532   17  532   17  19  0  0 L3P BA
G06 FF 61131 161000  780 221 2860     6120504     -8          12      2   24  70  194   25  856  116  856  116  22  0  0 L3P F8
G07 FF 61131 161000  780 595 2248     1679400     33          -6    -12   18  30   85    1  424   33  424   33  15  0  0 L3P D3
G09 FF 61131 161000  780 531 1584    -7629947     50           1     24   13  59   92   -2  444  -23  444  -23  11  0  0 L3P F8
G30 FF 61131 161000  780 379 2728    -1725643   -116         -11     16   22  42  120  -10  584  -52  584  -52  18  0  0 L3P 50
G03 FF 61131 162600  780 231  256    -5192406    222           2     85   31  94  187   55  820  115  820  115  25  0  0 L3P 13
G04 FF 61131 162600  780 361 1030     -514821    -27         -10     -9   20  16  124    7  574   48  574   48  19  0  0 L3P F3
G06 FF 61131 162600  780 190 2934     6120496      4          14     15   32  70  224   38  979  124  979  124  25  0  0 L3P 1F
G07 FF 61131 162600  780 578 2095     1679445     65          -5     19   14  30   87    2  434   -5  434   -5  11  0  0 L3P D7
G09 FF 61131 162600  780 548 1461    -7629922     52           1     26   12  59   90   -2  446  -24  446  -24  12  0  0 L3P 02
G14 FF 61131 162600  780 249 3392    -7416525    -85         -24    -70   23 239  174  -47  902 -115  902 -115  19  0  0 L3P 9C
G30 FF 61131 162600  780 410 2635    -1725767   -158          -9    -26   15  42  112   -7  556    7  556    7  14  0  0 L3P 11
G04 FF 61131 164200  780 336  943     -514836    -65          -9    -48   25  16  132   10  614   81  614   81  22  0  0 L3P FA
G07 FF 61131 164200  780 552 1959     1679479     40         -15     -6   15  30   90    3  451   12  451   12  14  0  0 L3P DE
G09 FF 61131 164200  780 559 1329    -7629901    -18          -3    -44   16  59   89   -1  453   51  453   51  13  0  0 L3P 1B
G14 FF 61131 164200  780 320 3381    -7416529     20         -14     35   40 239  138  -29  759 -149  759 -149  34  0  0 L3P 8B
G30 FF 61131 164200  780 436 2536    -1725884   -125           1      7   16  42  106   -5  529  -28  529  -28  15  0  0 L3P 21
G04 FF 61131 165800  780 307  860     -514838     -6           5     11   23  16  144   14  646   64  646   64  19  0  0 L3P D9
G07 FF 61131 165800  780 521 1839     1679515     30         -22    -16   13  30   93    4  467   28  467   28  11  0  0 L3P FE
G09 FF 61131 165800  780 561 1190    -7629873     16           0    -11   18  59   89    0  463   30  463   30  15  0  0 L3P EC
G14 FF 61131 165800  780 394 3362    -7416544    -39         -15    -24   23 239  116  -19  673  -63  673  -63  19  0  0 L3P 87
G21 FF 61131 165800  780 235 2235    -4125680    -31           2    -11   44 238  184  -42  700  -53  700  -53  41  0  0 L3P 35
G22 FF 61131 165800  780 226 3357      253073    -48         -43     10   47  87  191  -55 1003 -137 1003 -137  40  0  0 L3P 6B
G30 FF 61131 165800  780 457 2431    -1726017   -142          -6    -10   21  42  103   -3  527    3  527    3  19  0  0 L3P F1
G04 FF 61131 171400  780 273  782     -514867     15          -7     32   27  16  160   20  715   37  715   37  21  0  0 L3P E0
G07 FF 61131 171400  780 488 1732     1679553     41         -27     -4   15  30   98    5  488   23  488   23  12  0  0 L3P F6
G08 FF 61131 171400  780 178 1021    -4688967     84          -9     20   45  17  238   -4  822  -35  822  -35  36  0  0 L3P 31
G09 FF 61131 171400  780 552 1050    -7629829     33          18      7   18  59   89    2  466   10  466   10  17  0  0 L3P E7
G14 FF 61131 171400  780 470 3332    -7416545    -78          -2    -63   41 239  100  -13  595   -7  595   -7  39  0  0 L3P 42
G21 FF 61131 171400  780 289 2280    -4125715    -40         -14    -20   24 238  152  -25  661  -19  661  -19  20  0  0 L3P 5D
G22 FF 61131 171400  780 293 3340      253048    -31         -12     27   29  87  150  -33  852 -151  852 -151  24  0  0 L3P 45
G30 FF 61131 171400  780 472 2323    -1726137   -132           2      0   20  42  100   -2  511   -6  511   -6  18  0  0 L3P C6
G04 FF 61131 173000  780 235  710     -514907    -16         -30      1   47  16  183   30  814   98  814   98  37  0  0 L3P F1
G07 FF 61131 173000  780 454 1635     1679606     26         -18    -19   18  30  103    6  498   45  498   45  15  0  0 L3P 1B
G08 FF 61131 173000  780 177 1092    -4688902    117          -6     54   46  17  239    7  805  -38  805  -38  39  0  0 L3P 3F
G09 FF 61131 173000  780 532  917    -7629817     22           5     -4   15  59   92    3  496   25  496   25  14  0  0 L3P D6
G14 FF 61131 173000  780 547 3288    -7416570      7         -12     22   21 239   90   -9  556  -66  556  -66  18  0  0 L3P 33
G21 FF 61131 173000  780 336 2339    -4125726    -31          -5    -10   26 238  133  -16  627  -13  627  -13  23  0  0 L3P 46
G22 FF 61131 173000  780 362 3313      252985    -68         -20    -10   35  87  124  -21  749  -80  749  -80  34  0  0 L3P 3F
G30 FF 61131 173000  780 483 2212    -1726274   -129          -9      3   18  42   98   -1  509  -10  509  -10  18  0  0 L3P 0C
G04 FF 61131 174600  780 194  645     -514893    -47           0    -30   35  16  220   48  889  166  889  166  34  0  0 L3P 35
G07 FF 61131 174600  780 421 1544     1679639     67         -29     22   19  30  110    7  526    4  526    4  17  0  0 L3P DD
G09 FF 61131 174600  780 501  797    -7629807     31         -10      5   19  59   96    5  532   34  532   34  17  0  0 L3P E6
G14 FF 61131 174600  780 623 3219    -7416592    -42         -21    -27   19 239   83   -6  517  -12  517  -12  16  0  0 L3P 4D
G21 FF 61131 174600  780 375 2415    -4125752     26         -11     46   23 238  120  -10  614  -47  614  -47  20  0  0 L3P 40
G22 FF 61131 174600  780 432 3275      252914    -96         -35    -38   17  87  107  -14  676  -34  676  -34  16  0  0 L3P 53
G30 FF 61131 174600  780 489 2101    -1726407   -128         -15      4   20  42   97   -1  502  -15  502  -15  18  0  0 L3P 15
G05 FF 61131 180200  780 188 2294     2311600      4          22      0   30  30  226  -45  803  -33  803  -33  25  0  0 L3P DD
G07 FF 61131 180200  780 389 1459     1679694     64         -20     18   17  31  117    8  544    0  544    0  16  0  0 L3P E0
G09 FF 61131 180200  780 460  693    -7629761     19           8     -7   15  60  102    8  551   51  551   51  12  0  0 L3P D2
G14 FF 61131 180200  780 694 3106    -7416612     19         -25     34   16   0   79   -4  492  -42  492  -42  14  0  0 L3P 08
G21 FF 61131 180200  780 403 2505    -4125767      3          -2     22   20 239  114   -5  605  -19  605  -19  15  0  0 L3P 03
G22 FF 61131 180200  780 502 3222      252859    -54         -37      4   12  89   96  -10  608  -64  608  -64  11  0  0 L3P 09
G30 FF 61131 180200  780 493 1989    -1726532   -152         -13    -20   16  45   97    0  494   16  494   16  13  0  0 L3P 26
G05 FF 61131 181800  780 221 2357     2311595     -8          14    -12   23  30  194  -25  773  -14  773  -14  20  0  0 L3P 20
G07 FF 61131 181800  780 358 1376     1679737     15         -21    -31   24  31  125    9  551   27  551   27  20  0  0 L3P 0B
G09 FF 61131 181800  780 411  605    -7629735     75           9     49   28  60  112   12  597   15  597   15  24  0  0 L3P 02
G14 FF 61131 181800  780 753 2900    -7416610    -14          -9      1   18   0   76   -2  459  -18  459  -18  13  0  0 L3P F6
G17 FF 61131 181800  780 226  130     1024433     64           0    -31   36  34  191  -47 1035 -137 1035 -137  31  0  0 L3P 3A
G21 FF 61131 181800  780 417 2605    -4125786    -37          -2    -18   30 239  110   -1  606   26  606   26  27  0  0 L3P 27
G22 FF 61131 181800  780 570 3147      252806    -56         -34      2   16  89   88   -7  547  -49  547  -49  16  0  0 L3P 1A
G30 FF 61131 181800  780 493 1879    -1726653   -123          -8      9   12  45   97    0  476  -22  476  -22  11  0  0 L3P 19
G05 FF 61131 183400  780 246 2428     2311590    -45           4    -49   31  30  176  -13  760   26  760   26  25  0  0 L3P 0E
G07 FF 61131 183400  780 329 1297     1679779     41         -23     -4   20  31  135   11  553   14  553   14  14  0  0 L3P 05
G09 FF 61131 183400  780 357  532    -7629725      6          -6    -20   31  60  126   18  667   78  667   78  25  0  0 L3P 11
G14 FF 61131 183400  780 781 2544    -7416621    -23          -6     -9   11   0   75    0  433  -16  433  -16  10  0  0 L3P DF
G17 FF 61131 183400  780 285  171     1024499    100         -25      5   39  34  154  -31  878 -172  878 -172  36  0  0 L3P 57
G21 FF 61131 183400  780 415 2711    -4125808    -19          -5      0   24 239  111    2  623   19  623   19  23  0  0 L3P EF
G22 FF 61131 183400  780 632 3038      252763    -46         -22     12   13  89   82   -4  493  -58  493  -58  11  0  0 L3P 14
G30 FF 61131 183400  780 492 1769    -1726781   -109          -9     23   15  45   97    0  460  -34  460  -34  13  0  0 L3P 24
G05 FF 61131 185000  780 260 2506     2311603      1          12     -3   27  30  167   -5  750   12  750   12  25  0  0 L3P BA
G07 FF 61131 185000  780 301 1219     1679815     58         -30     12   22  31  146   13  574   -2  574   -2  17  0  0 L3P F5
G09 FF 61131 185000  780 300  473    -7629679     54          15     28   36  60  147   27  728   87  728   87  27  0  0 L3P 26
G13 FF 61131 185000  780 217 2164    -6812820     21           5      6   32  75  198  -52  696  -93  696  -93  24  0  0 L3P 25
G14 FF 61131 185000  780 760 2176    -7416656    -16         -27     -1   13   0   76    1  426  -25  426  -25  11  0  0 L3P F9
G17 FF 61131 185000  780 346  214     1024590     94         -24     -1   24  34  129  -21  736 -124  736 -124  21  0  0 L3P 2E
G21 FF 61131 185000  780 400 2813    -4125825    -28          -4     -9   25 239  114    5  651   54  651   54  21  0  0 L3P 03
G22 FF 61131 185000  780 683 2877      252708    -51         -22      7   16  89   79   -2  457  -38  457  -38  13  0  0 L3P 16
G30 FF 61131 185000  780 489 1661    -1726920   -139         -22     -7   16  45   97    1  454   -9  454   -9  15  0  0 L3P 15
G05 FF 61131 190600  780 263 2588     2311592      0          -3     -5   25  30  165    1  785   37  785   37  21  0  0 L3P D3
G07 FF 61131 190600  780 273 1143     1679888     49          -1      3   32  31  160   15  555    0  555    0  28  0  0 L3P C4
G09 FF 61131 190600  780 239  424    -7629666     62           3     35   30  60  181   45  875  148  875  148  25  0  0 L3P 2D
G13 FF 61131 190600  780 277 2146    -6812789    -32          22    -47   22  75  158  -34  596  -61  596  -61  18  0  0 L3P 6D
G14 FF 61131 190600  780 708 1952    -7416668    -25         -25    -10   18   0   78    3  405  -11  405  -11  15  0  0 L3P 0C
G17 FF 61131 190600  780 411  263     1024683     79         -22    -15   20  34  112  -15  621  -92  621  -92  15  0  0 L3P 1A
G19 FF 61131 190600  780 227   20    -6957105     -7          44      6   31  65  190  -53 1051 -261 1051 -261  27  0  0 L3P 35
G20 FF 61131 190600  780 234 2175     -854691   -196          30     10   35  65  185  -49  667 -108  667 -108  30  0  0 L3P 76
G21 FF 61131 190600  780 372 2908    -4125839    -11           0      8   21 239  121    9  700   54  700   54  17  0  0 L3P E9
G22 FF 61131 190600  780 715 2651      252652    -77         -21    -19   12  89   78   -1  429  -12  429  -12  11  0  0 L3P 15
G30 FF 61131 190600  780 484 1552    -1727041   -197         -16    -65   19  45   98    1  432   50  432   50  16  0  0 L3P 22
G05 FF 61131 192200  780 256 2671     2311656     44          56     40   28  30  169    8  773    2  773    2  25  0  0 L3P CE
G07 FF 61131 192200  780 245 1068     1679922     93         -10     48   35  31  176   19  573  -28  573  -28  29  0  0 L3P 41
G13 FF 61131 192200  780 341 2136    -6812796     31           0     16   21  75  131  -23  539  -68  539  -68  18  0  0 L3P 29
G14 FF 61131 192200  780 647 1819    -7416684     18         -26     33   15   0   81    4  393  -35  393  -35  14  0  0 L3P 09
G17 FF 61131 192200  780 475  324     1024773    130         -22     35   18  34  100  -11  537  -99  537  -99  15  0  0 L3P 33
G19 FF 61131 192200  780 295   50    -6957137     52          24     64   32  65  149  -33  853 -248  853 -248  25  0  0 L3P 52
G20 FF 61131 192200  780 298 2179     -854908   -211          10     -6   25  65  147  -30  593  -68  593  -68  21  0  0 L3P 50
G21 FF 61131 192200  780 336 2994    -4125861    -21          -3     -2   25 239  133   14  777   95  777   95  18  0  0 L3P 39
G22 FF 61131 192200  780 717 2388      252608    -27          -5     31   15   4   77    1  401  -47  401  -47  14  0  0 L3P CE
G30 FF 61131 192200  780 477 1445    -1727156   -183          -4    -51   22  45   99    1  404   38  404   38  19  0  0 L3P 15
G05 FF 61131 193800  780 239 2753     2311662   -111          58   -115   46  30  180   15  844  223  844  223  44  0  0 L3P 5E
G07 FF 61131 193800  780 217  996     1679987     42          11     -4   26  31  197   25  570   18  570   18  24  0  0 L3P 07
G13 FF 61131 193800  780 409 2135    -6812758     17          25      2   19  75  112  -16  462  -50  462  -50  18  0  0 L3P 24
G14 FF 61131 193800  780 584 1727    -7416691     26         -19     41   19   0   86    6  387  -21  387  -21  17  0  0 L3P 16
G17 FF 61131 193800  780 538  403     1024867    130         -19     36   15  34   91   -7  472  -82  472  -82  14  0  0 L3P 19
G19 FF 61131 193800  780 366   80    -6957157      6          16     19   20  65  123  -22  693 -162  693 -162  16  0  0 L3P 3A
G20 FF 61131 193800  780 365 2195     -855096   -214          20     -9   26  65  124  -20  517  -53  517  -53  24  0  0 L3P 40
G21 FF 61131 193800  780 294 3070    -4125864    -19          12      0   34 239  149   21  866  127  866  127  25  0  0 L3P 4C
G22 FF 61131 193800  780 691 2156      252544    -82         -12    -24   17   4   79    2  391   18  391   18  15  0  0 L3P E4
G30 FF 61131 193800  780 467 1339    -1727282    -96          -4     36   18  45  101    2  395  -40  395  -40  17  0  0 L3P 28
G05 FF 61131 195400  780 216 2830     2311636    -47          28    -52   27  30  199   24  989  165  989  165  24  0  0 L3P 5E
G07 FF 61131 195400  780 188  926     1680029     61          10     16   36  31  226   35  594   17  594   17  32  0  0 L3P FA
G13 FF 61131 195400  780 478 2147    -6812755     16          13      1   21  75   99  -11  427  -33  427  -33  18  0  0 L3P 19
G14 FF 61131 195400  780 523 1655    -7416698    -29         -13    -15   18   0   93    8  383   16  383   16  14  0  0 L3P 0E
G17 FF 61131 195400  780 594  513     1024957     70         -20    -25   15  34   85   -5  427  -19  427  -19  13  0  0 L3P 11
G19 FF 61131 195400  780 441  114    -6957171    -23          14    -10   34  65  106  -15  578  -92  578  -92  32  0  0 L3P 48
G20 FF 61131 195400  780 431 2227     -855298   -182          15     24   24  65  108  -14  471  -61  471  -61  22  0  0 L3P 3D
G21 FF 61131 195400  780 250 3138    -4125875    -29          20    -10   23 239  173   30  994  150  994  150  18  0  0 L3P 60
G22 FF 61131 195400  780 648 1985      252502    -41           1     17   16   4   81    3  368  -29  368  -29  14  0  0 L3P D6
G30 FF 61131 195400  780 454 1234    -1727444    -75         -39     57   15  45  103    3  434  -55  434  -55  13  0  0 L3P 30
G05 FF 61131 201000  780 186 2904     2311640     15          24     10   36  31  228   37 1121  137 1121  137  29  0  0 L3P 1F
G13 FF 61131 201000  780 549 2179    -6812738     24          15     10   15  76   90   -8  395  -30  395  -30  14  0  0 L3P 0E
G14 FF 61131 201000  780 465 1591    -7416704     28          -3     43   26   1  101   10  375  -38  375  -38  24  0  0 L3P FF
G15 FF 61131 201000  780 247 2250    -3993828    -84          19    -51   35  70  175  -36  568  -30  568  -30  29  0  0 L3P 5C
G17 FF 61131 201000  780 636  664     1025050     76         -13    -18   14  35   82   -2  389  -14  389  -14  12  0  0 L3P FD
G19 FF 61131 201000  780 518  157    -6957181    -25          15    -13   20  67   94  -10  494  -67  494  -67  16  0  0 L3P 39
G20 FF 61131 201000  780 494 2281     -855490   -200          20      5   16  66   97   -9  432  -25  432  -25  15  0  0 L3P FB
G21 FF 61131 201000  780 206 3201    -4125899      7          15     27   44   0  207   43 1123   49 1123   49  31  0  0 L3P EE
G22 FF 61131 201000  780 597 1858      252439    -21          -9     37   15  25   85    5  365  -41  365  -41  14  0  0 L3P EC
G30 FF 61131 201000  780 436 1132    -1727541   -150          -9    -18   22  46  106    4  398   15  398   15  19  0  0 L3P 15
G13 FF 61131 202600  780 618 2244    -6812712     20           4      6   16   7   83   -5  364  -37  364  -37  15  0  0 L3P D3
G14 FF 61131 202600  780 410 1532    -7416729    -20         -14     -5   18   1  112   12  380    7  380    7  15  0  0 L3P CB
G15 FF 61131 202600  780 298 2294    -3993877    -23           2     10   23  70  148  -22  524  -69  524  -69  20  0  0 L3P 3B
G17 FF 61131 202600  780 653  853     1025137    103         -16      9   21  35   81    0  359  -44  359  -44  19  0  0 L3P EB
G19 FF 61131 202600  780 596  217    -6957197    -20          11     -8   14  67   85   -7  428  -56  428  -56  11  0  0 L3P 1F
G20 FF 61131 202600  780 551 2365     -855684   -191          23     14   14  66   90   -6  406  -37  406  -37  14  0  0 L3P 1B
G22 FF 61131 202600  780 544 1759      252396    -53           3      5   18  25   90    6  351  -14  351  -14  17  0  0 L3P C3
G30 FF 61131 202600  780 415 1034    -1727672   -110         -14     22   20  46  111    5  406  -20  406  -20  19  0  0 L3P 0E
G13 FF 61131 204200  780 680 2366    -6812697     27           5     12   15   7   79   -3  345  -22  345  -22  13  0  0 L3P E8
G14 FF 61131 204200  780 359 1475    -7416745    -62         -16    -47   23   1  125   15  380   34  380   34  18  0  0 L3P 1D
G15 FF 61131 204200  780 343 2351    -3993904    -35           6     -2   27  70  130  -14  468  -42  468  -42  25  0  0 L3P 23
G17 FF 61131 204200  780 641 1045     1025223     76         -21    -18   10  35   82    2  332  -11  332  -11   9  0  0 L3P D0
G19 FF 61131 204200  780 670  317    -6957210    -23          10    -10   16  67   80   -4  371  -46  371  -46  15  0  0 L3P 0A
G20 FF 61131 204200  780 595 2487     -855885   -202          20      4   14  66   85   -3  387  -13  387  -13  11  0  0 L3P 10
G22 FF 61131 204200  780 491 1675      252332    -81          -5    -23   23  25   97    8  339    0  339    0  21  0  0 L3P AA
G30 FF 61131 204200  780 388  941    -1727798   -112         -13     20   23  46  117    8  403  -26  403  -26  19  0  0 L3P 25
G13 FF 61131 205800  780 722 2579    -6812677     36          10     21   15   7   77   -1  325  -32  325  -32  13  0  0 L3P F6
G14 FF 61131 205800  780 312 1418    -7416745     32          -2     46   26   1  141   19  357  -53  357  -53  21  0  0 L3P 06
G15 FF 61131 205800  780 380 2424    -3993930    -33          12      0   17  70  119   -9  424  -26  424  -26  16  0  0 L3P 15
G17 FF 61131 205800  780 602 1198     1025313     98         -22      3   13  35   85    4  308  -34  308  -34  12  0  0 L3P E1
G19 FF 61131 205800  780 732  500    -6957223     26           9     39   30  67   77   -2  321  -76  321  -76  20  0  0 L3P F2
G20 FF 61131 205800  780 619 2646     -856075   -319          28   -113   31  66   83   -1  366   47  366   47  19  0  0 L3P 39
G22 FF 61131 205800  780 440 1600      252286    -76           5    -18   24  25  106   10  316   -1  316   -1  24  0  0 L3P C8
G30 FF 61131 205800  780 357  854    -1727911   -151           1    -19   27  46  126   11  394   21  394   21  25  0  0 L3P 0F
G06 FF 61131 211400  780 201  397     6120312     26           4     36   43  79  212  -47  775 -284  775 -284  38  0  0 L3P 30
G13 FF 61131 211400  780 726 2862    -6812667      4           6    -11   10   7   77    1  310   -9  310   -9   9  0  0 L3P 98
G14 FF 61131 211400  780 269 1361    -7416774    -57         -17    -43   19   1  162   24  348    6  348    6  13  0  0 L3P 01
G15 FF 61131 211400  780 407 2511    -3993959    -27          15      6   17  70  113   -5  389  -46  389  -46  16  0  0 L3P 30
G17 FF 61131 211400  780 546 1302     1025393     85         -32    -10   22  35   90    7  283  -27  283  -27  21  0  0 L3P FB
G19 FF 61131 211400  780 761  814    -6957236    -50           7    -37   24  67   76    0  280  -13  280  -13  18  0  0 L3P FC
G20 FF 61131 211400  780 616 2821     -856276   -223          24    -18   13  66   84    1  354   -1  354   -1  12  0  0 L3P E4
G22 FF 61131 211400  780 393 1530      252234    -41           8     17   20  25  116   12  294  -39  294  -39  17  0  0 L3P F1
G30 FF 61131 211400  780 321  774    -1728045   -152          -7    -20   21  46  138   15  397    6  397    6  19  0  0 L3P FB
G06 FF 61131 213000  780 247  458     6120316    -11          18     -1   44  79  175  -32  555 -173  555 -173  30  0  0 L3P 38
G13 FF 61131 213000  780 688 3098    -6812655     -9           4    -24   14   7   79    3  299   11  299   11  13  0  0 L3P DB
G14 FF 61131 213000  780 229 1303    -7416766    -16           6     -1   33   1  188   31  294  -49  294  -49  24  0  0 L3P 0A
G15 FF 61131 213000  780 420 2609    -3993990    -23          15     10   27  70  110   -1  362  -37  362  -37  25  0  0 L3P 1B
G17 FF 61131 213000  780 481 1367     1025488     86         -27     -8   35  35   99   11  248  -28  248  -28  34  0  0 L3P 23
G19 FF 61131 213000  780 737 1133    -6957270     34         -14     46   15  67   77    2  254  -70  254  -70  12  0  0 L3P 0E
G20 FF 61131 213000  780 588 2980     -856476   -208          21     -2   13  66   86    4  343   -7  343   -7  11  0  0 L3P E7
G22 FF 61131 213000  780 348 1462      252155    -99         -16    -41   17  25  129   15  278   -2  278   -2  16  0  0 L3P 04
G24 FF 61131 213000  780 225 2196      554649   -125          20     48   27  56  191  -45  376 -148  376 -148  25  0  0 L3P 68
G30 FF 61131 213000  780 281  702    -1728164    -76           1     56   37  46  156   22  394  -41  394  -41  30  0  0 L3P 05
G06 FF 61131 214600  780 293  525     6120298    -31          10    -21   37  79  150  -22  432  -84  432  -84  30  0  0 L3P 20
G12 FF 61131 214600  780 205 2625     6079875    -60          15    -60   38  11  208  -28  573 -118  573 -118  33  0  0 L3P 69
G13 FF 61131 214600  780 626 3247    -6812648    -11          -3    -26   15   7   83    5  306   37  306   37  12  0  0 L3P E6
G14 FF 61131 214600  780 191 1245    -7416813    -33         -27    -18   27   1  222   41  293   -7  293   -7  20  0  0 L3P 0B
G15 FF 61131 214600  780 420 2712    -3994026    -56          11    -23   26  70  110    2  354   19  354   19  23  0  0 L3P 00
G17 FF 61131 214600  780 413 1405     1025571    117         -36     22   21  35  111   16  224  -50  224  -50  19  0  0 L3P 0F
G19 FF 61131 214600  780 679 1317    -6957273      2          -5     15   15  67   79    4  215  -45  215  -45  15  0  0 L3P FD
G20 FF 61131 214600  780 542 3105     -856680   -216          15    -11   21  66   91    6  354   26  354   26  18  0  0 L3P F9
G22 FF 61131 214600  780 306 1396      252123    -37           9     21   17  25  144   18  232  -43  232  -43  14  0  0 L3P E8
G24 FF 61131 214600  780 281 2174      554489   -206          26    -33   29  56  156  -31  279  -44  279  -44  25  0  0 L3P 54
G30 FF 61131 214600  780 237  637    -1728285   -144           7    -12   31  46  182   34  423   68  423   68  27  0  0 L3P 1B
G06 FF 61131 220200  780 337  600     6120296     -5          13      5   25  81  132  -15  339  -80  339  -80  21  0  0 L3P E5
G11 FF 61131 220200  780 208  151     3873340   -151          34    -22   29  81  206  -54  948 -195  948 -195  20  0  0 L3P 64
G12 FF 61131 220200  780 233 2553     6079883      9          18      9   28  15  185  -21  425 -121  425 -121  22  0  0 L3P 1B
G13 FF 61131 220200  780 555 3337    -6812626     23           3      8   23  11   89    8  326   35  326   35  19  0  0 L3P C2
G15 FF 61131 220200  780 405 2814    -3994066    -25           3      8   22  91  113    5  376   23  376   23  19  0  0 L3P DE
G17 FF 61131 220200  780 344 1424     1025662     75         -31    -19   25  67  130   24  195  -14  195  -14  23  0  0 L3P 20
G19 FF 61131 220200  780 609 1406    -6957282    -14          -4     -2   18  68   84    6  185  -25  185  -25  16  0  0 L3P 11
G20 FF 61131 220200  780 485 3199     -856884   -196           3     10   22  67   98    9  392   45  392   45  17  0  0 L3P 02
G22 FF 61131 220200  780 266 1330      252047    -81         -11    -23   25  45  163   22  215  -15  215  -15  19  0  0 L3P 05
G24 FF 61131 220200  780 341 2158      554308   -177          10     -4   17  57  131  -22  231  -53  231  -53  13  0  0 L3P 0C
G30 FF 61131 220200  780 190  580    -1728405   -166          13    -34   50  50  224   56  509  177  509  177  41  0  0 L3P 43
G06 FF 61131 221800  780 376  684     6120279     22           7     32   22  81  120  -10  290  -79  290  -79  21  0  0 L3P FE
G11 FF 61131 221800  780 265  195     3873223   -188          41    -59   37  81  164  -35  714 -174  714 -174  31  0  0 L3P 73
G12 FF 61131 221800  780 260 2481     6079889     -3          24     -3   30  15  167  -16  334  -64  334  -64  27  0  0 L3P 1F
G13 FF 61131 221800  780 480 3398    -6812622     -7          -7    -22   30  11   99   12  396  106  396  106  28  0  0 L3P 28
G15 FF 61131 221800  780 380 2909    -3994095    -46           5    -14   21  91  119    9  419   76  419   76  17  0  0 L3P 20
G17 FF 61131 221800  780 276 1429     1025771    112         -12     18   22  67  158   36  160  -25  160  -25  17  0  0 L3P 2B
G19 FF 61131 221800  780 535 1448    -6957294    -24          -4    -11   18  68   91    9  170   -9  170   -9  16  0  0 L3P 09
G20 FF 61131 221800  780 424 3272     -857080   -194           5     12   23  67  109   14  465   92  465   92  21  0  0 L3P 08
G22 FF 61131 221800  780 230 1264      251994    -20          -8     38   25  45  187   28  198  -38  198  -38  20  0  0 L3P 1D
G24 FF 61131 221800  780 405 2150      554150   -190          18    -17   18  57  113  -16  191    4  191    4  18  0  0 L3P EF
G06 FF 61131 223400  780 407  779     6120256    -20          -7    -10   26  81  113   -6  252  -47  252  -47  21  0  0 L3P 05
G11 FF 61131 223400  780 326  243     3873075   -142          16    -13   27  81  136  -24  551 -153  551 -153  22  0  0 L3P 50
G12 FF 61131 223400  780 286 2407     6079889    -22          24    -22   27  15  153  -13  272  -50  272  -50  22  0  0 L3P 36
G13 FF 61131 223400  780 405 3444    -6812617     69         -15     54   37  11  113   18  514  101  514  101  35  0  0 L3P 25
G15 FF 61131 223400  780 345 2995    -3994109    -24          23      9   26  91  130   13  499  109  499  109  21  0  0 L3P 41
G17 FF 61131 223400  780 210 1424     1025863     53         -11    -41   29  67  204   61  146   12  146   12  25  0  0 L3P F8
G19 FF 61131 223400  780 463 1464    -6957297    -20           5     -8   19  68  102   13  150   -6  150   -6  18  0  0 L3P FB
G20 FF 61131 223400  780 361 3331     -857276   -247           6    -42   53  67  125   19  596  205  596  205  50  0  0 L3P 43
G22 FF 61131 223400  780 195 1199      251971    -46          24     12   26  45  218   37  158  -14  158  -14  21  0  0 L3P 11
G24 FF 61131 223400  780 471 2153      553979   -181          12     -8   16  57  100  -11  177  -14  177  -14  14  0  0 L3P 24
G06 FF 61131 225000  780 425  883     6120247    -24          -6    -14   22  81  109   -3  209  -22  209  -22  18  0  0 L3P 00
G11 FF 61131 225000  780 389  298     3872950   -143          14    -15   21  81  117  -17  411 -128  411 -128  16  0  0 L3P 5B
G12 FF 61131 225000  780 312 2333     6079878      4          14      4   21  15  141  -11  223  -45  223  -45  17  0  0 L3P E4
G13 FF 61131 225000  780 333 3482    -6812581     42           6     27   18  11  134   26  661  167  661  167  15  0  0 L3P 1C
G15 FF 61131 225000  780 304 3073    -3994135    -63          29    -30   41  91  145   19  627  147  627  147  30  0  0 L3P 4C
G19 FF 61131 225000  780 393 1465    -6957312     14           2     27   22  68  116   18  137  -49  137  -49  20  0  0 L3P 1C
G20 FF 61131 225000  780 299 3381     -857477   -160           3     46   38  67  147   28  745  101  745  101  38  0  0 L3P 3C
G24 FF 61131 225000  780 540 2171      553818   -154          18     19   15  57   91   -8  160  -28  160  -28  14  0  0 L3P 0A
G06 FF 61131 230600  780 429  991     6120232    -13         -12     -3   25  81  108    1  170  -28  170  -28  21  0  0 L3P EC
G11 FF 61131 230600  780 452  363     3872833   -136          20     -8   15  81  104  -12  301  -83  301  -83  13  0  0 L3P 11
G12 FF 61131 230600  780 339 2258     6079870    -26           5    -26   32  15  131  -10  182  -22  182  -22  29  0  0 L3P 20
G13 FF 61131 230600  780 264 3517    -6812567     41           6     26   31  11  165   40  839  200  839  200  24  0  0 L3P 13
G15 FF 61131 230600  780 261 3143    -3994167    -51          29    -18   37  14  166   27  758  178  758  178  30  0  0 L3P 6A
G19 FF 61131 230600  780 326 1455    -6957320     65           6     78   30  68  136   25  113  -91  113  -91  23  0  0 L3P 18
G20 FF 61131 230600  780 240 3427     -857681   -174          -3     32   23  67  180   42  930  202  930  202  17  0  0 L3P 27
G24 FF 61131 230600  780 609 2214      553653   -201          18    -28   16  57   84   -6  151   13  151   13  13  0  0 L3P ED
G06 FF 61131 232200  780 417 1096     6120217    -23         -16    -13   18  81  110    4  146   -5  146   -5  18  0  0 L3P ED
G11 FF 61131 232200  780 512  445     3872703   -145          14    -16   13  81   94   -8  236  -51  236  -51  12  0  0 L3P 09
G12 FF 61131 232200  780 367 2182     6079866     26           2     26   24  15  123   -9  150  -55  150  -55  21  0  0 L3P F7
G13 FF 61131 232200  780 199 3550    -6812562      4          -3    -10   42  11  215   66 1081  160 1081  160  41  0  0 L3P 2A
G15 FF 61131 232200  780 217 3208    -3994212    -60          16    -27   21  14  198   39  952  220  952  220  17  0  0 L3P 44
G19 FF 61131 232200  780 263 1438    -6957333     37           5     50   24  68  165   36  104  -50  104  -50  20  0  0 L3P 09
G20 FF 61131 232200  780 185 3471     -857866    -85           9    120   34  67  230   63 1138  123 1138  123  25  0  0 L3P 4F
G24 FF 61131 232200  780 676 2301      553481   -181          12     -8   14  57   80   -4  151    6  151    6  13  0  0 L3P B6
G06 FF 61131 233800  780 391 1190     6120220    -19          -3     -9   29  81  117    9  121    5  121    5  27  0  0 L3P B6
G11 FF 61131 233800  780 564  554     3872578   -130          12     -1   14  81   88   -5  186  -42  186  -42  13  0  0 L3P 0E
G12 FF 61131 233800  780 396 2104     6079859     -2          -6     -2   22  15  115   -8  139  -17  139  -17  21  0  0 L3P 03
G19 FF 61131 233800  780 205 1414    -6957333    -59          22    -47   34  20  209   57  102   36  102   36  28  0  0 L3P 22
G24 FF 61131 233800  780 730 2473      553307   -180           5     -7   15  57   77   -2  155    7  155    7  14  0  0 L3P BB
