CGGTTS     GENERIC DATA FORMAT VERSION = 2E
REV DATE = 2025-11-01
RCVR = PolaRx5TR (5.6.0)     sbf2cggtts-1.5.0
CH = 80
IMS = PolaRx5TR
LAB = LRTE
X = 3967035.920 m
Y = -4390028.540 m
Z = -2375644.640 m
FRAME = ITRF
COMMENTS = LS=18; ElMask=10deg; 'Generated from the SBF in 2026-04-12 at 23:54:00'
INT DLY = 24.9 ns (GPS P1),  15.7 ns (GPS P2)     CAL_ID = 1201-2025
CAB DLY = 103.1 ns
REF DLY = 47.2 ns
REF = UTC(LRTE)
CKSUM = fa

SAT CL  MJD  STTIME TRKL ELV AZTH   REFSV      SRSV     REFSYS    SRSYS  DSG IOE MDTR SMDT MDIO SMDI MSIO SMSI ISG FR HC FRC CK
             hhmmss  s  .1dg .1dg    .1ns     .1ps/s     .1ns    .1ps/s .1ns     .1ns.1ps/s.1ns.1ps/s.1ns.1ps/s.1ns
G05 FF 61142 001400  780 191  370     2316165     30           2     25   35  91  222  -52  232 -138  232 -138  28  0  0 L3P 08
G11 FF 61142 001400  780 528 1268     3761922   -113          13     15   18 211   92    7   58  -13   58  -13  14  0  0 L3P F0
G12 FF 61142 001400  780 555 1676     6079858     -7          17     -7   13  59   89   -4   60   12   60   12  12  0  0 L3P BE
G21 FF 61142 001400  780 188  647    -4140112     26          36     39   49 131  226  -38  105  -45  105  -45  45  0  0 L3P 25
G24 FF 61142 001400  780 544 3427      402399   -162          -8     15   32  65   90    9  117   -3  117   -3  30  0  0 L3P CA
G25 FF 61142 001400  780 320 2148    -4307222    -17           9    -45   21  32  138  -20   91   31   91   31  17  0  0 L3P DB
G29 FF 61142 001400  780 332 2668     3419345    -71          15      0   26  50  134  -11  148  -29  148  -29  20  0  0 L3P 15
G05 FF 61142 003000  780 238  430     2316182      9          15      5   33  91  181  -35  147  -47  147  -47  25  0  0 L3P E4
G11 FF 61142 003000  780 469 1341     3761804   -108          17     19   22 211  101   11   50  -24   50  -24  20  0  0 L3P F3
G12 FF 61142 003000  780 587 1553     6079854     33          12     33   13  59   86   -3   61  -29   61  -29  10  0  0 L3P DC
G21 FF 61142 003000  780 219  719    -4140130      0          30     13   24 131  196  -25  101  -19  101  -19  20  0  0 L3P E6
G24 FF 61142 003000  780 468 3476      402232   -145          -5     31   28  65  101   13  135    0  135    0  28  0  0 L3P BF
G25 FF 61142 003000  780 374 2105    -4307189    -28          16    -56   20  32  121  -16   74   52   74   52  17  0  0 L3P FD
G29 FF 61142 003000  780 360 2581     3419268    -89           6    -18   22  50  125   -8  130  -11  130  -11  19  0  0 L3P 07
G05 FF 61142 004600  780 285  496     2316183    -12          11    -17   24  91  154  -24  116  -17  116  -17  19  0  0 L3P 20
G11 FF 61142 004600  780 404 1387     3761677    -99          13     29   33 211  113   16   55  -28   55  -28  31  0  0 L3P 15
G12 FF 61142 004600  780 612 1411     6079860     41          19     41   12  59   84   -2   60  -43   60  -43  12  0  0 L3P C7
G21 FF 61142 004600  780 245  795    -4140128    -48          44    -35   37 131  176  -16   77   32   77   32  35  0  0 L3P 12
G24 FF 61142 004600  780 394 3514      402063   -131          -5     45   19  65  116   19  169   -4  169   -4  15  0  0 L3P F7
G25 FF 61142 004600  780 431 2064    -4307149     69          30     42   16  32  107  -12   58  -49   58  -49  13  0  0 L3P 0B
G29 FF 61142 004600  780 383 2490     3419209    -73          16     -2   13  50  118   -6  105  -23  105  -23  11  0  0 L3P 02
G05 FF 61142 010200  780 330  569     2316183     12           7      7   30  91  135  -16   95  -34   95  -34  25  0  0 L3P BF
G11 FF 61142 010200  780 338 1413     3761542    -88           0     39   26 211  132   24   63  -31   63  -31  19  0  0 L3P E6
G12 FF 61142 010200  780 627 1249     6079861     -3          19     -3   15  59   83   -1   57   -3   57   -3  13  0  0 L3P AC
G21 FF 61142 010200  780 265  875    -4140177      7           7     19   35 131  164   -9   97  -24   97  -24  29  0  0 L3P E2
G24 FF 61142 010200  780 321 3547      401923   -116          23     61   21  65  138   28  193    9  193    9  16  0  0 L3P DC
G25 FF 61142 010200  780 493 2024    -4307123     13          30    -15   15  32   97  -10   48    5   48    5  14  0  0 L3P AC
G29 FF 61142 010200  780 402 2396     3419144    -71          21      1   21  50  114   -4   87  -12   87  -12  18  0  0 L3P D0
G05 FF 61142 011800  780 371  651     2316181     -4           0     -8   24  91  122  -11   86   -5   86   -5  20  0  0 L3P 97
G11 FF 61142 011800  780 272 1425     3761425    -89           5     39   22 211  160   37   55  -25   55  -25  17  0  0 L3P FA
G12 FF 61142 011800  780 627 1075     6079861     -2          20     -2   13  59   83    1   55   -3   55   -3  11  0  0 L3P 91
G18 FF 61142 011800  780 261 3189     3789804   -110          35    -16   17 175  167  -39  261 -177  261 -177  11  0  0 L3P 9A
G21 FF 61142 011800  780 276  958    -4140196    -53           0    -41   15 131  158   -3   91   30   91   30  14  0  0 L3P D6
G24 FF 61142 011800  780 253 3578      401750   -157          19     19   24  65  172   44  285  118  285  118  23  0  0 L3P 39
G25 FF 61142 011800  780 559 1984    -4307117     28          10      1   16  32   89   -7   55  -17   55  -17  14  0  0 L3P DD
G29 FF 61142 011800  780 419 2300     3419078    -93          23    -22   20  50  110   -3   68    0   68    0  18  0  0 L3P B4
G05 FF 61142 013400  780 405  744     2316194    -10          10    -14   29  91  113   -7   68    8   68    8  26  0  0 L3P B1
G11 FF 61142 013400  780 208 1425     3761299   -160           2    -32   32 211  206   61   64   30   64   30  26  0  0 L3P E6
G12 FF 61142 013400  780 610  907     6079861     -4          19     -4   21  59   84    2   59   11   59   11  17  0  0 L3P 99
G18 FF 61142 013400  780 323 3140     3789701   -122          22    -28   20 175  137  -24  156  -53  156  -53  16  0  0 L3P 56
G21 FF 61142 013400  780 277 1042    -4140181    -27          27    -14   26 131  158    2   61   -9   61   -9  22  0  0 L3P DD
G24 FF 61142 013400  780 188   10      401611    -24          50    152   18  65  226   72  457  143  457  143  14  0  0 L3P F8
G25 FF 61142 013400  780 628 1942    -4307092     20           8     -7   14  32   83   -6   53    1   53    1  12  0  0 L3P 7F
G29 FF 61142 013400  780 433 2203     3419010    -91          24    -20   17  50  107   -3   60   11   60   11  14  0  0 L3P BB
G05 FF 61142 015000  780 427  847     2316194    -13           5    -17   25  91  108   -3   65    7   65    7  22  0  0 L3P A1
G12 FF 61142 015000  780 577  759     6079855     29          14     29   15  59   87    4   62  -20   62  -20  14  0  0 L3P CD
G18 FF 61142 015000  780 383 3078     3789616    -65          27     30   27 175  118  -16  101  -66  101  -66  20  0  0 L3P 46
G21 FF 61142 015000  780 267 1124    -4140188     30          32     42   33 131  163    9   54  -48   54  -48  29  0  0 L3P F1
G25 FF 61142 015000  780 702 1892    -4307064     34          10      7   16  32   78   -4   47   -9   47   -9  13  0  0 L3P AF
G28 FF 61142 015000  780 214 2386     5573605    -72          27     19   29 233  200  -24   98  -18   98  -18  23  0  0 L3P 2C
G29 FF 61142 015000  780 446 2104     3418942    -56          24     16   26  50  105   -2   53  -14   53  -14  23  0  0 L3P E4
G05 FF 61142 020600  780 436  955     2316205    -26           7    -31   29 183  107    0   52   19   52   19  28  0  0 L3P C7
G12 FF 61142 020600  780 532  639     6079871    -52          34    -52   23  76   92    6   50   39   50   39  17  0  0 L3P C8
G18 FF 61142 020600  780 440 3001     3789517    -84          20     11   45 176  106  -11   76  -22   76  -22  28  0  0 L3P 14
G21 FF 61142 020600  780 246 1199    -4140204    -46          31    -34   26 132  176   18   51   28   51   28  20  0  0 L3P FC
G25 FF 61142 020600  780 778 1811    -4307038     48          11     21   10  38   75   -2   41  -31   41  -31   9  0  0 L3P C2
G28 FF 61142 020600  780 235 2459     5573514    -99          25     -8   33 234  183  -12   95   19   95   19  29  0  0 L3P 1E
G29 FF 61142 020600  780 458 2005     3418871    -73          24     -1   16  51  102   -2   50   -1   50   -1  14  0  0 L3P AF
G05 FF 61142 022200  780 429 1062     2316198    -28          -4    -32   23 183  108    3   58   23   58   23  22  0  0 L3P DF
G12 FF 61142 022200  780 477  544     6079862    -28          26    -28   17  76   99   10   54   18   54   18  14  0  0 L3P E4
G18 FF 61142 022200  780 490 2906     3789429   -111          22    -17   22 176   97   -7   60   -3   60   -3  17  0  0 L3P F9
G21 FF 61142 022200  780 216 1266    -4140221     21          26     33   33 132  199   32   53  -24   53  -24  26  0  0 L3P EE
G25 FF 61142 022200  780 851 1543    -4307029     69          -6     41   38  38   74   -1   53  -44   53  -44  37  0  0 L3P E7
G28 FF 61142 022200  780 246 2536     5573426    -69          24     21   33 234  176   -4   92  -22   92  -22  29  0  0 L3P 11
G29 FF 61142 022200  780 468 1904     3418802    -82          23    -10   20  51  101   -2   44    0   44    0  17  0  0 L3P A5
G05 FF 61142 023800  780 406 1160     2316209    -16           2    -20   28 183  113    7   49   18   49   18  26  0  0 L3P D5
G12 FF 61142 023800  780 416  470     6079865     15          28     15   14  76  111   14   55  -12   55  -12  10  0  0 L3P D3
G18 FF 61142 023800  780 531 2791     3789333   -125          17    -31   19 176   92   -5   54   14   54   14  18  0  0 L3P 0D
G23 FF 61142 023800  780 210 3520    -6351157    -69          44    -25   24 151  205  -66  184 -140  184 -140  25  0  0 L3P 71
G25 FF 61142 023800  780 845  473    -4307001     40          -5     13   17  38   74    1   49   -9   49   -9  14  0  0 L3P A2
G28 FF 61142 023800  780 246 2617     5573346   -171          31    -80   39 234  175    3   87   79   87   79  33  0  0 L3P 2B
G29 FF 61142 023800  780 478 1801     3418734    -75          23     -3   17  51   99   -2   40    3   40    3  15  0  0 L3P A3
G05 FF 61142 025400  780 370 1243     2316218     31          12     27   20   0  122   12   41  -11   41  -11  17  0  0 L3P A4
G12 FF 61142 025400  780 352  413     6079847     25          10     25   19  76  128   21   76   -8   76   -8  16  0  0 L3P C7
G18 FF 61142 025400  780 562 2657     3789246    -85          21      9   14 176   89   -3   43   -7   43   -7  13  0  0 L3P DF
G23 FF 61142 025400  780 281 3530    -6351215     -4          29     40   27 151  156  -39  111  -90  111  -90  19  0  0 L3P 2A
G25 FF 61142 025400  780 767  247    -4306974     25          -4     -2   18  38   76    3   52   10   52   10  16  0  0 L3P A2
G28 FF 61142 025400  780 237 2698     5573162    -36         -65     55   37 234  182   10  199  -36  199  -36  33  0  0 L3P 65
G29 FF 61142 025400  780 487 1696     3418658    -68          17      3   16  51   98   -1   48    4   48    4  13  0  0 L3P B7
G05 FF 61142 031000  780 325 1310     2316216     -5           5    -10   30   0  137   19   50    5   50    5  24  0  0 L3P 63
G12 FF 61142 031000  780 286  369     6079871     45          35     45   23  76  153   34   67  -24   67  -24  18  0  0 L3P F3
G18 FF 61142 031000  780 578 2508     3789147    -69          12     25   14 176   87   -1   43  -25   43  -25  10  0  0 L3P 03
G23 FF 61142 031000  780 356 3537    -6351252    -52          34     -8   16 151  126  -25   78  -28   78  -28  12  0  0 L3P 27
G25 FF 61142 031000  780 684  183    -4306934     19          10     -8   17  38   79    5   46    9   46    9  13  0  0 L3P 94
G28 FF 61142 031000  780 219 2777     5573210   -243          70   -152   65 234  195   18   96  189   96  189  62  0  0 L3P 6F
G29 FF 61142 031000  780 495 1587     3418600   -107          27    -36   15  51   97   -1   40   29   40   29  14  0  0 L3P EC
G05 FF 61142 032600  780 273 1360     2316224    -31           9    -35   21   0  160   30   48   34   48   34  17  0  0 L3P B3
G12 FF 61142 032600  780 219  336     6079849    -59          13    -59   33  76  196   58   99   71   99   71  24  0  0 L3P 14
G18 FF 61142 032600  780 581 2354     3789052   -100           7     -6   17 176   87    0   42    0   42    0  14  0  0 L3P 9F
G23 FF 61142 032600  780 435 3539    -6351308    -21          21     24   23 151  107  -16   70  -42   70  -42  18  0  0 L3P 14
G25 FF 61142 032600  780 600  152    -4306917      8           1    -19   25  38   85    7   57   25   57   25  23  0  0 L3P 9B
G26 FF 61142 032600  780 228 2238     3525971     53          41      6   42  63  189  -46   44    5   44    5  39  0  0 L3P BE
G28 FF 61142 032600  780 196 2852     5573073    -99          21     -8   30 234  218   29  201   87  201   87  23  0  0 L3P 25
G29 FF 61142 032600  780 499 1475     3418549    -52          45     19   14  51   96    0   29  -14   29  -14  11  0  0 L3P EB
G05 FF 61142 034200  780 216 1396     2316230    -36          11    -40   37   0  198   52   49   36   49   36  32  0  0 L3P D7
G15 FF 61142 034200  780 204  768    -4023423    -54          26    -21   27  49  209  -24   65   31   65   31  23  0  0 L3P ED
G18 FF 61142 034200  780 572 2206     3788963    -77          10     18   13 176   87    1   37   -7   37   -7  12  0  0 L3P DB
G23 FF 61142 034200  780 517 3538    -6351345    -41          26      3   23 151   94  -11   55    1   55    1  18  0  0 L3P B9
G25 FF 61142 034200  780 518  134    -4306882     28          10      1   19  38   94   11   52    4   52    4  17  0  0 L3P 7F
G26 FF 61142 034200  780 283 2273     3526001     83          27     36   23  63  155  -28   55  -29   55  -29  19  0  0 L3P 07
G29 FF 61142 034200  780 501 1361     3418458    -45          23     27   19  51   96    0   55  -24   55  -24  15  0  0 L3P D8
G10 FF 61142 035800  780 220 3370     5895649     17          12     26   52  73  195  -60  150  -80  150  -80  50  0  0 L3P 20
G15 FF 61142 035800  780 225  844    -4023464    -92          17    -59   35  49  191  -15   67   39   67   39  30  0  0 L3P 15
G18 FF 61142 035800  780 553 2071     3788864    -66           1     29   22 176   89    2   47  -23   47  -23  17  0  0 L3P F7
G23 FF 61142 035800  780 602 3532    -6351397    -42          17      3   20 151   85   -8   54  -11   54  -11  19  0  0 L3P EB
G25 FF 61142 035800  780 437  125    -4306859     63           7     35   40  38  106   16   59  -21   59  -21  35  0  0 L3P E5
G26 FF 61142 035800  780 334 2323     3526043     -8          23    -54   20  63  133  -18   53   45   53   45  16  0  0 L3P E3
G29 FF 61142 035800  780 497 1244     3418391   -128          24    -56   15  51   96    1   51   44   51   44  15  0  0 L3P EA
G10 FF 61142 041400  780 291 3351     5895629     -2           0      8   22  74  151  -35  102  -41  102  -41  17  0  0 L3P E1
G15 FF 61142 041400  780 240  921    -4023492     34          22     67   38  51  180   -8   52  -66   52  -66  34  0  0 L3P E3
G18 FF 61142 041400  780 529 1949     3788773    -79          -3     15   19 177   92    3   43  -14   43  -14  17  0  0 L3P 07
G23 FF 61142 041400  780 689 3522    -6351461    -76          -2    -32   18 152   79   -5   64   28   64   28  16  0  0 L3P 04
G25 FF 61142 041400  780 359  121    -4306833     10           7    -17   23  48  125   24   67   22   67   22  20  0  0 L3P BC
G26 FF 61142 041400  780 380 2388     3526083     22          14    -25   21  64  119  -11   52   15   52   15  18  0  0 L3P E2
G29 FF 61142 041400  780 486 1128     3418322   -112          21    -40   19  82   98    2   47   31   47   31  17  0  0 L3P DA
G10 FF 61142 043000  780 364 3322     5895609     16         -11     25   57  74  124  -22   86  -49   86  -49  55  0  0 L3P 1E
G15 FF 61142 043000  780 246 1000    -4023516    -21          28     12   30  51  175   -1   51  -10   51  -10  25  0  0 L3P CB
G18 FF 61142 043000  780 501 1839     3788689    -97           3     -3   19 177   96    4   37    3   37    3  19  0  0 L3P BB
G23 FF 61142 043000  780 776 3504    -6351500    -93           1    -49   27 152   75   -3   56   36   56   36  26  0  0 L3P ED
G25 FF 61142 043000  780 284  123    -4306792     35          22      8   19  48  155   38   71   15   71   15  18  0  0 L3P C2
G26 FF 61142 043000  780 416 2471     3526112     17          -1    -30   20  64  111   -7   64   22   64   22  18  0  0 L3P B9
G29 FF 61142 043000  780 469 1015     3418253    -90           3    -18   20   1  101    4   51   28   51   28  18  0  0 L3P A6
G10 FF 61142 044600  780 437 3281     5895601    -25         -11    -16   18  74  106  -15   72    8   72    8  17  0  0 L3P EB
G15 FF 61142 044600  780 244 1077    -4023537    -52          39    -19   24  51  177    5   34   17   34   17  23  0  0 L3P EB
G16 FF 61142 044600  780 238 2256    -2434016   -117           9    -46   34  60  182  -38   65   29   65   29  31  0  0 L3P 17
G18 FF 61142 044600  780 472 1738     3788600   -103           5     -8   19 177  100    5   37   -2   37   -2  16  0  0 L3P D9
G23 FF 61142 044600  780 864 3445    -6351522    -51          22     -7   20 152   74   -1   30    1   30    1  18  0  0 L3P A8
G25 FF 61142 044600  780 212  130    -4306769     98          19     71   31  48  203   65   91  -59   91  -59  25  0  0 L3P 01
G26 FF 61142 044600  780 439 2569     3526154     61          -3     14   24  64  106   -3   67  -12   67  -12  22  0  0 L3P E6
G29 FF 61142 044600  780 445  909     3418192    -59          12     13   21   1  105    5   45  -12   45  -12  18  0  0 L3P BF
G10 FF 61142 050200  780 510 3222     5895599      8          -3     17   16  74   95  -10   60  -11   60  -11  14  0  0 L3P C5
G15 FF 61142 050200  780 231 1151    -4023598      8          10     41   19  51  186   13   57  -33   57  -33  17  0  0 L3P DD
G16 FF 61142 050200  780 286 2306    -2434087    -66           6      5   25  60  153  -23   68    8   68    8  24  0  0 L3P BF
G18 FF 61142 050200  780 444 1645     3788508    -80           3     14   19 177  105    5   43    2   43    2  16  0  0 L3P AC
G23 FF 61142 050200  780 848 1738    -6351576    -41          10      4   15 152   74    1   39   -4   39   -4  12  0  0 L3P BE
G26 FF 61142 050200  780 448 2677     3526203     48           1      1   20  64  104    0   68    8   68    8  19  0  0 L3P 7E
G29 FF 61142 050200  780 413  811     3418139    -34          27     38   22   1  111    8   39  -26   39  -26  19  0  0 L3P C4
G10 FF 61142 051800  780 580 3137     5895591    -17          -2     -8   16  74   87   -7   59    8   59    8  14  0  0 L3P C2
G15 FF 61142 051800  780 209 1219    -4023613   -105          27    -72   29  51  204   25   45   63   45   63  24  0  0 L3P 05
G16 FF 61142 051800  780 328 2370    -2434153    -49           7     22   23  60  136  -14   70  -13   70  -13  20  0  0 L3P EE
G18 FF 61142 051800  780 416 1557     3788433    -69          19     25   21 177  110    6   36  -15   36  -15  18  0  0 L3P 0F
G23 FF 61142 051800  780 763 1691    -6351636    -26          -7     18   14 152   76    3   54  -21   54  -21  13  0  0 L3P F3
G26 FF 61142 051800  780 441 2788     3526250     37           3    -10   18  64  106    3   70    6   70    6  15  0  0 L3P 96
G29 FF 61142 051800  780 374  723     3418055   -117          12    -46   23   1  121   12   57   44   57   44  19  0  0 L3P DB
G10 FF 61142 053400  780 643 3011     5895589     -8           4      1   12  74   82   -4   50    0   50    0  10  0  0 L3P 5D
G15 FF 61142 053400  780 179 1279    -4023652    -78          19    -45   21  51  236   42   51   38   51   38  19  0  0 L3P 0A
G16 FF 61142 053400  780 360 2448    -2434221   -110           8    -40   22  60  125   -8   73   39   73   39  17  0  0 L3P EF
G18 FF 61142 053400  780 390 1471     3788333    -73           9     22   17 177  117    7   50  -18   50  -18  15  0  0 L3P F7
G23 FF 61142 053400  780 681 1662    -6351678    -36          -6      8   17 152   79    5   54   -9   54   -9  14  0  0 L3P D8
G26 FF 61142 053400  780 420 2893     3526298     51           6      5   26  64  110    6   70   -6   70   -6  21  0  0 L3P 94
G29 FF 61142 053400  780 330  645     3417998    -63          23      9   34   1  135   17   55    1   55    1  29  0  0 L3P 92
G10 FF 61142 055000  780 692 2824     5895576     -2           0      7   13  74   79   -2   53   -7   53   -7  12  0  0 L3P 97
G16 FF 61142 055000  780 381 2538    -2434283    -82          13    -12   25  60  119   -4   74   13   74   13  21  0  0 L3P EA
G18 FF 61142 055000  780 365 1389     3788261    -85          28      9   22 177  123    7   35  -13   35  -13  18  0  0 L3P 00
G23 FF 61142 055000  780 602 1634    -6351716    -65          -2    -21   17 152   85    7   48   16   48   16  15  0  0 L3P E5
G26 FF 61142 055000  780 387 2988     3526340     60           3     14   22  64  117   10   74  -15   74  -15  17  0  0 L3P DF
G27 FF 61142 055000  780 237 2175     1033961    108          47    -52   41  24  182  -45   41   50   41   50  35  0  0 L3P F4
G29 FF 61142 055000  780 281  577     3417935    -17          29     54   27   1  156   27   57  -42   57  -42  22  0  0 L3P EC
G32 FF 61142 055000  780 216   34       19625   -222          -4    -28   29   6  198  -56   92    4   92    4  27  0  0 L3P 92
G10 FF 61142 060600  780 714 2571     5895563    -14          -5     -5   14  75   78    0   53   -6   53   -6  12  0  0 L3P AF
G16 FF 61142 060600  780 389 2637    -2434351    -61          17      9   23  68  117    0   72  -10   72  -10  20  0  0 L3P DC
G18 FF 61142 060600  780 341 1308     3788155   -126           9    -31   21 178  131    8   48   26   48   26  16  0  0 L3P FC
G23 FF 61142 060600  780 527 1605    -6351757    -15           1     29   18 153   92    9   46  -25   46  -25  16  0  0 L3P F1
G26 FF 61142 060600  780 347 3073     3526383     27           2    -20   35  97  129   14   77   17   77   17  24  0  0 L3P E1
G27 FF 61142 060600  780 298 2167     1034083    101          12    -58   35  25  148  -29   59   38   59   38  29  0  0 L3P 1A
G29 FF 61142 060600  780 229  520     3417880    -74          39     -2   30   2  188   43   52    4   52    4  25  0  0 L3P 96
G32 FF 61142 060600  780 281   64       19454   -138          15     56   25  35  156  -35   59  -70   59  -70  21  0  0 L3P DD
G10 FF 61142 062200  780 704 2307     5895568     11           9     21   10  75   78    1   43  -17   43  -17   9  0  0 L3P AB
G16 FF 61142 062200  780 382 2737    -2434410    -67          26      4   28  68  119    4   71    1   71    1  24  0  0 L3P A4
G18 FF 61142 062200  780 317 1228     3788072    -61          15     33   20 178  140   10   52  -27   52  -27  16  0  0 L3P 06
G23 FF 61142 062200  780 456 1572    -6351796    -45           5     -1   20 153  103   12   49    6   49    6  19  0  0 L3P C9
G26 FF 61142 062200  780 303 3147     3526427     53           1      6   25  97  145   20   85   -8   85   -8  20  0  0 L3P AB
G27 FF 61142 062200  780 362 2167     1034243    159          19      0   21  25  124  -20   56   -5   56   -5  17  0  0 L3P C9
G32 FF 61142 062200  780 350   94       19258   -204           6    -10   14  35  128  -23   62    5   62    5  13  0  0 L3P 7B
G10 FF 61142 063800  780 667 2098     5895561    -15          10     -6   14  75   80    3   42    8   42    8  14  0  0 L3P A2
G16 FF 61142 063800  780 363 2834    -2434485    -71          19     -1   24  68  124    7   81   13   81   13  20  0  0 L3P DA
G18 FF 61142 063800  780 293 1149     3788000   -155          34    -60   25 178  150   12   42   60   42   60  25  0  0 L3P 11
G23 FF 61142 063800  780 390 1537    -6351831    -65          13    -20   26 153  117   17   45   23   45   23  22  0  0 L3P 06
G26 FF 61142 063800  780 257 3214     3526478     62           8     15   27  97  169   29   87   -1   87   -1  22  0  0 L3P DB
G27 FF 61142 063800  780 429 2180     1034400    175          22     16   22  25  108  -14   50   -4   50   -4  21  0  0 L3P CC
G32 FF 61142 063800  780 423  127       19085   -215          19    -21   35  35  109  -16   47   19   47   19  31  0  0 L3P DA
G10 FF 61142 065400  780 617 1947     5895549    -32           7    -23   15  75   84    4   46   20   46   20  13  0  0 L3P C8
G16 FF 61142 065400  780 334 2924    -2434540    -65          31      5   26  68  133   12   74   -4   74   -4  21  0  0 L3P CF
G18 FF 61142 065400  780 268 1072     3787906    -45          31     50   51 178  162   14   45  -40   45  -40  47  0  0 L3P 1B
G23 FF 61142 065400  780 328 1499    -6351866    -54          20    -10   23 153  135   22   40    8   40    8  20  0  0 L3P E2
G26 FF 61142 065400  780 211 3276     3526530    -38          14    -85   43  97  203   42   88   80   88   80  36  0  0 L3P 06
G27 FF 61142 065400  780 496 2210     1034563    164          33      5   22  25   97  -10   41   -9   41   -9  20  0  0 L3P BC
G32 FF 61142 065400  780 498  168       18899   -178          20     16   16  35   96  -11   45  -12   45  -12  14  0  0 L3P E4
G08 FF 61142 071000  780 240 2211    -4629795     67         -10      2   28  47  180  -44   62    0   62    0  24  0  0 L3P B8
G10 FF 61142 071000  780 562 1834     5895545    -12          12     -3   13  75   88    6   41    0   41    0  12  0  0 L3P 84
G16 FF 61142 071000  780 298 3006    -2434595    -65          44      6   25  68  148   18   65   -6   65   -6  21  0  0 L3P E7
G18 FF 61142 071000  780 242  996     3787815    -64          31     31   38 178  178   19   49  -32   49  -32  31  0  0 L3P 1D
G23 FF 61142 071000  780 271 1459    -6351915    -72          14    -28   26 153  161   31   52   19   52   19  22  0  0 L3P 09
G27 FF 61142 071000  780 562 2266     1034723    161          40      2   18  25   88   -7   34   -7   34   -7  16  0  0 L3P B0
G32 FF 61142 071000  780 574  223       18719   -209          26    -15   12  35   87   -8   39   11   39   11  10  0  0 L3P AC
G08 FF 61142 072600  780 300 2238    -4629732     54         -11    -12   29  47  147  -27   51    3   51    3  25  0  0 L3P DF
G10 FF 61142 072600  780 507 1744     5895541    -34          17    -24   17  75   95    8   36   14   36   14  14  0  0 L3P DA
G16 FF 61142 072600  780 257 3080    -2434654    -95          53    -24   35  68  169   26   60   16   60   16  25  0  0 L3P 0C
G18 FF 61142 072600  780 215  923     3787724    -56          30     38   41 178  199   26   49  -24   49  -24  34  0  0 L3P 20
G23 FF 61142 072600  780 219 1415    -6351938    -44          34      0   39 153  196   44   30   12   30   12  30  0  0 L3P E2
G27 FF 61142 072600  780 622 2362     1034869    166          34      6   15  25   83   -4   38   -9   38   -9  12  0  0 L3P C5
G32 FF 61142 072600  780 648  311       18535   -198          29     -3   17  35   81   -5   36    3   36    3  14  0  0 L3P 82
G08 FF 61142 074200  780 358 2279    -4629660     56          -2    -10   25  47  126  -18   39   18   39   18  21  0  0 L3P 0C
G10 FF 61142 074200  780 454 1665     5895524    -17           8     -8   17  75  103   10   43    4   43    4  15  0  0 L3P A9
G16 FF 61142 074200  780 215 3149    -2434729   -102          45    -31   23  68  200   39   70   37   70   37  19  0  0 L3P 0F
G18 FF 61142 074200  780 185  852     3787637    -46          34     49   40 178  230   38   49  -41   49  -41  32  0  0 L3P 1D
G27 FF 61142 074200  780 668 2516     1035022    140          33    -19   13  25   80   -2   40   20   40   20  11  0  0 L3P B6
G32 FF 61142 074200  780 712  465       18345   -210          26    -15   10  35   78   -3   38   13   38   13  10  0  0 L3P A1
G08 FF 61142 075800  780 411 2338    -4629596     55          -1    -11   23  47  112  -12   39    8   39    8  20  0  0 L3P DC
G10 FF 61142 075800  780 404 1594     5895517    -38          10    -29   25  75  113   12   43   34   43   34  23  0  0 L3P F4
G27 FF 61142 075800  780 687 2730     1035178    161          37      2   16  25   79    0   39    1   39    1  14  0  0 L3P 97
G32 FF 61142 075800  780 750  737       18168   -123          36     71   37  35   76   -1   32  -42   32  -42  25  0  0 L3P C5
G02 FF 61142 081400  780 229 2187     -771152     -5          19     74   29  52  188  -44   38  -80   38  -80  29  0  0 L3P 0B
G08 FF 61142 081400  780 457 2418    -4629541     78         -10     12   17  48  103   -7   42   -9   42   -9  14  0  0 L3P E8
G10 FF 61142 081400  780 357 1526     5895506     -9           8      0   24  76  126   14   42    4   42    4  21  0  0 L3P 86
G27 FF 61142 081400  780 672 2953     1035328    176          30     17   15  26   80    2   39  -17   39  -17  13  0  0 L3P E4
G32 FF 61142 081400  780 741 1061       17963   -269          14    -74   23  36   77    1   45   47   45   47  15  0  0 L3P C5
G02 FF 61142 083000  780 286 2149     -771229    -63          17     16   32  52  153  -30   44  -14   44  -14  27  0  0 L3P FC
G08 FF 61142 083000  780 491 2521    -4629471     74          -3      8   18  48   97   -4   42    1   42    1  15  0  0 L3P 95
G10 FF 61142 083000  780 314 1460     5895518     32          28     41   22  76  141   17   29  -28   29  -28  17  0  0 L3P F6
G27 FF 61142 083000  780 628 3126     1035489    171          38     12   11  26   83    4   41   -2   41   -2  10  0  0 L3P A6
G28 FF 61142 083000  780 227  381     5571428    -97          40     -6   36 238  190  -38   52   29   52   29  28  0  0 L3P 05
G32 FF 61142 083000  780 690 1277       17777   -210          15    -15   14  36   79    3   46   16   46   16  12  0  0 L3P BB
G02 FF 61142 084600  780 348 2115     -771300   -146          22    -67   24  52  129  -21   36   61   36   61  20  0  0 L3P FB
G08 FF 61142 084600  780 508 2642    -4629404     84           1     18   16  48   95   -1   42  -17   42  -17  14  0  0 L3P DE
G10 FF 61142 084600  780 274 1394     5895495     23          14     32   28  76  159   21   52  -14   52  -14  22  0  0 L3P FB
G27 FF 61142 084600  780 567 3245     1035643    145          39    -14   15  26   88    7   43   14   43   14  13  0  0 L3P D9
G28 FF 61142 084600  780 274  443     5571331    -91          31     -1   44 238  159  -26   63    9   63    9  38  0  0 L3P DD
G32 FF 61142 084600  780 622 1387       17598   -183          23     11   12  36   83    6   39  -15   39  -15  10  0  0 L3P CD
G02 FF 61142 090200  780 414 2084     -771391    -56           6     22   15  52  111  -16   50  -14   50  -14  12  0  0 L3P D3
G08 FF 61142 090200  780 506 2770    -4629350     52          -8    -14   16  48   95    2   51   17   51   17  14  0  0 L3P C9
G10 FF 61142 090200  780 238 1329     5895484      2          12     11   25  76  181   26   71   26   71   26  19  0  0 L3P C9
G27 FF 61142 090200  780 499 3326     1035792    156          35     -3   23  26   96   10   49   15   49   15  22  0  0 L3P DD
G28 FF 61142 090200  780 320  511     5571243    -39          30     52   36 238  138  -18   72  -35   72  -35  28  0  0 L3P 0C
G31 FF 61142 090200  780 223  227     1559037      0           5     24   29  48  192  -44   84   -6   84   -6  25  0  0 L3P A6
G32 FF 61142 090200  780 548 1440       17413   -188          24      6   28  36   90    9   42    1   42    1  27  0  0 L3P 6F
G01 FF 61142 091800  780 195 2195    -2993364     72          21     -9   39 121  219  -61   51    9   51    9  36  0  0 L3P EC
G02 FF 61142 091800  780 485 2059     -771458    -39          14     39   18  52   98  -12   51  -21   51  -21  16  0  0 L3P FF
G08 FF 61142 091800  780 487 2893    -4629271     41           7    -25   19  48   98    4   50   23   50   23  16  0  0 L3P D4
G10 FF 61142 091800  780 205 1264     5895461    -43          -2    -34   30  76  209   32  115   80  115   80  23  0  0 L3P 06
G27 FF 61142 091800  780 428 3387     1035949    173          39     14   28  26  108   15   61   11   61   11  27  0  0 L3P F4
G28 FF 61142 091800  780 364  589     5571152    -70          26     21   27 238  124  -13   85   -9   85   -9  23  0  0 L3P 00
G31 FF 61142 091800  780 278  279     1559017    -65           7    -41   29  48  157  -30   97   43   97   43  26  0  0 L3P FF
G32 FF 61142 091800  780 473 1463       17219   -195          17      0   22  36  100   12   58   11   58   11  20  0  0 L3P AB
G01 FF 61142 093400  780 253 2166    -2993291     73          17     -7   36 121  172  -39   73   31   73   31  34  0  0 L3P 02
G02 FF 61142 093400  780 560 2040     -771531    -76          17      2   13  52   89   -8   60   11   60   11  12  0  0 L3P 9F
G08 FF 61142 093400  780 452 3002    -4629199     43          15    -23   42  48  104    7   63   35   63   35  29  0  0 L3P E6
G27 FF 61142 093400  780 358 3435     1036110    164          48      5   45  26  126   22   76   16   76   16  43  0  0 L3P DC
G28 FF 61142 093400  780 401  677     5571062    -73          23     18   28 238  114   -8   97   -8   97   -8  24  0  0 L3P F3
G31 FF 61142 093400  780 334  335     1559002    -16          15      8   26  48  133  -21  103    1  103    1  22  0  0 L3P A9
G32 FF 61142 093400  780 401 1469       17038   -184          22     11   19  36  114   17   75   16   75   16  17  0  0 L3P CF
G01 FF 61142 095000  780 314 2144    -2993242     43         -11    -38   24 121  141  -26  110   38  110   38  19  0  0 L3P 24
G02 FF 61142 095000  780 640 2029     -771606    -69          17      9   12  52   82   -6   69    2   69    2  10  0  0 L3P 95
G03 FF 61142 095000  780 187 2460    -5063063     77          20    -64   33  72  227  -32   94   74   94   74  30  0  0 L3P 06
G08 FF 61142 095000  780 408 3095    -4629143     56           9    -10   22  48  112   11   89   33   89   33  16  0  0 L3P E9
G27 FF 61142 095000  780 290 3477     1036275    166          60      7   25  26  151   32   96   16   96   16  21  0  0 L3P E2
G28 FF 61142 095000  780 430  777     5570984    -82          32      9   22 238  108   -5  100    2  100    2  20  0  0 L3P C2
G31 FF 61142 095000  780 390  399     1558977    -18          13      6   19  48  117  -15  109    0  109    0  16  0  0 L3P D9
G32 FF 61142 095000  780 331 1462       16846   -172          17     22   22  36  134   25  105   -5  105   -5  19  0  0 L3P D8
G01 FF 61142 100600  780 380 2128    -2993146     90           6     10   22 122  119  -19  100    0  100    0  21  0  0 L3P BE
G02 FF 61142 100600  780 723 2037     -771681    -75          15      3   11  53   77   -4   78   15   78   15  10  0  0 L3P B1
G03 FF 61142 100600  780 215 2391    -5062937    199           6     58   25  78  199  -25  117  -27  117  -27  20  0  0 L3P 40
G04 FF 61142 100600  780 212 3087     -529759      8          29     24   61 156  202  -51  131  -22  131  -22  40  0  0 L3P 06
G08 FF 61142 100600  780 357 3174    -4629078     55          10    -11   18  49  126   16  112   36  112   36  13  0  0 L3P 0B
G27 FF 61142 100600  780 226 3517     1036414    163          42      4   24  28  190   51  145   28  145   28  18  0  0 L3P F1
G28 FF 61142 100600  780 445  885     5570883   -102          21    -11   18 239  105   -2  115   18  115   18  16  0  0 L3P 1B
G31 FF 61142 100600  780 444  474     1558952    -14          12     10   16  53  105  -10  118   -1  118   -1  13  0  0 L3P D5
G32 FF 61142 100600  780 265 1446       16649   -150           9     45   23  37  164   38  143    5  143    5  17  0  0 L3P BD
G01 FF 61142 102200  780 449 2121    -2993062     47          13    -34   15 122  104  -13   97   27   97   27  13  0  0 L3P 02
G02 FF 61142 102200  780 807 2103     -771753    -80          19     -1   11  53   75   -2   89   10   89   10   9  0  0 L3P A5
G03 FF 61142 102200  780 243 2323    -5062785    170          23     29   44  78  178  -21  110  -27  110  -27  39  0  0 L3P 33
G04 FF 61142 102200  780 265 3029     -529781    -38          21    -22   30 156  164  -31  136   22  136   22  24  0  0 L3P 19
G08 FF 61142 102200  780 305 3242    -4629004    108          21     42   23  49  145   23  130   -7  130   -7  18  0  0 L3P F1
G28 FF 61142 102200  780 446  996     5570803   -100          28     -9   27 239  105    2  116   20  116   20  23  0  0 L3P F6
G31 FF 61142 102200  780 493  567     1558938    -40          20    -16   15  53   97   -7  115   14  115   14  13  0  0 L3P E6
G32 FF 61142 102200  780 203 1424       16479   -231          25    -36   31  37  211   61  166   82  166   82  26  0  0 L3P F3
G01 FF 61142 103800  780 521 2127    -2992988     88           9      8   16 122   93  -10  103   -2  103   -2  13  0  0 L3P DD
G02 FF 61142 103800  780 872 2810     -771836    -55          11     23   14  53   74    0  104  -12  104  -12  13  0  0 L3P DA
G03 FF 61142 103800  780 273 2255    -5062661    117          11    -24   41  78  159  -17  124   29  124   29  37  0  0 L3P 33
G04 FF 61142 103800  780 315 2963     -529799    -21          19     -5   21 156  140  -20  138    9  138    9  17  0  0 L3P 03
G08 FF 61142 103800  780 252 3302    -4628944     56          17    -10   43  49  172   34  161   38  161   38  36  0  0 L3P 1B
G28 FF 61142 103800  780 430 1101     5570698   -120          10    -29   23 239  108    5  138   36  138   36  19  0  0 L3P 25
G31 FF 61142 103800  780 532  679     1558908    -15          13      9   24  53   92   -4  118  -12  118  -12  21  0  0 L3P E4
G01 FF 61142 105400  780 595 2152    -2992909     73          10     -8   13 122   85   -7  106   12  106   12  11  0  0 L3P EC
G02 FF 61142 105400  780 806 3519     -771903   -120          20    -42   39  53   75    2  103   44  103   44  39  0  0 L3P EE
G03 FF 61142 105400  780 306 2187    -5062516    157          21     16   26  78  144  -15  121   -6  121   -6  23  0  0 L3P 0A
G04 FF 61142 105400  780 360 2885     -529806    -13          28      2   28 156  125  -13  134   -3  134   -3  22  0  0 L3P F8
G08 FF 61142 105400  780 202 3358    -4628881     95          17     29   40  49  212   51  209   49  209   49  34  0  0 L3P 1E
G28 FF 61142 105400  780 399 1193     5570614   -114          13    -23   20 239  115    9  146   41  146   41  17  0  0 L3P 23
G31 FF 61142 105400  780 555  811     1558880    -41           8    -17   16  53   89   -2  120   16  120   16  14  0  0 L3P D0
G01 FF 61142 111000  780 668 2213    -2992829     68          13    -13   15 122   80   -4  107   17  107   17  11  0  0 L3P FE
G02 FF 61142 111000  780 719 3595     -771983    -67          15     12   10  53   77    4  121    2  121    2   9  0  0 L3P 9E
G03 FF 61142 111000  780 341 2118    -5062392    158          10     17   25  78  131  -13  137  -12  137  -12  21  0  0 L3P 1D
G04 FF 61142 111000  780 400 2797     -529832     -9          17      7   20 156  114   -9  143    6  143    6  17  0  0 L3P C0
G28 FF 61142 111000  780 357 1269     5570537    -66          24     25   24 239  126   15  157   13  157   13  21  0  0 L3P 1B
G31 FF 61142 111000  780 559  953     1558844    -25          -5     -1   18  53   89    1  133    1  133    1  16  0  0 L3P 9B
G01 FF 61142 112600  780 735 2350    -2992757     77           7     -4   12 122   77   -2  119   19  119   19  10  0  0 L3P EF
G02 FF 61142 112600  780 632   18     -772047    -62          27     16   21  53   82    7  132   21  132   21  18  0  0 L3P A3
G03 FF 61142 112600  780 379 2049    -5062256    120          11    -21   30  78  119  -11  138   25  138   25  27  0  0 L3P 25
G04 FF 61142 112600  780 433 2700     -529837     13          27     29   22 156  107   -6  139  -18  139  -18  18  0  0 L3P 21
G28 FF 61142 112600  780 307 1327     5570449    -85          23      6   24 239  144   23  177   24  177   24  20  0  0 L3P 0F
G31 FF 61142 112600  780 541 1085     1558818    -21          -8      3   19  53   91    3  141    9  141    9  18  0  0 L3P A7
G01 FF 61142 114200  780 777 2643    -2992681     75           6     -6   18 122   75   -1  131   23  131   23  14  0  0 L3P E4
G02 FF 61142 114200  780 547   28     -772122    -94          27    -16   14  53   90   10  164   48  164   48  11  0  0 L3P D3
G03 FF 61142 114200  780 421 1977    -5062109    158          22     17   19  78  110   -9  131  -13  131  -13  17  0  0 L3P 1C
G04 FF 61142 114200  780 459 2593     -529862     -3          17     13   12 156  102   -4  152  -14  152  -14  11  0  0 L3P 02
G09 FF 61142 114200  780 187 2806    -7603518     21           6    -10   65  40  228  -42  261   -4  261   -4  64  0  0 L3P FE
G28 FF 61142 114200  780 251 1369     5570350    -89          11      2   28 239  173   38  219   31  219   31  21  0  0 L3P 08
G31 FF 61142 114200  780 506 1196     1558807    -32           4     -8   22  53   95    6  147   23  147   23  20  0  0 L3P C8
G01 FF 61142 115800  780 766 3029    -2992604     70           6    -11   12 122   76    1  148   29  148   29  11  0  0 L3P F1
G02 FF 61142 115800  780 464   36     -772193    -86          32     -7   15  53  102   14  196   48  196   48  13  0  0 L3P E7
G03 FF 61142 115800  780 465 1901    -5061980    151          16     10   15  78  101   -8  144   -7  144   -7  14  0  0 L3P FF
G04 FF 61142 115800  780 477 2480     -529884    -32          10    -16   16 156   99   -2  159   17  159   17  16  0  0 L3P 23
G09 FF 61142 115800  780 220 2735    -7603551   -231         -56   -262   39  40  195  -28  318  267  318  267  35  0  0 L3P 9A
G26 FF 61142 115800  780 197  817     3527378     79           3     33   28   6  216  -21  337  -20  337  -20  23  0  0 L3P F9
G28 FF 61142 115800  780 193 1398     5570266   -173          15    -83   42 239  221   64  258  138  258  138  34  0  0 L3P 7F
G31 FF 61142 115800  780 459 1280     1558779      3          -1     27   29  53  102    9  167   -4  167   -4  28  0  0 L3P DA
G01 FF 61142 121400  780 711 3266    -2992512     94          24     13   21 123   78    3  155   12  155   12  17  0  0 L3P E3
G02 FF 61142 121400  780 385   45     -772278    -60          16     18   18  54  118   21  242   43  242   43  14  0  0 L3P D5
G03 FF 61142 121400  780 511 1818    -5061846    176          14     35   12 113   94   -7  151  -16  151  -16  11  0  0 L3P 1A
G04 FF 61142 121400  780 488 2364     -529894      7          17     23   14 157   98   -1  167   -6  167   -6  13  0  0 L3P EB
G09 FF 61142 121400  780 251 2661    -7603470    159           2    128   31  41  172  -19  264 -122  264 -122  30  0  0 L3P 54
G26 FF 61142 121400  780 213  891     3527460     12          37    -34   38   7  201  -12  296   32  296   32  30  0  0 L3P E7
G31 FF 61142 121400  780 403 1339     1558751    -25          -6     -1   23  54  114   14  191   26  191   26  19  0  0 L3P F0
G01 FF 61142 123000  780 638 3383    -2992438     54          20    -26   25 123   82    6  182   55  182   55  24  0  0 L3P 07
G02 FF 61142 123000  780 310   55     -772347    -41          22     37   20  54  143   31  301   46  301   46  16  0  0 L3P BA
G03 FF 61142 123000  780 559 1724    -5061720    172           5     31   15 113   89   -5  168  -22  168  -22  13  0  0 L3P 10
G04 FF 61142 123000  780 492 2247     -529903    -27          19    -11   20 158   97    0  172   17  172   17  17  0  0 L3P FB
G09 FF 61142 123000  780 279 2584    -7603424     18          19    -13   24  41  157  -14  252    6  252    6  19  0  0 L3P 00
G16 FF 61142 123000  780 196  643    -2435973    -14          20     57   41  61  217  -35  376  -76  376  -76  32  0  0 L3P 3B
G26 FF 61142 123000  780 223  966     3527497     41          29     -6   25   7  193   -5  308   22  308   22  20  0  0 L3P CE
G31 FF 61142 123000  780 344 1379     1558734    -37           0    -13   18  54  130   21  217   45  217   45  14  0  0 L3P F5
G01 FF 61142 124600  780 561 3447    -2992357     87          24      7   33 123   89    8  212   31  212   31  32  0  0 L3P E5
G02 FF 61142 124600  780 239   68     -772420    -59          24     20   29  54  181   50  392  104  392  104  24  0  0 L3P FF
G03 FF 61142 124600  780 605 1609    -5061576    150          14      9   11 113   84   -4  167    5  167    5  10  0  0 L3P D4
G04 FF 61142 124600  780 492 2131     -529923     -3          15     13   17 158   97    0  182  -13  182  -13  15  0  0 L3P EF
G09 FF 61142 124600  780 305 2505    -7603399     67          15     36   21  41  145  -11  253  -33  253  -33  18  0  0 L3P 2B
G16 FF 61142 124600  780 227  714    -2436052    -96           9    -25   35  61  189  -24  367    9  367    9  30  0  0 L3P FF
G26 FF 61142 124600  780 224 1041     3527565      1          52    -45   36   7  192    3  289   48  289   48  30  0  0 L3P E1
G31 FF 61142 124600  780 282 1403     1558718    -58           6    -34   23  54  155   32  252   69  252   69  17  0  0 L3P 11
G01 FF 61142 130200  780 483 3489    -2992268     92          35     11   35 123   98   12  248   51  248   51  32  0  0 L3P 14
G03 FF 61142 130200  780 647 1463    -5061440    160          14     19    9 113   81   -3  178    0  178    0   8  0  0 L3P BD
G04 FF 61142 130200  780 487 2019     -529938     21          14     37   20 158   98    1  192  -12  192  -12  16  0  0 L3P FC
G07 FF 61142 130200  780 245 3206     1722659     41          10     -5   17  23  177  -44  397  -39  397  -39  14  0  0 L3P 28
G09 FF 61142 130200  780 328 2424    -7603363     12          21    -18   32  41  135   -9  250   24  250   24  28  0  0 L3P F9
G16 FF 61142 130200  780 254  788    -2436106   -151          22    -81   38  61  171  -15  334   58  334   58  33  0  0 L3P 31
G26 FF 61142 130200  780 217 1115     3527570     57          13     10   28   7  198   11  335    8  335    8  22  0  0 L3P BC
G31 FF 61142 130200  780 221 1414     1558701    -76          13    -52   32  54  195   53  292  114  292  114  27  0  0 L3P 29
G01 FF 61142 131800  780 407 3521    -2992195     82          31      1   14 123  113   18  304   53  304   53  12  0  0 L3P EE
G03 FF 61142 131800  780 677 1275    -5061308    154          10     13   15 113   80   -1  197   -2  197   -2  13  0  0 L3P FA
G04 FF 61142 131800  780 480 1910     -529949    -14          19      2   16 158   99    1  203    4  203    4  13  0  0 L3P B6
G07 FF 61142 131800  780 308 3163     1722715     47          22      2   22  23  144  -27  348  -48  348  -48  16  0  0 L3P 14
G09 FF 61142 131800  780 351 2341    -7603339     37          15      7   21  41  127   -7  256   -7  256   -7  19  0  0 L3P ED
G16 FF 61142 131800  780 274  867    -2436204    -25          -8     46   30  61  159   -9  355  -36  355  -36  23  0  0 L3P 24
G26 FF 61142 131800  780 200 1184     3527622     81          20     34   18   7  214   22  358    3  358    3  13  0  0 L3P B6
G01 FF 61142 133400  780 334 3549    -2992110     98          38     17   18 123  133   26  354   55  354   55  13  0  0 L3P 21
G03 FF 61142 133400  780 686 1052    -5061171    115          13    -26   12 113   79    0  203   32  203   32  10  0  0 L3P E8
G04 FF 61142 133400  780 472 1805     -529974     -3          10     13   18 158  100    2  225   -7  225   -7  16  0  0 L3P DA
G06 FF 61142 133400  780 209 2309     6108156      4          34     21   26  27  205  -36  320  -12  320  -12  25  0  0 L3P F1
G07 FF 61142 133400  780 369 3108     1722758     42          22     -3   19  23  122  -18  311  -33  311  -33  14  0  0 L3P 08
G09 FF 61142 133400  780 373 2256    -7603302     68          23     37   21  41  121   -6  247  -29  247  -29  18  0  0 L3P 20
G16 FF 61142 133400  780 286  949    -2436230    -55          33     15   35  61  153   -4  314   -6  314   -6  30  0  0 L3P ED
G01 FF 61142 135000  780 265 3575    -2992028     84          43      4   18 123  164   40  427   87  427   87  15  0  0 L3P 1A
G03 FF 61142 135000  780 669  832    -5061037    145          11      5   13 113   80    2  211    3  211    3  12  0  0 L3P 95
G04 FF 61142 135000  780 462 1702     -529981    -21          17     -6   26 158  102    2  228   16  228   16  22  0  0 L3P F1
G06 FF 61142 135000  780 242 2375     6108140     -3          34     15   28  27  179  -20  326   -6  326   -6  27  0  0 L3P F0
G07 FF 61142 135000  780 428 3039     1722796     65          16     19   24  23  108  -12  286  -41  286  -41  16  0  0 L3P 29
G09 FF 61142 135000  780 395 2171    -7603274     28          21     -3   23  41  115   -6  249   -2  249   -2  23  0  0 L3P E9
G16 FF 61142 135000  780 289 1032    -2436314   -198          17   -127   24  61  152    1  327  108  327  108  18  0  0 L3P 53
G01 FF 61142 140600  780 200    2    -2991922    124          75     43   27 124  214   66  508   98  508   98  20  0  0 L3P F9
G03 FF 61142 140600  780 628  653    -5060902    145           6      4   11 134   83    4  219    8  219    8   9  0  0 L3P 9C
G04 FF 61142 140600  780 452 1601     -529982     13          34     29   29 159  103    2  218  -24  218  -24  27  0  0 L3P 0C
G06 FF 61142 140600  780 265 2451     6108119     14          28     31   23  28  164  -10  329  -20  329  -20  19  0  0 L3P 12
G07 FF 61142 140600  780 483 2952     1722845     55          19      9   18  48   98   -8  251  -29  251  -29  14  0  0 L3P 0C
G09 FF 61142 140600  780 418 2084    -7603241     73          27     42   19  42  110   -5  240  -47  240  -47  17  0  0 L3P 13
G16 FF 61142 140600  780 281 1112    -2436381    -87          22    -16   49  64  156    7  329   19  329   19  45  0  0 L3P 20
G03 FF 61142 142200  780 573  523    -5060760    150          12      9   13 134   87    6  221    3  221    3  12  0  0 L3P 9F
G04 FF 61142 142200  780 441 1502     -530009      8          22     24   26 159  105    2  230  -33  230  -33  23  0  0 L3P D1
G06 FF 61142 142200  780 276 2534     6108101    -17          27      0   20  28  158   -3  328   -3  328   -3  18  0  0 L3P D7
G07 FF 61142 142200  780 531 2844     1722877     55           6     10   10  48   92   -5  238  -25  238  -25   8  0  0 L3P E1
G09 FF 61142 142200  780 441 1994    -7603221     86          18     55   17  42  106   -5  235  -52  235  -52  15  0  0 L3P 1D
G16 FF 61142 142200  780 262 1186    -2436451     -5          20     65   23  64  166   14  336  -49  336  -49  19  0  0 L3P 25
G30 FF 61142 142200  780 206 3014    -1850568   -126          52      7   30  26  208  -49  525 -125  525 -125  24  0  0 L3P 54
G03 FF 61142 143800  780 508  430    -5060630    150           7      9   18 134   95    9  242   19  242   19  16  0  0 L3P D0
G04 FF 61142 143800  780 430 1404     -530038     13           8     28   16 159  108    3  247  -16  247  -16  15  0  0 L3P F3
G06 FF 61142 143800  780 277 2620     6108079    -57          21    -40   20  28  158    3  347   67  347   67  18  0  0 L3P 17
G07 FF 61142 143800  780 569 2713     1722941     65          27     20   15  48   88   -3  210  -22  210  -22  13  0  0 L3P F5
G09 FF 61142 143800  780 464 1901    -7603195     29          15     -1   18  42  101   -4  229    2  229    2  16  0  0 L3P D3
G16 FF 61142 143800  780 234 1253    -2436517   -172          22   -102   27  64  184   25  354  111  354  111  22  0  0 L3P 57
G30 FF 61142 143800  780 255 2954    -1850708    -99          40     34   22  26  170  -30  438 -105  438 -105  18  0  0 L3P 67
G03 FF 61142 145400  780 438  363    -5060502    142           0      1   12 134  106   14  272   29  272   29  11  0  0 L3P D7
G04 FF 61142 145400  780 416 1307     -530040     -8          21      8   28 159  110    3  242    1  242    1  21  0  0 L3P 93
G06 FF 61142 145400  780 266 2705     6108030    -62         -12    -45   31  28  163    9  418   82  418   82  29  0  0 L3P 16
G07 FF 61142 145400  780 593 2560     1722967     31          10    -15   19  48   86   -2  216   11  216   11  13  0  0 L3P E9
G09 FF 61142 145400  780 488 1803    -7603166    -18          14    -49   17  42   98   -4  228   35  228   35  15  0  0 L3P 23
G16 FF 61142 145400  780 197 1310    -2436587   -122          19    -52   28  64  216   43  388   81  388   81  21  0  0 L3P 49
G30 FF 61142 145400  780 300 2886    -1850846   -107          30     26   22  26  147  -20  376  -75  376  -75  18  0  0 L3P 5A
G03 FF 61142 151000  780 367  315    -5060370    156          -4     15   15 134  123   21  316   41  316   41  14  0  0 L3P F1
G04 FF 61142 151000  780 401 1212     -530075    -55           2    -39   18 159  114    4  272   60  272   60  13  0  0 L3P E0
G06 FF 61142 151000  780 246 2788     6108051      7          26     24   35  28  176   16  430   35  430   35  31  0  0 L3P E4
G07 FF 61142 151000  780 602 2394     1723009     47           8      2   14  48   85    0  219    4  219    4  12  0  0 L3P 83
G09 FF 61142 151000  780 511 1698    -7603134     28          16     -2   15  42   94   -3  229    1  229    1  13  0  0 L3P BC
G30 FF 61142 151000  780 341 2809    -1850971   -122          33     11   25  26  131  -14  328  -50  328  -50  21  0  0 L3P 31
G03 FF 61142 152600  780 295  280    -5060219    202          12     61   26 134  149   34  351   10  351   10  21  0  0 L3P F8
G04 FF 61142 152600  780 383 1118     -530084     -6           8     10   24 159  118    5  284   11  284   11  20  0  0 L3P CD
G06 FF 61142 152600  780 219 2866     6108029      0          20     17   25  28  196   26  506   85  506   85  22  0  0 L3P F6
G07 FF 61142 152600  780 595 2230     1723054     42           9     -3   16  48   85    1  222   13  222   13  13  0  0 L3P AC
G09 FF 61142 152600  780 532 1585    -7603106     72          15     41   10  42   92   -2  235  -33  235  -33   8  0  0 L3P EE
G30 FF 61142 152600  780 378 2725    -1851102    -82          29     51   24  26  120  -10  304  -62  304  -62  21  0  0 L3P 23
G03 FF 61142 154200  780 224  256    -5060087    201           9     60   25 134  192   59  433   48  433   48  19  0  0 L3P 0B
G04 FF 61142 154200  780 361 1027     -530104    -71           3    -55   22 159  124    7  310   66  310   66  19  0  0 L3P E7
G06 FF 61142 154200  780 188 2939     6108013    -13          20      4   39  28  226   39  613  124  613  124  30  0  0 L3P 14
G07 FF 61142 154200  780 577 2078     1723107     47          19      1   13  48   87    2  224    6  224    6  11  0  0 L3P A0
G09 FF 61142 154200  780 550 1461    -7603079     43          12     13   14  42   90   -2  239   -9  239   -9  12  0  0 L3P E3
G14 FF 61142 154200  780 254 3392    -7430014    -61          17    -47   28 139  171  -46  507  -74  507  -74  21  0  0 L3P 62
G30 FF 61142 154200  780 410 2632    -1851246   -160          13    -27   16  26  112   -7  306   26  306   26  14  0  0 L3P 14
G04 FF 61142 155800  780 336  939     -530124    -75          -1    -59   30 159  133   10  331   76  331   76  27  0  0 L3P 10
G07 FF 61142 155800  780 550 1944     1723139     55           7     10   16  48   90    3  238   -2  238   -2  15  0  0 L3P BE
G09 FF 61142 155800  780 561 1329    -7603056      4           6    -27   17  42   89   -1  246   40  246   40  15  0  0 L3P E1
G14 FF 61142 155800  780 326 3380    -7430013     30          32     44   49 139  136  -28  411  -97  411  -97  44  0  0 L3P 48
G30 FF 61142 155800  780 436 2533    -1851346   -131          40      2   17  26  107   -5  270  -14  270  -14  14  0  0 L3P 15
G04 FF 61142 161400  780 306  856     -530104    -58          31    -42   30 160  144   14  332   65  332   65  29  0  0 L3P FF
G07 FF 61142 161400  780 518 1826     1723189     27          10    -18   14  49   94    4  252   34  252   34  13  0  0 L3P E7
G09 FF 61142 161400  780 563 1189    -7603011     24          24     -7   15  43   88    0  244   13  244   13  13  0  0 L3P D1
G14 FF 61142 161400  780 400 3361    -7430041    -26          16    -12   30 140  114  -19  371  -28  371  -28  27  0  0 L3P 3F
G21 FF 61142 161400  780 233 2235    -4140828    -22          37    -10   38 140  185  -43  365  -10  365  -10  34  0  0 L3P 44
G22 FF 61142 161400  780 232 3357      197303    -66          31     -6   55  11  186  -52  566 -110  566 -110  50  0  0 L3P 33
G30 FF 61142 161400  780 456 2428    -1851495   -133          21      0   13  27  103   -3  279    1  279    1  12  0  0 L3P DC
G04 FF 61142 163000  780 273  779     -530150     12           1     28   28 160  160   20  391   13  391   13  22  0  0 L3P C9
G07 FF 61142 163000  780 484 1720     1723239     52          17      6   16  49   98    5  260   17  260   17  13  0  0 L3P C8
G08 FF 61142 163000  780 179 1024    -4627554    154          22     88   39   8  237   -4  447  -77  447  -77  32  0  0 L3P 3F
G09 FF 61142 163000  780 554 1048    -7602981     49          24     19   17  43   89    2  256   -5  256   -5  14  0  0 L3P ED
G14 FF 61142 163000  780 476 3330    -7430044    -20          26     -6   38 140  100  -13  327  -19  327  -19  36  0  0 L3P 36
G21 FF 61142 163000  780 286 2280    -4140849    -37          28    -24   26 140  153  -26  359   19  359   19  24  0  0 L3P 4E
G22 FF 61142 163000  780 300 3339      197231    -63          17     -2   29  11  147  -32  472  -88  472  -88  27  0  0 L3P 1E
G30 FF 61142 163000  780 471 2320    -1851624   -136          19     -3   15  27  100   -2  281   11  281   11  12  0  0 L3P F4
G04 FF 61142 164600  780 235  707     -530179     21         -13     37   39 160  184   30  442    7  442    7  29  0  0 L3P E0
G07 FF 61142 164600  780 450 1624     1723275     41           9     -4   16  49  104    6  271   10  271   10  16  0  0 L3P C3
G08 FF 61142 164600  780 177 1096    -4627476     83          37     17   35   8  239    7  438  -21  438  -21  32  0  0 L3P 1D
G09 FF 61142 164600  780 534  915    -7602956      2          20    -29   17  43   92    3  272   33  272   33  13  0  0 L3P D3
G14 FF 61142 164600  780 553 3285    -7430058    -53          25    -40   19 140   89   -9  300   10  300   10  17  0  0 L3P 0F
G21 FF 61142 164600  780 334 2340    -4140862    -11          27      1   22 140  133  -16  351  -19  351  -19  22  0  0 L3P 1D
G22 FF 61142 164600  780 369 3311      197169   -120          13    -60   35  11  122  -21  403   -4  403   -4  33  0  0 L3P FB
G30 FF 61142 164600  780 482 2210    -1851752   -124          19      9   11  27   99   -1  279  -10  279  -10   9  0  0 L3P 0B
G04 FF 61142 170200  780 193  642     -530166    -61          15    -46   44 160  221   49  477  110  477  110  36  0  0 L3P 2B
G07 FF 61142 170200  780 417 1534     1723315     50           5      5   18  49  110    7  289   13  289   13  14  0  0 L3P C0
G09 FF 61142 170200  780 502  794    -7602933     30          13     -1   14  43   96    5  295   21  295   21  14  0  0 L3P C8
G14 FF 61142 170200  780 628 3214    -7430071    -26          25    -13   17 140   83   -6  281   -3  281   -3  15  0  0 L3P FF
G21 FF 61142 170200  780 373 2415    -4140870      9          31     22   18 140  121  -10  344  -31  344  -31  15  0  0 L3P 09
G22 FF 61142 170200  780 439 3273      197111    -93          12    -32   16  11  106  -14  360   -3  360   -3  13  0  0 L3P E6
G30 FF 61142 170200  780 489 2099    -1851868   -127          31      6   15  27   98   -1  268  -11  268  -11  13  0  0 L3P 28
G05 FF 61142 171800  780 188 2296     2316458     -1          -2     -5   27  55  226  -44  462   -9  462   -9  26  0  0 L3P 03
G07 FF 61142 171800  780 385 1449     1723364     38          11     -7   15  49  118    8  302   30  302   30  14  0  0 L3P DE
G09 FF 61142 171800  780 461  690    -7602893    -20          23    -51   20  43  102    8  313   78  313   78  19  0  0 L3P 04
G14 FF 61142 171800  780 699 3096    -7430093     -2          17     12   17 140   78   -3  275  -27  275  -27  15  0  0 L3P 2A
G21 FF 61142 171800  780 400 2504    -4140890     -9          23      4   21 140  114   -5  349    4  349    4  18  0  0 L3P C9
G22 FF 61142 171800  780 509 3218      197052    -62          12     -1   12  11   95  -10  332  -32  332  -32  12  0  0 L3P E6
G30 FF 61142 171800  780 492 1988    -1852005   -168          21    -35   19  27   97    0  274   28  274   28  16  0  0 L3P 2A
G05 FF 61142 173400  780 221 2359     2316473    -67           9    -71   25  55  194  -25  446   41  446   41  20  0  0 L3P 18
G07 FF 61142 173400  780 354 1368     1723415     26          18    -19   24  49  127   10  319   33  319   33  19  0  0 L3P 10
G09 FF 61142 173400  780 412  602    -7602864     48          23     17   26  43  111   12  345   22  345   22  23  0  0 L3P E7
G14 FF 61142 173400  780 757 2880    -7430099    -10          23      3   14 140   76   -2  263   -9  263   -9  12  0  0 L3P F6
G17 FF 61142 173400  780 231  136     1111873    197          34    106   34  49  186  -45  521 -175  521 -175  27  0  0 L3P 61
G21 FF 61142 173400  780 414 2605    -4140887    -16          38     -4   29 140  111   -1  347   16  347   16  27  0  0 L3P 18
G22 FF 61142 173400  780 577 3141      196996    -89          13    -29   14  11   87   -7  307   -1  307   -1  13  0  0 L3P EE
G30 FF 61142 173400  780 493 1877    -1852132   -142          23     -9   12  27   97    0  271    6  271    6  12  0  0 L3P D9
G05 FF 61142 175000  780 245 2430     2316466      3          -2     -2   30  55  176  -13  452   16  452   16  24  0  0 L3P D8
G07 FF 61142 175000  780 325 1288     1723450     19           9    -27   22  49  136   11  344   42  344   42  17  0  0 L3P F6
G09 FF 61142 175000  780 358  529    -7602830     25          27     -6   25  43  126   18  378   46  378   46  21  0  0 L3P 0A
G14 FF 61142 175000  780 782 2514    -7430113     -7          22      6   13 140   75    0  255   -4  255   -4  12  0  0 L3P BE
G17 FF 61142 175000  780 290  176     1111923    105          -3     14   47  49  151  -30  481  -77  481  -77  41  0  0 L3P 1E
G21 FF 61142 175000  780 413 2709    -4140912    -24          25    -12   18 140  111    2  369   18  369   18  15  0  0 L3P 14
G22 FF 61142 175000  780 638 3028      196941    -47          16     13   14  11   82   -4  281  -27  281  -27  12  0  0 L3P F6
G30 FF 61142 175000  780 492 1768    -1852261   -128          21      5   16  27   97    0  267   -3  267   -3  13  0  0 L3P EC
G05 FF 61142 180600  780 259 2508     2316479     44           2     40   27  56  168   -5  459  -18  459  -18  23  0  0 L3P 1A
G07 FF 61142 180600  780 296 1211     1723491     -9           3    -54   20  51  148   13  367   63  367   63  13  0  0 L3P F4
G09 FF 61142 180600  780 300  470    -7602810     29          20     -2   36  76  147   27  439   61  439   61  29  0  0 L3P FA
G13 FF 61142 180600  780 221 2163    -6798190      4          36    -12   36 175  195  -51  417  -37  417  -37  26  0  0 L3P 4B
G14 FF 61142 180600  780 757 2154    -7430130      1          18     14   14 141   76    2  258  -11  258  -11  12  0  0 L3P E9
G17 FF 61142 180600  780 352  220     1112025     62          15    -29   35  50  127  -21  411  -27  411  -27  30  0  0 L3P F8
G21 FF 61142 180600  780 397 2811    -4140919    -23          24    -10   22 141  115    5  387   35  387   35  19  0  0 L3P 23
G22 FF 61142 180600  780 688 2861      196878    -55          14      5   18  16   79   -2  273  -19  273  -19  15  0  0 L3P 0C
G30 FF 61142 180600  780 490 1659    -1852396   -140          15     -7   14  28   97    1  281   15  281   15  12  0  0 L3P 03
G05 FF 61142 182200  780 262 2590     2316487    -53           5    -57   31  56  166    1  481   71  481   71  26  0  0 L3P FC
G07 FF 61142 182200  780 269 1135     1723554     80          23     35   28  51  162   16  365  -26  365  -26  26  0  0 L3P 1C
G09 FF 61142 182200  780 240  422    -7602771     53          30     22   23  76  180   45  486   44  486   44  17  0  0 L3P FD
G13 FF 61142 182200  780 281 2145    -6798181    -24          30    -40   22 175  156  -33  378  -12  378  -12  19  0  0 L3P 61
G14 FF 61142 182200  780 704 1938    -7430138    -15          23     -1   16 141   78    3  255    0  255    0  14  0  0 L3P CA
G17 FF 61142 182200  780 416  271     1112110     71          12    -20   17  50  111  -15  363  -31  363  -31  14  0  0 L3P EC
G19 FF 61142 182200  780 229   20    -6968494      9          75     20   32  79  188  -52  534 -134  534 -134  23  0  0 L3P 38
G20 FF 61142 182200  780 233 2175    -1044265   -153          30     41   40 209  185  -49  415  -76  415  -76  32  0  0 L3P 5A
G21 FF 61142 182200  780 370 2906    -4140932     14          23     27   21 141  122    9  420   24  420   24  18  0  0 L3P E9
G22 FF 61142 182200  780 718 2628      196820    -80          14    -20   14  16   77   -1  265    6  265    6  12  0  0 L3P C6
G30 FF 61142 182200  780 485 1551    -1852509   -179          30    -46   24  28   98    1  267   45  267   45  21  0  0 L3P 24
G05 FF 61142 183800  780 254 2673     2316533     54          47     49   29  56  170    8  479   -3  479   -3  24  0  0 L3P 01
G07 FF 61142 183800  780 241 1061     1723599     51          24      5   40  51  179   20  373    2  373    2  33  0  0 L3P BF
G13 FF 61142 183800  780 346 2135    -6798157     20          39      4   19 175  129  -22  332  -44  332  -44  17  0  0 L3P 3F
G14 FF 61142 183800  780 642 1810    -7430146    -30          29    -16   12 141   82    4  243    7  243    7  11  0  0 L3P DC
G17 FF 61142 183800  780 481  333     1112206    107          21     16   15  50   99  -10  318  -51  318  -51  12  0  0 L3P FC
G19 FF 61142 183800  780 297   49    -6968532    -46          47    -35   24  79  148  -33  453  -64  453  -64  21  0  0 L3P 56
G20 FF 61142 183800  780 298 2180    -1044454   -194          27      0   31 209  148  -31  368  -41  368  -41  28  0  0 L3P 57
G21 FF 61142 183800  780 334 2991    -4140937      2          30     15   30 141  133   14  463   45  463   45  24  0  0 L3P 00
G22 FF 61142 183800  780 717 2363      196769    -50          20     11   16  16   77    1  246  -22  246  -22  14  0  0 L3P EC
G30 FF 61142 183800  780 478 1443    -1852624   -172          42    -39   22  28   99    1  246   17  246   17  19  0  0 L3P 27
G05 FF 61142 185400  780 238 2754     2316546   -121          56   -126   49  56  181   15  532  219  532  219  47  0  0 L3P 71
G07 FF 61142 185400  780 212  989     1723657    101          38     56   34  51  201   27  363  -48  363  -48  31  0  0 L3P 25
G13 FF 61142 185400  780 413 2135    -6798126      4          54    -11   19 175  111  -16  283  -22  283  -22  17  0  0 L3P 3A
G14 FF 61142 185400  780 580 1721    -7430167    -23          20     -9   18 141   87    6  242    1  242    1  16  0  0 L3P CE
G17 FF 61142 185400  780 543  415     1112287    117          15     26   13  50   91   -7  286  -50  286  -50  10  0  0 L3P F8
G19 FF 61142 185400  780 369   79    -6968554     26          36     37   23  79  122  -22  381 -107  381 -107  20  0  0 L3P 4F
G20 FF 61142 185400  780 364 2196    -1044638   -213          30    -19   24 209  124  -20  326  -24  326  -24  22  0  0 L3P 5D
G21 FF 61142 185400  780 292 3067    -4140936      2          43     15   35 141  150   21  516   61  516   61  26  0  0 L3P FD
G22 FF 61142 185400  780 688 2136      196706    -72          15    -12   15  16   79    2  237   -2  237   -2  14  0  0 L3P DA
G30 FF 61142 185400  780 468 1336    -1852778   -114          17     19   24  28  101    2  257  -43  257  -43  22  0  0 L3P 37
G05 FF 61142 191000  780 214 2832     2316514     17          19     12   37  56  200   25  666   99  666   99  32  0  0 L3P 0B
G07 FF 61142 191000  780 183  919     1723676    -23          13    -68   27  51  232   37  382   57  382   57  25  0  0 L3P 1A
G13 FF 61142 191000  780 483 2148    -6798112     30          53     14   19 175   98  -11  256  -47  256  -47  17  0  0 L3P 44
G14 FF 61142 191000  780 519 1649    -7430187    -15          13     -1   20 141   93    8  236  -11  236  -11  17  0  0 L3P 0A
G15 FF 61142 191000  780 195 2220    -4025241     21          60     54   45  62  218  -60  387 -127  387 -127  41  0  0 L3P 4C
G17 FF 61142 191000  780 598  528     1112377     80          18    -11   16  50   85   -4  251  -18  251  -18  15  0  0 L3P F9
G19 FF 61142 191000  780 444  113    -6968573     -8          28      3   25  79  105  -15  321  -67  321  -67  24  0  0 L3P 16
G20 FF 61142 191000  780 430 2229    -1044833   -203          21     -9   22 209  108  -14  295  -37  295  -37  18  0  0 L3P 52
G21 FF 61142 191000  780 249 3136    -4140960    -53          31    -41   25 141  174   30  595  119  595  119  21  0  0 L3P 54
G22 FF 61142 191000  780 644 1969      196654    -60          22      0   19  16   82    3  217  -24  217  -24  16  0  0 L3P DA
G30 FF 61142 191000  780 455 1231    -1852919   -125           3      8   25  28  103    3  257  -32  257  -32  21  0  0 L3P FD
G05 FF 61142 192600  780 184 2905     2316505     32           6     27   40  56  230   38  816  147  816  147  32  0  0 L3P 17
G13 FF 61142 192600  780 554 2182    -6798104     -4          46    -20   14 175   89   -8  229  -18  229  -18  12  0  0 L3P 3B
G14 FF 61142 192600  780 461 1586    -7430198     23          15     36   29 141  102   10  219  -41  219  -41  27  0  0 L3P 30
G15 FF 61142 192600  780 249 2252    -4025307    -58          25    -25   39  62  174  -35  353  -41  353  -41  32  0  0 L3P 4C
G17 FF 61142 192600  780 637  683     1112463     84          16     -6   15  50   82   -2  220  -29  220  -29  13  0  0 L3P E2
G19 FF 61142 192600  780 521  156    -6968594     -2          18      9   17  79   93  -10  273  -61  273  -61  15  0  0 L3P 14
G20 FF 61142 192600  780 493 2283    -1045019   -216          22    -21   16 209   97   -9  260  -13  260  -13  15  0  0 L3P 3D
G21 FF 61142 192600  780 204 3199    -4140979    -22          24     -9   31 141  209   44  707  125  707  125  25  0  0 L3P 4C
G22 FF 61142 192600  780 592 1846      196583    -22           8     38   15  16   86    5  211  -57  211  -57  14  0  0 L3P EB
G30 FF 61142 192600  780 437 1129    -1853027   -160          23    -27   18  28  106    4  223   16  223   16  17  0  0 L3P 17
G13 FF 61142 194200  780 623 2250    -6798094     11          41     -5   18 175   83   -5  205  -26  205  -26  17  0  0 L3P 1B
G14 FF 61142 194200  780 406 1527    -7430219    -27           8    -13   20 141  113   12  210    0  210    0  15  0  0 L3P CF
G15 FF 61142 194200  780 299 2296    -4025345    -22          19     11   23  62  147  -22  306  -57  306  -57  22  0  0 L3P 3F
G17 FF 61142 194200  780 652  873     1112540     75           6    -16   19  50   81    0  193  -21  193  -21  18  0  0 L3P D5
G19 FF 61142 194200  780 599  216    -6968604    -11          19      0   19  79   85   -7  226  -44  226  -44  15  0  0 L3P 15
G20 FF 61142 194200  780 550 2367    -1045214   -219          14    -24   20 209   90   -6  239   -9  239   -9  17  0  0 L3P 25
G22 FF 61142 194200  780 539 1749      196530    -76          13    -16   22  16   91    6  188   -8  188   -8  19  0  0 L3P F4
G30 FF 61142 194200  780 416 1031    -1853178   -144           0    -11   25  28  111    5  233    0  233    0  23  0  0 L3P C3
G13 FF 61142 195800  780 684 2376    -6798083     22          36      6   14 175   79   -3  184  -21  184  -21  13  0  0 L3P 27
G14 FF 61142 195800  780 356 1470    -7430233    -33           7    -20   24 141  126   16  195   -1  195   -1  20  0  0 L3P 09
G15 FF 61142 195800  780 344 2354    -4025370    -41          25     -8   24  62  130  -14  261  -30  261  -30  22  0  0 L3P 1F
G17 FF 61142 195800  780 637 1062     1112620    101          -1     10   15  50   82    2  171  -35  171  -35  14  0  0 L3P DD
G19 FF 61142 195800  780 673  317    -6968613     -9          21      2   10  79   80   -4  189  -35  189  -35  10  0  0 L3P 03
G20 FF 61142 195800  780 593 2489    -1045411   -215           3    -21   15 209   85   -3  222    0  222    0  13  0  0 L3P E3
G22 FF 61142 195800  780 486 1666      196465    -65           6     -5   22  16   98    8  174  -12  174  -12  20  0  0 L3P EC
G30 FF 61142 195800  780 389  938    -1853280   -136          25     -3   20  28  117    8  203    3  203    3  18  0  0 L3P DD
G13 FF 61142 201400  780 724 2595    -6798056     26          46     10   16 176   77   -1  165  -19  165  -19  14  0  0 L3P 31
G14 FF 61142 201400  780 309 1414    -7430235    -12          17      2   25 142  143   19  162  -24  162  -24  21  0  0 L3P 0B
G15 FF 61142 201400  780 381 2428    -4025419    -35          13     -2   22  63  119   -9  241  -30  241  -30  20  0  0 L3P 04
G17 FF 61142 201400  780 596 1209     1112711     93           5      2   16  53   85    5  148  -27  148  -27  15  0  0 L3P CC
G19 FF 61142 201400  780 735  503    -6968621    -10          26      1   23  81   77   -2  154  -27  154  -27  15  0  0 L3P F2
G20 FF 61142 201400  780 617 2648    -1045575   -162          28     33   50 210   84   -1  197  -33  197  -33  33  0  0 L3P 38
G22 FF 61142 201400  780 435 1592      196418    -63          16     -3   24  27  107   10  148  -14  148  -14  23  0  0 L3P FC
G30 FF 61142 201400  780 357  851    -1853415   -150          19    -17   24  29  126   11  191    1  191    1  21  0  0 L3P E7
G06 FF 61142 203000  780 204  402     6107726    -11          23      6   36  52  210  -46  256 -107  256 -107  30  0  0 L3P 0E
G13 FF 61142 203000  780 724 2879    -6798042     24          45      8   12 176   77    1  148  -30  148  -30  10  0  0 L3P 02
G14 FF 61142 203000  780 265 1357    -7430272    -49          -7    -36   18 142  164   24  165   14  165   14  14  0  0 L3P 28
G15 FF 61142 203000  780 407 2515    -4025443    -29          21      4   25  63  113   -5  211  -33  211  -33  23  0  0 L3P EE
G17 FF 61142 203000  780 539 1308     1112794    101           1     11   17  53   91    7  134  -32  134  -32  15  0  0 L3P D2
G19 FF 61142 203000  780 762  823    -6968652    -32           6    -20   24  81   76    0  138  -15  138  -15  16  0  0 L3P F9
G20 FF 61142 203000  780 614 2822    -1045766   -220          24    -26   13 210   84    1  184    0  184    0  10  0  0 L3P D4
G22 FF 61142 203000  780 388 1523      196350    -55           5      6   14  27  117   12  139  -22  139  -22  12  0  0 L3P D9
G30 FF 61142 203000  780 321  771    -1853543   -143          19    -10   37  29  138   15  171  -15  171  -15  37  0  0 L3P 2C
G06 FF 61142 204600  780 250  463     6107696    -38           9    -21   38  52  173  -31  195  -51  195  -51  26  0  0 L3P 23
G13 FF 61142 204600  780 685 3111    -6798033    -10          10    -26   13   9   79    3  138    7  138    7  12  0  0 L3P C6
G14 FF 61142 204600  780 225 1299    -7430271     18           8     31   36 142  191   32  125  -56  125  -56  26  0  0 L3P 20
G15 FF 61142 204600  780 420 2613    -4025475    -36          20     -3   33  63  110   -1  190  -15  190  -15  29  0  0 L3P 07
G17 FF 61142 204600  780 474 1370     1112882     89           2     -2   24  53  100   11  112  -21  112  -21  24  0  0 L3P D5
G19 FF 61142 204600  780 737 1143    -6968681     19         -13     30   15  81   77    2  126  -45  126  -45  11  0  0 L3P 15
G20 FF 61142 204600  780 586 2979    -1045962   -189          14      5   13 210   86    4  171  -26  171  -26  11  0  0 L3P 23
G22 FF 61142 204600  780 343 1456      196273    -88         -13    -28   20  27  130   15  134  -10  134  -10  18  0  0 L3P 14
G24 FF 61142 204600  780 230 2194      389390   -110         -13     66   34  82  187  -44  198 -122  198 -122  31  0  0 L3P 64
G30 FF 61142 204600  780 281  699    -1853670    -88          19     45   22  29  156   22  157  -60  157  -60  18  0  0 L3P 34
G06 FF 61142 210200  780 296  530     6107674    -31           3    -14   31  52  148  -21  149  -26  149  -26  27  0  0 L3P 0F
G12 FF 61142 210200  780 204 2623     6079812    -53           3    -53   28  25  210  -29  370 -101  370 -101  25  0  0 L3P 2D
G13 FF 61142 210200  780 622 3254    -6798028     -3           1    -19   14   9   83    5  130    3  130    3  11  0  0 L3P 8B
G14 FF 61142 210200  780 188 1241    -7430321    -41         -29    -27   28 142  226   42  130   -4  130   -4  24  0  0 L3P 14
G15 FF 61142 210200  780 419 2716    -4025520    -36           7     -3   29  63  110    2  179  -23  179  -23  25  0  0 L3P F9
G17 FF 61142 210200  780 405 1406     1112965     74          -3    -17   19  53  113   17   96   -5   96   -5  17  0  0 L3P D2
G19 FF 61142 210200  780 678 1323    -6968680      4          -1     16   16  81   79    4   98  -32   98  -32  14  0  0 L3P DC
G20 FF 61142 210200  780 540 3103    -1046153   -197          10     -3   17 210   91    6  159  -17  159  -17  15  0  0 L3P 0F
G22 FF 61142 210200  780 301 1390      196243    -55          15      6   23  27  146   18   91  -23   91  -23  17  0  0 L3P C7
G24 FF 61142 210200  780 287 2172      389229   -192          -4    -16   33  82  153  -30  142  -20  142  -20  27  0  0 L3P 24
G30 FF 61142 210200  780 237  634    -1853794   -158          23    -25   39  29  182   34  134   16  134   16  33  0  0 L3P 23
G06 FF 61142 211800  780 340  605     6107670    -33          15    -16   27  52  131  -15  106  -21  106  -21  23  0  0 L3P 06
G11 FF 61142 211800  780 213  157     3752273   -285          36   -157   42 222  201  -52  176   49  176   49  33  0  0 L3P 4B
G12 FF 61142 211800  780 231 2552     6079822    -22          14    -22   30  25  186  -21  238  -74  238  -74  27  0  0 L3P 37
G13 FF 61142 211800  780 550 3342    -6798005     46           8     30   18   9   90    8  115  -33  115  -33  16  0  0 L3P D8
G15 FF 61142 211800  780 404 2818    -4025550    -27           8      6   21  63  113    5  169  -18  169  -18  20  0  0 L3P F6
G17 FF 61142 211800  780 336 1424     1113056     86           0     -5   21  53  133   25   77  -14   77  -14  18  0  0 L3P CD
G19 FF 61142 211800  780 607 1409    -6968683    -11           7      0   15  81   84    6   75  -23   75  -23  14  0  0 L3P D3
G20 FF 61142 211800  780 483 3198    -1046350   -184           0     10   21 210   98    9  158  -18  158  -18  16  0  0 L3P 1B
G22 FF 61142 211800  780 262 1324      196172    -95           2    -35   20  27  166   23   87   21   87   21  15  0  0 L3P C6
G24 FF 61142 211800  780 347 2157      389062   -167          -2     10   14  82  129  -21  106  -46  106  -46  11  0  0 L3P 1E
G30 FF 61142 211800  780 190  577    -1853901   -159          44    -26   33  29  224   56  111   16  111   16  27  0  0 L3P 1D
G06 FF 61142 213400  780 378  690     6107644     34           6     51   29  52  120  -10   89  -72   89  -72  24  0  0 L3P E6
G11 FF 61142 213400  780 271  202     3752154   -116          39     12   41 222  161  -34  115  -53  115  -53  34  0  0 L3P 1E
G12 FF 61142 213400  780 258 2479     6079819     -6          10     -6   26  25  168  -16  164  -60  164  -60  24  0  0 L3P 24
G13 FF 61142 213400  780 475 3402    -6798005     -9          -7    -25   23   9  100   12  121   20  121   20  22  0  0 L3P D6
G15 FF 61142 213400  780 377 2912    -4025580    -31           9      2   22  63  120    9  152  -13  152  -13  18  0  0 L3P E3
G17 FF 61142 213400  780 269 1429     1113131     36         -12    -55   28  53  162   38   69   22   69   22  22  0  0 L3P ED
G19 FF 61142 213400  780 534 1450    -6968699     -8           2      3   27  81   92    9   63  -13   63  -13  24  0  0 L3P C5
G20 FF 61142 213400  780 422 3271    -1046539   -190          -3      4   22 210  109   14  150   -7  150   -7  20  0  0 L3P F0
G22 FF 61142 213400  780 226 1258      196108    -15          -5     46   26  27  190   29   86  -44   86  -44  20  0  0 L3P ED
G24 FF 61142 213400  780 411 2150      388893   -166          -2     11   21  82  112  -15   83  -30   83  -30  19  0  0 L3P F3
G06 FF 61142 215000  780 408  786     6107614     41          -8     58   24  52  112   -6   79  -63   79  -63  18  0  0 L3P E7
G11 FF 61142 215000  780 332  251     3752034   -123          42      4   25 222  134  -23   78  -25   78  -25  21  0  0 L3P EE
G12 FF 61142 215000  780 285 2406     6079808    -27           0    -27   26  25  154  -13  120  -12  120  -12  24  0  0 L3P 0D
G13 FF 61142 215000  780 401 3447    -6797986     42          -4     26   36   9  114   18  116  -20  116  -20  34  0  0 L3P 08
G15 FF 61142 215000  780 342 2998    -4025615    -53           6    -20   28  63  130   13  150   17  150   17  24  0  0 L3P FD
G17 FF 61142 215000  780 203 1423     1113225    163          -4     72   42  53  211   65   54  -65   54  -65  35  0  0 L3P E8
G19 FF 61142 215000  780 461 1465    -6968711    -16           1     -5   17  81  102   13   52   -3   52   -3  16  0  0 L3P C3
G20 FF 61142 215000  780 359 3329    -1046721   -209           1    -14   45 210  125   19  144   20  144   20  44  0  0 L3P 14
G22 FF 61142 215000  780 191 1193      196075    -87          20    -27   24  27  222   38   58   25   58   25  19  0  0 L3P E6
G24 FF 61142 215000  780 478 2153      388713   -179         -13     -2   20  82   99  -11   66  -17   66  -17  17  0  0 L3P 0E
G06 FF 61142 220600  780 426  891     6107595     45          -8     62   29  93  109   -2   77  -53   77  -53  24  0  0 L3P F0
G11 FF 61142 220600  780 395  306     3751896   -150          31    -22   22 223  116  -16   71    4   71    4  16  0  0 L3P DA
G12 FF 61142 220600  780 311 2332     6079826     37          18     37   28  29  142  -11   85  -40   85  -40  28  0  0 L3P FF
G13 FF 61142 220600  780 328 3484    -6797962     10           8     -6   17  10  135   27  113   22  113   22  14  0  0 L3P E6
G15 FF 61142 220600  780 302 3075    -4025629    -46          25    -13   37  92  146   19  149   28  149   28  28  0  0 L3P 2F
G19 FF 61142 220600  780 391 1466    -6968722     24           3     35   17  82  116   18   49  -34   49  -34  16  0  0 L3P 03
G20 FF 61142 220600  780 298 3380    -1046903   -191           4      4   43 211  148   28  147    5  147    5  41  0  0 L3P E9
G24 FF 61142 220600  780 546 2173      388550   -161          -9     16   18  83   90   -8   57   -8   57   -8  16  0  0 L3P D5
G06 FF 61142 222200  780 429  999     6107587    -31           1    -14   29  93  108    1   62   12   62   12  24  0  0 L3P BA
G11 FF 61142 222200  780 457  373     3751769   -141          26    -14   13 223  103  -11   63   -1   63   -1  12  0  0 L3P E8
G12 FF 61142 222200  780 338 2257     6079823    -30          14    -30   23  29  132  -10   74   11   74   11  20  0  0 L3P E0
G13 FF 61142 222200  780 260 3519    -6797950    -21           5    -37   29  10  168   41  131   68  131   68  26  0  0 L3P 17
G15 FF 61142 222200  780 258 3145    -4025670    -70          15    -37   28  92  168   27  183   80  183   80  26  0  0 L3P 2C
G19 FF 61142 222200  780 325 1455    -6968720     50          16     61   31  82  137   25   38  -55   38  -55  25  0  0 L3P 0B
G20 FF 61142 222200  780 239 3426    -1047095   -160          -2     34   31 211  181   42  178   19  178   19  26  0  0 L3P 2B
G24 FF 61142 222200  780 616 2218      388388   -177          -2     -1   15  83   84   -6   50    2   50    2  13  0  0 L3P 98
G06 FF 61142 223800  780 416 1103     6107575      5           5     22   23  93  111    5   56  -25   56  -25  20  0  0 L3P AA
G11 FF 61142 223800  780 516  459     3751644   -133          23     -6   16 223   94   -8   61  -11   61  -11  14  0  0 L3P E9
G12 FF 61142 223800  780 366 2181     6079820     10          11     10   22  29  123   -9   67  -27   67  -27  19  0  0 L3P EB
G13 FF 61142 223800  780 195 3553    -6797937    -15           2    -31   23  10  219   69  175   93  175   93  17  0  0 L3P 2F
G15 FF 61142 223800  780 214 3210    -4025715    -92           1    -59   22  92  200   40  274  154  274  154  21  0  0 L3P 20
G19 FF 61142 223800  780 262 1437    -6968739      0           8     11   24  82  166   37   45  -12   45  -12  18  0  0 L3P EA
G20 FF 61142 223800  780 183 3470    -1047288   -140          -8     55   24 211  231   64  257   70  257   70  16  0  0 L3P 31
G24 FF 61142 223800  780 682 2310      388213   -173          -8      3   15  83   79   -4   53  -12   53  -12  13  0  0 L3P C9
G06 FF 61142 225400  780 388 1196     6107555    -39           2    -22   28  93  117    9   52   21   52   21  25  0  0 L3P D2
G11 FF 61142 225400  780 567  571     3751520   -149          21    -22   21 223   88   -5   58   11   58   11  18  0  0 L3P E6
G12 FF 61142 225400  780 396 2104     6079817    -17           8    -17   22  29  115   -8   60    8   60    8  20  0  0 L3P B9
G19 FF 61142 225400  780 204 1413    -6968742    -55          25    -44   30   0  210   57   52   39   52   39  24  0  0 L3P ED
G24 FF 61142 225400  780 735 2492      388037   -162         -14     14   14  83   77   -2   56  -12   56  -12  12  0  0 L3P F2
G06 FF 61142 232200  780 312 1320     6107533    -25           8     -8   27  93  142   21   41    6   41    6  23  0  0 L3P 8E
G11 FF 61142 232200  780 616  843     3751307   -120          22      8   19 223   84   -1   49  -10   49  -10  17  0  0 L3P D5
G12 FF 61142 232200  780 452 1963     6079819     16          10     16   18  29  104   -6   50  -20   50  -20  17  0  0 L3P DC
G24 FF 61142 232200  780 740 3027      387750   -170          -5      6   16  83   77    1   51    5   51    5  12  0  0 L3P 7A
G29 FF 61142 232200  780 225 2897     3413407   -118           4    -47   23  43  191  -34  244  -58  244  -58  19  0  0 L3P 4C
G06 FF 61142 233800  780 258 1369     6107502    -45          -6    -28   28  93  168   35   59   16   59   16  21  0  0 L3P 06
G11 FF 61142 233800  780 609 1015     3751182   -143          20    -16   17 223   84    2   46   11   46   11  14  0  0 L3P D7
G12 FF 61142 233800  780 486 1876     6079822    -12          13    -12   18  29   98   -5   48   -1   48   -1  16  0  0 L3P E2
G24 FF 61142 233800  780 688 3238      387584   -146          -2     30   17  83   79    4   55  -22   55  -22  15  0  0 L3P EB
G25 FF 61142 233800  780 226 2241    -4304887      0          33    -27   38  77  190  -36   67   -2   67   -2  32  0  0 L3P EA
G29 FF 61142 233800  780 265 2827     3413354    -88          20    -17   29  43  164  -22  161  -38  161  -38  25  0  0 L3P 4A
