CGGTTS     GENERIC DATA FORMAT VERSION = 2E
REV DATE = 2025-11-01
RCVR = PolaRx5TR (5.6.0)     sbf2cggtts-1.5.0
CH = 80
IMS = PolaRx5TR
LAB = LRTE
X = 3967035.920 m
Y = -4390028.540 m
Z = -2375644.640 m
FRAME = ITRF
COMMENTS = LS=18; ElMask=10deg; 'Generated from the SBF in 2026-04-28 at 23:54:00'
INT DLY = 24.9 ns (GPS P1),  15.7 ns (GPS P2)     CAL_ID = 1201-2025
CAB DLY = 103.1 ns
REF DLY = 47.2 ns
REF = UTC(LRTE)
CKSUM = 01

SAT CL  MJD  STTIME TRKL ELV AZTH   REFSV      SRSV     REFSYS    SRSYS  DSG IOE MDTR SMDT MDIO SMDI MSIO SMSI ISG FR HC FRC CK
             hhmmss  s  .1dg .1dg    .1ns     .1ps/s     .1ns    .1ps/s .1ns     .1ns.1ps/s.1ns.1ps/s.1ns.1ps/s.1ns
G05 FF 61158 001400  780 375  652     2322994     16           4     12   22  83  121  -11   93  -13   93  -13  18  0  0 L3P CE
G11 FF 61158 001400  780 261 1425     3586370    -95           4     31   24 178  167   40   59  -23   59  -23  19  0  0 L3P 07
G12 FF 61158 001400  780 630 1071     6078918      6           6      7   13  69   83    1   68   -6   68   -6  11  0  0 L3P 7D
G18 FF 61158 001400  780 269 3185     3660832    -48          17     45   25 140  162  -36  404 -201  404 -201  21  0  0 L3P 5A
G21 FF 61158 001400  780 280  956    -4149887     19          24     20   31  97  156   -3   78  -41   78  -41  27  0  0 L3P FF
G24 FF 61158 001400  780 245 3583      156289   -234          17    -53   19  44  177   46  434  227  434  227  16  0  0 L3P 4F
G25 FF 61158 001400  780 563 1983    -4268537     15           8    -13   13  28   88   -7   73   13   73   13  11  0  0 L3P D4
G29 FF 61158 001400  780 418 2297     3320118    -90          23    -17   17  34  110   -3   91    8   91    8  15  0  0 L3P C4
G05 FF 61158 003000  780 408  746     2322993      4          -1      0   24  83  112   -7   90   -3   90   -3  22  0  0 L3P 7A
G12 FF 61158 003000  780 612  901     6078914    -10           3     -9   18  69   84    2   76    9   76    9  15  0  0 L3P 81
G18 FF 61158 003000  780 332 3134     3660740   -105          14    -12   22 140  134  -23  270 -104  270 -104  18  0  0 L3P 59
G21 FF 61158 003000  780 281 1041    -4149905     -9           7     -8   36  97  155    2   85    9   85    9  31  0  0 L3P A2
G25 FF 61158 003000  780 633 1941    -4268510     58           8     29   17  28   82   -5   72  -31   72  -31  15  0  0 L3P DA
G29 FF 61158 003000  780 433 2200     3320036   -104          10    -31   21  34  107   -3   93   11   93   11  19  0  0 L3P CF
G05 FF 61158 004600  780 430  850     2322999     -2           1     -7   18  83  108   -3   85   -6   85   -6  17  0  0 L3P A6
G12 FF 61158 004600  780 579  753     6078903      5          -7      7   17  69   87    4   85   -3   85   -3  14  0  0 L3P 91
G18 FF 61158 004600  780 392 3071     3660639   -115           3    -21   26 140  116  -15  190  -53  190  -53  21  0  0 L3P 43
G21 FF 61158 004600  780 271 1122    -4149898    -31          15    -29   41  97  161    9   73   20   73   20  37  0  0 L3P F2
G25 FF 61158 004600  780 707 1891    -4268484     28           8      0   12  28   78   -4   67  -10   67  -10  10  0  0 L3P CF
G28 FF 61158 004600  780 222 2399     5443241   -114          25    -17   38 198  194  -21  157   23  157   23  30  0  0 L3P 4F
G29 FF 61158 004600  780 446 2102     3319967    -54          11     19   17  34  105   -2   83  -20   83  -20  16  0  0 L3P F5
G05 FF 61158 010200  780 438  959     2323003     35           0     31   24  83  106    0   78  -38   78  -38  23  0  0 L3P B8
G12 FF 61158 010200  780 533  633     6078906     14          -2     15   24  69   92    6   82   -8   82   -8  18  0  0 L3P 9E
G18 FF 61158 010200  780 447 2992     3660555    -75           8     18   40 140  104  -10  140  -53  140  -53  26  0  0 L3P 27
G21 FF 61158 010200  780 250 1198    -4149893     32          21     34   27  97  173   17   66  -36   66  -36  23  0  0 L3P 0D
G25 FF 61158 010200  780 783 1809    -4268453     72          11     43   14  28   75   -2   60  -44   60  -44  13  0  0 L3P E7
G28 FF 61158 010200  780 241 2473     5443157   -106          36     -8   30 198  179  -10  166   21  166   21  28  0  0 L3P 37
G29 FF 61158 010200  780 457 2002     3319890    -78           4     -5   18  34  103   -2   84    4   84    4  15  0  0 L3P A4
G05 FF 61158 011800  780 430 1066     2323019     18          12     13   25  83  108    3   65  -11   65  -11  23  0  0 L3P C4
G12 FF 61158 011800  780 477  538     6078921    -29          13    -27   17  69   99   10   79   37   79   37  15  0  0 L3P FC
G18 FF 61158 011800  780 497 2894     3660467    -67           9     26   20 140   96   -7  112  -39  112  -39  15  0  0 L3P 29
G21 FF 61158 011800  780 219 1266    -4149891     -7          25     -6   27  97  196   31   57    1   57    1  22  0  0 L3P C8
G25 FF 61158 011800  780 856 1511    -4268444     53          -7     25   42  28   74   -1   77  -24   77  -24  41  0  0 L3P F2
G28 FF 61158 011800  780 250 2552     5443073    -64          46     34   32 198  173   -3  178    7  178    7  29  0  0 L3P 0C
G29 FF 61158 011800  780 469 1902     3319825    -75           9     -2   23  34  101   -2   71  -13   71  -13  19  0  0 L3P E3
G05 FF 61158 013400  780 407 1164     2323027    -12          16    -16   24  83  113    7   61    5   61    5  22  0  0 L3P A1
G12 FF 61158 013400  780 416  465     6078920     -1          13      0   20  69  111   14   91   17   91   17  16  0  0 L3P A1
G18 FF 61158 013400  780 537 2776     3660380    -88          12      5   17 140   91   -4   97  -21   97  -21  14  0  0 L3P F8
G25 FF 61158 013400  780 841  432    -4268402     55           7     27   11  28   74    1   65  -18   65  -18   9  0  0 L3P AF
G28 FF 61158 013400  780 249 2633     5442987   -129          53    -31   34 198  174    4  210   77  210   77  31  0  0 L3P 3D
G29 FF 61158 013400  780 479 1799     3319759    -66          13      7   16  34   99   -2   66  -11   66  -11  13  0  0 L3P F9
G05 FF 61158 015000  780 371 1247     2323026     27          10     22   27  83  122   12   58  -26   58  -26  23  0  0 L3P DF
G12 FF 61158 015000  780 352  408     6078922     25          16     27   22  69  128   21  102   -4  102   -4  18  0  0 L3P D0
G18 FF 61158 015000  780 566 2639     3660300    -87          22      7   17 140   88   -2   74  -11   74  -11  15  0  0 L3P E9
G23 FF 61158 015000  780 284 3529    -6412010    -78          45    -35   26 113  154  -38  284 -138  284 -138  20  0  0 L3P 86
G25 FF 61158 015000  780 762  235    -4268373     28           9      0   17  28   76    3   66    7   66    7  14  0  0 L3P 7A
G28 FF 61158 015000  780 238 2714     5442865    181          25    278   44 198  181   11  294 -194  294 -194  39  0  0 L3P 9B
G29 FF 61158 015000  780 488 1693     3319685    -85           9    -12   13  34   98   -1   66    5   66    5  11  0  0 L3P C2
G05 FF 61158 020600  780 325 1313     2323040    -22          21    -26   28  91  137   19   52   21   52   21  23  0  0 L3P CE
G12 FF 61158 020600  780 285  365     6078931    -42          27    -41   33  70  154   34  120   79  120   79  26  0  0 L3P 0A
G18 FF 61158 020600  780 581 2489     3660199   -112           9    -18   14 141   87   -1   78    3   78    3   9  0  0 L3P D3
G23 FF 61158 020600  780 359 3535    -6412071    -69          26    -26   15 114  125  -24  186  -57  186  -57  13  0  0 L3P 6A
G25 FF 61158 020600  780 679  177    -4268341     13          14    -15   21  29   79    5   68   20   68   20  16  0  0 L3P C9
G28 FF 61158 020600  780 219 2792     5442789   -107          46     -9   34 199  196   19  378  121  378  121  31  0  0 L3P 78
G29 FF 61158 020600  780 496 1585     3319623    -90          15    -18   21  41   96   -1   54   16   54   16  18  0  0 L3P EA
G05 FF 61158 022200  780 272 1362     2323057    -22          33    -26   27  91  160   31   46   29   46   29  22  0  0 L3P E6
G12 FF 61158 022200  780 219  332     6078926    -34          24    -33   38  70  196   56  164   93  164   93  31  0  0 L3P 15
G18 FF 61158 022200  780 582 2335     3660109   -118           9    -25   13 141   86    1   65   14   65   14  12  0  0 L3P DA
G23 FF 61158 022200  780 439 3537    -6412098     17          40     61   16 114  106  -16  120  -96  120  -96  14  0  0 L3P 3C
G25 FF 61158 022200  780 595  148    -4268322      9           6    -20   27  29   85    8   81   30   81   30  25  0  0 L3P A1
G26 FF 61158 022200  780 228 2239     3588895     22          29    -22   37  63  189  -45   84    1   84    1  31  0  0 L3P E7
G29 FF 61158 022200  780 501 1472     3319556   -101          17    -28   20  41   96    0   51   29   51   29  16  0  0 L3P D8
G05 FF 61158 023800  780 216 1398     2323078     11          54      6   40   0  199   50   34  -13   34  -13  33  0  0 L3P C2
G18 FF 61158 023800  780 571 2188     3660020    -90           9      3   18 141   88    2   60  -13   60  -13  14  0  0 L3P C3
G23 FF 61158 023800  780 521 3535    -6412153    -40          26      3   14 114   93  -11   95  -33   95  -33  10  0  0 L3P F8
G25 FF 61158 023800  780 512  131    -4268284     27          17     -1   17  29   94   11   84   12   84   12  15  0  0 L3P BB
G26 FF 61158 023800  780 283 2275     3588921     55          13     10   39  63  155  -28   90  -17   90  -17  34  0  0 L3P 15
G29 FF 61158 023800  780 502 1357     3319465    -50          -4     23   15  41   96    0   69  -28   69  -28  15  0  0 L3P E8
G15 FF 61158 025400  780 228  848    -4068814   -138          22   -105   37  51  189  -14   74   85   74   85  33  0  0 L3P 3D
G18 FF 61158 025400  780 551 2053     3659927    -63           6     30   20 141   90    3   58  -31   58  -31  20  0  0 L3P D9
G23 FF 61158 025400  780 606 3528    -6412215    -43           6      1   19 114   84   -7   88  -15   88  -15  17  0  0 L3P EF
G25 FF 61158 025400  780 432  123    -4268255     16          18    -12   40  29  107   16  105   46  105   46  36  0  0 L3P FB
G26 FF 61158 025400  780 334 2325     3588968     -9          18    -54   20  63  133  -18   82   39   82   39  18  0  0 L3P 10
G29 FF 61158 025400  780 498 1240     3319425    -87          26    -14   20  41   96    1   44   15   44   15  17  0  0 L3P D4
G10 FF 61158 031000  780 299 3349     5878728    -44           1    -28   19  73  147  -33  257  -82  257  -82  15  0  0 L3P 4F
G15 FF 61158 031000  780 242  926    -4068831     18          36     51   35  51  178   -7   58  -53   58  -53  32  0  0 L3P F7
G18 FF 61158 031000  780 526 1933     3659847    -91          15      3   19 141   93    3   51    3   51    3  15  0  0 L3P A1
G23 FF 61158 031000  780 693 3516    -6412250    -31          13     12   23 114   79   -5   75  -12   75  -12  21  0  0 L3P F1
G25 FF 61158 031000  780 354  120    -4268220     58          26     30   31  29  127   25  136   20  136   20  26  0  0 L3P DD
G26 FF 61158 031000  780 379 2392     3589010     34          17    -11   14  63  120  -11   81    9   81    9  11  0  0 L3P C3
G29 FF 61158 031000  780 488 1123     3319364   -123          35    -51   24  41   98    2   41   57   41   57  21  0  0 L3P DE
G10 FF 61158 032600  780 372 3319     5878721     10          10     26   35  73  122  -21  172  -88  172  -88  35  0  0 L3P 2B
G15 FF 61158 032600  780 248 1004    -4068856    -90          43    -57   32  51  174   -1   51   53   51   53  26  0  0 L3P FB
G18 FF 61158 032600  780 498 1824     3659762   -116          20    -23   20 141   96    4   49   19   49   19  17  0  0 L3P 0E
G23 FF 61158 032600  780 781 3494    -6412289    -60          16    -17   19 114   75   -3   68   15   68   15  17  0  0 L3P 12
G25 FF 61158 032600  780 279  122    -4268196     -5          23    -33   21  29  157   39  179   81  179   81  17  0  0 L3P 1D
G26 FF 61158 032600  780 414 2475     3589055     22          20    -22   22  63  111   -7   80   15   80   15  20  0  0 L3P D0
G29 FF 61158 032600  780 471 1010     3319304    -65          45      8   25  41  100    4   41   -3   41   -3  23  0  0 L3P 9A
G10 FF 61158 034200  780 445 3277     5878706    -31          10    -15   19  73  105  -14  120  -23  120  -23  15  0  0 L3P 2A
G15 FF 61158 034200  780 245 1082    -4068873     18          58     51   26  51  177    6   33  -48   33  -48  22  0  0 L3P FD
G16 FF 61158 034200  780 243 2260    -2530890    -49          17     21   36  58  178  -36   80  -24   80  -24  32  0  0 L3P 1D
G18 FF 61158 034200  780 469 1725     3659678    -96          25     -3   21 141  101    5   39   -9   39   -9  18  0  0 L3P F6
G23 FF 61158 034200  780 868 3405    -6412320    -79          26    -35   15 114   74   -1   47   26   47   26  14  0  0 L3P FF
G26 FF 61158 034200  780 437 2573     3589093     55          15     11   25  63  106   -3   82  -15   82  -15  23  0  0 L3P F3
G29 FF 61158 034200  780 446  904     3319232    -73          42      0   25  41  105    6   45    0   45    0  20  0  0 L3P 75
G10 FF 61158 035800  780 518 3216     5878702    -12          22      4   12  73   94  -10   79  -25   79  -25  10  0  0 L3P EF
G15 FF 61158 035800  780 231 1156    -4068920    -19          43     14   28  51  186   14   46  -10   46  -10  24  0  0 L3P 06
G16 FF 61158 035800  780 290 2312    -2530958    -93          15    -23   25  58  151  -22   72   16   72   16  24  0  0 L3P 10
G18 FF 61158 035800  780 440 1633     3659581   -107          17    -14   23 141  106    6   39    7   39    7  19  0  0 L3P F0
G23 FF 61158 035800  780 844 1750    -6412364    -30          23     14   12 114   74    1   39  -26   39  -26  11  0  0 L3P F2
G26 FF 61158 035800  780 445 2681     3589137     57          16     12   19  63  105    0   78  -11   78  -11  16  0  0 L3P F2
G29 FF 61158 035800  780 413  805     3319161    -50          42     23   22  41  111    8   45  -21   45  -21  20  0  0 L3P C3
G10 FF 61158 041400  780 588 3128     5878669    -31           1    -15   15  74   86   -6   65   -7   65   -7  13  0  0 L3P DD
G15 FF 61158 041400  780 209 1223    -4068940    -90          49    -57   36  52  204   25   30   55   30   55  30  0  0 L3P FA
G16 FF 61158 041400  780 331 2377    -2531039    -56           4     14   22  66  134  -14   78  -11   78  -11  19  0  0 L3P 05
G18 FF 61158 041400  780 413 1545     3659509   -130          34    -37   16 142  111    6   23   30   23   30  14  0  0 L3P EF
G23 FF 61158 041400  780 759 1696    -6412425    -22           9     21   24 115   76    3   48  -26   48  -26  21  0  0 L3P F3
G26 FF 61158 041400  780 438 2790     3589174     27          13    -18   22  64  106    3   76    9   76    9  17  0  0 L3P CC
G29 FF 61158 041400  780 375  718     3319102    -71          54      1   17  50  121   12   37   -5   37   -5  16  0  0 L3P AE
G10 FF 61158 043000  780 650 2997     5878660    -10           7      5   13  74   81   -4   47   -8   47   -8  11  0  0 L3P B1
G16 FF 61158 043000  780 363 2456    -2531109    -98           1    -29   26  66  124   -8   75   15   75   15  22  0  0 L3P F2
G18 FF 61158 043000  780 386 1460     3659408    -57          23     36   17 142  118    7   31  -36   31  -36  14  0  0 L3P 05
G23 FF 61158 043000  780 677 1665    -6412467    -44           8     -1   17 115   80    5   44   -6   44   -6  16  0  0 L3P C7
G26 FF 61158 043000  780 416 2895     3589214     35          11    -10   20  64  111    6   75    1   75    1  16  0  0 L3P A6
G29 FF 61158 043000  780 330  640     3319029    -82          43     -9   29  26  135   18   40   10   40   10  25  0  0 L3P BD
G10 FF 61158 044600  780 696 2802     5878648     -7          10      9   12  74   78   -2   41   -2   41   -2  11  0  0 L3P A8
G16 FF 61158 044600  780 383 2547    -2531172    -94           4    -24   26  66  119   -4   71   22   71   22  22  0  0 L3P EA
G18 FF 61158 044600  780 361 1378     3659321    -98          25     -5   20 142  124    8   26   10   26   10  15  0  0 L3P DE
G23 FF 61158 044600  780 598 1636    -6412503    -32          14     11   16 115   85    7   36   -8   36   -8  14  0  0 L3P DD
G26 FF 61158 044600  780 384 2990     3589255     57           9     13   28  64  118   10   76   -6   76   -6  21  0  0 L3P DF
G27 FF 61158 044600  780 243 2174     1267546    172          56      0   31  28  178  -43   38   -9   38   -9  28  0  0 L3P F6
G29 FF 61158 044600  780 281  573     3318965    -77          49     -4   24  26  156   27   37    7   37    7  21  0  0 L3P CD
G10 FF 61158 050200  780 715 2543     5878630    -23           7     -7   10  74   78    0   42    0   42    0   8  0  0 L3P 6A
G16 FF 61158 050200  780 389 2646    -2531227    -83          15    -14   23  66  117    0   63   18   63   18  19  0  0 L3P F5
G18 FF 61158 050200  780 337 1297     3659221    -76          15     17   20 142  132    9   35   -9   35   -9  14  0  0 L3P E3
G23 FF 61158 050200  780 523 1605    -6412552    -54           7    -11   14 115   93    9   39    5   39    5  12  0  0 L3P B0
G26 FF 61158 050200  780 344 3073     3589297      6           9    -39   41  64  130   15   78   35   78   35  29  0  0 L3P E2
G27 FF 61158 050200  780 304 2166     1267706    130          50    -43   28  28  145  -28   26   25   26   25  26  0  0 L3P 01
G29 FF 61158 050200  780 228  516     3318885    -47          39     25   31  26  189   43   49  -10   49  -10  23  0  0 L3P FF
G32 FF 61158 050200  780 283   62     -251539   -159          22     40   28   6  155  -35   71  -67   71  -67  23  0  0 L3P EA
G10 FF 61158 051800  780 701 2282     5878620      5          13     21   13  74   78    1   31  -23   31  -23  12  0  0 L3P A9
G16 FF 61158 051800  780 381 2746    -2531300    -65           9      4   16  66  119    4   69   -5   69   -5  12  0  0 L3P C1
G18 FF 61158 051800  780 313 1218     3659130    -88          13      5   22 142  141   10   38   -3   38   -3  16  0  0 L3P D0
G23 FF 61158 051800  780 453 1572    -6412593    -65           7    -22   29 115  103   13   35   15   35   15  25  0  0 L3P FC
G26 FF 61158 051800  780 299 3148     3589339     57           9     12   22  64  147   21   83   -4   83   -4  17  0  0 L3P DD
G27 FF 61158 051800  780 369 2168     1267839    155          17    -18   20  28  122  -19   49    6   49    6  17  0  0 L3P 03
G32 FF 61158 051800  780 353   91     -251733   -236          20    -37   20   6  127  -23   48   31   48   31  16  0  0 L3P CC
G10 FF 61158 053400  780 663 2079     5878604    -46          13    -30   15  74   80    3   30   20   30   20  13  0  0 L3P BF
G16 FF 61158 053400  780 361 2842    -2531364    -32          12     37   22  66  125    8   70  -32   70  -32  19  0  0 L3P F3
G18 FF 61158 053400  780 289 1139     3659065    -71          38     22   43 142  152   12   22  -12   22  -12  40  0  0 L3P 07
G23 FF 61158 053400  780 387 1536    -6412627    -54          15    -11   27 115  117   17   28    2   28    2  24  0  0 L3P EB
G26 FF 61158 053400  780 254 3214     3589401     66          28     22   25  64  171   30   75  -12   75  -12  19  0  0 L3P F6
G27 FF 61158 053400  780 436 2182     1268015    166          27     -6   24  28  107  -14   37    0   37    0  21  0  0 L3P C6
G32 FF 61158 053400  780 425  124     -251920   -170          23     29   33   6  109  -16   37  -34   37  -34  29  0  0 L3P EF
G10 FF 61158 055000  780 612 1933     5878581    -28           5    -12   14  74   84    4   33    4   33    4  13  0  0 L3P 98
G16 FF 61158 055000  780 331 2932    -2531428    -35          15     34   28  66  134   13   69  -29   69  -29  23  0  0 L3P 1B
G18 FF 61158 055000  780 264 1063     3658984   -146          47    -53   48 142  165   15   21   54   21   54  41  0  0 L3P 24
G23 FF 61158 055000  780 326 1498    -6412667    -36          16      8   23 115  136   23   25    2   25    2  19  0  0 L3P CF
G27 FF 61158 055000  780 503 2214     1268180    189          27     16   21  28   96  -10   34  -22   34  -22  20  0  0 L3P F2
G32 FF 61158 055000  780 501  164     -252109   -229          26    -30   14   6   96  -11   30   21   30   21  12  0  0 L3P B0
G08 FF 61158 060600  780 243 2213    -4535162    105           1     33   35  45  178  -43   68  -28   68  -28  32  0  0 L3P 13
G10 FF 61158 060600  780 557 1823     5878567     13           8     29   15  75   89    6   33  -14   33  -14  13  0  0 L3P D4
G16 FF 61158 060600  780 294 3013    -2531501    -68           7      2   28  80  149   19   72    9   72    9  26  0  0 L3P B7
G18 FF 61158 060600  780 238  987     3658871    -79          23     15   29 143  181   20   40   -6   40   -6  24  0  0 L3P F1
G23 FF 61158 060600  780 269 1457    -6412712     -9          13     35   31 116  162   31   38  -27   38  -27  25  0  0 L3P 11
G27 FF 61158 060600  780 568 2273     1268343    148          25    -25   18  87   88   -7   32   17   32   17  16  0  0 L3P FC
G32 FF 61158 060600  780 577  220     -252310   -195          14      4   16   7   87   -8   33   -4   33   -4  14  0  0 L3P 92
G08 FF 61158 062200  780 303 2241    -4535089     52           6    -20   27  45  145  -27   60   14   60   14  23  0  0 L3P DF
G10 FF 61158 062200  780 502 1735     5878553    -26           9    -10   16  75   96    8   34    9   34    9  13  0  0 L3P AB
G16 FF 61158 062200  780 253 3087    -2531559    -78          15     -8   33  80  171   27   72   18   72   18  24  0  0 L3P FF
G18 FF 61158 062200  780 210  914     3658803    -23          44     70   36 143  204   27   30  -45   30  -45  29  0  0 L3P F9
G23 FF 61158 062200  780 217 1413    -6412742    -22          25     21   36 116  197   44   27   -5   27   -5  27  0  0 L3P F3
G27 FF 61158 062200  780 627 2374     1268498    168          14     -5   13  87   83   -4   38    4   38    4  11  0  0 L3P C3
G32 FF 61158 062200  780 651  307     -252498   -191          17      8   20   7   81   -5   32   -2   32   -2  16  0  0 L3P 91
G08 FF 61158 063800  780 361 2283    -4535018     58           8    -13   21  45  125  -17   53   16   53   16  20  0  0 L3P EE
G10 FF 61158 063800  780 449 1657     5878531    -12           3      4   20  75  104   10   39    0   39    0  18  0  0 L3P 9D
G16 FF 61158 063800  780 211 3155    -2531637    -39           4     30   32  80  203   39   85  -18   85  -18  26  0  0 L3P 04
G27 FF 61158 063800  780 671 2535     1268659    156           9    -17   11  87   80   -2   43   13   43   13   8  0  0 L3P D2
G32 FF 61158 063800  780 716  464     -252691   -212          15    -13   16   7   78   -3   34    9   34    9  14  0  0 L3P A9
G08 FF 61158 065400  780 414 2343    -4534947     86          10     15   19  45  111  -11   50   -4   50   -4  17  0  0 L3P E1
G10 FF 61158 065400  780 399 1586     5878513    -15          -1      1   22  75  115   12   42    4   42    4  21  0  0 L3P A7
G27 FF 61158 065400  780 687 2753     1268832    178          15      5   11  87   79    0   38    1   38    1   9  0  0 L3P 9F
G32 FF 61158 065400  780 754  742     -252879   -211          18    -12   39   7   76   -1   31   12   31   12  25  0  0 L3P C2
G02 FF 61158 071000  780 228 2187     -877698    -35          31     42   38  48  189  -44   51  -43   51  -43  37  0  0 L3P 23
G08 FF 61158 071000  780 459 2425    -4534878     66          10     -6   16  45  102   -7   50   10   50   10  13  0  0 L3P D0
G10 FF 61158 071000  780 352 1519     5878498    -19           0     -3   24  75  127   15   39    4   39    4  20  0  0 L3P B5
G27 FF 61158 071000  780 669 2973     1268999    197          17     24   15  87   80    2   37  -20   37  -20  13  0  0 L3P 01
G32 FF 61158 071000  780 743 1072     -253042   -173          46     26   16   7   76    1   13  -16   13  -16  13  0  0 L3P C2
G02 FF 61158 072600  780 285 2150     -877780   -112          24    -35   29  48  154  -30   51   14   51   14  27  0  0 L3P 0C
G08 FF 61158 072600  780 491 2529    -4534816     74           4      3   22  45   97   -4   53   -2   53   -2  21  0  0 L3P AA
G10 FF 61158 072600  780 309 1453     5878498      2          15     18   20  75  143   18   25  -10   25  -10  16  0  0 L3P E1
G27 FF 61158 072600  780 622 3140     1269159    180          11      7   13  87   83    4   42   -7   42   -7  11  0  0 L3P AB
G28 FF 61158 072600  780 233  394     5440901   -104          37     -6   31 202  185  -36   40    3   40    3  22  0  0 L3P CB
G32 FF 61158 072600  780 691 1286     -253254   -209          25    -10   16   7   79    3   26   10   26   10  14  0  0 L3P C2
G02 FF 61158 074200  780 347 2116     -877864   -146          14    -69   17  48  129  -22   47   48   47   48  15  0  0 L3P 30
G08 FF 61158 074200  780 507 2650    -4534743     65           8     -6   17  45   95   -1   50    3   50    3  14  0  0 L3P 97
G10 FF 61158 074200  780 270 1388     5878473     15           5     30   26  75  161   21   43  -19   43  -19  21  0  0 L3P E7
G27 FF 61158 074200  780 560 3254     1269330    193          17     20   22  87   89    7   34  -18   34  -18  19  0  0 L3P F3
G28 FF 61158 074200  780 279  458     5440807   -123          37    -25   36 202  156  -25   28   28   28   28  29  0  0 L3P 2D
G32 FF 61158 074200  780 621 1393     -253451   -200          19     -1   12   7   83    6   28   -7   28   -7  11  0  0 L3P A2
G02 FF 61158 075800  780 413 2087     -877929    -29          23     49   19  48  111  -16   31  -46   31  -46  15  0  0 L3P 1F
G08 FF 61158 075800  780 504 2778    -4534688     78          -6      7   14  45   95    2   58    0   58    0  11  0  0 L3P A9
G10 FF 61158 075800  780 234 1323     5878478    -11          26      5   30  75  184   26   29    3   29    3  21  0  0 L3P BB
G27 FF 61158 075800  780 492 3333     1269491    205          11     32   41  87   97   11   38  -24   38  -24  39  0  0 L3P 0A
G28 FF 61158 075800  780 325  528     5440701    -84          25     13   39 202  137  -17   36   -8   36   -8  32  0  0 L3P F7
G31 FF 61158 075800  780 231  238     1526204    -38          11    -14   28   1  187  -42   49   14   49   14  25  0  0 L3P DA
G32 FF 61158 075800  780 547 1444     -253644   -196          17      3   20   7   90    9   29    1   29    1  19  0  0 L3P 96
G02 FF 61158 081400  780 484 2062     -878001    -55          23     22   20  49   98  -12   37   -9   37   -9  18  0  0 L3P DD
G08 FF 61158 081400  780 483 2900    -4534606     63           6     -9   18  47   98    5   53    5   53    5  14  0  0 L3P 9C
G27 FF 61158 081400  780 421 3392     1269662    152          17    -21   30  92  110   15   40   23   40   23  28  0  0 L3P E6
G28 FF 61158 081400  780 367  607     5440598    -97          14      2   20 203  123  -12   44   -2   44   -2  18  0  0 L3P D5
G31 FF 61158 081400  780 285  291     1526202    -42          32    -18   24  38  154  -28   30   20   30   20  21  0  0 L3P D1
G32 FF 61158 081400  780 473 1466     -253833   -196          16      3   25  35  100   12   30    4   30    4  23  0  0 L3P A9
G01 FF 61158 083000  780 262 2163    -2877260     81           4     -6   33  89  166  -36   59   -5   59   -5  29  0  0 L3P EA
G02 FF 61158 083000  780 560 2044     -878078    -90          20    -13   12  49   89   -8   38    5   38    5   9  0  0 L3P B3
G08 FF 61158 083000  780 448 3008    -4534529     78          14      7   41  47  104    8   47  -11   47  -11  26  0  0 L3P E5
G27 FF 61158 083000  780 351 3439     1269829    136          19    -37   43  92  128   22   36   30   36   30  38  0  0 L3P 0A
G28 FF 61158 083000  780 404  697     5440505   -102          17     -3   18 203  113   -8   42    8   42    8  16  0  0 L3P C3
G31 FF 61158 083000  780 341  348     1526158    -84          11    -60   21  38  131  -20   46   45   46   45  18  0  0 L3P E7
G32 FF 61158 083000  780 400 1470     -254032   -198           8      1   22  35  114   17   36    2   36    2  20  0  0 L3P 8D
G01 FF 61158 084600  780 324 2141    -2877201     64         -21    -24   24  89  137  -25   71   26   71   26  18  0  0 L3P 0E
G02 FF 61158 084600  780 639 2036     -878160    -73          13      5   16  49   82   -6   38   -2   38   -2  14  0  0 L3P BC
G08 FF 61158 084600  780 403 3100    -4534468     73           6      2   15  47  113   12   52    0   52    0  11  0  0 L3P 85
G27 FF 61158 084600  780 284 3481     1269998    178          22      5   25  92  154   34   38   -5   38   -5  19  0  0 L3P FB
G28 FF 61158 084600  780 430  798     5440420    -98          27      1   27 203  108   -4   37    8   37    8  23  0  0 L3P BD
G31 FF 61158 084600  780 397  414     1526132      6           8     30   18  38  115  -14   49  -19   49  -19  15  0  0 L3P D8
G32 FF 61158 084600  780 331 1463     -254222   -175           9     24   18  35  135   25   41  -18   41  -18  16  0  0 L3P F7
G01 FF 61158 090200  780 390 2126    -2877096     66           1    -21   23  89  117  -18   52   17   52   17  21  0  0 L3P F0
G02 FF 61158 090200  780 722 2048     -878238    -72           8      6   11  49   77   -4   38   -4   38   -4  10  0  0 L3P A8
G03 FF 61158 090200  780 220 2382    -4861860    139          13    -10   32  14  194  -24   69   -3   69   -3  30  0  0 L3P 00
G08 FF 61158 090200  780 353 3178    -4534398     71           8     -1   17  47  127   17   54    3   54    3  12  0  0 L3P B6
G27 FF 61158 090200  780 220 3521     1270160    221          18     49   21  92  195   52   58  -25   58  -25  16  0  0 L3P 02
G28 FF 61158 090200  780 443  906     5440323   -117          24    -18   18 203  105   -1   45   24   45   24  17  0  0 L3P F4
G31 FF 61158 090200  780 450  492     1526109    -47           9    -24   15  38  104  -10   56   28   56   28  12  0  0 L3P DA
G32 FF 61158 090200  780 265 1447     -254431   -180          -9     19   28  35  164   38   73    5   73    5  23  0  0 L3P D4
G01 FF 61158 091800  780 460 2120    -2877014    115          -1     27   20  89  102  -13   57  -10   57  -10  18  0  0 L3P 04
G02 FF 61158 091800  780 806 2126     -878309    -76          11      1   11  49   75   -2   44   17   44   17  11  0  0 L3P BC
G03 FF 61158 091800  780 249 2313    -4861724    139           6    -10   23  14  174  -20   73   14   73   14  17  0  0 L3P FC
G04 FF 61158 091800  780 267 3025     -550419    -41          36    -26   26 119  163  -30   64   33   64   33  22  0  0 L3P 0B
G08 FF 61158 091800  780 301 3245    -4534325     87          12     16   20  47  146   24   66   11   66   11  16  0  0 L3P E3
G28 FF 61158 091800  780 440 1016     5440222   -117          18    -18   30 203  106    2   62   36   62   36  27  0  0 L3P F6
G31 FF 61158 091800  780 497  587     1526094    -10          16     14   19  38   96   -6   60    8   60    8  14  0  0 L3P B1
G01 FF 61158 093400  780 532 2127    -2876920     93           9      5   17  89   92   -9   60    3   60    3  16  0  0 L3P 99
G02 FF 61158 093400  780 867 2813     -878392    -60           3     18   11  49   74    0   71    2   71    2  10  0  0 L3P 8B
G03 FF 61158 093400  780 279 2245    -4861580    163           7     14   28  14  156  -17   78   -4   78   -4  23  0  0 L3P 00
G04 FF 61158 093400  780 317 2957     -550447     -5          22     10   36 119  140  -19   87    2   87    2  29  0  0 L3P D6
G08 FF 61158 093400  780 248 3305    -4534243     39          25    -32   56  47  174   35   88   61   88   61  49  0  0 L3P 17
G28 FF 61158 093400  780 421 1118     5440125    -74          16     24   28 203  109    6   82   -3   82   -3  25  0  0 L3P D6
G31 FF 61158 093400  780 533  702     1526075     -5          20     19   21  38   92   -4   69   -4   69   -4  20  0  0 L3P A2
G01 FF 61158 095000  780 606 2155    -2876830     64          14    -24   12  89   84   -6   69   35   69   35  10  0  0 L3P F1
G02 FF 61158 095000  780 805 3495     -878435    -72          34      5   26  49   75    2   65   22   65   22  27  0  0 L3P C4
G03 FF 61158 095000  780 312 2176    -4861424    178          20     29   25  14  141  -14   80   -6   80   -6  21  0  0 L3P F1
G04 FF 61158 095000  780 362 2879     -550456     -8          27      7   19 119  124  -13  101    9  101    9  18  0  0 L3P E4
G28 FF 61158 095000  780 389 1207     5440023   -100          10     -1   30 203  117   10  105   16  105   16  26  0  0 L3P FF
G31 FF 61158 095000  780 554  836     1526048    -30          16     -7   16  38   89   -1   86   23   86   23  14  0  0 L3P C8
G01 FF 61158 100600  780 679 2223    -2876746     87          11      0   13  90   79   -4   83   20   83   20  10  0  0 L3P BC
G02 FF 61158 100600  780 718 3582     -878523   -104          18    -27   11  50   77    4   94   37   94   37  11  0  0 L3P E9
G03 FF 61158 100600  780 348 2107    -4861289    162          13     13   17  15  129  -12  101    9  101    9  15  0  0 L3P F3
G04 FF 61158 100600  780 401 2791     -550471     16          22     31   22 120  114   -9  113  -10  113  -10  20  0  0 L3P E6
G28 FF 61158 100600  780 345 1279     5439945   -105          22     -6   25 204  129   16  119   39  119   39  21  0  0 L3P 38
G31 FF 61158 100600  780 554  976     1526024    -40          15    -16   20  45   89    1   96   29   96   29  17  0  0 L3P CD
G01 FF 61158 102200  780 744 2376    -2876657     68          16    -20   16  90   76   -2   95   32   95   32  13  0  0 L3P ED
G02 FF 61158 102200  780 631    8     -878590    -67          25     11   19  50   82    7  109   18  109   18  16  0  0 L3P B1
G03 FF 61158 102200  780 386 2037    -4861150    144           9     -5   25  15  118  -11  117   13  117   13  22  0  0 L3P F9
G04 FF 61158 102200  780 433 2693     -550478     15          30     30   21 120  107   -6  121  -10  121  -10  17  0  0 L3P F0
G28 FF 61158 102200  780 294 1335     5439855    -79          27     20   25 204  149   26  149   18  149   18  20  0  0 L3P 32
G31 FF 61158 102200  780 534 1105     1525999      8          12     32   21  45   92    4  115  -10  115  -10  19  0  0 L3P C9
G01 FF 61158 103800  780 781 2697    -2876575     86          14     -2   14  90   75    0  109   18  109   18  13  0  0 L3P F6
G02 FF 61158 103800  780 546   21     -878655    -62          35     16   17  50   90   10  129   10  129   10  14  0  0 L3P C4
G03 FF 61158 103800  780 427 1965    -4860994    160          22     11   17  15  108   -9  117   -3  117   -3  15  0  0 L3P 0E
G04 FF 61158 103800  780 459 2586     -550486    -20          36     -5   18 120  102   -4  125    7  125    7  15  0  0 L3P E4
G28 FF 61158 103800  780 238 1375     5439771    -73          37     26   39 204  181   42  174   10  174   10  31  0  0 L3P 26
G31 FF 61158 103800  780 496 1210     1525982    -10          19     14   22  45   96    6  127    2  127    2  20  0  0 L3P B6
G01 FF 61158 105400  780 762 3078    -2876494     81          11     -6   16  90   76    2  122   11  122   11  13  0  0 L3P D6
G02 FF 61158 105400  780 463   31     -878726    -84          38     -7   12  50  102   14  160   36  160   36  11  0  0 L3P D0
G03 FF 61158 105400  780 471 1888    -4860865    121           8    -28   20  15  100   -8  131   19  131   19  17  0  0 L3P 11
G04 FF 61158 105400  780 477 2473     -550516    -35          20    -21   23 120   99   -2  135   15  135   15  19  0  0 L3P 01
G09 FF 61158 105400  780 219 2732    -7557250   -172         -67   -208   39  40  196  -28  309  194  309  194  35  0  0 L3P AA
G31 FF 61158 105400  780 448 1290     1525955     -7          14     17   14  45  104   10  148    5  148    5  14  0  0 L3P CE
G01 FF 61158 111000  780 702 3293    -2876414     42           7    -46   17  90   78    4  134   54  134   54  13  0  0 L3P DF
G02 FF 61158 111000  780 385   40     -878804   -121          34    -44   15  50  118   21  198   79  198   79  12  0  0 L3P 0B
G03 FF 61158 111000  780 518 1803    -4860726    134           4    -14   11  15   94   -6  135   14  135   14  10  0  0 L3P E7
G04 FF 61158 111000  780 487 2357     -550534    -48          16    -34   17 120   98   -1  137   27  137   27  15  0  0 L3P 10
G09 FF 61158 111000  780 249 2658    -7557155    223          -7    187   32  40  174  -20  243 -192  243 -192  30  0  0 L3P 7C
G26 FF 61158 111000  780 216  893     3590297     24          47    -20   37   0  198  -12  271   -4  271   -4  33  0  0 L3P E9
G31 FF 61158 111000  780 391 1346     1525928    -44          11    -20   27  45  116   15  164   34  164   34  24  0  0 L3P 08
G01 FF 61158 112600  780 628 3398    -2876328     24           9    -63   43  90   83    6  151   77  151   77  42  0  0 L3P FF
G02 FF 61158 112600  780 309   51     -878876    -74          36      3   26  50  143   31  246   46  246   46  21  0  0 L3P D9
G03 FF 61158 112600  780 565 1705    -4860583    175           4     26   22  15   88   -5  136  -21  136  -21  20  0  0 L3P 0A
G04 FF 61158 112600  780 491 2241     -550553    -28          11    -14   18 120   97    0  144   17  144   17  15  0  0 L3P EE
G09 FF 61158 112600  780 277 2581    -7557080     46          34     10   26  40  157  -14  199   -9  199   -9  22  0  0 L3P 29
G26 FF 61158 112600  780 225  968     3590328     16          35    -29   34   0  191   -4  265    6  265    6  30  0  0 L3P C9
G31 FF 61158 112600  780 331 1382     1525890    -34          -4    -11   21  45  134   23  199   24  199   24  17  0  0 L3P 0E
G01 FF 61158 114200  780 550 3457    -2876240    129          13     41   26  90   90    9  171  -17  171  -17  24  0  0 L3P 10
G02 FF 61158 114200  780 239   65     -878943   -100          44    -22   29  50  181   50  297   83  297   83  26  0  0 L3P 15
G03 FF 61158 114200  780 610 1587    -4860441    161           4     12   15  15   84   -4  142  -10  142  -10  13  0  0 L3P EB
G04 FF 61158 114200  780 491 2126     -550566     -5          17      9   22 121   97    0  145   -9  145   -9  18  0  0 L3P C7
G09 FF 61158 114200  780 303 2502    -7557055     36          23      0   27  40  145  -11  205   -8  205   -8  24  0  0 L3P E7
G16 FF 61158 114200  780 230  720    -2532918    -62          20      7   25   3  187  -23  324  -34  324  -34  22  0  0 L3P F6
G26 FF 61158 114200  780 226 1044     3590337     80           1     36   34   0  190    3  299  -26  299  -26  29  0  0 L3P EA
G31 FF 61158 114200  780 270 1404     1525867     13          -5     37   36  45  162   35  227    6  227    6  26  0  0 L3P D3
G01 FF 61158 115800  780 473 3497    -2876151     65          18    -23   36  90  100   13  194   52  194   52  31  0  0 L3P 21
G03 FF 61158 115800  780 650 1435    -4860298    149           4      0   17  15   81   -2  145    7  145    7  14  0  0 L3P C1
G04 FF 61158 115800  780 486 2014     -550584     26          13     40   17 121   98    1  154  -25  154  -25  15  0  0 L3P FA
G07 FF 61158 115800  780 256 3202     1784581     66          18     22   19   3  170  -40  267  -50  267  -50  15  0  0 L3P 19
G09 FF 61158 115800  780 327 2421    -7557029     32          15     -4   24  40  136   -9  210   -6  210   -6  18  0  0 L3P EE
G16 FF 61158 115800  780 256  796    -2532983   -187          21   -117   42   3  169  -15  299   96  299   96  35  0  0 L3P 6C
G26 FF 61158 115800  780 218 1117     3590400     33          21    -11   36   0  196   11  295   23  295   23  28  0  0 L3P EE
G01 FF 61158 121400  780 397 3528    -2876075     83           7     -4   15  91  115   19  235   50  235   50  13  0  0 L3P FA
G03 FF 61158 121400  780 677 1243    -4860158    130           1    -19   11  20   79   -1  156   20  156   20   9  0  0 L3P DF
G04 FF 61158 121400  780 479 1905     -550606    -39           7    -24   25 122   99    1  172   27  172   27  19  0  0 L3P FA
G07 FF 61158 121400  780 318 3158     1784610     59           3     14   23   4  139  -25  250  -42  250  -42  19  0  0 L3P FB
G09 FF 61158 121400  780 350 2339    -7556991     21          18    -15   21  41  128   -7  207   15  207   15  21  0  0 L3P 0E
G16 FF 61158 121400  780 276  875    -2533069    -37           5     32   25  51  158   -9  309  -42  309  -42  20  0  0 L3P 13
G01 FF 61158 123000  780 325 3555    -2875994    128           4     40   21  91  137   27  292   37  292   37  18  0  0 L3P 1D
G03 FF 61158 123000  780 682 1020    -4860024    155          -7      6   17  20   79    0  173    9  173    9  15  0  0 L3P B4
G04 FF 61158 123000  780 471 1800     -550632    -17          -6     -2   22 122  100    2  197   15  197   15  19  0  0 L3P E2
G07 FF 61158 123000  780 380 3101     1784647     47          -2      3   19   4  119  -17  238  -13  238  -13  14  0  0 L3P F4
G09 FF 61158 123000  780 372 2255    -7556963     58          12     22   20  41  121   -6  212  -14  212  -14  18  0  0 L3P 0E
G16 FF 61158 123000  780 287  957    -2533107    -76          33     -6   31  51  153   -3  283   17  283   17  28  0  0 L3P 05
G01 FF 61158 124600  780 256 3581    -2875900     54          14    -34   20  91  170   42  363  114  363  114  17  0  0 L3P 36
G03 FF 61158 124600  780 661  806    -4859880    178          -6     29   13  20   80    2  192   -1  192   -1  11  0  0 L3P DC
G04 FF 61158 124600  780 462 1697     -550635    -36           6    -21   18 122  102    2  204   34  204   34  16  0  0 L3P EF
G06 FF 61158 124600  780 244 2382     6078395    -26          36      0   34  16  177  -19  270    5  270    5  31  0  0 L3P EA
G07 FF 61158 124600  780 439 3030     1784692     78           0     34   43   4  106  -11  232  -23  232  -23  28  0  0 L3P F8
G09 FF 61158 124600  780 394 2169    -7556927     29          13     -7   23  41  116   -6  215   12  215   12  21  0  0 L3P 05
G16 FF 61158 124600  780 289 1039    -2533196    -94          11    -25   26  51  152    2  315   28  315   28  20  0  0 L3P 14
G03 FF 61158 130200  780 619  636    -4859734    143          -3     -6   12  20   83    4  214   35  214   35  11  0  0 L3P D2
G04 FF 61158 130200  780 452 1596     -550631     30          24     45   23 122  104    2  204  -19  204  -19  22  0  0 L3P F2
G06 FF 61158 130200  780 266 2459     6078364    -15          30     11   16  16  163  -10  280   -3  280   -3  14  0  0 L3P FD
G07 FF 61158 130200  780 493 2940     1784740     40           5     -5   18   4   97   -8  224    1  224    1  15  0  0 L3P 96
G09 FF 61158 130200  780 417 2083    -7556894     59          11     22   16  41  110   -5  223   -6  223   -6  15  0  0 L3P F5
G16 FF 61158 130200  780 279 1119    -2533257    -71          16     -2   43  51  156    8  318   25  318   25  40  0  0 L3P FF
G03 FF 61158 131800  780 562  512    -4859583    150           5      2   14  20   89    7  234   27  234   27  13  0  0 L3P C6
G04 FF 61158 131800  780 441 1497     -550646     44          23     59   17 122  105    2  218  -38  218  -38  16  0  0 L3P 19
G06 FF 61158 131800  780 277 2542     6078339    -33          30     -7   22  16  158   -3  291   19  291   19  18  0  0 L3P 12
G07 FF 61158 131800  780 540 2828     1784777     86          -1     42   12   4   91   -5  225  -30  225  -30  11  0  0 L3P E9
G09 FF 61158 131800  780 440 1993    -7556860     82          10     46   17  41  106   -5  231  -30  231  -30  16  0  0 L3P 1A
G16 FF 61158 131800  780 260 1193    -2533325    -53          15     17   21  51  167   15  340    5  340    5  18  0  0 L3P E5
G03 FF 61158 133400  780 497  423    -4859437    132           8    -17   19  20   96   10  263   48  263   48  15  0  0 L3P 09
G04 FF 61158 133400  780 430 1399     -550678     20           6     35   23 122  108    3  249  -28  249  -28  21  0  0 L3P 03
G06 FF 61158 133400  780 276 2628     6078306    -24          22      2   21  16  158    3  319   32  319   32  19  0  0 L3P E8
G07 FF 61158 133400  780 576 2692     1784831     26          11    -19   13   4   87   -3  214    2  214    2  10  0  0 L3P B8
G09 FF 61158 133400  780 464 1900    -7556826     29           9     -8   20  41  101   -4  232   -4  232   -4  17  0  0 L3P E1
G16 FF 61158 133400  780 231 1259    -2533382   -172          24   -103   24  51  187   26  348  102  348  102  19  0  0 L3P 66
G30 FF 61158 133400  780 255 2950    -2035147   -117          22     17   21   2  170  -30  354  -40  354  -40  19  0  0 L3P 26
G03 FF 61158 135000  780 427  358    -4859292    181          10     32   25  20  108   15  299   17  299   17  22  0  0 L3P 17
G04 FF 61158 135000  780 416 1302     -550680    -34          17    -19   24 122  110    3  249   32  249   32  16  0  0 L3P FB
G06 FF 61158 135000  780 265 2713     6078263    -37           4    -11   33  16  164   10  370   41  370   41  29  0  0 L3P FB
G07 FF 61158 135000  780 598 2535     1784857     42          -6     -3   21   4   85   -1  223    5  223    5  17  0  0 L3P AE
G09 FF 61158 135000  780 488 1802    -7556795    -13           5    -49   14  41   98   -4  232   34  232   34  11  0  0 L3P 0A
G30 FF 61158 135000  780 300 2881    -2035278   -142          20     -8   22   2  147  -20  336   -8  336   -8  18  0  0 L3P 07
G03 FF 61158 140600  780 355  312    -4859138    187          22     38   19  57  126   23  363   68  363   68  14  0  0 L3P 26
G04 FF 61158 140600  780 401 1206     -550695     -7          12      8   23 123  114    4  266    7  266    7  18  0  0 L3P B5
G06 FF 61158 140600  780 244 2795     6078268    -40          30    -13   43  27  177   17  383   46  383   46  39  0  0 L3P 35
G07 FF 61158 140600  780 604 2368     1784905     47           3      3   13   5   85    0  222    6  222    6  12  0  0 L3P 79
G09 FF 61158 140600  780 512 1698    -7556758     63           3     27   14  42   94   -3  230  -29  230  -29  11  0  0 L3P 0B
G30 FF 61158 140600  780 341 2805    -2035415   -179          15    -45   20   5  131  -14  321   14  321   14  16  0  0 L3P 11
G03 FF 61158 142200  780 284  278    -4859012    125           5    -24   17  57  154   37  483  141  483  141  13  0  0 L3P 31
G04 FF 61158 142200  780 383 1112     -550719    -19           3     -4   21 123  118    5  285   15  285   15  15  0  0 L3P E1
G06 FF 61158 142200  780 217 2872     6078246    -46          34    -18   19  27  198   27  420   52  420   52  15  0  0 L3P 25
G07 FF 61158 142200  780 595 2204     1784958     53          14      9   15   5   85    1  215  -11  215  -11  13  0  0 L3P CC
G09 FF 61158 142200  780 534 1584    -7556721     31           5     -5   16  42   92   -2  222   13  222   13  13  0  0 L3P CE
G30 FF 61158 142200  780 378 2720    -2035531   -153          27    -19   21   5  120   -9  283   -8  283   -8  18  0  0 L3P 13
G04 FF 61158 143800  780 361 1021     -550726    -29          10    -14   25 123  124    7  311   59  311   59  22  0  0 L3P FE
G07 FF 61158 143800  780 574 2054     1784999     39          12     -5   18   5   87    3  215    0  215    0  16  0  0 L3P AF
G09 FF 61158 143800  780 551 1461    -7556683     20           9    -17   14  42   90   -2  226   25  226   25  11  0  0 L3P F2
G14 FF 61158 143800  780 262 3391    -7447462     26          26     37   34 104  166  -43  451 -134  451 -134  32  0  0 L3P 6E
G30 FF 61158 143800  780 409 2627    -2035670    -99          17     35   14   5  112   -7  273  -45  273  -45  12  0  0 L3P 23
G04 FF 61158 145400  780 336  934     -550745    -52           5    -37   33 123  133   10  352   75  352   75  27  0  0 L3P 04
G07 FF 61158 145400  780 546 1923     1785036     59           6     15   20   5   90    4  217  -11  217  -11  18  0  0 L3P D0
G09 FF 61158 145400  780 563 1327    -7556652     12           5    -25   18  42   88   -1  233   28  233   28  16  0  0 L3P FD
G14 FF 61158 145400  780 334 3379    -7447473    -75          26    -63   27 104  134  -27  371  -18  371  -18  22  0  0 L3P 73
G30 FF 61158 145400  780 435 2528    -2035798   -147          18    -12   18   5  107   -5  256    3  256    3  14  0  0 L3P 02
G04 FF 61158 151000  780 306  851     -550727      2          37     17   32 123  144   14  366   28  366   28  30  0  0 L3P E1
G07 FF 61158 151000  780 513 1807     1785077     36           5     -9   18   5   94    5  227   15  227   15  16  0  0 L3P BD
G09 FF 61158 151000  780 565 1186    -7556615     18           7    -19   17  42   88    0  242   30  242   30  14  0  0 L3P E6
G14 FF 61158 151000  780 408 3359    -7447491    -49          19    -37   27 104  112  -18  331    2  331    2  27  0  0 L3P 21
G21 FF 61158 151000  780 229 2235    -4149952     15          33     16   36 105  188  -44  329  -42  329  -42  32  0  0 L3P 47
G22 FF 61158 151000  780 240 3357      112395    -34          34     30   41  11  180  -49  489 -128  489 -128  40  0  0 L3P 44
G30 FF 61158 151000  780 455 2424    -2035929   -131          16      3   18   5  103   -3  257   -8  257   -8  16  0  0 L3P F0
G04 FF 61158 152600  780 272  773     -550772     71           7     85   32 123  160   20  432  -26  432  -26  23  0  0 L3P FC
G07 FF 61158 152600  780 479 1703     1785117     56           2     12   16   5   99    6  242    5  242    5  14  0  0 L3P 9B
G09 FF 61158 152600  780 556 1045    -7556586     59           1     22   16  42   89    2  261    2  261    2  14  0  0 L3P BC
G14 FF 61158 152600  780 484 3327    -7447506     -1          15     10   20 104   98  -12  304  -38  304  -38  18  0  0 L3P 2A
G21 FF 61158 152600  780 283 2280    -4149961    -24          25    -23   19 105  155  -26  316    9  316    9  19  0  0 L3P 2B
G22 FF 61158 152600  780 308 3337      112326   -102          26    -38   30  11  143  -30  410  -30  410  -30  26  0  0 L3P 11
G30 FF 61158 152600  780 470 2316    -2036054   -138          19     -4   20   5  100   -2  246   -5  246   -5  16  0  0 L3P ED
G04 FF 61158 154200  780 233  702     -550783    -49          10    -34   34 123  185   31  489  105  489  105  29  0  0 L3P 3F
G07 FF 61158 154200  780 444 1608     1785164     19           7    -25   27   5  105    7  258   47  258   47  25  0  0 L3P EF
G09 FF 61158 154200  780 536  910    -7556536     39          17      3   14  42   91    3  272   30  272   30  13  0  0 L3P C4
G14 FF 61158 154200  780 561 3280    -7447508    -27          25    -16   17 104   89   -8  277    2  277    2  15  0  0 L3P 0E
G21 FF 61158 154200  780 330 2339    -4149958     20          28     21   21 105  135  -16  309  -17  309  -17  18  0  0 L3P 41
G22 FF 61158 154200  780 377 3309      112263    -79          25    -15   33  11  120  -20  367  -21  367  -21  32  0  0 L3P 1B
G30 FF 61158 154200  780 481 2206    -2036189   -119          13     15   18   5   99   -1  251  -12  251  -12  16  0  0 L3P 0D
G07 FF 61158 155800  780 411 1520     1785212     33          12    -11   16   5  112    8  282   49  282   49  14  0  0 L3P DF
G09 FF 61158 155800  780 504  789    -7556514     32           3     -5   19  42   95    5  318   40  318   40  18  0  0 L3P D7
G14 FF 61158 155800  780 636 3206    -7447517    -44          26    -33   17 104   82   -5  263   21  263   21  15  0  0 L3P 23
G21 FF 61158 155800  780 369 2414    -4149958      5          29      7   14 105  122  -10  316    4  316    4  11  0  0 L3P E1
G22 FF 61158 155800  780 448 3269      112200    -70          22     -7   13  11  104  -13  339  -18  339  -18  11  0  0 L3P 0B
G30 FF 61158 155800  780 488 2095    -2036307   -135          24     -1   17   5   98   -1  248    9  248    9  16  0  0 L3P ED
G07 FF 61158 161400  780 379 1436     1785261     93          16     48   15  23  120    9  304  -19  304  -19  13  0  0 L3P 0E
G09 FF 61158 161400  780 462  685    -7556463     38          16      1   18  43  102    8  346   51  346   51  15  0  0 L3P E5
G14 FF 61158 161400  780 707 3081    -7447521     -6          35      6   14 105   78   -3  260    5  260    5  13  0  0 L3P C5
G21 FF 61158 161400  780 396 2503    -4149965      7          25      8   20 106  115   -5  326   -3  326   -3  16  0  0 L3P E9
G22 FF 61158 161400  780 517 3212      112143    -68          24     -5   14  16   94   -9  313  -10  313  -10  12  0  0 L3P D6
G30 FF 61158 161400  780 492 1985    -2036442   -143          23     -9   23   6   97    0  262   10  262   10  18  0  0 L3P E7
G05 FF 61158 163000  780 221 2361     2323269    -27           5    -31   22  55  195  -24  410   16  410   16  19  0  0 L3P FF
G07 FF 61158 163000  780 348 1355     1785305     18          18    -26   16  23  128   10  318   41  318   41  15  0  0 L3P 08
G09 FF 61158 163000  780 413  597    -7556424     31          20     -6   23  43  111   12  386   53  386   53  21  0  0 L3P F4
G14 FF 61158 163000  780 762 2850    -7447538      1          29     12   16 105   76   -1  258  -18  258  -18  13  0  0 L3P 1B
G17 FF 61158 163000  780 239  143     1233521     79          29     -7   28  49  181  -42  729 -155  729 -155  22  0  0 L3P 4A
G21 FF 61158 163000  780 410 2602    -4149959     18          32     20   22 106  112   -1  333    5  333    5  19  0  0 L3P DB
G22 FF 61158 163000  780 584 3132      112076    -68          18     -4   11  16   86   -6  299  -11  299  -11  10  0  0 L3P F5
G30 FF 61158 163000  780 493 1874    -2036574   -167          20    -33   17   6   97    0  259   27  259   27  14  0  0 L3P 14
G05 FF 61158 164600  780 244 2432     2323277     16           9     11   26  55  177  -13  414    0  414    0  22  0  0 L3P C5
G07 FF 61158 164600  780 319 1276     1785342      6          12    -39   20  23  139   12  342   50  342   50  15  0  0 L3P F4
G09 FF 61158 164600  780 359  525    -7556389     68          20     31   21  43  125   18  443   35  443   35  17  0  0 L3P 12
G14 FF 61158 164600  780 782 2470    -7447548      5          30     16   15 105   75    0  249  -22  249  -22  13  0  0 L3P 09
G17 FF 61158 164600  780 298  184     1233599     63          24    -23   33  49  148  -28  600  -92  600  -92  29  0  0 L3P 3E
G21 FF 61158 164600  780 408 2706    -4149958     12          34     13   32 106  112    2  355   23  355   23  28  0  0 L3P 08
G22 FF 61158 164600  780 645 3014      112030    -42          33     21   14  16   81   -4  275  -24  275  -24  12  0  0 L3P E0
G30 FF 61158 164600  780 492 1765    -2036694   -106          28     28   12   6   97    0  251  -33  251  -33  11  0  0 L3P 10
G05 FF 61158 170200  780 257 2511     2323290     56          17     51   29  55  169   -5  424  -26  424  -26  23  0  0 L3P 14
G07 FF 61158 170200  780 290 1199     1785384      7          12    -37   24  23  151   14  360   50  360   50  18  0  0 L3P F7
G09 FF 61158 170200  780 300  466    -7556351     67          24     31   28  43  147   27  515   60  515   60  21  0  0 L3P FB
G14 FF 61158 170200  780 753 2123    -7447574      0          15     11   14 105   76    2  252  -19  252  -19  12  0  0 L3P F4
G17 FF 61158 170200  780 360  229     1233671    115          13     28   27  49  125  -20  504 -120  504 -120  24  0  0 L3P 2F
G21 FF 61158 170200  780 393 2808    -4149951     -7          42     -5   21 106  116    6  382   44  382   44  19  0  0 L3P 0A
G22 FF 61158 170200  780 694 2840      111960    -53          25     11   17  16   79   -2  274  -10  274  -10  14  0  0 L3P EE
G30 FF 61158 170200  780 490 1656    -2036840   -142          11     -7   16   6   97    1  260    8  260    8  15  0  0 L3P C4
G05 FF 61158 171800  780 260 2593     2323300     23          23     18   28  55  167    2  438   15  438   15  27  0  0 L3P EE
G07 FF 61158 171800  780 262 1124     1785438     54          24     10   43  23  166   17  360    2  360    2  40  0  0 L3P CF
G09 FF 61158 171800  780 240  418    -7556313     62          26     26   28  43  181   45  612  106  612  106  22  0  0 L3P 1E
G14 FF 61158 171800  780 698 1920    -7447589    -12          10     -1   19 105   78    3  241  -11  241  -11  16  0  0 L3P 1C
G17 FF 61158 171800  780 424  281     1233754     70          14    -16   16  49  109  -14  415  -60  415  -60  13  0  0 L3P 1B
G19 FF 61158 171800  780 232   19    -6983796    -75          54    -65   29  99  186  -51  817 -168  817 -168  23  0  0 L3P 95
G20 FF 61158 171800  780 242 2175    -1302151   -188          18     -9   32 179  179  -46  367  -48  367  -48  28  0  0 L3P 81
G21 FF 61158 171800  780 366 2902    -4149952      3          42      4   20 106  123   10  412   28  412   28  15  0  0 L3P EA
G22 FF 61158 171800  780 720 2599      111895    -77          20    -14   12  16   77   -1  257  -11  257  -11  10  0  0 L3P 06
G30 FF 61158 171800  780 486 1547    -2036951   -175          29    -40   18   6   98    1  236   37  236   37  17  0  0 L3P 1D
G05 FF 61158 173400  780 252 2675     2323327      0          46     -5   35  55  172    8  434   36  434   36  32  0  0 L3P DA
G07 FF 61158 173400  780 234 1051     1785478     84          20     40   44  23  184   21  362  -31  362  -31  39  0  0 L3P 17
G14 FF 61158 173400  780 636 1798    -7447613    -24          -2    -12   13 105   82    5  233   -1  233   -1  12  0  0 L3P F9
G17 FF 61158 173400  780 489  346     1233829     69           6    -17   14  49   98  -10  347  -43  347  -43  12  0  0 L3P 1D
G19 FF 61158 173400  780 300   48    -6983816    -43          44    -32   25  99  147  -32  610 -176  610 -176  22  0  0 L3P 61
G20 FF 61158 173400  780 307 2180    -1302359   -214         -18    -34   20 179  144  -29  344  -16  344  -16  18  0  0 L3P 79
G21 FF 61158 173400  780 330 2987    -4149956     -7          40     -6   24 106  135   14  453   70  453   70  19  0  0 L3P 21
G22 FF 61158 173400  780 715 2334      111830    -55          16      9   16  16   78    1  233  -29  233  -29  15  0  0 L3P DB
G30 FF 61158 173400  780 479 1439    -2037092   -132          17      3   16   6   99    1  235   -9  235   -9  15  0  0 L3P E5
G05 FF 61158 175000  780 235 2756     2323342   -157          56   -161   44  55  183   16  455  210  455  210  42  0  0 L3P 60
G14 FF 61158 175000  780 573 1712    -7447619    -16           2     -5   20 105   87    6  227   17  227   17  18  0  0 L3P F9
G17 FF 61158 175000  780 550  431     1233908    101           2     15   15  49   90   -7  300  -59  300  -59  13  0  0 L3P E1
G19 FF 61158 175000  780 372   78    -6983839     26          30     36   20  99  121  -21  470 -161  470 -161  16  0  0 L3P 46
G20 FF 61158 175000  780 373 2198    -1302520   -265          -6    -86   25 179  121  -19  295   38  295   38  21  0  0 L3P 64
G21 FF 61158 175000  780 289 3063    -4149954      5          42      6   49 106  151   21  525   91  525   91  36  0  0 L3P 0A
G22 FF 61158 175000  780 684 2113      111763    -65          11     -2   17  16   79    2  220   -8  220   -8  14  0  0 L3P B4
G30 FF 61158 175000  780 469 1332    -2037237    -79           1     55   19   6  101    2  247  -58  247  -58  15  0  0 L3P 07
G05 FF 61158 180600  780 211 2833     2323314     40          20     36   15  56  203   25  545   51  545   51  12  0  0 L3P E7
G14 FF 61158 180600  780 512 1641    -7447621    -20          18     -9   18 106   94    8  214   -2  214   -2  15  0  0 L3P EF
G17 FF 61158 180600  780 603  549     1233990    111           3     24   14  50   85   -4  262  -49  262  -49  12  0  0 L3P F2
G19 FF 61158 180600  780 448  111    -6983861     -9          19      1   26   7  104  -15  374  -72  374  -72  26  0  0 L3P 10
G20 FF 61158 180600  780 439 2233    -1302690   -170          -3      9   17 180  106  -13  269  -14  269  -14  12  0  0 L3P 43
G21 FF 61158 180600  780 246 3132    -4149955     -3          39     -2   24 107  176   30  635  140  635  140  18  0  0 L3P 38
G22 FF 61158 180600  780 638 1952      111711    -67          18     -3   16  17   82    4  205   -5  205   -5  14  0  0 L3P BE
G30 FF 61158 180600  780 456 1227    -2037350   -122          20     13   17  26  103    3  230  -21  230  -21  16  0  0 L3P 04
G14 FF 61158 182200  780 454 1579    -7447634    -23          16    -11   28 106  103   10  200   -4  200   -4  25  0  0 L3P 16
G15 FF 61158 182200  780 251 2254    -4070656    -64           3    -31   31  71  173  -34  317  -13  317  -13  27  0  0 L3P 2E
G17 FF 61158 182200  780 639  709     1234055     59         -15    -28   18  50   82   -2  234   -8  234   -8  16  0  0 L3P F3
G19 FF 61158 182200  780 525  153    -6983883     22           7     32   25   7   93  -10  307  -97  307  -97  21  0  0 L3P 05
G20 FF 61158 182200  780 501 2290    -1302865   -164          -6     15   18 180   96   -9  246  -28  246  -28  14  0  0 L3P 41
G22 FF 61158 182200  780 586 1833      111633    -74           1    -10   14  17   86    5  203   -7  203   -7  13  0  0 L3P B5
G30 FF 61158 182200  780 438 1124    -2037477   -148          21    -14   14  26  106    4  213   -1  213   -1  11  0  0 L3P F9
G14 FF 61158 183800  780 400 1521    -7447653    -51           8    -39   18 106  114   13  199   24  199   24  14  0  0 L3P 32
G15 FF 61158 183800  780 301 2299    -4070686     -3           4     30   19  71  146  -22  283  -57  283  -57  18  0  0 L3P 30
G17 FF 61158 183800  780 650  901     1234138     84         -15     -2   14  50   81    0  201  -36  201  -36  12  0  0 L3P D3
G19 FF 61158 183800  780 603  215    -6983889    -22          11    -11   22   7   85   -7  247  -46  247  -46  16  0  0 L3P 22
G20 FF 61158 183800  780 557 2379    -1303038   -198          -6    -18   12 180   89   -6  235    5  235    5  11  0  0 L3P 19
G22 FF 61158 183800  780 533 1738      111565    -47          -6     17   18  17   92    7  195  -33  195  -33  15  0  0 L3P FF
G30 FF 61158 183800  780 416 1026    -2037615   -120          12     14   18  26  110    5  213  -17  213  -17  16  0  0 L3P 13
G14 FF 61158 185400  780 350 1464    -7447669     -3           2      8   20 106  128   16  197  -17  197  -17  16  0  0 L3P 24
G15 FF 61158 185400  780 345 2358    -4070716    -24           6      9   21  71  129  -14  256  -33  256  -33  18  0  0 L3P 26
G17 FF 61158 185400  780 630 1084     1234220     88         -16      2   17  50   83    2  180  -19  180  -19  16  0  0 L3P EB
G19 FF 61158 185400  780 678  316    -6983903    -29           7    -19   13   7   79   -4  210  -24  210  -24  11  0  0 L3P 04
G20 FF 61158 185400  780 599 2506    -1303215   -185         -10     -5   17 180   85   -3  227   -6  227   -6  15  0  0 L3P 25
G22 FF 61158 185400  780 480 1657      111514    -54           4      9   20  17   99    8  175  -16  175  -16  20  0  0 L3P D3
G30 FF 61158 185400  780 390  933    -2037751    -87           5     47   24  26  117    8  219  -36  219  -36  23  0  0 L3P 10
G14 FF 61158 191000  780 304 1407    -7447655    -18          27     -7   27 106  145   20  167   -6  167   -6  22  0  0 L3P 21
G15 FF 61158 191000  780 381 2433    -4070747    -39           6     -6   28  71  119   -9  242  -11  242  -11  24  0  0 L3P 12
G17 FF 61158 191000  780 587 1224     1234298     67         -21    -20   19  50   86    5  164   -6  164   -6  18  0  0 L3P F6
G19 FF 61158 191000  780 739  508    -6983908     -1          12      9   33   7   77   -2  176  -25  176  -25  26  0  0 L3P F3
G20 FF 61158 191000  780 619 2669    -1303374   -289           3   -110   34 180   83   -1  214   60  214   60  22  0  0 L3P 25
G22 FF 61158 191000  780 430 1584      111449    -66           0     -3   32  17  108   10  168  -13  168  -13  29  0  0 L3P ED
G30 FF 61158 191000  780 358  846    -2037877   -141           8     -7   22  26  126   11  221   13  221   13  20  0  0 L3P EF
G14 FF 61158 192600  780 261 1350    -7447694     -1           0     11   25 106  167   25  184  -17  184  -17  19  0  0 L3P 26
G15 FF 61158 192600  780 407 2521    -4070780    -34           5     -1   25  71  113   -5  231   -7  231   -7  22  0  0 L3P DF
G17 FF 61158 192600  780 529 1318     1234373     86         -28      0   21  50   92    8  151  -19  151  -19  18  0  0 L3P F9
G19 FF 61158 192600  780 765  837    -6983923      8           7     18   13   7   76    0  154  -31  154  -31  11  0  0 L3P D3
G20 FF 61158 192600  780 613 2843    -1303551   -200          -2    -21   12 180   84    2  210   13  210   13  10  0  0 L3P EB
G22 FF 61158 192600  780 382 1515      111384    -78          -4    -14   24  17  119   13  164   -4  164   -4  19  0  0 L3P F5
G30 FF 61158 192600  780 321  766    -2038020   -105          -7     29   26  26  138   15  231  -42  231  -42  20  0  0 L3P 18
G06 FF 61158 194200  780 254  469     6077715     30          21     57   41  42  171  -30  275 -136  275 -136  28  0  0 L3P 45
G14 FF 61158 194200  780 221 1293    -7447693     -7          12      5   27 106  194   33  161  -22  161  -22  21  0  0 L3P 19
G15 FF 61158 194200  780 419 2619    -4070807    -18          10     15   27  71  110   -1  220  -15  220  -15  25  0  0 L3P 16
G17 FF 61158 194200  780 463 1376     1234449     81         -36     -6   30  50  102   12  139  -11  139  -11  28  0  0 L3P 19
G19 FF 61158 194200  780 737 1156    -6983935      6           5     17   13   7   77    2  139  -28  139  -28  10  0  0 L3P ED
G20 FF 61158 194200  780 582 2997    -1303726   -193          -5    -13   16 180   87    4  209   15  209   15  12  0  0 L3P 2A
G22 FF 61158 194200  780 338 1448      111315    -41         -11     22   20  17  132   15  161  -40  161  -40  17  0  0 L3P FA
G24 FF 61158 194200  780 238 2191      143599   -158         -11     22   32  69  182  -41  214  -65  214  -65  30  0  0 L3P 45
G30 FF 61158 194200  780 281  694    -2038154    -77         -12     57   24  26  156   22  235  -48  235  -48  22  0  0 L3P 3A
G06 FF 61158 195800  780 300  537     6077675      1           6     28   26  42  147  -21  224  -66  224  -66  21  0  0 L3P FB
G15 FF 61158 195800  780 416 2722    -4070839    -35           9     -2   24  71  111    2  220   -4  220   -4  20  0  0 L3P D3
G17 FF 61158 195800  780 394 1409     1234535     83         -32     -4   21  50  116   18  128  -14  128  -14  18  0  0 L3P 24
G19 FF 61158 195800  780 677 1332    -6983938     13          11     23   12   7   80    4  122  -32  122  -32  12  0  0 L3P F1
G20 FF 61158 195800  780 534 3118    -1303892   -175           2      5   17 180   92    7  209   -3  209   -3  14  0  0 L3P EE
G22 FF 61158 195800  780 296 1382      111269    -96           4    -32   21  17  148   19  138   11  138   11  17  0  0 L3P FC
G24 FF 61158 195800  780 295 2170      143429   -202          -8    -21   27  69  149  -28  174  -17  174  -17  23  0  0 L3P 4E
G30 FF 61158 195800  780 236  630    -2038256   -179          15    -45   35  26  182   34  221   56  221   56  30  0  0 L3P 2A
G06 FF 61158 201400  780 343  613     6077647    -58           4    -30   27  45  130  -14  185  -19  185  -19  23  0  0 L3P 21
G12 FF 61158 201400  780 230 2549     6078846    -15          27    -14   34  29  187  -22  261  -42  261  -42  30  0  0 L3P 3C
G15 FF 61158 201400  780 401 2823    -4070874    -26           2      7   24 101  114    5  222   -6  222   -6  19  0  0 L3P CF
G17 FF 61158 201400  780 326 1425     1234632    109         -23     24   15  66  136   26  116  -36  116  -36  12  0  0 L3P 26
G19 FF 61158 201400  780 606 1415    -6983946    -19          18     -9   14  78   84    6  107   -6  107   -6  12  0  0 L3P FD
G20 FF 61158 201400  780 477 3209    -1304070   -163          -2     17   19 181   99   10  223   -3  223   -3  14  0  0 L3P 03
G22 FF 61158 201400  780 257 1317      111203   -111          -8    -48   25  27  168   23  139   35  139   35  18  0  0 L3P 08
G24 FF 61158 201400  780 356 2155      143245   -139         -16     42   21  70  126  -20  149  -66  149  -66  18  0  0 L3P 3E
G06 FF 61158 203000  780 381  699     6077628     21          11     48   24  45  119   -9  144  -80  144  -80  21  0  0 L3P 09
G11 FF 61158 203000  780 279  212     3577145   -109          22     17   35 189  157  -32  272  -94  272  -94  27  0  0 L3P 53
G12 FF 61158 203000  780 257 2477     6078840    -12          22    -10   28  29  169  -17  218  -38  218  -38  26  0  0 L3P 4B
G15 FF 61158 203000  780 374 2917    -4070899    -12           8     21   26 101  121    9  228   -3  228   -3  23  0  0 L3P F3
G17 FF 61158 203000  780 258 1428     1234703     11         -33    -74   29  66  168   41  119   33  119   33  24  0  0 L3P 15
G19 FF 61158 203000  780 532 1453    -6983958     -7          17      3   15  78   92    9  102  -13  102  -13  13  0  0 L3P ED
G20 FF 61158 203000  780 415 3280    -1304238   -179           2      0   17 181  111   14  234   21  234   21  15  0  0 L3P EE
G22 FF 61158 203000  780 221 1251      111143     19          -6     83   24  27  194   30  131  -90  131  -90  21  0  0 L3P D9
G24 FF 61158 203000  780 420 2149      143083   -165          -4     15   19  70  110  -15  125  -21  125  -21  16  0  0 L3P 07
G06 FF 61158 204600  780 410  795     6077600     12          10     39   21  45  112   -5  119  -55  119  -55  19  0  0 L3P FC
G11 FF 61158 204600  780 340  262     3577026    -93          25     33   29 189  131  -22  194  -86  194  -86  24  0  0 L3P 44
G12 FF 61158 204600  780 283 2404     6078840    -11          23    -10   20  29  154  -14  176  -39  176  -39  19  0  0 L3P 40
G15 FF 61158 204600  780 339 3002    -4070921     -2          18     31   25 101  132   14  238   -6  238   -6  21  0  0 L3P F3
G19 FF 61158 204600  780 459 1467    -6983964    -51          20    -41   24  78  102   13   93   26   93   26  23  0  0 L3P 1A
G20 FF 61158 204600  780 352 3337    -1304417   -154          -5     26   38 181  127   20  262    6  262    6  37  0  0 L3P 0B
G24 FF 61158 204600  780 487 2154      142915   -144           1     37   19  70   98  -11  110  -42  110  -42  17  0  0 L3P 01
G06 FF 61158 210200  780 426  900     6077561    -14          -4     14   24  45  108   -2  107  -25  107  -25  21  0  0 L3P F0
G11 FF 61158 210200  780 403  319     3576918   -128          37     -2   23 189  114  -15  137  -43  137  -43  20  0  0 L3P 39
G12 FF 61158 210200  780 310 2330     6078828     19          12     20   26  29  142  -11  148  -52  148  -52  23  0  0 L3P 10
G15 FF 61158 210200  780 298 3079    -4070946    -33          25      0   32 101  148   20  248   11  248   11  24  0  0 L3P 08
G19 FF 61158 210200  780 389 1466    -6983971     -2          23      8   22  78  117   18   80  -13   80  -13  18  0  0 L3P FE
G20 FF 61158 210200  780 291 3387    -1304567   -170          18      9   47 181  151   29  280   43  280   43  43  0  0 L3P 2C
G24 FF 61158 210200  780 556 2176      142743   -178           2      3   12  70   89   -8  101   -6  101   -6  10  0  0 L3P B3
G06 FF 61158 211800  780 428 1009     6077535    -45          -3    -18   29  45  108    1   87   10   87   10  26  0  0 L3P E3
G11 FF 61158 211800  780 465  388     3576790   -139          30    -13   17 189  101  -11  108  -21  108  -21  14  0  0 L3P 4B
G12 FF 61158 211800  780 337 2255     6078816      5           1      7   24  29  132  -10  124  -43  124  -43  20  0  0 L3P DE
G15 FF 61158 211800  780 254 3148    -4070979    -44          24    -11   21 101  170   28  270   43  270   43  17  0  0 L3P 2D
G19 FF 61158 211800  780 323 1455    -6983977      6          27     16   13  78  137   25   68  -25   68  -25  11  0  0 L3P 12
G20 FF 61158 211800  780 232 3432    -1304758   -183          -1     -3   29 181  186   44  343   47  343   47  22  0  0 L3P 31
G24 FF 61158 211800  780 625 2225      142574   -190           8     -9   19  70   83   -5   86    1   86    1  17  0  0 L3P A0
G06 FF 61158 213400  780 413 1112     6077504     -5          -8     23   28  45  111    5   84  -22   84  -22  26  0  0 L3P C9
G11 FF 61158 213400  780 523  477     3576658   -131          20     -5   18 189   93   -7   99  -11   99  -11  15  0  0 L3P 0F
G12 FF 61158 213400  780 365 2180     6078820     29           6     30   26  29  123   -9   99  -56   99  -56  22  0  0 L3P F6
G15 FF 61158 213400  780 211 3212    -4071028    -15           6     18   22 101  203   40  328   34  328   34  17  0  0 L3P F6
G19 FF 61158 213400  780 261 1437    -6983995     23          18     34   29  78  167   37   71  -40   71  -40  25  0  0 L3P 20
G24 FF 61158 213400  780 690 2325      142398   -189           5     -8   14  70   79   -3   84    6   84    6  12  0  0 L3P A8
G06 FF 61158 215000  780 384 1203     6077484    -36          -2     -9   28  45  118   10   74    5   74    5  25  0  0 L3P BD
G11 FF 61158 215000  780 572  594     3576539   -141          22    -15   14 189   88   -4   85    7   85    7  13  0  0 L3P E4
G12 FF 61158 215000  780 395 2103     6078814      4           1      5   17  29  115   -8   91  -10   91  -10  15  0  0 L3P A9
G24 FF 61158 215000  780 741 2523      142214   -176          -6      5   15  70   77   -1   90  -10   90  -10  14  0  0 L3P B9
G06 FF 61158 221800  780 307 1325     6077444    -33          -1     -5   31  52  144   22   62   12   62   12  25  0  0 L3P C6
G11 FF 61158 221800  780 614  871     3576323   -128          22     -2   16 190   84    0   73  -11   73  -11  14  0  0 L3P DC
G12 FF 61158 221800  780 452 1963     6078806     22          -3     24   17  30  103   -6   75  -32   75  -32  16  0  0 L3P E6
G24 FF 61158 221800  780 736 3063      141908   -164         -10     17   18  82   77    2   89   -6   89   -6  13  0  0 L3P D9
G29 FF 61158 221800  780 225 2893     3314366    -51          44     21   27 108  191  -34  196  -61  196  -61  22  0  0 L3P 52
G06 FF 61158 223400  780 253 1373     6077414     20          -5     47   23  52  172   37   69  -23   69  -23  17  0  0 L3P F5
G11 FF 61158 223400  780 603 1039     3576201   -123          21      3   19 190   85    2   65   -6   65   -6  16  0  0 L3P C0
G12 FF 61158 223400  780 486 1876     6078802    -16          -6    -15   17  30   98   -5   69   10   69   10  13  0  0 L3P E7
G24 FF 61158 223400  780 681 3260      141743   -174          -2      6   13  82   79    4   82   -1   82   -1  12  0  0 L3P 98
G25 FF 61158 223400  780 228 2237    -4266250     28          23      0   47  83  189  -35  105  -20  105  -20  38  0  0 L3P 19
G29 FF 61158 223400  780 265 2822     3314284    -85          32    -12   36 108  164  -22  168  -29  168  -29  33  0  0 L3P 61
G11 FF 61158 225000  780 568 1179     3576074   -152          15    -26   15 190   88    5   67   17   67   17  14  0  0 L3P 0A
G12 FF 61158 225000  780 522 1782     6078814    -19           7    -18   14  30   93   -5   60   19   60   19  13  0  0 L3P CD
G24 FF 61158 225000  780 610 3370      141577   -154           6     27   22  82   84    6   80  -22   80  -22  23  0  0 L3P BF
G25 FF 61158 225000  780 274 2191    -4266232     12          13    -16   42  83  159  -26  101    4  101    4  38  0  0 L3P ED
G29 FF 61158 225000  780 300 2745     3314217   -112          35    -39   24 108  147  -15  142   18  142   18  20  0  0 L3P 36
G11 FF 61158 230600  780 517 1280     3575952    -98          15     29   28 190   94    8   63  -24   63  -24  26  0  0 L3P 07
G12 FF 61158 230600  780 557 1676     6078806      5           0      6   14  30   89   -4   65    7   65    7  12  0  0 L3P 78
G24 FF 61158 230600  780 535 3437      141392   -195          -6    -15   32  82   92    9   98   28   98   28  31  0  0 L3P E8
G25 FF 61158 230600  780 323 2146    -4266213    -23           5    -52   23  83  137  -20   96   47   96   47  20  0  0 L3P FD
G29 FF 61158 230600  780 331 2663     3314146    -37          33     36   21 108  134  -11  124  -39  124  -39  18  0  0 L3P 3C
G05 FF 61158 232200  780 241  431     2323402    -25          17    -29   38  58  179  -34  124   -8  124   -8  29  0  0 L3P 07
G11 FF 61158 232200  780 456 1348     3575835   -130          19     -4   38 190  103   11   61   11   61   11  35  0  0 L3P F5
G12 FF 61158 232200  780 589 1553     6078814     16           9     17   12  30   86   -3   60  -12   60  -12   9  0  0 L3P B9
G21 FF 61158 232200  780 223  715    -4149988     -3          25     -1   30 109  193  -25  110   -2  110   -2  24  0  0 L3P E9
G24 FF 61158 232200  780 459 3483      141223   -218          -1    -38   31  82  102   14  112   64  112   64  30  0  0 L3P F9
G25 FF 61158 232200  780 377 2103    -4266176     -6          14    -35   17  83  120  -16   84   30   84   30  14  0  0 L3P F4
G29 FF 61158 232200  780 358 2576     3314068    -19          25     53   16 108  125   -8  125  -43  125  -43  14  0  0 L3P 37
G05 FF 61158 233800  780 288  497     2323398    -46           8    -50   33  58  152  -23  112   16  112   16  25  0  0 L3P 0A
G11 FF 61158 233800  780 392 1391     3575720   -144          25    -18   26 190  116   17   58   16   58   16  24  0  0 L3P 24
G12 FF 61158 233800  780 615 1410     6078813     20           9     21   13  30   84   -2   60  -19   60  -19  11  0  0 L3P B8
G21 FF 61158 233800  780 249  792    -4149971    -81          43    -80   37 109  174  -16   84   74   84   74  37  0  0 L3P 38
G24 FF 61158 233800  780 384 3520      141058   -162           7     18   18  82  118   20  131   25  131   25  14  0  0 L3P EA
G25 FF 61158 233800  780 435 2062    -4266140     52          23     24   21  83  107  -12   73  -28   73  -28  18  0  0 L3P 0A
G29 FF 61158 233800  780 382 2486     3313999    -57          26     16   13 108  119   -6  114  -18  114  -18  12  0  0 L3P 45
