CGGTTS     GENERIC DATA FORMAT VERSION = 2E
REV DATE = 2025-11-01
RCVR = PolaRx5TR (5.6.0)     sbf2cggtts-1.5.0
CH = 80
IMS = PolaRx5TR
LAB = LRTE
X = 3967035.920 m
Y = -4390028.540 m
Z = -2375644.640 m
FRAME = ITRF
COMMENTS = LS=18; ElMask=10deg; 'Generated from the SBF in 2026-03-15 at 23:58:00'
INT DLY = 24.9 ns (GPS P1),  15.7 ns (GPS P2)     CAL_ID = 1201-2025
CAB DLY = 103.1 ns
REF DLY = 47.2 ns
REF = UTC(LRTE)
CKSUM = 00

SAT CL  MJD  STTIME TRKL ELV AZTH   REFSV      SRSV     REFSYS    SRSYS  DSG IOE MDTR SMDT MDIO SMDI MSIO SMSI ISG FR HC FRC CK
             hhmmss  s  .1dg .1dg    .1ns     .1ps/s     .1ns    .1ps/s .1ns     .1ns.1ps/s.1ns.1ps/s.1ns.1ps/s.1ns
G06 FF 61114 000200  780 425  870     6109973     54      -16804     53   18 111  109   -3  169  -18  169  -18  14  0  0 L3P 5B
G11 FF 61114 000200  780 379  283     4055544    -59      -16788     70   18  88  120  -18  404 -164  404 -164  14  0  0 L3P 91
G12 FF 61114 000200  780 314 2334     6061976     42      -16800     40   17  43  140  -11  252  -49  252  -49  14  0  0 L3P 4E
G13 FF 61114 000200  780 340 3478    -6851668     53      -16806     39   21  27  131   25  781  171  781  171  17  0  0 L3P 7E
G15 FF 61114 000200  780 309 3068    -3959026     25      -16792     59   39   2  143   18  820   79  820   79  28  0  0 L3P 5A
G19 FF 61114 000200  780 396 1465    -6953816     89      -16801    102   18  44  115   17  118  -44  118  -44  17  0  0 L3P 86
G20 FF 61114 000200  780 303 3384     -539988   -194      -16809     33   45  74  146   27  884  114  884  114  41  0  0 L3P 98
G22 FF 61114 000200  780 169 1142      322151    -39      -16796     16   25  51  249   47  125   37  125   37  20  0  0 L3P 31
G24 FF 61114 000200  780 530 2168      800733   -112      -16788     55   14  51   92   -9  170   -3  170   -3  11  0  0 L3P 18
G06 FF 61114 001800  780 431  979     6109821   -720      -16957   -721   89 111  108    0  150  -62  150  -62  25  0  0 L3P 89
G11 FF 61114 001800  780 442  345     4055259   -930      -16949   -801   79  88  105  -12  297  -66  297  -66  17  0  0 L3P BA
G12 FF 61114 001800  780 341 2258     6061818   -767      -16960   -768   75  43  131   -9  208  -37  208  -37  21  0  0 L3P AA
G13 FF 61114 001800  780 271 3513    -6851832   -754      -16982   -767   76  27  161   38  925  143  925  143  19  0  0 L3P D7
G15 FF 61114 001800  780 266 3139    -3959210   -780      -16944   -745   86   2  164   26  905   87  905   87  21  0  0 L3P A3
G19 FF 61114 001800  780 329 1456    -6953969   -733      -16941   -720   88  44  135   24  102  -59  102  -59  18  0  0 L3P C9
G20 FF 61114 001800  780 243 3429     -540374   -957      -16978   -731   80  74  178   41  982   42  982   42  16  0  0 L3P 9F
G22 FF 61114 001800  780 138 1077      321961   -808      -16933   -754   73  51  304   68  112  -11  112  -11  54  0  0 L3P 7D
G24 FF 61114 001800  780 599 2207      800421   -946      -16940   -779   86  51   85   -6  162    6  162    6  12  0  0 L3P 48
G06 FF 61114 003400  780 421 1084     6109220     74      -17560     73   28 111  110    4  130  -43  130  -43  23  0  0 L3P 30
G11 FF 61114 003400  780 504  424     4054536   -129      -17548      0   18  88   95   -8  218  -37  218  -37  16  0  0 L3P 4B
G12 FF 61114 003400  780 369 2182     6061220     33      -17559     32   20  43  122   -8  169  -35  169  -35  19  0  0 L3P 52
G13 FF 61114 003400  780 206 3547    -6852400      7      -17564     -7   30  27  208   63 1013  133 1013  133  20  0  0 L3P 62
G15 FF 61114 003400  780 221 3204    -3959843      3      -17544     37   25   2  194   38  987   72  987   72  18  0  0 L3P 4B
G19 FF 61114 003400  780 266 1439    -6954602     49      -17561     63   15  44  164   36  108  -42  108  -42  15  0  0 L3P 72
G20 FF 61114 003400  780 187 3472     -541188   -144      -17575     82   35  74  228   64 1019  -30 1019  -30  24  0  0 L3P 9A
G22 FF 61114 003400  780 107 1011      321305     -9      -17536     45   50  51  386  108  116  -10  116  -10  40  0  0 L3P 29
G24 FF 61114 003400  780 666 2287      799647   -147      -17554     20   16  51   80   -4  156   -2  156   -2  11  0  0 L3P 36
G06 FF 61114 005000  780 395 1180     6109289     60      -17491     59   28 111  115    8  114   -5  114   -5  27  0  0 L3P 33
G11 FF 61114 005000  780 558  528     4054477    -61      -17482     69   19  88   89   -5  166  -48  166  -48  16  0  0 L3P 6B
G12 FF 61114 005000  780 398 2104     6061279     89      -17501     88   27  43  115   -7  143  -44  143  -44  25  0  0 L3P 58
G13 FF 61114 005000  780 145 3581    -6852336    161      -17513    147   22  27  291  116 1038 -108 1038 -108  17  0  0 L3P DF
G15 FF 61114 005000  780 178 3265    -3959820     76      -17488    111   45   2  238   56 1046  -18 1046  -18  38  0  0 L3P A3
G19 FF 61114 005000  780 207 1416    -6954567     -6      -17513      8   35  44  207   56  114   65  114   65  25  0  0 L3P 3F
G20 FF 61114 005000  780 135 3515     -541329   -151      -17498     75   25  74  309  111  976  -51  976  -51  17  0  0 L3P 96
G24 FF 61114 005000  780 723 2445      799538   -125      -17502     42   15  51   77   -2  152    8  152    8  14  0  0 L3P 12
G25 FF 61114 005000  780 116 2387    -4389905    171      -17461    145   35  18  358 -106  362 -238  362 -238  26  0  0 L3P E3
G29 FF 61114 005000  780 148 3011     3571796    -55      -17481     14   41  64  284  -90 1181  187 1181  187  38  0  0 L3P B8
G06 FF 61114 011800  780 322 1310     6108627   -555      -18155   -557   88   1  138   20   99   -2   99   -2  22  0  0 L3P 48
G11 FF 61114 011800  780 619  789     4053595   -662      -18146   -532  100  88   83   -1  113  -46  113  -46  18  0  0 L3P 8F
G12 FF 61114 011800  780 452 1962     6060632   -537      -18150   -538   93  43  103   -6  104  -29  104  -29  15  0  0 L3P 8E
G15 FF 61114 011800  780 108 3367    -3960526   -568      -18137   -534   86   2  380  124  968 -100  968 -100  27  0  0 L3P E5
G19 FF 61114 011800  780 113 1362    -6955221   -588      -18144   -574  105  44  368  160   95   21   95   21  28  0  0 L3P 9E
G24 FF 61114 011800  780 746 2961      798604   -720      -18156   -553   85  51   76    1  129   -9  129   -9  15  0  0 L3P 60
G25 FF 61114 011800  780 181 2295    -4390533   -497      -18132   -523   82  18  234  -51  197  -92  197  -92  32  0  0 L3P CD
G29 FF 61114 011800  780 227 2904     3571027   -659      -18134   -590   98  64  189  -34  819 -330  819 -330  27  0  0 L3P F4
G05 FF 61114 013400  780 102  254     2285139    110      -18193    105   51   3  404 -148  983 -452  983 -452  48  0  0 L3P A1
G06 FF 61114 013400  780 269 1362     6108569     76      -18214     75   20   1  162   32   97   -2   97   -2  16  0  0 L3P 08
G11 FF 61114 013400  780 620  966     4053424    -41      -18193     89   16  88   83    1   87  -25   87  -25  12  0  0 L3P 1D
G12 FF 61114 013400  780 486 1874     6060568     92      -18215     91   20  43   98   -5   99  -23   99  -23  16  0  0 L3P 3C
G21 FF 61114 013400  780 118  520    -4103979     21      -18189     54   28  11  353  -95  318 -133  318 -133  21  0  0 L3P 81
G24 FF 61114 013400  780 700 3198      798383    -79      -18216     88   17  51   78    3  129  -11  129  -11  14  0  0 L3P 45
G25 FF 61114 013400  780 223 2246    -4390578     79      -18202     53   29  18  193  -36  156  -32  156  -32  23  0  0 L3P 7D
G29 FF 61114 013400  780 267 2833     3570902     -5      -18193     65   25  64  163  -22  504 -252  504 -252  24  0  0 L3P 8A
G05 FF 61114 015000  780 142  310     2285215     69      -18122     63   37   3  295  -86  529 -358  529 -358  30  0  0 L3P 75
G06 FF 61114 015000  780 212 1399     6108656     -3      -18128     -4   32   1  202   55   89   64   89   64  25  0  0 L3P 08
G11 FF 61114 015000  780 594 1125     4053362    -81      -18130     49   15  88   85    3   84   10   84   10  13  0  0 L3P F9
G12 FF 61114 015000  780 519 1779     6060646     73      -18138     72   16  43   93   -4   85   -3   85   -3  16  0  0 L3P 0B
G21 FF 61114 015000  780 150  584    -4103934     25      -18112     58   46  11  280  -60  208  -70  208  -70  42  0  0 L3P 4C
G24 FF 61114 015000  780 634 3332      798295    -88      -18144     79   14  51   82    5  129   -8  129   -8  13  0  0 L3P 26
G25 FF 61114 015000  780 268 2198    -4390490    103      -18139     77   29  18  162  -27  130  -32  130  -32  26  0  0 L3P 85
G29 FF 61114 015000  780 303 2757     3570905    -12      -18123     58   20  64  145  -15  320 -140  320 -140  16  0  0 L3P 7E
G05 FF 61114 020600  780 186  367     2285120   -573      -18223   -579   67  17  228  -55  301 -142  301 -142  24  0  0 L3P B7
G11 FF 61114 020600  780 548 1245     4053141   -714      -18233   -584   79  89   90    6   77   -2   77   -2  20  0  0 L3P 38
G12 FF 61114 020600  780 553 1673     6060538   -615      -18249   -616   70  52   89   -4   88   17   88   17  10  0  0 L3P 5C
G21 FF 61114 020600  780 182  651    -4104076   -546      -18222   -513   70  12  233  -40  167  -95  167  -95  36  0  0 L3P 9F
G24 FF 61114 020600  780 560 3411      798022   -798      -18253   -631   73  52   89    8  143   53  143   53  30  0  0 L3P 55
G25 FF 61114 020600  780 317 2152    -4390555   -580      -18228   -606   80  19  140  -21  106    5  106    5  26  0  0 L3P 6A
G29 FF 61114 020600  780 335 2674     3570742   -661      -18216   -592   73  66  133  -11  216  -60  216  -60  24  0  0 L3P AB
G05 FF 61114 022200  780 232  427     2284456    -23      -18892    -29   38  17  186  -36  215  -44  215  -44  26  0  0 L3P 79
G11 FF 61114 022200  780 490 1327     4052366   -138      -18884     -9   28  89   97    9   74   17   74   17  24  0  0 L3P 33
G12 FF 61114 022200  780 583 1551     6059888      2      -18899      1   23  52   86   -3   80    5   80    5  17  0  0 L3P CE
G21 FF 61114 022200  780 213  722    -4104759    -43      -18874    -11   29  12  201  -26  139   13  139   13  22  0  0 L3P 4B
G24 FF 61114 022200  780 484 3464      797209   -176      -18906     -9   33  52   98   12  158   35  158   35  32  0  0 L3P 55
G25 FF 61114 022200  780 369 2109    -4391189     45      -18887     19   17  19  122  -16   96   -8   96   -8  19  0  0 L3P 56
G29 FF 61114 022200  780 363 2587     3570021    -27      -18870     42   20  66  124   -8  164  -64  164  -64  16  0  0 L3P 69
G05 FF 61114 023800  780 279  493     2284537    105      -18817     99   33  17  157  -25  148  -70  148  -70  25  0  0 L3P 87
G11 FF 61114 023800  780 426 1379     4052296    -72      -18829     57   40  89  109   14   75    6   75    6  38  0  0 L3P 27
G12 FF 61114 023800  780 608 1410     6059953     73      -18836     72   15  52   84   -2   75    4   75    4  14  0  0 L3P EE
G18 FF 61114 023800  780 119 3261     3998785    -12      -18827     83   29  53  351 -183  967 -208  967 -208  21  0  0 L3P E0
G21 FF 61114 023800  780 239  798    -4104698    106      -18781    139   52  12  181  -17   87  -71   87  -71  47  0  0 L3P 87
G24 FF 61114 023800  780 409 3504      797099   -113      -18856     55   14  52  112   17  189   38  189   38  10  0  0 L3P 6B
G25 FF 61114 023800  780 426 2067    -4391095    154      -18818    128   21  19  108  -13   77  -63   77  -63  18  0  0 L3P 8D
G29 FF 61114 023800  780 386 2495     3570023      0      -18802     70   25  66  118   -6  123  -29  123  -29  23  0  0 L3P 47
G05 FF 61114 025400  780 324  565     2284591      2      -18769     -4   22  17  137  -17  118  -20  118  -20  18  0  0 L3P 3C
G11 FF 61114 025400  780 360 1410     4052220   -122      -18781      8   23  89  125   21   76    3   76    3  18  0  0 L3P F3
G12 FF 61114 025400  780 622 1250     6060006     -6      -18783     -7   20  52   83   -1   75   18   75   18  14  0  0 L3P F0
G18 FF 61114 025400  780 183 3233     3998727    -38      -18793     58   35  53  233  -80  682 -428  682 -428  29  0  0 L3P D2
G21 FF 61114 025400  780 258  877    -4104727    -49      -18778    -16   26  12  168  -10  121    9  121    9  23  0  0 L3P 48
G24 FF 61114 025400  780 336 3538      797015   -129      -18779     38   27  52  133   26  207   18  207   18  21  0  0 L3P 62
G25 FF 61114 025400  780 487 2026    -4391013     56      -18762     30   17  19   98  -10   68  -25   68  -25  19  0  0 L3P 51
G29 FF 61114 025400  780 405 2401     3570007    -96      -18751    -27   20  66  113   -4  104   14  104   14  18  0  0 L3P 40
G05 FF 61114 031000  780 365  646     2284046  -1035      -19319  -1041   89  17  123  -12  107  -15  107  -15  20  0  0 L3P A3
G11 FF 61114 031000  780 294 1424     4051565  -1207      -19312  -1077   96  89  150   31   65   23   65   23  23  0  0 L3P 77
G12 FF 61114 031000  780 622 1079     6059478  -1022      -19312  -1023   75  52   83    1   67  -23   67  -23  16  0  0 L3P 6D
G18 FF 61114 031000  780 246 3196     3998122  -1106      -19307  -1010   78  53  176  -44  364 -231  364 -231  23  0  0 L3P F0
G21 FF 61114 031000  780 269  960    -4105303  -1087      -19323  -1054   86  12  162   -4  115   -3  115   -3  22  0  0 L3P 72
G24 FF 61114 031000  780 266 3570      796312  -1180      -19322  -1013   88  52  164   40  267   31  267   31  15  0  0 L3P 8A
G25 FF 61114 031000  780 553 1985    -4391546  -1028      -19319  -1054   74  19   89   -8   77   -6   77   -6  14  0  0 L3P 8F
G28 FF 61114 031000  780 138 2258     5759060  -1087      -19315  -1009   77 102  304  -92  160  -50  160  -50  37  0  0 L3P D9
G29 FF 61114 031000  780 422 2304     3569394  -1123      -19298  -1053   80  66  109   -3   94  -13   94  -13  17  0  0 L3P 9B
G05 FF 61114 032600  780 399  738     2283842     78      -19528     73   26  17  114   -7   92   -7   92   -7  23  0  0 L3P 1E
G11 FF 61114 032600  780 229 1427     4051222     -2      -19531    128   29  89  188   51   72  -31   72  -31  22  0  0 L3P 3B
G12 FF 61114 032600  780 606  914     6059262     24      -19530     23   20  52   84    2   73   31   73   31  14  0  0 L3P D6
G18 FF 61114 032600  780 309 3149     3997802    -27      -19535     68   26  53  143  -27  245  -96  245  -96  19  0  0 L3P A3
G21 FF 61114 032600  780 270 1043    -4105530     15      -19518     48   42  12  161    2   94   12   94   12  36  0  0 L3P FF
G24 FF 61114 032600  780 201    1      795943    -99      -19531     68   25  52  213   65  361  132  361  132  18  0  0 L3P 2D
G25 FF 61114 032600  780 622 1943    -4391733     73      -19531     46   14  19   83   -6   74   15   74   15  12  0  0 L3P 1C
G28 FF 61114 032600  780 177 2311     5758784      2      -19516     80   31 102  239  -48  149    1  149    1  27  0  0 L3P 37
G29 FF 61114 032600  780 436 2206     3569114     16      -19511     85   18  66  107   -3   85  -25   85  -25  16  0  0 L3P 40
G05 FF 61114 034200  780 423  839     2283912     50      -19464     45   21  17  109   -4   82  -16   82  -16  17  0  0 L3P 21
G12 FF 61114 034200  780 573  768     6059307     28      -19486     27   20  52   87    4   89   11   89   11  16  0  0 L3P 01
G18 FF 61114 034200  780 369 3090     3997771    -69      -19473     27   28  53  122  -17  178  -45  178  -45  22  0  0 L3P 9F
G21 FF 61114 034200  780 261 1124    -4105491    -81      -19447    -48   37  12  167    9   81   79   81   79  35  0  0 L3P 43
G24 FF 61114 034200  780 140   34      795831    -94      -19482     73   24  52  300  123  527  156  527  156  16  0  0 L3P 54
G25 FF 61114 034200  780 695 1891    -4391653     83      -19477     57   12  19   79   -4   76  -12   76  -12  10  0  0 L3P 4A
G28 FF 61114 034200  780 209 2374     5758769    -74      -19456      5   27 102  205  -26  151   42  151   42  23  0  0 L3P 65
G29 FF 61114 034200  780 448 2107     3569114    -26      -19444     43   20  66  104   -2   69   -5   69   -5  17  0  0 L3P 24
G05 FF 61114 035800  780 433  947     2283589  -1200      -19793  -1205   69  17  107    0   78   32   78   32  20  0  0 L3P 6E
G12 FF 61114 035800  780 528  648     6058978  -1164      -19816  -1165   66  52   92    6   95    5   95    5  19  0  0 L3P 5A
G18 FF 61114 035800  780 426 3016     3997349  -1268      -19804  -1173   95  53  108  -12  141  -30  141  -30  40  0  0 L3P D2
G21 FF 61114 035800  780 240 1199    -4105859  -1242      -19784  -1209   63  12  180   18   87   25   87   25  17  0  0 L3P A3
G25 FF 61114 035800  780 770 1812    -4391948  -1120      -19797  -1146   60  19   76   -2   70  -21   70  -21  12  0  0 L3P 97
G28 FF 61114 035800  780 231 2445     5758359  -1252      -19791  -1174   74 102  186  -14  163   25  163   25  31  0  0 L3P D5
G29 FF 61114 035800  780 459 2007     3568707  -1232      -19784  -1163   68  66  102   -2   80   -6   80   -6  14  0  0 L3P 86
G05 FF 61114 041400  780 427 1054     2283153     86      -20230     81   16  18  108    3   81  -13   81  -13  14  0  0 L3P 0B
G12 FF 61114 041400  780 474  552     6058557     84      -20235     83   17  55  100   10  102   -4  102   -4  15  0  0 L3P 0B
G18 FF 61114 041400  780 478 2925     3996829    -52      -20236     44   16  54   99   -8  119   -3  119   -3  15  0  0 L3P 4C
G21 FF 61114 041400  780 210 1266    -4106306     62      -20204     95   28  13  204   33   83  -25   83  -25  24  0  0 L3P 26
G23 FF 61114 041400  780 137 3506    -6261713     38      -20206     85   33  36  307 -142  484 -270  484 -270  23  0  0 L3P A9
G25 FF 61114 041400  780 843 1575    -4392361    115      -20238     89   39  25   74   -1   81  -26   81  -26  37  0  0 L3P 4E
G28 FF 61114 041400  780 244 2522     5757854     11      -20222     89   29 103  177   -5  179   -5  179   -5  25  0  0 L3P 54
G29 FF 61114 041400  780 469 1906     3568216    -24      -20210     45   21  70  101   -2   76   11   76   11  19  0  0 L3P 15
G05 FF 61114 043000  780 406 1152     2283229      4      -20159     -2   50  18  113    7   78   46   78   46  38  0  0 L3P F1
G12 FF 61114 043000  780 414  478     6058624    -22      -20168    -23   44  55  111   14  116   78  116   78  28  0  0 L3P 46
G18 FF 61114 043000  780 521 2815     3996805   -139      -20168    -44   45  54   93   -5  106   59  106   59  29  0  0 L3P 70
G21 FF 61114 043000  780 172 1323    -4106298    -69      -20164    -36   61  13  247   59  103   48  103   48  41  0  0 L3P 5D
G23 FF 61114 043000  780 203 3521    -6261705     19      -20153     66   54  36  211  -70  300 -174  300 -174  37  0  0 L3P 7C
G25 FF 61114 043000  780 850  552    -4392274     29      -20175      3   38  25   74    1   86   40   86   40  24  0  0 L3P E3
G28 FF 61114 043000  780 246 2603     5757862    -74      -20138      4   54 103  176    2  180   48  180   48  40  0  0 L3P 40
G29 FF 61114 043000  780 478 1803     3568224    -82      -20157    -13   44   7   99   -1   71   45   71   45  28  0  0 L3P 1C
G31 FF 61114 043000  780 101 2333     1595087    -76      -20112    -53   52  31  407  -91  166  100  166  100  42  0  0 L3P 6A
G05 FF 61114 044600  780 371 1236     2283271    -24      -20123    -29   28  18  122   12   78  -37   78  -37  21  0  0 L3P 4B
G12 FF 61114 044600  780 350  420     6058670    -61      -20124    -63   24  55  128   21  117   11  117   11  17  0  0 L3P 29
G15 FF 61114 044600  780 114  555    -3962922   -114      -20115    -80   42  25  362  -92  154  -24  154  -24  32  0  0 L3P 82
G18 FF 61114 044600  780 554 2685     3996752   -157      -20129    -61   26  54   89   -3   85  -17   85  -17  18  0  0 L3P 79
G21 FF 61114 044600  780 127 1370    -4106262    -38      -20096     -5   42  13  329  119   73  -38   73  -38  36  0  0 L3P 5E
G23 FF 61114 044600  780 274 3532    -6261714   -191      -20117   -144   30  36  159  -40  194  -20  194  -20  20  0  0 L3P A1
G25 FF 61114 044600  780 774  269    -4392207    -45      -20133    -71   18  25   75    2   82    8   82    8  11  0  0 L3P F3
G26 FF 61114 044600  780 111 2201     3385232    -10      -20092    -62   39  93  376 -191  134   -8  134   -8  28  0  0 L3P 67
G28 FF 61114 044600  780 238 2683     5757706   -219      -20219   -141   39 103  181    9  314   93  314   93  36  0  0 L3P 96
G29 FF 61114 044600  780 486 1698     3568182   -145      -20133    -76   23   7   98   -1   77    2   77    2  12  0  0 L3P 17
G31 FF 61114 044600  780 120 2396     1595079   -219      -20099   -196   29  31  345  -43  192  112  192  112  25  0  0 L3P B8
G05 FF 61114 050200  780 327 1304     2282605   -593      -20794   -599   87  18  136   19   83   29   83   29  18  0  0 L3P 7D
G12 FF 61114 050200  780 285  375     6057987   -616      -20807   -617   83  55  154   34  142   62  142   62  20  0  0 L3P 79
G15 FF 61114 050200  780 144  621    -3963627   -638      -20786   -604   93  25  291  -59  120   -3  120   -3  35  0  0 L3P 7F
G18 FF 61114 050200  780 574 2540     3995988   -705      -20802   -609   87  54   87   -1   78   31   78   31  12  0  0 L3P 68
G23 FF 61114 050200  780 349 3539    -6262448   -629      -20807   -583   96  36  128  -26  151  -16  151  -16  17  0  0 L3P CA
G25 FF 61114 050200  780 692  195    -4392843   -507      -20795   -533   79  25   79    5   79  -17   79  -17  13  0  0 L3P 79
G26 FF 61114 050200  780 168 2213     3384604   -544      -20770   -596  104  93  252  -85  125   24  125   24  37  0  0 L3P A2
G28 FF 61114 050200  780 222 2762     5757104   -798      -20745   -720   61 103  193   17  197  182  197  182  51  0  0 L3P CB
G29 FF 61114 050200  780 492 1590     3567454   -610      -20795   -540   97   7   97   -1   67  -11   67  -11  21  0  0 L3P 5E
G31 FF 61114 050200  780 131 2464     1594375   -594      -20781   -571   99  31  318  -16  221   29  221   29  42  0  0 L3P 94
G05 FF 61114 051800  780 275 1356     2282554     70      -20850     65   26  18  159   30   74  -13   74  -13  21  0  0 L3P 36
G12 FF 61114 051800  780 219  341     6057939     17      -20857     16   36  55  197   58  130   31  130   31  30  0  0 L3P 30
G15 FF 61114 051800  780 173  689    -3963731     41      -20858     75   34  25  244  -39  111  -20  111  -20  26  0  0 L3P 63
G18 FF 61114 051800  780 579 2388     3995824    -26      -20874     69   21  54   87    0   76  -12   76  -12  17  0  0 L3P 4A
G23 FF 61114 051800  780 427 3542    -6262552     -2      -20866     45   17  36  108  -17  112  -15  112  -15  14  0  0 L3P 62
G25 FF 61114 051800  780 608  160    -4392878    119      -20855     93   24  25   84    7   76  -25   76  -25  23  0  0 L3P 3D
G26 FF 61114 051800  780 225 2235     3384591    113      -20833     60   43  93  191  -47  110   -4  110   -4  37  0  0 L3P 48
G28 FF 61114 051800  780 199 2838     5756923    -31      -20851     47   40 103  214   27  255   23  255   23  31  0  0 L3P 6A
G29 FF 61114 051800  780 497 1478     3567326     -6      -20856     63   21   7   96    0   64   -5   64   -5  20  0  0 L3P F0
G31 FF 61114 051800  780 134 2535     1594298    -42      -20836    -19   33  31  311    3  236  102  236  102  27  0  0 L3P 5E
G05 FF 61114 053400  780 219 1393     2282605     28      -20805     23   35  18  196   50   75   14   75   14  28  0  0 L3P 21
G10 FF 61114 053400  780 140 3381     5882040    100      -20833     98   34  40  302 -142  246 -179  246 -179  22  0  0 L3P A5
G12 FF 61114 053400  780 153  316     6057991     45      -20806     43   42  55  277  117  136   -9  136   -9  37  0  0 L3P 45
G15 FF 61114 053400  780 199  760    -3963692   -107      -20786    -73   42  25  214  -26   80   90   80   90  36  0  0 L3P 67
G18 FF 61114 053400  780 573 2239     3995792    -33      -20814     62   14  54   87    1   65  -27   65  -27  12  0  0 L3P 38
G23 FF 61114 053400  780 509 3542    -6262534      4      -20804     50   17  36   95  -12   77  -40   77  -40  14  0  0 L3P 2A
G25 FF 61114 053400  780 525  140    -4392792     68      -20794     42   21  25   93   11   70  -14   70  -14  18  0  0 L3P 1D
G26 FF 61114 053400  780 281 2269     3384688     91      -20786     39   29  93  156  -29  105  -19  105  -19  28  0  0 L3P 91
G28 FF 61114 053400  780 172 2910     5756890    -59      -20809     19   28 103  246   41  252  -17  252  -17  24  0  0 L3P 88
G29 FF 61114 053400  780 497 1364     3567331    -43      -20784     26   14   7   96    0   45    8   45    8  12  0  0 L3P E1
G31 FF 61114 053400  780 129 2607     1594327     24      -20785     47   36  31  323   21  254  -13  254  -13  26  0  0 L3P 54
G05 FF 61114 055000  780 161 1418     2282219  -1045      -21197  -1051   72  18  263   95   68 -152   68 -152  36  0  0 L3P C3
G10 FF 61114 055000  780 208 3371     5881663  -1159      -21213  -1162   79  40  207  -68  143 -117  143 -117  49  0  0 L3P F1
G15 FF 61114 055000  780 221  835    -3964140  -1266      -21201  -1232   55  25  194  -16   85    2   85    2  21  0  0 L3P 53
G18 FF 61114 055000  780 556 2101     3995309  -1291      -21206  -1196   55  54   89    2   59  -20   59  -20  16  0  0 L3P 82
G23 FF 61114 055000  780 594 3538    -6262970  -1250      -21194  -1203   59  36   85   -8   54  -26   54  -26  26  0  0 L3P A2
G25 FF 61114 055000  780 445  129    -4393160  -1197      -21187  -1223   66  25  105   15   64   -2   64   -2  38  0  0 L3P 6F
G26 FF 61114 055000  780 333 2317     3384346  -1160      -21178  -1212   63  93  134  -18   85  -24   85  -24  25  0  0 L3P A7
G28 FF 61114 055000  780 142 2978     5756409  -1302      -21215  -1224   74 103  296   63  235  -20  235  -20  32  0  0 L3P C8
G29 FF 61114 055000  780 493 1249     3566865  -1311      -21184  -1241   62   7   97    1   41   19   41   19  12  0  0 L3P 50
G31 FF 61114 055000  780 117 2679     1593902  -1251      -21188  -1229   58  31  353   43  243  -13  243  -13  18  0  0 L3P BC
G10 FF 61114 060600  780 278 3353     5881292     53      -21588     51   26  43  157  -39   93  -26   93  -26  20  0  0 L3P 59
G15 FF 61114 060600  780 237  912    -3964534     88      -21561    122   36  26  182   -9   67  -71   67  -71  32  0  0 L3P 53
G16 FF 61114 060600  780 120 2190    -2282376    -81      -21537     -9   48  53  348 -159   88   53   88   53  38  0  0 L3P 70
G18 FF 61114 060600  780 533 1976     3994858    -69      -21568     26   16  55   92    3   47   22   47   22  14  0  0 L3P 2C
G23 FF 61114 060600  780 680 3531    -6263389    -15      -21570     31   18  37   79   -5   54   21   54   21  16  0  0 L3P 22
G25 FF 61114 060600  780 366  124    -4393508     52      -21563     26   20  39  123   23   67   40   67   40  15  0  0 L3P 12
G26 FF 61114 060600  780 379 2382     3384028    105      -21547     53   18  94  119  -12   63  -16   63  -16  17  0  0 L3P 61
G28 FF 61114 060600  780 111 3043     5755981     18      -21564     97   35 104  373  101  202  -30  202  -30  26  0  0 L3P 6D
G29 FF 61114 060600  780 483 1134     3566406      4      -21577     73   16  32   98    2   58  -20   58  -20  15  0  0 L3P 09
G10 FF 61114 062200  780 350 3326     5881344     17      -21538     15   36  43  128  -24   77   19   77   19  36  0  0 L3P 35
G15 FF 61114 062200  780 244  991    -3964519     57      -21514     91   23  26  177   -2   75  -33   75  -33  18  0  0 L3P 3F
G16 FF 61114 062200  780 175 2214    -2282437     12      -21528     84   37  53  243  -74  104  -48  104  -48  32  0  0 L3P 70
G18 FF 61114 062200  780 506 1864     3994825    -16      -21509     79   21  55   95    4   44  -26   44  -26  19  0  0 L3P 3C
G23 FF 61114 062200  780 768 3519    -6263376    -41      -21512      5   29  37   76   -3   51   47   51   47  27  0  0 L3P 1E
G25 FF 61114 062200  780 291  125    -4393410     48      -21490     22   26  39  151   36   63   43   63   43  23  0  0 L3P 0E
G26 FF 61114 062200  780 416 2463     3384134    116      -21492     64   16  94  111   -7   56  -17   56  -17  13  0  0 L3P 44
G29 FF 61114 062200  780 466 1022     3566417      6      -21500     76   13  32  101    4   46  -27   46  -27  11  0  0 L3P 01
G10 FF 61114 063800  780 424 3287     5881149   -906      -21735   -908   86  43  109  -16   64   -1   64   -1  19  0  0 L3P 78
G15 FF 61114 063800  780 242 1068    -3964734   -964      -21697   -930   82  26  178    5   56   22   56   22  17  0  0 L3P 79
G16 FF 61114 063800  780 228 2249    -2282678   -962      -21699   -889  100  53  189  -41   71  -19   71  -19  38  0  0 L3P D5
G18 FF 61114 063800  780 478 1761     3994548   -999      -21695   -904   81  55   99    5   35    6   35    6  14  0  0 L3P 55
G23 FF 61114 063800  780 856 3495    -6263591   -922      -21682   -876   87  37   74   -1   21  -29   21  -29  17  0  0 L3P 95
G25 FF 61114 063800  780 219  131    -4393574   -895      -21678   -921   84  39  197   61   67   35   67   35  19  0  0 L3P 8C
G26 FF 61114 063800  780 441 2561     3383985   -827      -21691   -879   88  94  106   -4   53  -29   53  -29  21  0  0 L3P A0
G29 FF 61114 063800  780 441  916     3566150   -972      -21700   -902   91  32  105    5   46   -6   46   -6  28  0  0 L3P 39
G10 FF 61114 065400  780 497 3232     5880596     35      -22291     32   14  43   96  -11   53    3   53    3  12  0  0 L3P F2
G15 FF 61114 065400  780 231 1142    -3965343     36      -22272     70   30  26  186   12   55  -33   55  -33  27  0  0 L3P 3B
G16 FF 61114 065400  780 277 2297    -2283330    -25      -22281     47   32  53  158  -25   71  -19   71  -19  29  0  0 L3P 6D
G18 FF 61114 065400  780 450 1666     3993899    -45      -22252     50   21  55  104    5   33   -1   33   -1  20  0  0 L3P 0A
G23 FF 61114 065400  780 856 1712    -6264216    -26      -22261     21   16  37   74    1   33   16   33   16  15  0  0 L3P 07
G25 FF 61114 065400  780 151  142    -4394120     92      -22250     66   28  39  281  121   84  -15   84  -15  20  0  0 L3P 3A
G26 FF 61114 065400  780 451 2669     3383469     74      -22257     22   24  94  104    0   52   13   52   13  19  0  0 L3P 10
G29 FF 61114 065400  780 410  819     3565512    -57      -22272     12   30  32  112    8   53   29   53   29  26  0  0 L3P 04
G10 FF 61114 071000  780 567 3152     5880652     62      -22237     60   18  43   88   -7   47   -2   47   -2  17  0  0 L3P 01
G15 FF 61114 071000  780 211 1211    -3965320     -5      -22216     29   27  26  203   23   47    8   47    8  21  0  0 L3P E9
G16 FF 61114 071000  780 320 2358    -2283337    -20      -22218     52   24  53  138  -16   59    3   59    3  21  0  0 L3P 12
G18 FF 61114 071000  780 423 1577     3993862    -17      -22197     78   20  55  109    6   31  -24   31  -24  18  0  0 L3P 3D
G23 FF 61114 071000  780 771 1683    -6264223     25      -22224     72   18  37   75    3   45  -17   45  -17  16  0  0 L3P 20
G26 FF 61114 071000  780 446 2781     3383563     77      -22213     25   19  94  105    3   53   18   53   18  16  0  0 L3P 12
G27 FF 61114 071000  780 114 2219      669608    159      -22232     34   39  58  365 -166  111    0  111    0  32  0  0 L3P 30
G29 FF 61114 071000  780 372  730     3565508    -23      -22209     46   25  32  121   12   44   12   44   12  21  0  0 L3P FB
G10 FF 61114 072600  780 632 3036     5880510   -735      -22381   -737   80  43   82   -5   38  -19   38  -19  14  0  0 L3P 6B
G15 FF 61114 072600  780 182 1272    -3965505   -783      -22369   -749   96  26  233   41   48   -5   48   -5  23  0  0 L3P 80
G16 FF 61114 072600  780 354 2434    -2283553   -795      -22365   -723   81  53  127   -9   50  -31   50  -31  21  0  0 L3P 80
G18 FF 61114 072600  780 396 1491     3993608   -868      -22360   -773   79  55  115    6   45   13   45   13  16  0  0 L3P 70
G23 FF 61114 072600  780 688 1659    -6264415   -823      -22371   -777   81  37   79    4   40   14   40   14  14  0  0 L3P 5C
G26 FF 61114 072600  780 425 2887     3383461   -710      -22366   -763   89  94  109    6   51    0   51    0  17  0  0 L3P 39
G27 FF 61114 072600  780 168 2195      669596   -625      -22363   -750   86  58  252  -83   77  -17   77  -17  36  0  0 L3P AA
G29 FF 61114 072600  780 329  652     3565291   -813      -22359   -744   97  32  135   17   42   -7   42   -7  29  0  0 L3P 5E
G32 FF 61114 072600  780 153    5      457045   -904      -22373   -717   73 101  276 -103   99  -69   99  -69  22  0  0 L3P 79
G10 FF 61114 074200  780 683 2862     5879896     44      -22997     41   17  43   79   -2   46   -9   46   -9  13  0  0 L3P 2C
G15 FF 61114 074200  780 146 1324    -3966131    127      -22962    161   34  26  288   76   38 -109   38 -109  25  0  0 L3P 9D
G16 FF 61114 074200  780 377 2522    -2284236    -54      -22978     19   22  53  120   -5   52   10   52   10  19  0  0 L3P 2A
G18 FF 61114 074200  780 371 1407     3992916    -98      -22960     -2   20  55  122    7   36   25   36   25  14  0  0 L3P 1C
G23 FF 61114 074200  780 608 1633    -6265064    -10      -22975     37   15  37   84    7   37   -6   37   -6  10  0  0 L3P 11
G26 FF 61114 074200  780 394 2984     3382898     45      -22979     -7   26  94  116    9   53   25   53   25  20  0  0 L3P 30
G27 FF 61114 074200  780 226 2178      669110    189      -22969     64   43  58  191  -49   61  -41   61  -41  38  0  0 L3P 62
G29 FF 61114 074200  780 280  584     3564606    -15      -22978     55   33  32  156   26   55  -15   55  -15  27  0  0 L3P 47
G32 FF 61114 074200  780 212   36      456265   -201      -22974    -15   30 101  202  -58   76   45   76   45  23  0  0 L3P 26
G10 FF 61114 075800  780 711 2620     5879952     69      -22943     67   12  43   78   -1   45   -9   45   -9  10  0  0 L3P 16
G16 FF 61114 075800  780 387 2619    -2284252     16      -22924     88   26  53  117   -1   51  -25   51  -25  23  0  0 L3P 4A
G18 FF 61114 075800  780 347 1325     3992878    -61      -22906     35   19  55  129    8   33   25   33   25  14  0  0 L3P 35
G23 FF 61114 075800  780 533 1605    -6265061     43      -22928     89   20  37   92    9   39  -30   39  -30  18  0  0 L3P 32
G26 FF 61114 075800  780 354 3069     3383002     60      -22925      7   31  94  127   14   53   42   53   42  20  0  0 L3P 07
G27 FF 61114 075800  780 287 2167      669280    163      -22920     38   32  58  153  -31   51    4   51    4  28  0  0 L3P 16
G29 FF 61114 075800  780 229  526     3564584    -14      -22933     55   42  32  189   43   72   14   72   14  35  0  0 L3P 2E
G32 FF 61114 075800  780 277   66      456161   -150      -22900     37   29 101  158  -36   45    8   45    8  23  0  0 L3P 09
G10 FF 61114 081400  780 707 2354     5879756   -931      -23148   -933   88  44   78    1   36   -9   36   -9  12  0  0 L3P 55
G16 FF 61114 081400  780 383 2719    -2284527  -1026      -23131   -953   89  54  118    3   48    5   48    5  21  0  0 L3P 55
G18 FF 61114 081400  780 323 1245     3992578  -1087      -23118   -991   81  56  137    9   41   49   41   49  20  0  0 L3P 7A
G23 FF 61114 081400  780 462 1573    -6265305   -984      -23128   -938   86  38  102   12   32    1   32    1  17  0  0 L3P 47
G26 FF 61114 081400  780 309 3145     3382829   -896      -23149   -949   81  95  143   20   66   11   66   11  14  0  0 L3P 78
G27 FF 61114 081400  780 351 2166      669189   -830      -23134   -955   89  64  128  -21   41    8   41    8  18  0  0 L3P 4E
G29 FF 61114 081400  780 174  477     3564313  -1044      -23140   -975   98  33  244   77   76   42   76   42  30  0  0 L3P 74
G32 FF 61114 081400  780 345   97      455760  -1114      -23118   -928   97 108  130  -24   50  -23   50  -23  20  0  0 L3P 67
G08 FF 61114 083000  780 114 2193    -4804362    144      -23677     84   50  58  367 -185   67  -72   67  -72  40  0  0 L3P 90
G10 FF 61114 083000  780 674 2133     5879203     63      -23703     61   10  44   80    3   39  -23   39  -23  10  0  0 L3P 03
G16 FF 61114 083000  780 366 2816    -2285162    -50      -23697     23   22  54  123    7   55   10   55   10  17  0  0 L3P 1E
G18 FF 61114 083000  780 300 1166     3991945    -18      -23659     78   25  56  147   11   42  -16   42  -16  21  0  0 L3P 4D
G23 FF 61114 083000  780 395 1539    -6265905    -30      -23683     17   20  38  115   16   34   14   34   14  17  0  0 L3P 35
G26 FF 61114 083000  780 263 3212     3382335     93      -23693     41   16  95  165   28   66   -3   66   -3  13  0  0 L3P 1B
G27 FF 61114 083000  780 417 2177      668751    217      -23692     92   23  64  110  -15   39  -52   39  -52  19  0  0 L3P 56
G29 FF 61114 083000  780 118  436     3563682   -109      -23704    -39   72  33  354  168  109  106  109  106  57  0  0 L3P A1
G32 FF 61114 083000  780 417  131      455012   -159      -23698     27   35  43  110  -16   52    6   52    6  32  0  0 L3P F2
G08 FF 61114 084600  780 173 2196    -4804280    116      -23651     57   41  58  246  -84   57  -41   57  -41  36  0  0 L3P 7A
G10 FF 61114 084600  780 626 1972     5879251     35      -23658     33   17  44   83    4   41    8   41    8  14  0  0 L3P E8
G16 FF 61114 084600  780 339 2908    -2285179    -62      -23644     11   24  54  132   11   52   16   52   16  20  0  0 L3P 34
G18 FF 61114 084600  780 275 1088     3991877    -32      -23641     62   52  57  158   13   67   -7   67   -7  49  0  0 L3P 4F
G23 FF 61114 084600  780 333 1502    -6265898    -18      -23631     28   27  38  134   22   40   16   40   16  23  0  0 L3P 36
G26 FF 61114 084600  780 217 3274     3382426    150      -23652     97   31  95  198   40   76  -51   76  -51  29  0  0 L3P 66
G27 FF 61114 084600  780 484 2203      668916    163      -23646     38   19  64   98  -11   37   -3   37   -3  18  0  0 L3P 2C
G32 FF 61114 084600  780 492  172      454881   -144      -23650     42   13  43   97  -11   53   -2   53   -2  12  0  0 L3P 00
G08 FF 61114 090200  780 233 2209    -4804650  -1172      -24078  -1231   68  58  185  -47   50   14   50   14  29  0  0 L3P 9C
G10 FF 61114 090200  780 573 1854     5878827  -1237      -24084  -1239   56  44   87    6   42   46   42   46  14  0  0 L3P 7A
G16 FF 61114 090200  780 304 2991    -2285682  -1289      -24077  -1216   51  54  145   17   62   26   62   26  23  0  0 L3P 99
G18 FF 61114 090200  780 250 1011     3991347  -1301      -24080  -1207   55  57  173   17  104   44  104   44  27  0  0 L3P 90
G23 FF 61114 090200  780 276 1462    -6266393  -1263      -24081  -1216   59  38  158   30   81   43   81   43  19  0  0 L3P 9A
G26 FF 61114 090200  780 173 3332     3382030  -1143      -24098  -1195   75  95  245   60  111   15  111   15  39  0  0 L3P 9A
G27 FF 61114 090200  780 551 2254      668610  -1089      -24073  -1214   55  64   90   -7   39   18   39   18  11  0  0 L3P 63
G32 FF 61114 090200  780 567  228      454274  -1384      -24078  -1197   58  43   88   -8   55    2   55    2  14  0  0 L3P 3A
G08 FF 61114 091800  780 293 2233    -4804925    113      -24410     54   33  58  150  -29   67   16   67   16  27  0  0 L3P 55
G10 FF 61114 091800  780 518 1760     5878501     54      -24412     51   17  44   94    7   65   28   65   28  15  0  0 L3P 0C
G16 FF 61114 091800  780 264 3067    -2286075    -36      -24400     37   42  54  165   25   83   46   83   46  31  0  0 L3P 45
G18 FF 61114 091800  780 223  937     3990944    -58      -24393     37   31  57  193   24  134   63  134   63  28  0  0 L3P 5E
G23 FF 61114 091800  780 223 1419    -6266746     -1      -24390     46   38  38  193   43   97   56   97   56  30  0  0 L3P 47
G26 FF 61114 091800  780 132 3388     3381772    174      -24407    122   49  95  317   92  138   -4  138   -4  32  0  0 L3P 72
G27 FF 61114 091800  780 612 2341      668398    182      -24405     57   18  64   84   -5   60   20   60   20  16  0  0 L3P 0F
G32 FF 61114 091800  780 641  314      453766   -143      -24407     43   15  43   82   -5   68   27   68   27  13  0  0 L3P 0C
G02 FF 61114 093400  780 113 2285     -606359     -2      -24341     78   32  32  367 -143  118    1  118    1  30  0  0 L3P 21
G08 FF 61114 093400  780 351 2272    -4804817    108      -24359     49   29  58  128  -19   89   15   89   15  24  0  0 L3P 71
G10 FF 61114 093400  780 464 1679     5878564     62      -24352     60   13  44  101    9   86   15   86   15  14  0  0 L3P 1E
G16 FF 61114 093400  780 222 3136    -2286110    -75      -24366     -3   30  54  194   36  142   91  142   91  23  0  0 L3P 4E
G18 FF 61114 093400  780 193  866     3990901   -122      -24345    -28   41  57  220   34  190   98  190   98  29  0  0 L3P 7C
G23 FF 61114 093400  780 174 1373    -6266746     94      -24345    140   48  38  243   64  159  -21  159  -21  33  0  0 L3P 8E
G27 FF 61114 093400  780 661 2484      668574    174      -24349     49   10  64   80   -3   78   15   78   15   9  0  0 L3P 1C
G32 FF 61114 093400  780 705  464      453639   -153      -24356     33   12  43   78   -3   84   22   84   22  10  0  0 L3P 02
G02 FF 61114 095000  780 160 2240     -606727  -1187      -24633  -1108   86  32  263  -80  138    6  138    6  42  0  0 L3P 87
G08 FF 61114 095000  780 406 2328    -4805052  -1045      -24650  -1104   68  58  113  -12   99  -13   99  -13  21  0  0 L3P B3
G10 FF 61114 095000  780 414 1607     5878271  -1106      -24646  -1108   74  44  111   11  107    9  107    9  19  0  0 L3P 7D
G16 FF 61114 095000  780 179 3201    -2286477  -1241      -24663  -1169   64  54  237   54  193   91  193   91  26  0  0 L3P CE
G18 FF 61114 095000  780 162  798     3990520  -1214      -24635  -1120  101  57  261   53  233   69  233   69  54  0  0 L3P AF
G23 FF 61114 095000  780 129 1324    -6267055  -1245      -24609  -1198   84  38  322  104  187  121  187  121  33  0  0 L3P EF
G27 FF 61114 095000  780 686 2690      668400   -984      -24643  -1109   70  64   79    0   89    2   89    2   8  0  0 L3P 2B
G28 FF 61114 095000  780 132  257     5751846  -1243      -24647  -1165   83 106  317  -96  246   40  246   40  31  0  0 L3P C0
G32 FF 61114 095000  780 745  724      453168  -1294      -24648  -1107   70  43   76   -1   88   -8   88   -8  10  0  0 L3P 55
G02 FF 61114 100600  780 212 2198     -607266     -6      -25095     73   27  33  202  -50  137  -23  137  -23  27  0  0 L3P 4F
G08 FF 61114 100600  780 453 2406    -4805462    103      -25116     44   17  60  103   -8  107    8  107    8  15  0  0 L3P 24
G10 FF 61114 100600  780 366 1538     5877807     37      -25115     34   24  91  123   14  131   32  131   32  21  0  0 L3P 2E
G16 FF 61114 100600  780 139 3262    -2286992    -25      -25110     48   29  55  302   84  237   67  237   67  23  0  0 L3P 6C
G18 FF 61114 100600  780 127  733     3989969      0      -25095     94   69  58  328   91  290   19  290   19  66  0  0 L3P 52
G27 FF 61114 100600  780 677 2916      668060    189      -25101     64   17  65   80    2   99   -2   99   -2  15  0  0 L3P 05
G28 FF 61114 100600  780 174  312     5751306    -56      -25107     23   41 107  244  -61  238   14  238   14  35  0  0 L3P 4C
G32 FF 61114 100600  780 738 1041      452522   -171      -25111     15   15  64   77    1   99   30   99   30  12  0  0 L3P F5
G02 FF 61114 102200  780 268 2159     -607285     -7      -25039     73   34  33  163  -34  147  -13  147  -13  30  0  0 L3P 55
G08 FF 61114 102200  780 489 2506    -4805344    138      -25054     79   16  60   98   -4  115    9  115    9  15  0  0 L3P 34
G10 FF 61114 102200  780 323 1471     5877886    122      -25038    120   26  91  137   16  141  -27  141  -27  24  0  0 L3P 73
G16 FF 61114 102200  780 101 3322    -2286989    -26      -25037     47   50  55  406  138  293   83  293   83  44  0  0 L3P 7C
G27 FF 61114 102200  780 637 3100      668250    177      -25032     52   12  65   82    4  110   35  110   35  10  0  0 L3P FB
G28 FF 61114 102200  780 219  369     5751285    -51      -25053     28   42 107  196  -40  240   32  240   32  31  0  0 L3P 4E
G31 FF 61114 102200  780 113  110     1589701    155      -25020    178   26  75  368 -141  290 -101  290 -101  21  0  0 L3P 8D
G32 FF 61114 102200  780 690 1261      452405   -109      -25049     77   15  64   79    3  105    4  105    4  12  0  0 L3P F5
G02 FF 61114 103800  780 328 2125     -607310   -133      -24987    -53   27  33  135  -24  136    9  136    9  19  0  0 L3P 50
G08 FF 61114 103800  780 509 2625    -4805243     35      -25010    -24   23  60   95   -2  123    0  123    0  16  0  0 L3P 01
G10 FF 61114 103800  780 282 1406     5877924    -40      -25003    -43   24  91  155   20  173   48  173   48  20  0  0 L3P 55
G27 FF 61114 103800  780 578 3227      668416     67      -24985    -58   14  65   87    6  119   38  119   38  10  0  0 L3P 46
G28 FF 61114 103800  780 266  431     5751249    -88      -25014    -10   31 107  164  -28  225  -25  225  -25  21  0  0 L3P 7A
G31 FF 61114 103800  780 159  159     1589728      1      -24971     24   36  75  265  -80  266  -57  266  -57  29  0  0 L3P 6F
G32 FF 61114 103800  780 623 1376      452272   -215      -25003    -28   17  64   83    6  109    6  109    6  13  0  0 L3P 0B
G01 FF 61114 105400  780 127 2236    -3196982   -674      -25618   -741  109 236  328 -129  199  -48  199  -48  24  0  0 L3P 16
G02 FF 61114 105400  780 394 2094     -608019   -827      -25620   -748   96  33  116  -17  142  -36  142  -36  14  0  0 L3P A9
G08 FF 61114 105400  780 510 2754    -4805815   -736      -25639   -795   96  60   95    1  134   15  134   15  10  0  0 L3P 7A
G10 FF 61114 105400  780 245 1341     5877315   -786      -25613   -788   92  91  176   24  197   42  197   42  22  0  0 L3P A0
G27 FF 61114 105400  780 511 3314      667925   -628      -25596   -753  108  65   95   10  125  -15  125  -15  23  0  0 L3P 95
G28 FF 61114 105400  780 313  498     5750561   -856      -25627   -777   88 107  141  -19  207  -23  207  -23  30  0  0 L3P BE
G31 FF 61114 105400  780 210  207     1589072   -756      -25606   -733   95  75  204  -50  260  -71  260  -71  29  0  0 L3P 98
G32 FF 61114 105400  780 549 1433      451465   -972      -25631   -786   95  64   90    8  123    9  123    9  14  0  0 L3P 3E
G01 FF 61114 111000  780 180 2202    -3197016    209      -25717    142   29 236  236  -71  188  -58  188  -58  27  0  0 L3P B3
G02 FF 61114 111000  780 464 2068     -608206     14      -25730     94   16  33  102  -13  137  -23  137  -23  14  0  0 L3P 44
G03 FF 61114 111000  780 125 2611    -5416301    262      -25722    133   30 114  333  -71  238  -53  238  -53  23  0  0 L3P 87
G08 FF 61114 111000  780 492 2879    -4805862    103      -25743     43   21  60   97    4  139   32  139   32  19  0  0 L3P 48
G10 FF 61114 111000  780 212 1275     5877195    -27      -25736    -30   25  91  202   30  245  130  245  130  19  0  0 L3P 6A
G27 FF 61114 111000  780 440 3377      667931    190      -25710     65   34  65  106   14  150   53  150   53  31  0  0 L3P 35
G28 FF 61114 111000  780 357  574     5750368     13      -25744     92   30 107  126  -13  201  -11  201  -11  22  0  0 L3P 4B
G31 FF 61114 111000  780 264  257     1588932     -8      -25723     14   27  75  165  -33  246   23  246   23  22  0  0 L3P 37
G32 FF 61114 111000  780 475 1459      451176   -102      -25741     84   21  64  100   12  137   11  137   11  20  0  0 L3P 2A
G01 FF 61114 112600  780 237 2173    -3196884    148      -25649     81   43 236  182  -44  189  -15  189  -15  36  0  0 L3P B8
G02 FF 61114 112600  780 538 2048     -608205    -50      -25653     30   13  33   91   -9  135   32  135   32  13  0  0 L3P 1B
G03 FF 61114 112600  780 151 2543    -5416102    267      -25646    137   33 114  277  -48  225  -75  225  -75  27  0  0 L3P B0
G08 FF 61114 112600  780 459 2990    -4805728    114      -25665     55   50  60  102    7  154   31  154   31  33  0  0 L3P 51
G10 FF 61114 112600  780 180 1209     5877289    118      -25644    116   31  91  235   39  277    2  277    2  24  0  0 L3P 4E
G27 FF 61114 112600  780 370 3427      668122    256      -25639    131   56  65  122   20  185   -8  185   -8  51  0  0 L3P 55
G28 FF 61114 112600  780 396  660     5750363    -59      -25674     19   22 107  115   -9  201   44  201   44  18  0  0 L3P 4F
G31 FF 61114 112600  780 320  311     1588991     82      -25643    105   25  75  138  -23  223  -35  223  -35  22  0  0 L3P 5D
G32 FF 61114 112600  780 403 1466      451069   -103      -25669     84   18  64  114   17  160   14  160   14  19  0  0 L3P 47
G01 FF 61114 114200  780 298 2149    -3196982   -665      -25811   -732   77 236  148  -29  204   -6  204   -6  17  0  0 L3P BA
G02 FF 61114 114200  780 617 2037     -608420   -806      -25792   -727   77  33   84   -7  139   11  139   11  10  0  0 L3P 64
G03 FF 61114 114200  780 178 2475    -5416117   -601      -25787   -731   77 114  238  -35  231    9  231    9  21  0  0 L3P 8E
G04 FF 61114 114200  780 153 3141     -514884   -753      -25817   -735   94  35  276 -101  314  -27  314  -27  36  0  0 L3P BB
G08 FF 61114 114200  780 415 3086    -4805817   -646      -25811   -705   83  60  111   11  187   16  187   16  16  0  0 L3P 96
G10 FF 61114 114200  780 151 1143     5877130   -763      -25805   -765   88  91  279   52  357   96  357   96  22  0  0 L3P A6
G27 FF 61114 114200  780 302 3470      668096   -590      -25786   -716   85  65  146   30  242   45  242   45  14  0  0 L3P 81
G28 FF 61114 114200  780 427  758     5750157   -786      -25804   -707   75 107  108   -5  201  -10  201  -10  16  0  0 L3P 94
G31 FF 61114 114200  780 377  372     1588834   -730      -25777   -708   80  75  120  -16  215  -23  215  -23  15  0  0 L3P 9D
G32 FF 61114 114200  780 333 1461      450747   -844      -25812   -658   79  64  134   25  200  -16  200  -16  21  0  0 L3P 7F
G01 FF 61114 115800  780 363 2132    -3197527     85      -26421     18   20 236  124  -20  197    0  197    0  18  0  0 L3P 41
G02 FF 61114 115800  780 699 2042     -609116    -54      -26411     25   12  33   78   -4  147    5  147    5   9  0  0 L3P FF
G03 FF 61114 115800  780 205 2407    -5416612    115      -26406    -15   39 114  208  -27  239   44  239   44  32  0  0 L3P 86
G04 FF 61114 115800  780 209 3093     -515506    122      -26421    140   51  35  205  -53  273 -110  273 -110  37  0  0 L3P 8E
G08 FF 61114 115800  780 366 3166    -4806381     86      -26432     27   19  60  123   16  220   30  220   30  17  0  0 L3P 47
G10 FF 61114 115800  780 123 1077     5876537     33      -26400     30   34  91  339   75  396   68  396   68  28  0  0 L3P 64
G27 FF 61114 115800  780 237 3510      667610    144      -26392     19   28  65  182   47  289   67  289   67  18  0  0 L3P 6F
G28 FF 61114 115800  780 445  865     5749462    -96      -26425    -18   18 107  105   -2  202   39  202   39  16  0  0 L3P 6B
G31 FF 61114 115800  780 433  443     1588188    -21      -26402      2   21  75  107  -11  209    7  209    7  16  0  0 L3P 0B
G32 FF 61114 115800  780 267 1446      449936   -148      -26444     38   17  64  163   38  262   46  262   46  16  0  0 L3P 6F
G01 FF 61114 121400  780 431 2123    -3197405    146      -26365     79   27 237  108  -15  192   -8  192   -8  22  0  0 L3P 76
G02 FF 61114 121400  780 783 2092     -609136     -6      -26360     73   10  34   75   -2  157    4  157    4   9  0  0 L3P E6
G03 FF 61114 121400  780 234 2339    -5416419    204      -26340     74   28 118  184  -22  244    8  244    8  24  0  0 L3P 57
G04 FF 61114 121400  780 263 3037     -515473    -26      -26371     -7   28  36  166  -32  253   47  253   47  23  0  0 L3P 52
G08 FF 61114 121400  780 313 3235    -4806267    136      -26372     77   29  63  141   22  252   25  252   25  23  0  0 L3P 5C
G27 FF 61114 121400  780 177 3549      667784    190      -26336     65   31  66  241   78  368   93  368   93  24  0  0 L3P 75
G28 FF 61114 121400  780 448  976     5749443    -21      -26369     58   28 108  104    1  209   26  209   26  24  0  0 L3P 53
G31 FF 61114 121400  780 484  530     1588222     56      -26347     79   18  76   98   -8  211   -7  211   -7  15  0  0 L3P 1E
G32 FF 61114 121400  780 204 1425      449809   -140      -26391     47   48  66  209   60  323  102  323  102  36  0  0 L3P 66
G01 FF 61114 123000  780 502 2126    -3197389   -273      -26413   -340   56 237   96  -10  198  -12  198  -12  18  0  0 L3P B7
G02 FF 61114 123000  780 859 2450     -609262   -443      -26409   -363   51  34   74    0  176   22  176   22   8  0  0 L3P 44
G03 FF 61114 123000  780 264 2271    -5416341   -258      -26386   -388   51 118  165  -19  258   36  258   36  21  0  0 L3P BC
G04 FF 61114 123000  780 313 2971     -515541   -367      -26422   -348   51  36  141  -20  253    4  253    4  10  0  0 L3P 4B
G08 FF 61114 123000  780 260 3296    -4806249   -345      -26411   -404   61  63  167   32  304  104  304  104  32  0  0 L3P 9F
G27 FF 61114 123000  780 121 3588      667854   -270      -26387   -395   59  66  346  150  481  162  481  162  15  0  0 L3P C7
G28 FF 61114 123000  780 435 1083     5749320   -432      -26417   -354   57 108  107    4  232   22  232   22  21  0  0 L3P 6E
G31 FF 61114 123000  780 527  637     1588156   -401      -26392   -378   55  76   92   -5  211   22  211   22  20  0  0 L3P 52
G01 FF 61114 124600  780 575 2147    -3198017     24      -27106    -43   23 237   87   -7  198   -5  198   -5  11  0  0 L3P 5A
G02 FF 61114 124600  780 827 3428     -610017   -173      -27088    -93   18  34   74    1  178   68  178   68  21  0  0 L3P 5D
G03 FF 61114 124600  780 296 2204    -5416899    117      -27069    -13   30 118  148  -16  261  -33  261  -33  22  0  0 L3P A7
G04 FF 61114 124600  780 359 2895     -516246    -79      -27109    -61   30  36  125  -14  252   13  252   13  19  0  0 L3P 68
G08 FF 61114 124600  780 209 3353    -4806894     20      -27112    -39   36  63  205   48  374   78  374   78  31  0  0 L3P 78
G28 FF 61114 124600  780 407 1178     5748547   -144      -27115    -66   28 108  113    8  262   44  262   44  15  0  0 L3P 7F
G31 FF 61114 124600  780 556  766     1587440    -35      -27085    -12   22  76   89   -2  215  -31  215  -31  11  0  0 L3P 4C
G01 FF 61114 130200  780 649 2198    -3197906    151      -27058     83   13 237   81   -5  202    4  202    4  12  0  0 L3P 2F
G02 FF 61114 130200  780 742 3565     -610052     -8      -27046     71   28  34   76    3  202   38  202   38  27  0  0 L3P 06
G03 FF 61114 130200  780 331 2136    -5416729    183      -27024     53   21 118  134  -14  273   28  273   28  17  0  0 L3P 74
G04 FF 61114 130200  780 399 2808     -516228     69      -27074     88   19  36  114   -9  264    3  264    3  14  0  0 L3P 26
G08 FF 61114 130200  780 161 3406    -4806781    119      -27056     60   31  63  262   74  461  133  461  133  28  0  0 L3P 82
G09 FF 61114 130200  780 113 2937    -7690680     89      -27041     69   34  65  366 -132  422   15  422   15  27  0  0 L3P 7C
G26 FF 61114 130200  780 118  610     3379810    156      -27074    103   44   3  352  -80  603  -50  603  -50  28  0  0 L3P 57
G28 FF 61114 130200  780 366 1257     5748521     20      -27066     98   25 108  123   14  291   33  291   33  23  0  0 L3P 55
G31 FF 61114 130200  780 566  909     1587454     28      -27049     50   16  76   88    0  234   31  234   31  14  0  0 L3P 12
G01 FF 61114 131800  780 718 2313    -3197780    112      -26997     45   16 237   77   -3  214   23  214   23  14  0  0 L3P 5E
G02 FF 61114 131800  780 655    1     -610055     10      -26973     90   18  34   81    6  225   10  225   10  16  0  0 L3P C8
G03 FF 61114 131800  780 369 2067    -5416545    201      -26964     71   27 118  122  -12  283   -2  283   -2  23  0  0 L3P 72
G04 FF 61114 131800  780 433 2710     -516166     18      -26995     36   22  36  107   -6  260   32  260   32  17  0  0 L3P 31
G08 FF 61114 131800  780 117 3458    -4806677     60      -27009      1   28  63  355  124  607  195  607  195  19  0  0 L3P 92
G09 FF 61114 131800  780 153 2876    -7690598     76      -26979     56   37  65  274  -68  429    7  429    7  29  0  0 L3P 87
G26 FF 61114 131800  780 145  675     3379957     44      -26977     -9   43   3  290  -52  543   37  543   37  41  0  0 L3P 4E
G28 FF 61114 131800  780 317 1318     5748508     -7      -27003     72   25 108  140   21  339   52  339   52  19  0  0 L3P 56
G31 FF 61114 131800  780 555 1049     1587497     36      -26985     59   15  76   89    2  252   19  252   19  15  0  0 L3P 49
G01 FF 61114 133400  780 768 2560    -3197897   -784      -27178   -851   79 237   76   -1  227   16  227   16  10  0  0 L3P B2
G02 FF 61114 133400  780 569   17     -610300   -939      -27141   -860   84  34   88    9  256   55  256   55  19  0  0 L3P 4B
G03 FF 61114 133400  780 410 1997    -5416599   -720      -27142   -850   80 118  112  -10  287    8  287    8  17  0  0 L3P 9A
G04 FF 61114 133400  780 460 2604     -516355   -862      -27166   -844   82  36  102   -4  261    3  261    3  17  0  0 L3P 4D
G09 FF 61114 133400  780 190 2810    -7690776   -926      -27175   -945  108  65  223  -41  443   87  443   87  44  0  0 L3P D7
G26 FF 61114 133400  780 170  742     3379834   -731      -27150   -783   90   3  249  -34  520  -83  520  -83  27  0  0 L3P 94
G28 FF 61114 133400  780 262 1363     5748254   -912      -27182   -834   81 108  166   34  399   62  399   62  21  0  0 L3P B6
G31 FF 61114 133400  780 524 1168     1587314   -852      -27146   -829   82  76   93    5  261   18  261   18  20  0  0 L3P 70
G01 FF 61114 135000  780 771 2941    -3198415    110      -27761     43   14 237   75    1  241    9  241    9  11  0  0 L3P 20
G02 FF 61114 135000  780 486   27     -610963    -32      -27728     48   21  34   98   13  301   43  301   43  16  0  0 L3P 0B
G03 FF 61114 135000  780 454 1923    -5417052    152      -27720     23   15 118  103   -8  288   19  288   19  11  0  0 L3P 6A
G04 FF 61114 135000  780 479 2491     -516966     -2      -27760     16   17  36   99   -2  276   19  276   19  15  0  0 L3P 40
G09 FF 61114 135000  780 224 2740    -7691312   -292      -27730   -312   35  65  191  -27  406  346  406  346  30  0  0 L3P C1
G16 FF 61114 135000  780 124  501    -2290581    -64      -27719      9   42  56  335  -87  630  -26  630  -26  30  0  0 L3P 61
G26 FF 61114 135000  780 192  813     3379282     92      -27752     40   38   3  222  -22  529    0  529    0  32  0  0 L3P 06
G28 FF 61114 135000  780 204 1394     5747603    -83      -27758     -4   34 108  210   60  477  153  477  153  26  0  0 L3P 92
G31 FF 61114 135000  780 479 1260     1586705      7      -27733     30   25  76   99    8  294   45  294   45  22  0  0 L3P 27
G01 FF 61114 140600  780 724 3216    -3198284    165      -27691     98   15 238   77    3  256   -5  256   -5  14  0  0 L3P 5D
G02 FF 61114 140600  780 406   36     -610978      1      -27667     81   22  37  113   19  354   64  354   64  19  0  0 L3P 10
G03 FF 61114 140600  780 500 1843    -5416849    248      -27637    117   16 120   96   -7  274  -38  274  -38  14  0  0 L3P 9C
G04 FF 61114 140600  780 490 2374     -516920     61      -27697     79   22  37   97   -1  286    4  286    4  19  0  0 L3P 1F
G09 FF 61114 140600  780 255 2666    -7691244    159      -27681    140   28  66  170  -19  410  -53  410  -53  27  0  0 L3P AB
G16 FF 61114 140600  780 158  564    -2290589    -39      -27660     34   56  58  267  -56  590   -3  590   -3  49  0  0 L3P 77
G26 FF 61114 140600  780 209  886     3379416     82      -27673     29   26  30  205  -13  508   31  508   31  23  0  0 L3P 48
G31 FF 61114 140600  780 425 1327     1586749     59      -27668     82   22  77  109   12  327   38  327   38  20  0  0 L3P 5E
G01 FF 61114 142200  780 654 3354    -3198180     51      -27651    -16   26 238   81    5  277    3  277    3  16  0  0 L3P 2D
G02 FF 61114 142200  780 330   47     -611022   -106      -27635    -26   23  37  135   28  424   65  424   65  19  0  0 L3P 36
G03 FF 61114 142200  780 548 1752    -5416711    132      -27649      1   17   4   90   -6  287  -33  287  -33  12  0  0 L3P 43
G04 FF 61114 142200  780 495 2256     -516883    -68      -27643    -50   24  37   97    0  287   18  287   18  22  0  0 L3P 50
G07 FF 61114 142200  780 104 3266     1582436     68      -27661     20   36  95  400 -228  714 -187  714 -187  23  0  0 L3P AF
G09 FF 61114 142200  780 283 2588    -7691185     -4      -27640    -23   20  66  154  -14  409  -15  409  -15  17  0  0 L3P 8B
G16 FF 61114 142200  780 191  630    -2290640    -18      -27640     55   34  58  223  -37  571 -124  571 -124  27  0  0 L3P 93
G26 FF 61114 142200  780 219  961     3379498     73      -27641     21   33  30  196   -6  521  -49  521  -49  29  0  0 L3P 5F
G31 FF 61114 142200  780 366 1371     1586762    -43      -27633    -20   28  77  123   18  379   47  379   47  20  0  0 L3P 73
G01 FF 61114 143800  780 578 3428    -3198760   -672      -28296   -739  118 238   87    8  314   53  314   53  48  0  0 L3P C1
G02 FF 61114 143800  780 258   59     -611739   -798      -28276   -719   97  37  169   44  504   83  504   83  16  0  0 L3P 8F
G03 FF 61114 143800  780 596 1643    -5417225   -608      -28288   -739   92   4   85   -4  293   32  293   32  10  0  0 L3P 82
G04 FF 61114 143800  780 494 2140     -517557   -736      -28299   -718  100  37   97    0  318   20  318   20  21  0  0 L3P 74
G07 FF 61114 143800  780 165 3243     1581833   -731      -28302   -779   83  29  256  -95  611  -73  611  -73  20  0  0 L3P C0
G09 FF 61114 143800  780 309 2508    -7691813   -703      -28287   -722   98  66  143  -11  419    1  419    1  20  0  0 L3P 8D
G16 FF 61114 143800  780 223  700    -2291366   -779      -28296   -706  110  58  193  -25  557  -16  557  -16  26  0  0 L3P D5
G26 FF 61114 143800  780 221 1036     3378882   -632      -28307   -684  104  30  194    2  568  -17  568  -17  30  0  0 L3P AF
G31 FF 61114 143800  780 304 1399     1586099   -769      -28274   -746   87  77  145   28  446   95  446   95  22  0  0 L3P C7
G01 FF 61114 145400  780 500 3475    -3199399  -1259      -28999  -1326   78 238   96   11  341   28  341   28  31  0  0 L3P DB
G02 FF 61114 145400  780 190   75     -612520  -1448      -28979  -1368   72  37  224   75  590  145  590  145  22  0  0 L3P B9
G03 FF 61114 145400  780 640 1506    -5417814  -1202      -29003  -1332   73   4   82   -3  294  -10  294  -10  10  0  0 L3P 86
G04 FF 61114 145400  780 489 2027     -518286  -1346      -29010  -1328   85  37   97    1  329   -3  329   -3  18  0  0 L3P 87
G06 FF 61114 145400  780 111 2200     6097820  -1386      -29016  -1387   69  20  375 -168  631    9  631    9  34  0  0 L3P B0
G07 FF 61114 145400  780 228 3212     1581174  -1287      -29007  -1335   78  29  189  -51  519  -78  519  -78  18  0  0 L3P F7
G09 FF 61114 145400  780 333 2426    -7692503  -1337      -28995  -1356   79  66  134   -8  410    9  410    9  22  0  0 L3P A7
G16 FF 61114 145400  780 250  774    -2292131  -1441      -28991  -1368   77  58  173  -17  527   14  527   14  38  0  0 L3P C9
G26 FF 61114 145400  780 214 1109     3378243  -1337      -28997  -1389   87  30  200   10  561   61  561   61  27  0  0 L3P B5
G31 FF 61114 145400  780 242 1413     1585377  -1326      -28975  -1303   82  77  178   44  506   42  506   42  24  0  0 L3P B6
G01 FF 61114 151000  780 424 3510    -3199662     70      -29326      3   15 238  109   16  382   53  382   53  12  0  0 L3P 48
G02 FF 61114 151000  780 128   94     -612942    -97      -29325    -17   31  37  328  153  744  176  744  176  22  0  0 L3P 7A
G03 FF 61114 151000  780 675 1327    -5418022    111      -29337    -20   19   4   80   -2  299   18  299   18  16  0  0 L3P 47
G04 FF 61114 151000  780 482 1917     -518635     -3      -29342     16   18  37   99    1  339  -13  339  -13  14  0  0 L3P 35
G06 FF 61114 151000  780 159 2243     6097503     -1      -29334     -2   48  20  266  -76  588  -27  588  -27  42  0  0 L3P 74
G07 FF 61114 151000  780 290 3171     1580889     27      -29338    -21   18  29  151  -31  466  -35  466  -35  17  0  0 L3P 87
G09 FF 61114 151000  780 355 2343    -7692822      6      -29332    -13   20  66  126   -7  409    4  409    4  17  0  0 L3P 24
G16 FF 61114 151000  780 272  853    -2292585    -76      -29375     -3   21  58  160  -10  556  -18  556  -18  18  0  0 L3P 80
G26 FF 61114 151000  780 198 1178     3377955     94      -29334     42   31  30  215   22  603    7  603    7  25  0  0 L3P 26
G31 FF 61114 151000  780 181 1416     1584972   -109      -29357    -86   47  77  235   77  634  138  634  138  35  0  0 L3P B7
G16 FF 61114 152600  780 286  934    -2223840 -10472       39439 -10399  239  58  153   -5  518   16  518   16  25  0  0 L3P E6
G16 FF 61114 154200  780 290 1017    -2233523 -10146       29826 -10073   23  58  151    0  488   81  488   81  20  0  0 L3P B7
G30 FF 61114 154200  780 102 3115    -1503414 -10210       29824 -10080   35  12  406 -210  753  -57  753  -57  26  0  0 L3P E6
G16 FF 61114 155800  780 284 1098    -2243216 -10022       20203  -9949   35  58  154    6  514  -44  514  -44  30  0  0 L3P C4
G26 FF 61114 155800  780 103 1345     3427637  -9933       20197  -9985   50  30  400  156  765   42  765   42  43  0  0 L3P CD
G30 FF 61114 155800  780 155 3071    -1513154 -10109       20208  -9980   46  12  272  -91  666 -117  666 -117  37  0  0 L3P 0F
G16 FF 61114 161400  780 267 1174    -2252899 -10053       10587  -9980   25  64  163   13  534   -3  534   -3  19  0  0 L3P C2
G30 FF 61114 161400  780 207 3020    -1522881 -10141       10609 -10011   23  13  207  -50  593  -54  593  -54  19  0  0 L3P D3
G16 FF 61114 163000  780 240 1242    -2262403  -9038        1154  -8965  375  64  180   23  549   63  549   63  25  0  0 L3P B7
G30 FF 61114 163000  780 256 2961    -1532465  -9037        1149  -8907  390  13  170  -30  552  -50  552  -50  24  0  0 L3P CF
G04 FF 61114 164600  780 415 1315     -489255    -65         142    -47   27  38  111    3  401   70  401   70  22  0  0 L3P 02
G06 FF 61114 164600  780 268 2690     6126960    -41         115    -42   29  21  163    8  561   60  561   60  26  0  0 L3P 1C
G07 FF 61114 164600  780 584 2599     1610650     28         147    -20   14  30   86   -2  338   12  338   12  12  0  0 L3P 02
G09 FF 61114 164600  780 487 1801    -7663242      4         140    -16   20  69   98   -4  364   12  364   12  18  0  0 L3P 09
G16 FF 61114 164600  780 205 1301    -2263494    -99         132    -26   22  64  209   39  594   64  594   64  17  0  0 L3P 4C
G30 FF 61114 164600  780 302 2893    -1533593   -110         145     20   21  13  146  -20  508  -50  508  -50  17  0  0 L3P 49
G04 FF 61114 170200  780 400 1220     -489292    -86         123    -68   22  38  114    4  442   80  442   80  18  0  0 L3P 06
G06 FF 61114 170200  780 249 2773     6126999    -56         152    -57   32  21  174   15  562   95  562   95  28  0  0 L3P 4D
G07 FF 61114 170200  780 597 2437     1610686     39         138     -8   13  30   85    0  348   11  348   11  14  0  0 L3P E8
G09 FF 61114 170200  780 509 1696    -7663219     31         144     11   14  69   95   -3  365   -6  365   -6  12  0  0 L3P 0A
G14 FF 61114 170200  780 108 3393    -7393065   -108         136    -91   44  18  387 -223  900  -51  900  -51  30  0  0 L3P 7F
G16 FF 61114 170200  780 163 1349    -2263577   -112         119    -39   35  64  259   70  648   75  648   75  29  0  0 L3P 6C
G30 FF 61114 170200  780 343 2817    -1533723   -175         140    -45   24  13  130  -14  483    5  483    5  18  0  0 L3P 22
G04 FF 61114 171800  780 382 1126     -489294     29         138     47   28  38  119    5  461  -16  461  -16  22  0  0 L3P 24
G06 FF 61114 171800  780 223 2852     6126987    -10         140    -11   29  21  192   24  636   90  636   90  25  0  0 L3P 2D
G07 FF 61114 171800  780 595 2273     1610736     40         142     -7   14  30   85    1  352   14  352   14  13  0  0 L3P D6
G08 FF 61114 171800  780 112  736    -4778664    183         151    124   58   3  369  -78  888 -159  888 -159  43  0  0 L3P A9
G09 FF 61114 171800  780 530 1583    -7663194     49         151     30   20  69   92   -2  367  -24  367  -24  18  0  0 L3P 33
G11 FF 61114 171800  780 102 2451     4064440   -133         136     -3   52  97  403  -21  731   26  731   26  43  0  0 L3P 1F
G14 FF 61114 171800  780 172 3396    -7393105    -40         112    -23   34  18  247  -94  816  -95  816  -95  24  0  0 L3P 74
G30 FF 61114 171800  780 381 2732    -1533833   -159         154    -30   15  13  119  -10  458   18  458   18  14  0  0 L3P 55
G04 FF 61114 173400  780 361 1035     -489304    -15         145      3   31  38  125    7  483   29  483   29  26  0  0 L3P F7
G06 FF 61114 173400  780 193 2925     6126988     16         140     15   35  21  221   37  722   90  722   90  27  0  0 L3P 17
G07 FF 61114 173400  780 580 2119     1610779     29         139    -19   12  30   87    2  363   24  363   24  11  0  0 L3P F9
G08 FF 61114 173400  780 135  802    -4778637     79         121     20   46   3  309  -49  856 -110  856 -110  33  0  0 L3P 52
G09 FF 61114 173400  780 546 1460    -7663172     49         154     29   19  69   90   -2  366  -25  366  -25  16  0  0 L3P 3D
G11 FF 61114 173400  780 103 2521     4064335   -183         155    -54   25  97  398    9  751   98  751   98  18  0  0 L3P 49
G14 FF 61114 173400  780 241 3392    -7393107    -49         126    -32   25  18  180  -51  706  -77  706  -77  18  0  0 L3P 6F
G21 FF 61114 173400  780 122 2184    -4087493      2         157     34   39  20  344 -165  682  -64  682  -64  31  0  0 L3P 4E
G30 FF 61114 173400  780 412 2639    -1533956    -96         155     34   18  13  111   -7  445  -47  445  -47  15  0  0 L3P 4A
G04 FF 61114 175000  780 336  948     -489335    -32         132    -14   29  38  133   10  541   71  541   71  22  0  0 L3P 0D
G06 FF 61114 175000  780 159 2995     6126990    -73         141    -74   38  21  265   57  830  173  830  173  27  0  0 L3P 6B
G07 FF 61114 175000  780 555 1980     1610823     55         136      7   13  30   89    3  379   14  379   14  12  0  0 L3P E1
G08 FF 61114 175000  780 155  871    -4778554     78         147     19   35   3  272  -30  777  -68  777  -68  29  0  0 L3P 59
G09 FF 61114 175000  780 556 1329    -7663172     12         136     -8   22  69   89   -1  387   18  387   18  19  0  0 L3P 24
G14 FF 61114 175000  780 312 3382    -7393102    -11         148      6   51  18  142  -31  606  -76  606  -76  46  0  0 L3P 3B
G21 FF 61114 175000  780 180 2204    -4087515    -41         166     -9   34  20  236  -75  621  -39  621  -39  27  0  0 L3P 49
G22 FF 61114 175000  780 150 3367      335610     -8         142     47   41  12  281 -118  907 -171  907 -171  25  0  0 L3P 4E
G30 FF 61114 175000  780 439 2539    -1534100   -110         136     20   17  13  106   -5  454  -20  454  -20  15  0  0 L3P 2A
G04 FF 61114 180600  780 307  865     -489311    -28         173    -10   34  39  144   14  551   58  551   58  32  0  0 L3P 1B
G06 FF 61114 180600  780 124 3060     6126995     -9         148    -11   41  22  335   91  946  147  946  147  31  0  0 L3P 4B
G07 FF 61114 180600  780 525 1858     1610874     26         147    -22   14  35   93    4  389   36  389   36  13  0  0 L3P 11
G08 FF 61114 180600  780 169  942    -4778505      4         141    -55   35   4  250  -16  724  -19  724  -19  29  0  0 L3P 30
G09 FF 61114 180600  780 558 1191    -7663147     39         141     20   19  82   89    0  394   -6  394   -6  17  0  0 L3P 0A
G14 FF 61114 180600  780 386 3364    -7393126    -31         139    -14   26  19  118  -20  548  -54  548  -54  24  0  0 L3P 6E
G21 FF 61114 180600  780 238 2235    -4087559    -56         151    -25   39  21  182  -41  584  -24  584  -24  36  0  0 L3P 6C
G22 FF 61114 180600  780 215 3358      335568    -77         155    -22   43  13  200  -60  776 -109  776 -109  35  0  0 L3P 6F
G30 FF 61114 180600  780 459 2434    -1534221   -112         142     18   15  39  102   -3  443  -19  443  -19  15  0  0 L3P 3E
G04 FF 61114 182200  780 273  787     -489385     44         117     62   34  39  160   20  654   25  654   25  26  0  0 L3P 0C
G07 FF 61114 182200  780 493 1749     1610916     48         143      0   17  35   97    5  408    9  408    9  14  0  0 L3P C7
G08 FF 61114 182200  780 177 1015    -4778462      5         127    -55   50   4  240   -5  699   32  699   32  38  0  0 L3P 18
G09 FF 61114 182200  780 549 1053    -7663138     43         132     24   16  82   90    2  416   -9  416   -9  14  0  0 L3P F4
G14 FF 61114 182200  780 461 3335    -7393132      6         149     23   38  19  102  -14  492  -61  492  -61  36  0  0 L3P 34
G21 FF 61114 182200  780 291 2279    -4087596    -24         145      8   31  21  151  -25  559  -29  559  -29  25  0  0 L3P 56
G22 FF 61114 182200  780 283 3341      335514    -46         153      9   22  13  155  -35  680 -103  680 -103  17  0  0 L3P 33
G30 FF 61114 182200  780 474 2325    -1534347   -114         140     15   19  39  100   -2  435  -21  435  -21  19  0  0 L3P 37
G04 FF 61114 183800  780 236  715     -489386    -79         133    -61   52  39  183   30  704  124  704  124  43  0  0 L3P 46
G07 FF 61114 183800  780 459 1650     1610968     24         149    -24   18  35  102    6  410   26  410   26  17  0  0 L3P 09
G08 FF 61114 183800  780 177 1086    -4778397     46         135    -13   29   4  240    6  668  -12  668  -12  26  0  0 L3P 41
G09 FF 61114 183800  780 529  921    -7663117     -3         135    -22   17  82   92    3  425   31  425   31  16  0  0 L3P F2
G14 FF 61114 183800  780 538 3293    -7393155     -8         142      9   20  19   91   -9  458  -50  458  -50  16  0  0 L3P 24
G21 FF 61114 183800  780 339 2339    -4087623    -19         148     12   21  21  131  -16  530  -31  530  -31  19  0  0 L3P 42
G22 FF 61114 183800  780 352 3315      335461    -49         153      6   37  13  128  -23  598  -95  598  -95  34  0  0 L3P 3F
G30 FF 61114 183800  780 484 2213    -1534471   -152         141    -22   22  39   98   -1  426    3  426    3  19  0  0 L3P 06
G04 FF 61114 185400  780 194  650     -489385     -5         152     13   43  39  219   48  747   67  747   67  38  0  0 L3P 21
G05 FF 61114 185400  780 146 2240     2303828     38         161     33   44  76  289  -87  714  -96  714  -96  39  0  0 L3P 5B
G07 FF 61114 185400  780 426 1559     1611003     82         138     34   27  35  108    7  417  -43  417  -43  25  0  0 L3P 18
G08 FF 61114 185400  780 168 1156    -4778334    100         142     41   28   4  251   19  632  -75  632  -75  23  0  0 L3P 3F
G09 FF 61114 185400  780 498  801    -7663101    -44         132    -63   14  82   96    5  436   62  436   62  13  0  0 L3P 0E
G14 FF 61114 185400  780 614 3228    -7393171    -16         143      1   13  19   84   -6  414  -48  414  -48  11  0  0 L3P 1B
G17 FF 61114 185400  780 113   43      883187    118         142     19   23  77  367 -151 1226   24 1226   24  18  0  0 L3P 34
G21 FF 61114 185400  780 379 2414    -4087653    -25         148      7   19  21  120  -10  501  -40  501  -40  17  0  0 L3P 2B
G22 FF 61114 185400  780 421 3278      335393    -90         137    -35   20  13  110  -15  537  -43  537  -43  19  0  0 L3P 3A
G30 FF 61114 185400  780 490 2102    -1534596   -138         140     -8   23  39   97   -1  408  -24  408  -24  22  0  0 L3P 37
G04 FF 61114 191000  780 150  591     -489406    -52         148    -34   49  39  281   86  828  136  828  136  41  0  0 L3P 52
G05 FF 61114 191000  780 187 2292     2303808    -40         136    -46   32  76  227  -46  680  -12  680  -12  28  0  0 L3P 51
G07 FF 61114 191000  780 394 1472     1611034     37         124    -11   21  35  116    8  423    6  423    6  19  0  0 L3P D1
G08 FF 61114 191000  780 151 1221    -4778280    103         139     43   35   4  279   39  608  -68  608  -68  28  0  0 L3P 4D
G09 FF 61114 191000  780 457  698    -7663086     24         129      4   24  82  103    8  454   18  454   18  20  0  0 L3P FA
G14 FF 61114 191000  780 686 3121    -7393202     -3         128     15   16  19   79   -4  390  -46  390  -46  13  0  0 L3P 1D
G17 FF 61114 191000  780 163   83      883283    120         142     21   29  77  260  -82 1142 -223 1142 -223  26  0  0 L3P 4B
G21 FF 61114 191000  780 407 2505    -4087694     -8         139     24   23  21  113   -5  485  -42  485  -42  21  0  0 L3P 28
G22 FF 61114 191000  780 491 3228      335340    -54         136      1   17  13   97  -11  478  -51  478  -51  15  0  0 L3P 0A
G30 FF 61114 191000  780 493 1990    -1534735   -143         126    -14   24  39   97    0  394  -17  394  -17  20  0  0 L3P 46
G04 FF 61114 192600  780 102  539     -489413     68         158     86   45  39  405  188  952   70  952   70  32  0  0 L3P 2E
G05 FF 61114 192600  780 221 2353     2303819    -29         142    -34   29  76  194  -26  634  -15  634  -15  24  0  0 L3P 55
G07 FF 61114 192600  780 364 1389     1611093     25         137    -23   15  35  124    9  408   12  408   12  13  0  0 L3P 02
G08 FF 61114 192600  780 125 1281    -4778246     85         116     26   47   4  332   76  609  -56  609  -56  39  0  0 L3P 4A
G09 FF 61114 192600  780 409  610    -7663067     39         129     20   18  82  112   12  478   15  478   15  16  0  0 L3P 1A
G13 FF 61114 192600  780 102 2222    -6833726     38         150     25   45   1  407 -198  737 -109  737 -109  36  0  0 L3P 74
G14 FF 61114 192600  780 747 2930    -7393217    -37         129    -20   18  19   76   -2  360   -9  360   -9  15  0  0 L3P 27
G17 FF 61114 192600  780 217  122      883376    158         140     60   20  77  198  -50  908 -305  908 -305  15  0  0 L3P 59
G21 FF 61114 192600  780 421 2606    -4087718    -12         145     20   25  21  110   -1  471  -21  471  -21  23  0  0 L3P 1B
G22 FF 61114 192600  780 559 3156      335293    -68         142    -14   12  13   89   -7  421  -36  421  -36  10  0  0 L3P 1A
G30 FF 61114 192600  780 494 1880    -1534855   -155         130    -25   14  39   97    0  366    0  366    0  13  0  0 L3P 04
G05 FF 61114 194200  780 246 2424     2303825    -24         142    -30   28  76  176  -14  608   11  608   11  22  0  0 L3P 27
G07 FF 61114 194200  780 335 1309     1611137     25         135    -23   15  35  133   10  405   25  405   25  11  0  0 L3P FB
G09 FF 61114 194200  780 356  537    -7663052     50         126     31   38  82  126   18  516   12  516   12  31  0  0 L3P 09
G13 FF 61114 194200  780 154 2191    -6833710     -6         153    -20   53   1  273  -96  643  -77  643  -77  45  0  0 L3P 47
G14 FF 61114 194200  780 780 2592    -7393227    -18         136     -1   14  19   75    0  332  -23  332  -23  13  0  0 L3P 13
G17 FF 61114 194200  780 275  161      883480    130         150     31   31  77  159  -33  691 -222  691 -222  31  0  0 L3P 47
G19 FF 61114 194200  780 104 3557    -6937825      1         165     15   26  66  400 -207 1164  120 1164  120  21  0  0 L3P 68
G20 FF 61114 194200  780 111 2195     -539054   -173         138     52   34  84  374 -193  720 -132  720 -132  26  0  0 L3P 81
G21 FF 61114 194200  780 420 2712    -4087747    -21         147     11   30  21  110    2  471   -6  471   -6  25  0  0 L3P F2
G22 FF 61114 194200  780 622 3053      335237    -47         139      7   16  13   83   -5  382  -52  382  -52  12  0  0 L3P F7
G30 FF 61114 194200  780 492 1770    -1534984   -114         126     15   15  39   97    0  350  -27  350  -27  13  0  0 L3P 32
G05 FF 61114 195800  780 261 2502     2303830     27         141     22   28  76  166   -6  598  -19  598  -19  24  0  0 L3P 39
G07 FF 61114 195800  780 307 1230     1611188     40         140     -8   20  35  144   12  413   25  413   25  16  0  0 L3P EF
G09 FF 61114 195800  780 298  477    -7663024     47         135     27   31  82  148   27  553   36  553   36  24  0  0 L3P 2F
G13 FF 61114 195800  780 211 2166    -6833717    -10         133    -23   26   1  203  -55  564  -67  564  -67  24  0  0 L3P 50
G14 FF 61114 195800  780 764 2214    -7393248    -38         131    -21   11  19   76    1  320    3  320    3   9  0  0 L3P D5
G17 FF 61114 195800  780 337  204      883545     82         120    -17   23  77  132  -23  568 -115  568 -115  23  0  0 L3P 51
G19 FF 61114 195800  780 161 3590    -6937830    -70         173    -57   33  66  263  -97 1115 -187 1115 -187  25  0  0 L3P CC
G20 FF 61114 195800  780 171 2181     -539270   -247         138    -22   37  84  248  -88  622  -74  622  -74  33  0  0 L3P 75
G21 FF 61114 195800  780 404 2815    -4087783    -21         141     11   28  21  113    5  487    9  487    9  23  0  0 L3P FE
G22 FF 61114 195800  780 675 2902      335182    -45         135      9   13  13   80   -3  351  -37  351  -37  11  0  0 L3P F8
G30 FF 61114 195800  780 488 1661    -1535121   -127         113      3   14  39   98    1  349  -11  349  -11  12  0  0 L3P 1C
G05 FF 61114 201400  780 265 2584     2303835      4         140     -1   28  77  164    1  594   19  594   19  25  0  0 L3P EC
G07 FF 61114 201400  780 279 1154     1611216     49         121      1   28  36  157   15  422   10  422   10  23  0  0 L3P DA
G09 FF 61114 201400  780 238  428    -7663009     11         131     -8   30 109  181   45  612  100  612  100  26  0  0 L3P 1D
G13 FF 61114 201400  780 271 2148    -6833701     52         136     38   30   2  161  -35  472 -118  472 -118  26  0  0 L3P 49
G14 FF 61114 201400  780 715 1973    -7393259     -5         135     12   19  20   78    3  299  -28  299  -28  16  0  0 L3P 27
G17 FF 61114 201400  780 401  251      883645     95         124     -4   15  78  114  -16  460  -90  460  -90  12  0  0 L3P 04
G19 FF 61114 201400  780 224   21    -6937842    -33         179    -19   32  86  193  -54  847 -292  847 -292  25  0  0 L3P 80
G20 FF 61114 201400  780 234 2175     -539479   -227         149     -2   40  85  185  -49  524  -87  524  -87  34  0  0 L3P 64
G21 FF 61114 201400  780 376 2911    -4087815    -53         143    -21   23  22  120    9  510   46  510   46  20  0  0 L3P 07
G22 FF 61114 201400  780 710 2687      335128    -56         133     -1   14  14   78   -1  321  -26  321  -26  12  0  0 L3P EB
G30 FF 61114 201400  780 483 1554    -1535235   -128         126      1   15  40   98    1  327  -10  327  -10  14  0  0 L3P 02
G05 FF 61114 203000  780 258 2668     2303871     45         171     39   30  77  168    7  580  -14  580  -14  24  0  0 L3P 1E
G07 FF 61114 203000  780 251 1079     1611269     61         128     13   37  36  172   18  413  -18  413  -18  33  0  0 L3P 1B
G09 FF 61114 203000  780 177  389    -7662981     -9         140    -28   35 109  240   82  726  204  726  204  29  0  0 L3P 5C
G13 FF 61114 203000  780 335 2136    -6833703     38         122     24   24   2  133  -24  416  -80  416  -80  20  0  0 L3P 13
G14 FF 61114 203000  780 654 1833    -7393274    -26         136     -8   15  20   81    4  283   -9  283   -9  14  0  0 L3P FA
G17 FF 61114 203000  780 466  309      883731     94         116     -5   15  78  101  -11  391  -58  391  -58  13  0  0 L3P 14
G19 FF 61114 203000  780 291   51    -6937844    -28         189    -14   33  86  151  -34  614 -168  614 -168  26  0  0 L3P 75
G20 FF 61114 203000  780 299 2178     -539721   -221         123      4   24  85  147  -30  465  -71  465  -71  21  0  0 L3P 39
G21 FF 61114 203000  780 340 2997    -4087839     -1         150     31   25  22  131   14  542   19  542   19  20  0  0 L3P 05
G22 FF 61114 203000  780 716 2427      335075    -30         132     25   16  14   78    0  296  -42  296  -42  14  0  0 L3P F0
G30 FF 61114 203000  780 475 1447    -1535361   -178         124    -48   15  40  100    1  305   31  305   31  14  0  0 L3P 11
G05 FF 61114 204600  780 242 2749     2303876   -124         170   -130   39  77  178   14  615  174  615  174  36  0  0 L3P 7F
G07 FF 61114 204600  780 223 1006     1611330    110         143     62   44  36  192   24  380  -63  380  -63  39  0  0 L3P 21
G09 FF 61114 204600  780 115  360    -7662961     10         142     -9   58 109  363  190  970  378  970  378  40  0  0 L3P 68
G13 FF 61114 204600  780 402 2134    -6833671      9         140     -4   18   2  114  -17  344  -50  344  -50  17  0  0 L3P 04
G14 FF 61114 204600  780 592 1738    -7393295      4         131     21   17  20   86    6  270  -33  270  -33  15  0  0 L3P FD
G15 FF 61114 204600  780 134 2198    -3944592    -11         162     23   61  34  312 -128  574 -112  574 -112  50  0  0 L3P 7D
G17 FF 61114 204600  780 530  384      883831    113         120     14   19  78   92   -8  334  -61  334  -61  16  0  0 L3P 01
G19 FF 61114 204600  780 362   81    -6937879    -77         168    -64   23  86  124  -22  481  -80  481  -80  18  0  0 L3P 5F
G20 FF 61114 204600  780 365 2193     -539933   -221         128      4   20  85  124  -20  395  -60  395  -60  18  0  0 L3P 3D
G21 FF 61114 204600  780 298 3073    -4087871    -43         149    -12   32  22  148   20  594   78  594   78  24  0  0 L3P 4F
G22 FF 61114 204600  780 695 2190      335026    -73         135    -19   14  14   79    2  269    0  269    0  12  0  0 L3P C9
G30 FF 61114 204600  780 465 1341    -1535478   -174         132    -44   20  40  101    2  270   30  270   30  18  0  0 L3P 12
G05 FF 61114 210200  780 219 2827     2303865    -23         153    -28   37  77  196   23  682   84  682   84  34  0  0 L3P 40
G07 FF 61114 210200  780 194  936     1611382      6         150    -41   24  36  219   33  374   28  374   28  21  0  0 L3P F2
G13 FF 61114 210200  780 471 2145    -6833659     24         139     10   21   2  100  -12  300  -52  300  -52  18  0  0 L3P 05
G14 FF 61114 210200  780 530 1663    -7393309    -17         134      0   25  20   92    8  250  -20  250  -20  21  0  0 L3P E7
G15 FF 61114 210200  780 190 2217    -3944642      3         145     37   39  34  225  -64  503 -145  503 -145  36  0  0 L3P 4D
G17 FF 61114 210200  780 588  488      883927     94         122     -5   20  78   86   -5  288  -50  288  -50  16  0  0 L3P 0D
G19 FF 61114 210200  780 437  115    -6937908    -10         151      4   30  86  106  -15  390  -99  390  -99  29  0  0 L3P 3E
G20 FF 61114 210200  780 431 2225     -540151   -223         125      2   26  85  108  -14  344  -53  344  -53  21  0  0 L3P 16
G21 FF 61114 210200  780 253 3141    -4087917    -24         133      8   29  22  171   29  687   90  687   90  26  0  0 L3P 23
G22 FF 61114 210200  780 654 2010      334967    -38         129     16   17  14   81    3  251  -38  251  -38  15  0  0 L3P F3
G30 FF 61114 210200  780 452 1237    -1535632   -125         102      4   16  40  104    3  277  -25  277  -25  14  0  0 L3P 10
G05 FF 61114 211800  780 190 2901     2303861     11         145      6   22  77  224   36  772  111  772  111  18  0  0 L3P 10
G07 FF 61114 211800  780 164  868     1611423    142         145     94   22  36  257   48  368  -80  368  -80  19  0  0 L3P 3F
G13 FF 61114 211800  780 542 2175    -6833649     23         136      9   13   2   91   -8  261  -52  261  -52  12  0  0 L3P F6
G14 FF 61114 211800  780 472 1599    -7393329    -31         131    -14   28  20  100   10  235  -15  235  -15  26  0  0 L3P 3D
G15 FF 61114 211800  780 244 2247    -3944650    -46         170    -12   32  34  177  -37  405  -65  405  -65  27  0  0 L3P 61
G17 FF 61114 211800  780 633  632      884022    106         122      7   13  78   82   -3  245  -49  245  -49  11  0  0 L3P ED
G19 FF 61114 211800  780 514  158    -6937923    -42         150    -28   16  86   94  -11  314  -49  314  -49  13  0  0 L3P 49
G20 FF 61114 211800  780 495 2277     -540364   -218         129      7   16  85   97   -9  297  -50  297  -50  14  0  0 L3P 35
G21 FF 61114 211800  780 209 3204    -4087941    -17         140     14   30  22  205   42  816  153  816  153  27  0  0 L3P 3B
G22 FF 61114 211800  780 604 1877      334908    -74         122    -19   22  14   85    5  232  -13  232  -13  20  0  0 L3P FB
G30 FF 61114 211800  780 434 1135    -1535744   -114         115     16   15  40  107    4  244  -41  244  -41  13  0  0 L3P 1F
G05 FF 61114 213400  780 158 2970     2303883    -18         161    -23   31  77  267   55  918  228  918  228  25  0  0 L3P 66
G07 FF 61114 213400  780 132  803     1611461     48         138      0   35  36  316   77  375   28  375   28  28  0  0 L3P F1
G13 FF 61114 213400  780 612 2236    -6833633     14         139      0   17   2   84   -6  221  -33  221  -33  15  0  0 L3P E0
G14 FF 61114 213400  780 417 1539    -7393353    -40         123    -23   17  20  110   12  219   -7  219   -7  14  0  0 L3P 16
G15 FF 61114 213400  780 295 2290    -3944693    -45         159    -11   25  34  149  -23  339  -70  339  -70  22  0  0 L3P 6A
G17 FF 61114 213400  780 656  819      884111    105         116      6   19  78   81   -1  212  -40  212  -40  17  0  0 L3P E2
G19 FF 61114 213400  780 591  218    -6937937    -32         149    -19   17  86   86   -7  256  -35  256  -35  13  0  0 L3P 4C
G20 FF 61114 213400  780 552 2360     -540576   -225         133      0   14  85   90   -6  258  -32  258  -32  14  0  0 L3P 0B
G21 FF 61114 213400  780 165 3263    -4087971      2         140     34   24  22  255   64  993  137  993  137  22  0  0 L3P 38
G22 FF 61114 213400  780 551 1774      334856    -55         122     -1   21  14   90    6  205  -21  205  -21  17  0  0 L3P DE
G30 FF 61114 213400  780 413 1038    -1535864    -87         120     43   26  40  111    5  228  -42  228  -42  25  0  0 L3P 1B
G05 FF 61114 215000  780 124 3037     2303866    -32         139    -38   32  77  335   88 1066   -2 1066   -2  27  0  0 L3P 41
G06 FF 61114 215000  780 111  278     6127009   -110         145   -111   36  36  373 -129 1121   54 1121   54  35  0  0 L3P 5E
G13 FF 61114 215000  780 675 2350    -6833626     -7         133    -21   14   2   80   -3  199  -12  199  -12  12  0  0 L3P 08
G14 FF 61114 215000  780 366 1481    -7393364    -31         128    -14   19  20  123   15  193  -10  193  -10  15  0  0 L3P 3A
G15 FF 61114 215000  780 340 2346    -3944732    -38         153     -3   24  34  131  -15  286  -45  286  -45  21  0  0 L3P 44
G17 FF 61114 215000  780 648 1016      884206     91         116     -7   14  78   81    2  182  -18  182  -18  11  0  0 L3P ED
G19 FF 61114 215000  780 665  315    -6937950    -30         149    -17   17  86   80   -4  214  -29  214  -29  14  0  0 L3P 33
G20 FF 61114 215000  780 597 2482     -540786   -207         139     18   22  85   85   -3  229  -36  229  -36  19  0  0 L3P 42
G21 FF 61114 215000  780 125 3319    -4088018    -99         124    -67   46  22  333  101 1018  -36 1018  -36  39  0  0 L3P 80
G22 FF 61114 215000  780 499 1688      334794    -73         113    -18   19  14   96    8  188  -11  188  -11  16  0  0 L3P 24
G30 FF 61114 215000  780 386  945    -1535987   -117         120     13   22  40  118    8  215  -34  215  -34  19  0  0 L3P 28
G06 FF 61114 220600  780 152  333     6126996     36         135     35   33  61  277  -77  911 -386  911 -386  25  0  0 L3P 61
G12 FF 61114 220600  780 112 2828     6079000    -28         139    -29   60  61  368 -114  976 -251  976 -251  58  0  0 L3P 99
G13 FF 61114 220600  780 719 2553    -6833612     12         130     -1   18   3   77   -1  190    1  190    1  16  0  0 L3P B0
G14 FF 61114 220600  780 318 1425    -7393382     25         125     42   25  21  139   18  171  -53  171  -53  21  0  0 L3P 29
G15 FF 61114 220600  780 378 2418    -3944771    -14         144     20   23  35  120   -9  254  -34  254  -34  20  0  0 L3P 32
G17 FF 61114 220600  780 612 1178      884296     84         110    -15   17  79   84    4  163   -7  163   -7  15  0  0 L3P EA
G19 FF 61114 220600  780 728  492    -6937972     14         140     28   30  96   77   -2  187  -51  187  -51  21  0  0 L3P 26
G20 FF 61114 220600  780 622 2642     -541013   -193         127     33   18  86   83   -1  228  -18  228  -18  14  0  0 L3P 20
G22 FF 61114 220600  780 448 1611      334751    -78         125    -23   25  22  104    9  159   -1  159   -1  23  0  0 L3P EA
G24 FF 61114 220600  780 116 2260      804387   -182         169    -14   30  83  360 -145  369 -167  369 -167  22  0  0 L3P 94
G30 FF 61114 220600  780 355  858    -1536122   -158         118    -29   28  41  126   11  216   24  216   24  25  0  0 L3P 2A
G06 FF 61114 222200  780 196  390     6126882   -297          20   -298   46  61  217  -49  644 -214  644 -214  34  0  0 L3P 8A
G12 FF 61114 222200  780 147 2764     6078894   -295          32   -296   56  61  286  -63  751 -167  751 -167  33  0  0 L3P B0
G13 FF 61114 222200  780 727 2834    -6833675   -228          53   -242   31   3   77    1  190    1  190    1  11  0  0 L3P E2
G14 FF 61114 222200  780 274 1368    -7393476   -267          47   -250   37  21  159   23  151   -1  151   -1  17  0  0 L3P 3C
G15 FF 61114 222200  780 406 2504    -3944881   -262          66   -228   34  35  113   -5  244  -24  244  -24  22  0  0 L3P 53
G17 FF 61114 222200  780 558 1290      884310   -143          30   -242   37  79   89    7  150  -13  150  -13  17  0  0 L3P 19
G19 FF 61114 222200  780 758  796    -6938060   -255          65   -241   34  96   76    0  162  -24  162  -24  18  0  0 L3P 43
G20 FF 61114 222200  780 620 2819     -541311   -480          45   -255   31  86   83    1  235   14  235   14  12  0  0 L3P FA
G22 FF 61114 222200  780 400 1540      334620   -329          46   -274   31  22  114   11  146   13  146   13  16  0  0 L3P FE
G24 FF 61114 222200  780 165 2227      804121   -383          65   -215   48  83  257  -78  274 -121  274 -121  41  0  0 L3P 72
G30 FF 61114 222200  780 320  778    -1536324   -321          40   -191   32  41  139   15  222  -37  222  -37  19  0  0 L3P 39
G06 FF 61114 223800  780 243  451     6126843     13         -21     12   38  61  178  -33  435 -173  435 -173  29  0  0 L3P 43
G12 FF 61114 223800  780 178 2697     6078847     23         -16     22   35  61  238  -40  563 -171  563 -171  27  0  0 L3P 6B
G13 FF 61114 223800  780 693 3079    -6833724     -7          -8    -21   16   3   79    3  197   31  197   31  15  0  0 L3P EA
G14 FF 61114 223800  780 234 1310    -7393547      3          -8     20   29  21  184   30  131  -31  131  -31  21  0  0 L3P EA
G15 FF 61114 223800  780 421 2601    -3944977    -12           3     22   25  35  110   -2  249   -7  249   -7  23  0  0 L3P ED
G17 FF 61114 223800  780 494 1360      884346     82         -29    -17   25  79   97   10  136    4  136    4  23  0  0 L3P E1
G19 FF 61114 223800  780 738 1117    -6938122     17          16     31   18  96   77    2  136  -38  136  -38  16  0  0 L3P 15
G20 FF 61114 223800  780 592 2980     -541588   -230         -15     -5   21  86   86    4  245   18  245   18  17  0  0 L3P 08
G22 FF 61114 223800  780 355 1472      334494    -87         -27    -33   20  22  126   14  142   15  142   15  15  0  0 L3P 00
G24 FF 61114 223800  780 217 2199      803885   -134          -9     34   34  83  198  -48  224  -77  224  -77  29  0  0 L3P 52
G30 FF 61114 223800  780 280  706    -1536513   -132         -24     -3   30  41  156   22  249   38  249   38  25  0  0 L3P 15
G06 FF 61114 225400  780 289  517     6126868    -48           3    -49   29  61  152  -23  295  -60  295  -60  22  0  0 L3P 32
G11 FF 61114 225400  780 146   97     4061732    -70          30     60   91 100  288  -98  830  303  830  303  77  0  0 L3P 27
G12 FF 61114 225400  780 208 2627     6078832    -86         -32    -88   35  61  206  -28  455  -37  455  -37  29  0  0 L3P 68
G13 FF 61114 225400  780 633 3235    -6833710     -3          -8    -16   14   3   82    5  222   42  222   42  12  0  0 L3P BC
G14 FF 61114 225400  780 196 1252    -7393585    -33         -29    -16   31  21  217   39  139    7  139    7  25  0  0 L3P 1A
G15 FF 61114 225400  780 422 2704    -3945003    -66          -4    -32   25   5  109    1  266   61  266   61  22  0  0 L3P EC
G17 FF 61114 225400  780 426 1401      884440    100         -30      1   30  79  109   15  129  -17  129  -17  25  0  0 L3P FF
G19 FF 61114 225400  780 681 1307    -6938141    -26           1    -12   16   4   79    4  127   -7  127   -7  15  0  0 L3P D3
G20 FF 61114 225400  780 546 3106     -541811   -217         -22      8   18  86   90    6  279   39  279   39  17  0  0 L3P 01
G22 FF 61114 225400  780 313 1406      334450    -21         -18     34   17  22  141   17  126  -33  126  -33  12  0  0 L3P F6
G24 FF 61114 225400  780 273 2176      803732   -155          -1     13   26  83  160  -32  186  -37  186  -37  24  0  0 L3P 2C
G30 FF 61114 225400  780 236  641    -1536611   -125           2      4   33  41  183   34  260   49  260   49  28  0  0 L3P E5
G06 FF 61114 231000  780 333  590     6126848      4         -18      3   29  61  134  -16  240  -54  240  -54  24  0  0 L3P ED
G12 FF 61114 231000  780 236 2555     6078860    -78          -5    -79   28  61  183  -20  348    8  348    8  22  0  0 L3P 0F
G13 FF 61114 231000  780 562 3330    -6833714      3         -25    -11   26   3   89    8  272   66  272   66  23  0  0 L3P D8
G14 FF 61114 231000  780 161 1193    -7393580     29          -8     46   38  21  261   54  112  -46  112  -46  30  0  0 L3P 12
G15 FF 61114 231000  780 408 2807    -3945042    -10         -11     24   21   5  112    5  322   58  322   58  18  0  0 L3P E4
G17 FF 61114 231000  780 357 1423      884532     99         -33      1   23  79  126   22  116  -15  116  -15  21  0  0 L3P F4
G19 FF 61114 231000  780 611 1400    -6938156    -18          -1     -5   18   4   84    6  116  -11  116  -11  16  0  0 L3P D8
G20 FF 61114 231000  780 489 3202     -542031   -210         -26     15   20  86   98    9  350   88  350   88  16  0  0 L3P FA
G22 FF 61114 231000  780 273 1340      334413    -67          -3    -12   17  22  159   21  103    5  103    5  13  0  0 L3P AC
G24 FF 61114 231000  780 333 2160      803570   -165          -2      3   17  83  134  -23  166  -21  166  -21  15  0  0 L3P FB
G30 FF 61114 231000  780 190  583    -1536734   -150           3    -20   39  41  225   56  319  103  319  103  32  0  0 L3P 1C
G06 FF 61114 232600  780 373  673     6126843      0         -24     -1   26  61  121  -10  197  -35  197  -35  22  0  0 L3P FE
G11 FF 61114 232600  780 256  184     4061449   -165          -4    -36   34 100  170  -38  690 -384  690 -384  31  0  0 L3P 75
G12 FF 61114 232600  780 262 2482     6078848    -19         -18    -20   33  61  166  -16  298  -50  298  -50  30  0  0 L3P 58
G13 FF 61114 232600  780 487 3393    -6833713      0         -37    -14   31   3   98   12  360  100  360  100  32  0  0 L3P FD
G14 FF 61114 232600  780 128 1133    -7393609    -63         -20    -46   52  21  324   79  120   41  120   41  41  0  0 L3P 19
G15 FF 61114 232600  780 383 2903    -3945076    -55         -12    -21   19   5  118    8  421  139  421  139  16  0  0 L3P 33
G17 FF 61114 232600  780 288 1430      884634     80         -27    -19   18  79  152   33   97  -13   97  -13  16  0  0 L3P 13
G19 FF 61114 232600  780 538 1444    -6938175    -25          -6    -12   20   4   91    9  107   -4  107   -4  18  0  0 L3P E1
G20 FF 61114 232600  780 427 3275     -542245   -212         -24     13   18  86  108   13  469  147  469  147  17  0  0 L3P 51
G22 FF 61114 232600  780 236 1274      334339    -32         -25     22   27  22  182   27  117  -31  117  -31  19  0  0 L3P 0A
G24 FF 61114 232600  780 396 2151      803413   -186           3    -17   19  83  115  -16  152   -1  152   -1  17  0  0 L3P F7
G30 FF 61114 232600  780 141  533    -1536887   -223         -25    -94   47  41  299  105  451  232  451  232  40  0  0 L3P 64
G06 FF 61114 234200  780 405  767     6126855    -13         -13    -15   15  61  113   -6  152  -13  152  -13  12  0  0 L3P 0C
G11 FF 61114 234200  780 317  231     4061321    -37          -8     93   25 100  140  -25  422 -265  422 -265  22  0  0 L3P 2E
G12 FF 61114 234200  780 288 2408     6078847     12         -20     11   31  61  152  -13  243  -68  243  -68  29  0  0 L3P 2F
G13 FF 61114 234200  780 413 3440    -6833696     32         -33     19   43   3  111   17  486  162  486  162  39  0  0 L3P 2F
G15 FF 61114 234200  780 349 2990    -3945102    -23          -5     11   19   5  128   13  585  216  585  216  14  0  0 L3P 27
G17 FF 61114 234200  780 222 1426      884706     35         -49    -63   22  79  194   55  104   38  104   38  17  0  0 L3P 11
G19 FF 61114 234200  780 466 1462    -6938196    -16         -15     -2   21   4  101   12  103  -11  103  -11  20  0  0 L3P 01
G20 FF 61114 234200  780 364 3333     -542542   -700        -105   -475  166  86  124   19  751  659  751  659 141  0  0 L3P AF
G22 FF 61114 234200  780 202 1208      334324    -70          12    -15   31  22  211   35   78    4   78    4  24  0  0 L3P 99
G24 FF 61114 234200  780 462 2152      803245   -223          -3    -55   18  83  102  -12  142   27  142   27  15  0  0 L3P 03
