CGGTTS     GENERIC DATA FORMAT VERSION = 2E
REV DATE = 2025-11-01
RCVR = PolaRx5TR (5.6.0)     sbf2cggtts-1.5.0
CH = 80
IMS = PolaRx5TR
LAB = LRTE
X = 3967035.920 m
Y = -4390028.540 m
Z = -2375644.640 m
FRAME = ITRF
COMMENTS = LS=18; ElMask=10deg; 'Generated from the SBF in 2026-04-02 at 23:50:00'
INT DLY = 24.9 ns (GPS P1),  15.7 ns (GPS P2)     CAL_ID = 1201-2025
CAB DLY = 103.1 ns
REF DLY = 47.2 ns
REF = UTC(LRTE)
CKSUM = f5

SAT CL  MJD  STTIME TRKL ELV AZTH   REFSV      SRSV     REFSYS    SRSYS  DSG IOE MDTR SMDT MDIO SMDI MSIO SMSI ISG FR HC FRC CK
             hhmmss  s  .1dg .1dg    .1ns     .1ps/s     .1ns    .1ps/s .1ns     .1ns.1ps/s.1ns.1ps/s.1ns.1ps/s.1ns
G06 FF 61132 000600  780 316 1317     6120214     -6           4      5   25  82  140   21   99  -14   99  -14  22  0  0 L3P B1
G11 FF 61132 000600  780 617  823     3872364   -125          11      4   22  82   84   -1  142  -24  142  -24  21  0  0 L3P DC
G12 FF 61132 000600  780 452 1963     6079869     22           5     22   18  16  104   -6  117  -27  117  -27  17  0  0 L3P FD
G24 FF 61132 000600  780 743 3002      553038   -166          25      7   22  58   76    1  163   25  163   25  15  0  0 L3P C4
G29 FF 61132 000600  780 226 2900     3480810    -54          18     16   21 174  190  -34  854 -192  854 -192  18  0  0 L3P 6C
G06 FF 61132 002200  780 262 1367     6120208      0           8     10   32  82  166   34   97  -26   97  -26  25  0  0 L3P C3
G11 FF 61132 002200  780 613  997     3872247   -151          17    -23   19  82   84    1  122   -3  122   -3  17  0  0 L3P D9
G12 FF 61132 002200  780 486 1876     6079866    -20           1    -20   22  16   98   -5  116    6  116    6  18  0  0 L3P C9
G24 FF 61132 002200  780 693 3223      552869   -169          22      4   13  58   79    3  194   27  194   27  11  0  0 L3P E0
G25 FF 61132 002200  780 224 2242    -4330821      8          34    -20   38  50  191  -36  185  -16  185  -16  32  0  0 L3P 15
G29 FF 61132 002200  780 266 2829     3480748    -69          23      1   23 174  164  -22  688 -159  688 -159  19  0  0 L3P 7F
G06 FF 61132 003800  780 205 1402     6120196    -92           6    -82   30  82  209   59  102   86  102   86  22  0  0 L3P F7
G11 FF 61132 003800  780 583 1148     3872112   -148           6    -20   15  82   86    4  119    6  119    6  13  0  0 L3P C8
G12 FF 61132 003800  780 520 1781     6079872    -19           8    -19   16  16   93   -5  108   18  108   18  14  0  0 L3P F6
G24 FF 61132 003800  780 625 3347      552690   -195           9    -22   15  58   83    6  247   73  247   73  14  0  0 L3P F5
G25 FF 61132 003800  780 270 2195    -4330807     65          22     38   38  50  161  -27  174  -59  174  -59  33  0  0 L3P 3C
G29 FF 61132 003800  780 302 2752     3480669    -41          13     29   19 174  146  -15  557 -159  557 -159  18  0  0 L3P 85
G05 FF 61132 005400  780 190  369     2311725     52          16     47   37  27  224  -53  734 -153  734 -153  35  0  0 L3P 36
G11 FF 61132 005400  780 535 1260     3871988   -154           5    -26   20  82   91    7  111   17  111   17  18  0  0 L3P E8
G12 FF 61132 005400  780 554 1675     6079863     26          -1     26   13  16   89   -4  120  -14  120  -14  11  0  0 L3P E9
G21 FF 61132 005400  780 186  649    -4126212     -1          37     18   35   2  228  -38  283 -130  283 -130  31  0  0 L3P 1A
G24 FF 61132 005400  780 550 3421      552510   -182          -6     -9   41  58   90    9  321   71  321   71  42  0  0 L3P CA
G25 FF 61132 005400  780 319 2150    -4330791    -37          12    -64   25  50  139  -21  165   29  165   29  21  0  0 L3P 26
G29 FF 61132 005400  780 333 2670     3480585    -72          -4     -1   25 174  133  -11  438 -127  438 -127  22  0  0 L3P 59
G05 FF 61132 011000  780 236  429     2311752     -2          37     -7   29  27  183  -35  461 -255  461 -255  24  0  0 L3P 24
G11 FF 61132 011000  780 476 1336     3871860   -147           1    -19   27  82  100   10  109   12  109   12  24  0  0 L3P F7
G12 FF 61132 011000  780 585 1553     6079874     18          10     18   14  16   86   -3  110  -21  110  -21  12  0  0 L3P E0
G21 FF 61132 011000  780 217  720    -4126258    -45           9    -26   32   2  198  -26  224  -48  224  -48  26  0  0 L3P 0B
G24 FF 61132 011000  780 474 3471      552345   -208          -4    -35   36  58  100   13  397  127  397  127  34  0  0 L3P 35
G25 FF 61132 011000  780 372 2107    -4330758    -38          19    -65   19  50  121  -16  144   57  144   57  16  0  0 L3P 2A
G29 FF 61132 011000  780 361 2583     3480534    -89          13    -18   24 174  125   -8  311  -78  311  -78  21  0  0 L3P 3E
G05 FF 61132 012600  780 283  495     2311742    -16          22    -21   31  27  155  -24  293 -117  293 -117  25  0  0 L3P 41
G11 FF 61132 012600  780 412 1384     3871734   -154          -3    -26   28  82  112   15  102   11  102   11  25  0  0 L3P FC
G12 FF 61132 012600  780 611 1411     6079866     -2           2     -2   19  16   84   -2  115   -2  115   -2  17  0  0 L3P A3
G21 FF 61132 012600  780 243  796    -4126260    -36          26    -17   40   2  178  -16  156  -31  156  -31  35  0  0 L3P 1A
G24 FF 61132 012600  780 399 3510      552176   -176          -8     -3   19  58  115   18  504  121  504  121  15  0  0 L3P 1C
G25 FF 61132 012600  780 429 2065    -4330728     57          22     30   19  50  108  -12  129  -48  129  -48  15  0  0 L3P 2D
G29 FF 61132 012600  780 384 2492     3480460    -80           7    -10   27 174  118   -6  247  -48  247  -48  23  0  0 L3P 38
G05 FF 61132 014200  780 328  568     2311740     -3          15     -8   28  27  135  -17  209  -60  209  -60  23  0  0 L3P F9
G11 FF 61132 014200  780 346 1412     3871616   -155           3    -27   20  82  129   23   90   27   90   27  18  0  0 L3P E7
G12 FF 61132 014200  780 625 1250     6079861    -23          -3    -23   21  16   83   -1  113   22  113   22  19  0  0 L3P D5
G21 FF 61132 014200  780 262  876    -4126309      2          -4     22   23   2  166  -10  153  -51  153  -51  20  0  0 L3P D0
G24 FF 61132 014200  780 327 3543      552025   -184           7    -11   24  58  136   27  624  154  624  154  18  0  0 L3P 24
G25 FF 61132 014200  780 491 2025    -4330715     43           9     16   19  50   97  -10  122  -21  122  -21  15  0  0 L3P EB
G29 FF 61132 014200  780 403 2398     3480387    -43           1     27   26 174  113   -4  193  -78  193  -78  23  0  0 L3P 2D
G05 FF 61132 015800  780 369  649     2311752     12          21      6   22  27  122  -11  159  -45  159  -45  21  0  0 L3P F5
G11 FF 61132 015800  780 280 1425     3871490   -143           1    -15   24  82  156   35   83   15   83   15  20  0  0 L3P E5
G12 FF 61132 015800  780 626 1077     6079865      6           0      6   18  16   83    1  110   -5  110   -5  15  0  0 L3P 8B
G18 FF 61132 015800  780 255 3192     3870814   -115          36    -21   21  46  170  -41  766 -220  766 -220  18  0  0 L3P 74
G21 FF 61132 015800  780 274  959    -4126324     19          -1     38   27   2  159   -4  126  -50  126  -50  22  0  0 L3P EE
G24 FF 61132 015800  780 258 3575      551869   -159          17     14   21  58  169   42  715  111  715  111  18  0  0 L3P 3F
G25 FF 61132 015800  780 556 1985    -4330694     33           4      6   19  50   89   -7  115  -22  115  -22  15  0  0 L3P EE
G29 FF 61132 015800  780 420 2302     3480315    -60          -3     11   14 174  110   -3  160  -47  160  -47  11  0  0 L3P 04
G05 FF 61132 021400  780 403  742     2311762    -11          29    -17   25  28  114   -7  123  -12  123  -12  23  0  0 L3P EF
G11 FF 61132 021400  780 215 1426     3871373   -168           4    -39   22  83  200   57   73   55   73   55  17  0  0 L3P F2
G12 FF 61132 021400  780 609  909     6079871     -8           6     -8   28  17   84    2  110    6  110    6  19  0  0 L3P 89
G18 FF 61132 021400  780 318 3143     3870713    -81          21     13   24  47  139  -25  574 -194  574 -194  20  0  0 L3P 59
G21 FF 61132 021400  780 275 1043    -4126320     36          27     55   44   3  159    2   82  -55   82  -55  35  0  0 L3P CF
G24 FF 61132 021400  780 193    6      551712   -183          30    -10   41  97  221   70  680  -62  680  -62  40  0  0 L3P E8
G25 FF 61132 021400  780 626 1942    -4330666      8           6    -19   14  51   83   -6  106    6  106    6  12  0  0 L3P AE
G29 FF 61132 021400  780 434 2204     3480243    -85          -8    -15   29 175  107   -3  135  -16  135  -16  25  0  0 L3P 2E
G05 FF 61132 023000  780 426  844     2311759     26          22     20   19  28  109   -3  106  -38  106  -38  16  0  0 L3P F1
G12 FF 61132 023000  780 576  762     6079861      2          -3      2   17  17   87    4  120   -2  120   -2  14  0  0 L3P 7C
G18 FF 61132 023000  780 378 3082     3870614   -123          14    -29   16  47  120  -16  425 -129  425 -129  13  0  0 L3P 6D
G21 FF 61132 023000  780 265 1124    -4126353     18          13     38   33   3  164    9   85  -46   85  -46  33  0  0 L3P D3
G25 FF 61132 023000  780 699 1892    -4330644     26           3     -2   11  51   78   -4  101   -3  101   -3  10  0  0 L3P B2
G28 FF 61132 023000  780 209 2378     5650118    -99          13    -11   25 103  205  -26  225   27  225   27  21  0  0 L3P 26
G29 FF 61132 023000  780 447 2106     3480186    -28           3     43   18 175  104   -2  107  -51  107  -51  16  0  0 L3P 0C
G05 FF 61132 024600  780 435  953     2311761    -19          18    -24   23  28  107    0   93   17   93   17  21  0  0 L3P C6
G12 FF 61132 024600  780 531  642     6079874    -51           9    -51   32  17   92    6  117   55  117   55  24  0  0 L3P D4
G18 FF 61132 024600  780 435 3007     3870527   -115          17    -21   47  47  107  -11  299  -97  299  -97  30  0  0 L3P 67
G21 FF 61132 024600  780 244 1199    -4126359     -3          25     16   22   3  177   18   72  -13   72  -13  19  0  0 L3P E1
G25 FF 61132 024600  780 775 1812    -4330620     47           0     20   17  51   75   -2   95  -23   95  -23  15  0  0 L3P CB
G28 FF 61132 024600  780 231 2449     5650051    -88          30      0   39 103  186  -13  224   28  224   28  36  0  0 L3P 10
G29 FF 61132 024600  780 458 2006     3480111    -42          -4     28   22 175  102   -2  102  -36  102  -36  20  0  0 L3P 05
G05 FF 61132 030200  780 428 1060     2311763     -6          14    -11   29  28  108    3   83   -4   83   -4  24  0  0 L3P AA
G12 FF 61132 030200  780 476  547     6079869    -40           4    -40   18  17  100   10  130   39  130   39  14  0  0 L3P E2
G18 FF 61132 030200  780 486 2913     3870421    -96           2     -2   23  47   98   -7  227  -62  227  -62  18  0  0 L3P 01
G21 FF 61132 030200  780 213 1266    -4126385     -4          17     15   31   3  201   32   71  -23   71  -23  26  0  0 L3P BF
G25 FF 61132 030200  780 848 1557    -4330614     63         -20     35   35  51   74   -1  107  -40  107  -40  34  0  0 L3P 02
G28 FF 61132 030200  780 243 2527     5649961    -96          24     -9   32 103  178   -5  255   40  255   40  26  0  0 L3P 19
G29 FF 61132 030200  780 469 1905     3480043    -82          -5    -11   19 175  101   -2   88    3   88    3  18  0  0 L3P D5
G05 FF 61132 031800  780 406 1158     2311766     12          12      6   26  28  113    7   80   -1   80   -1  24  0  0 L3P 8E
G12 FF 61132 031800  780 416  473     6079868     -7           4     -7   21  17  111   14  164   60  164   60  18  0  0 L3P CC
G18 FF 61132 031800  780 528 2800     3870330    -99           1     -5   17  47   92   -5  184  -37  184  -37  15  0  0 L3P 04
G23 FF 61132 031800  780 207 3521    -6312457   -140          31    -94   37  24  207  -67  663 -152  663 -152  27  0  0 L3P 80
G25 FF 61132 031800  780 847  500    -4330585     40         -17     13   11  51   74    1  107   -5  107   -5   9  0  0 L3P B0
G28 FF 61132 031800  780 244 2607     5649887   -133          34    -45   30 103  177    2  296   99  296   99  27  0  0 L3P 54
G29 FF 61132 031800  780 478 1802     3479983    -58           3     13   18 175   99   -2   78   -9   78   -9  15  0  0 L3P F6
G05 FF 61132 033400  780 371 1241     2311776     17          16     12   22  28  122   12   73  -15   73  -15  18  0  0 L3P D6
G12 FF 61132 033400  780 351  415     6079864     -2          -1     -2   22  17  128   21  224   25  224   25  18  0  0 L3P C3
G18 FF 61132 033400  780 559 2667     3870238    -81          -1     13   15  47   89   -3  154  -40  154  -40  14  0  0 L3P 0D
G23 FF 61132 033400  780 278 3531    -6312509    -87          22    -41   24  24  157  -39  493 -121  493 -121  19  0  0 L3P 71
G25 FF 61132 033400  780 770  254    -4330559     35         -18      8   14  51   76    3  114    9  114    9  12  0  0 L3P A4
G28 FF 61132 033400  780 236 2688     5649696   -191         -73   -104   33 103  183   10  463  125  463  125  31  0  0 L3P 88
G29 FF 61132 033400  780 487 1697     3479896    -63         -16      7   19 175   98   -1   88  -16   88  -16  16  0  0 L3P 31
G05 FF 61132 035000  780 325 1308     2311783     39          18     33   22  28  136   19   64  -30   64  -30  19  0  0 L3P E5
G12 FF 61132 035000  780 286  371     6079877     27          12     27   24  17  154   34  245   44  245   44  22  0  0 L3P EE
G18 FF 61132 035000  780 577 2520     3870146    -98          -2     -4   14  47   87   -1  128  -15  128  -15  11  0  0 L3P 01
G23 FF 61132 035000  780 353 3538    -6312568    -79           6    -33   19  24  127  -25  370 -102  370 -102  16  0  0 L3P 54
G25 FF 61132 035000  780 687  187    -4330523     42          -8     15   17  51   79    5  119    8  119    8  13  0  0 L3P B1
G28 FF 61132 035000  780 219 2766     5649739   -193          54   -106   62 103  195   18  324  105  324  105  71  0  0 L3P 7D
G29 FF 61132 035000  780 494 1588     3479834    -84         -10    -13   21 175   97   -1   72    8   72    8  19  0  0 L3P F0
G05 FF 61132 040600  780 273 1359     2311787    -32          20    -37   24  32  160   30   58   34   58   34  19  0  0 L3P EA
G12 FF 61132 040600  780 219  337     6079894    -20          25    -20   26  18  196   58  359  198  359  198  27  0  0 L3P 51
G18 FF 61132 040600  780 581 2367     3870057    -97           1     -3   16  48   87    0  106  -18  106  -18  13  0  0 L3P ED
G23 FF 61132 040600  780 432 3540    -6312609    -68           8    -22   23  25  107  -17  251  -81  251  -81  18  0  0 L3P 2C
G25 FF 61132 040600  780 603  154    -4330512      4         -21    -23   27  62   85    7  141   32  141   32  27  0  0 L3P BB
G26 FF 61132 040600  780 227 2237     3484424     35          18    -14   44  56  190  -46  128    6  128    6  36  0  0 L3P F8
G28 FF 61132 040600  780 196 2842     5649615   -142           7    -54   36 104  217   28  470  123  470  123  31  0  0 L3P 4F
G29 FF 61132 040600  780 499 1477     3479783    -81          11    -11   16 176   96    0   51   -1   51   -1  13  0  0 L3P DC
G05 FF 61132 042200  780 217 1395     2311787    -14          15    -20   31  32  198   51   66   28   66   28  24  0  0 L3P EE
G15 FF 61132 042200  780 202  766    -3994802    -50          24    -17   33  17  211  -25  104   19  104   19  29  0  0 L3P 0F
G18 FF 61132 042200  780 572 2218     3869973    -85           7      9   13  48   87    1   88  -12   88  -12  11  0  0 L3P D3
G23 FF 61132 042200  780 514 3539    -6312656    -30           5     15   23  25   94  -11  180  -64  180  -64  19  0  0 L3P 10
G25 FF 61132 042200  780 521  136    -4330471     52          -7     24   20  62   93   11  149   12  149   12  19  0  0 L3P C7
G26 FF 61132 042200  780 283 2272     3484471     49          18      0   28  56  155  -28  122   -1  122   -1  25  0  0 L3P E1
G29 FF 61132 042200  780 499 1362     3479689    -50         -15     21   17 176   96    0   79  -15   79  -15  14  0  0 L3P 19
G10 FF 61132 043800  780 216 3371     5901484     -7           7     -3   64  59  199  -63  612 -189  612 -189  56  0  0 L3P 4B
G15 FF 61132 043800  780 224  841    -3994871    -89         -14    -56   30  17  192  -15  116   29  116   29  27  0  0 L3P 3F
G18 FF 61132 043800  780 554 2082     3869873    -82          -2     12   19  48   89    2   90  -13   90  -13  15  0  0 L3P E8
G23 FF 61132 043800  780 599 3534    -6312700    -25           4     21   28  25   85   -8  140  -45  140  -45  25  0  0 L3P 03
G25 FF 61132 043800  780 440  126    -4330447     60          -9     33   37  62  106   16  195   26  195   26  32  0  0 L3P F0
G26 FF 61132 043800  780 334 2321     3484514     18          14    -30   24  56  133  -18  123   25  123   25  20  0  0 L3P FC
G29 FF 61132 043800  780 495 1246     3479638    -62          12      8   20   9   97    1   63   12   63   12  18  0  0 L3P AC
G10 FF 61132 045400  780 286 3352     5901467    -44          -5    -39   24  59  153  -36  426 -127  426 -127  24  0  0 L3P 68
G15 FF 61132 045400  780 239  918    -3994891     60          -2     93   27  17  181   -8   99  -84   99  -84  24  0  0 L3P 16
G18 FF 61132 045400  780 530 1959     3869785    -55           0     40   18  48   92    3   84  -36   84  -36  16  0  0 L3P EB
G23 FF 61132 045400  780 686 3525    -6312769    -96         -21    -51   17  25   79   -5  141   40  141   40  15  0  0 L3P 1C
G25 FF 61132 045400  780 361  122    -4330418     71          -7     44   23  62  125   24  263   46  263   46  18  0  0 L3P E7
G26 FF 61132 045400  780 380 2386     3484551     48           5      0   22  56  119  -11  131   -3  131   -3  18  0  0 L3P CC
G29 FF 61132 045400  780 485 1130     3479550    -71          -9     -1   25   9   98    2   84    7   84    7  23  0  0 L3P 94
G10 FF 61132 051000  780 359 3324     5901449     24         -19     28   43  59  125  -23  327 -146  327 -146  42  0  0 L3P 56
G15 FF 61132 051000  780 246  997    -3994910    -14          10     19   22  17  176   -2   91  -22   91  -22  16  0  0 L3P F2
G18 FF 61132 051000  780 503 1848     3869696    -96           2     -1   20  48   95    4   83    1   83    1  16  0  0 L3P 94
G23 FF 61132 051000  780 774 3510    -6312813    -98         -21    -52   29  25   75   -3  129   31  129   31  29  0  0 L3P 14
G25 FF 61132 051000  780 286  124    -4330379     54           6     26   26  62  153   37  345   76  345   76  20  0  0 L3P EA
G26 FF 61132 051000  780 416 2469     3484587     53          -7      4   24  56  111   -7  147    4  147    4  21  0  0 L3P BE
G29 FF 61132 051000  780 468 1018     3479493    -70           2      1   20   9  101    4   87   22   87   22  18  0  0 L3P 99
G10 FF 61132 052600  780 433 3283     5901439     11         -24     16   24  59  107  -15  277  -24  277  -24  22  0  0 L3P 2A
G15 FF 61132 052600  780 243 1074    -3994928    -23          24     10   25  17  178    5   73    2   73    2  21  0  0 L3P B7
G16 FF 61132 052600  780 235 2254    -2372664    -86          10    -15   37  65  184  -39  139   11  139   11  36  0  0 L3P 35
G18 FF 61132 052600  780 475 1747     3869613   -112          10    -18   19  48  100    5   77   15   77   15  16  0  0 L3P FE
G23 FF 61132 052600  780 862 3465    -6312829    -40           6      5   23  25   74   -1   94  -10   94  -10  22  0  0 L3P C9
G25 FF 61132 052600  780 214  130    -4330348     18          11     -9   32  62  200   64  457  115  457  115  26  0  0 L3P 03
G26 FF 61132 052600  780 440 2566     3484638     53          -3      4   22  56  106   -3  156   13  156   13  20  0  0 L3P D6
G29 FF 61132 052600  780 444  911     3479432   -115           8    -45   21   9  105    5   95   46   95   46  19  0  0 L3P D0
G10 FF 61132 054200  780 506 3225     5901449    -19         -10    -14   15  59   95  -10  233  -37  233  -37  14  0  0 L3P 2B
G15 FF 61132 054200  780 231 1148    -3994969     14          15     47   26  17  186   13   86  -43   86  -43  23  0  0 L3P 13
G16 FF 61132 054200  780 283 2303    -2372750    -54          -7     18   24  65  155  -24  168   -2  168   -2  22  0  0 L3P 0E
G18 FF 61132 054200  780 446 1653     3869525    -96          12     -2   23  48  105    5   82   13   82   13  19  0  0 L3P D5
G23 FF 61132 054200  780 851 1730    -6312873    -53           6     -7   14  25   74    1   97    2   97    2  13  0  0 L3P 91
G26 FF 61132 054200  780 449 2675     3484687     36          -1    -12   20  56  104    0  177   29  177   29  18  0  0 L3P 04
G29 FF 61132 054200  780 412  814     3479377    -94          21    -24   19   9  112    8  101   32  101   32  15  0  0 L3P D3
G10 FF 61132 055800  780 576 3142     5901449    -18          -6    -13   14  59   87   -7  195  -17  195  -17  13  0  0 L3P 29
G15 FF 61132 055800  780 210 1216    -3995001    -61          14    -28   30  17  204   24   87   23   87   23  25  0  0 L3P F1
G16 FF 61132 055800  780 325 2366    -2372821    -52         -10     20   21  65  136  -15  185    1  185    1  19  0  0 L3P FF
G18 FF 61132 055800  780 419 1564     3869433    -82          10     13   14  48  110    6   89   -4   89   -4  13  0  0 L3P D8
G23 FF 61132 055800  780 766 1688    -6312934    -50         -12     -5   18  25   76    3  114   -5  114   -5  16  0  0 L3P F3
G26 FF 61132 055800  780 443 2786     3484732     39          -3    -10   20  56  105    3  202   24  202   24  17  0  0 L3P E5
G29 FF 61132 055800  780 374  725     3479300    -44          12     26   33   9  121   12  125   -2  125   -2  27  0  0 L3P CE
G10 FF 61132 061400  780 639 3020     5901435    -48         -16    -43   11  61   82   -4  162   -7  162   -7  10  0  0 L3P EC
G15 FF 61132 061400  780 180 1277    -3995045    -46           7    -13   34  19  235   42   95    6   95    6  27  0  0 L3P DA
G16 FF 61132 061400  780 358 2443    -2372891    -71         -10      0   26  66  125   -9  194    1  194    1  22  0  0 L3P E1
G18 FF 61132 061400  780 392 1478     3869331    -94           0      1   19  49  116    7   98   -9   98   -9  16  0  0 L3P CB
G23 FF 61132 061400  780 683 1661    -6312983    -34         -18     11   15  26   79    5  107  -21  107  -21  13  0  0 L3P 0D
G26 FF 61132 061400  780 422 2891     3484771     60         -12     12   24  92  109    6  213  -13  213  -13  22  0  0 L3P FB
G29 FF 61132 061400  780 330  648     3479239   -101          23    -31   30  10  135   17  124   23  124   23  24  0  0 L3P F9
G10 FF 61132 063000  780 689 2838     5901421      6         -25     11   11  61   79   -2  128  -45  128  -45  10  0  0 L3P F1
G16 FF 61132 063000  780 380 2533    -2372947    -55           3     17   29  66  119   -4  167  -41  167  -41  23  0  0 L3P 1F
G18 FF 61132 063000  780 367 1395     3869246    -94           5      0   15  49  123    7   80  -17   80  -17  12  0  0 L3P D4
G23 FF 61132 063000  780 604 1634    -6313018    -30         -10     16   17  26   85    7   88  -25   88  -25  14  0  0 L3P ED
G26 FF 61132 063000  780 389 2987     3484806     58         -25      9   33  92  117   10  209  -34  209  -34  28  0  0 L3P 2B
G27 FF 61132 063000  780 233 2176      902158    109          29    -38   39  28  185  -46  174  -10  174  -10  35  0  0 L3P 35
G29 FF 61132 063000  780 281  580     3479168    -26          20     44   38  10  156   27  126  -47  126  -47  33  0  0 L3P 18
G32 FF 61132 063000  780 215   35      185943   -101         -10     91   26  16  200  -57  322 -252  322 -252  17  0  0 L3P 1D
G10 FF 61132 064600  780 713 2589     5901423      9         -19     13   14  61   78    0   94  -36   94  -36  11  0  0 L3P D1
G16 FF 61132 064600  780 388 2630    -2373021    -73          -2     -2   23  66  117    0  140  -31  140  -31  20  0  0 L3P EF
G18 FF 61132 064600  780 343 1314     3869160   -125           9    -30   21  49  130    8   62   13   62   13  18  0  0 L3P D6
G23 FF 61132 064600  780 529 1605    -6313060    -22          -8     23   18  26   92    9   66  -37   66  -37  16  0  0 L3P EC
G26 FF 61132 064600  780 349 3072     3484855     31         -22    -18   40  92  128   14  187   -8  187   -8  28  0  0 L3P 25
G27 FF 61132 064600  780 294 2167      902294    160          24     13   27  28  149  -30  120  -81  120  -81  24  0  0 L3P 1A
G29 FF 61132 064600  780 229  522     3479085    -36           4     35   41  10  188   43  132  -46  132  -46  38  0  0 L3P 08
G32 FF 61132 064600  780 280   65      185761   -202          -7    -10   32  16  156  -35  176 -107  176 -107  27  0  0 L3P 33
G10 FF 61132 070200  780 705 2324     5901435     -2          -3      2   12  61   78    1   57  -22   57  -22  11  0  0 L3P 91
G16 FF 61132 070200  780 383 2731    -2373086    -43           2     29   21  66  119    3  105  -50  105  -50  19  0  0 L3P FB
G18 FF 61132 070200  780 319 1234     3869071    -98          12     -4   24  49  139    9   51  -14   51  -14  19  0  0 L3P EE
G23 FF 61132 070200  780 458 1573    -6313106    -60         -10    -14   20  26  103   12   53   -9   53   -9  18  0  0 L3P E7
G26 FF 61132 070200  780 305 3147     3484905     60         -19     12   19  92  144   20  165  -33  165  -33  14  0  0 L3P 1A
G27 FF 61132 070200  780 358 2167      902412    129           2    -18   25  28  125  -21   88  -25   88  -25  21  0  0 L3P FA
G32 FF 61132 070200  780 349   95      185569   -165         -14     27   23  16  129  -24  103  -79  103  -79  19  0  0 L3P 27
G10 FF 61132 071800  780 670 2110     5901430     12          -3     17   12  61   80    3   48  -20   48  -20  12  0  0 L3P 9F
G16 FF 61132 071800  780 364 2828    -2373153    -70           3      2   21  66  124    7   91    0   91    0  17  0  0 L3P 8D
G18 FF 61132 071800  780 295 1155     3869001   -100          31     -6   22  49  149   11   33   14   33   14  18  0  0 L3P E3
G23 FF 61132 071800  780 391 1538    -6313141    -32          -1     13   23  26  116   17   42   -5   42   -5  20  0  0 L3P C4
G26 FF 61132 071800  780 259 3214     3484967     51          -4      2   22  92  168   29  139  -15  139  -15  17  0  0 L3P 13
G27 FF 61132 071800  780 425 2179      902563    205          11     58   21  28  109  -14   56  -51   56  -51  18  0  0 L3P 02
G32 FF 61132 071800  780 421  129      185398   -189          -1      3   40  16  110  -16   66  -15   66  -15  36  0  0 L3P E0
G10 FF 61132 073400  780 620 1956     5901422    -21          -6    -16   17  61   83    4   48   11   48   11  16  0  0 L3P B9
G16 FF 61132 073400  780 336 2919    -2373213    -62          13      9   21  66  133   12   80   -8   80   -8  17  0  0 L3P D3
G18 FF 61132 073400  780 271 1078     3868908    -85          29      9   49  49  161   14   42   13   42   13  44  0  0 L3P EA
G23 FF 61132 073400  780 330 1500    -6313170    -30          14     16   22  26  135   22   28   -6   28   -6  20  0  0 L3P C0
G26 FF 61132 073400  780 213 3275     3485013     95          -5     46   43  92  201   41  128  -50  128  -50  37  0  0 L3P 0B
G27 FF 61132 073400  780 492 2208      902713    137          21    -10   22  28   97  -10   42    1   42    1  19  0  0 L3P A6
G32 FF 61132 073400  780 496  169      185211   -167          -3     25   16  16   97  -11   55  -21   55  -21  15  0  0 L3P DF
G08 FF 61132 075000  780 238 2211    -4685609     26          13    -38   31  31  182  -45   63   19   63   19  28  0  0 L3P 05
G10 FF 61132 075000  780 566 1841     5901427    -11           3     -7   14  61   88    6   36    8   36    8  12  0  0 L3P 83
G16 FF 61132 075000  780 300 3001    -2373275    -67          20      5   21  66  147   18   77   -7   77   -7  18  0  0 L3P D4
G18 FF 61132 075000  780 245 1002     3868817    -87          29      7   28  49  176   18   51    6   51    6  25  0  0 L3P C5
G23 FF 61132 075000  780 273 1460    -6313235    -31          -8     14   25  26  160   31   50   -4   50   -4  19  0  0 L3P C5
G27 FF 61132 075000  780 558 2262      902859    149          26      2   16  28   89   -7   36   -3   36   -3  15  0  0 L3P B8
G32 FF 61132 075000  780 572  225      185040   -201          10     -9   16  16   88   -8   42    9   42    9  13  0  0 L3P 84
G08 FF 61132 080600  780 298 2236    -4685552     80          11     16   25  32  148  -28   52  -23   52  -23  22  0  0 L3P 0B
G10 FF 61132 080600  780 511 1749     5901424     -2           8      3   22  65   94    7   38    0   38    0  19  0  0 L3P 5F
G16 FF 61132 080600  780 259 3076    -2373334    -61          27     10   33  10  167   26   67  -16   67  -16  26  0  0 L3P 0E
G18 FF 61132 080600  780 218  928     3868736    -64          39     30   36  50  197   25   53  -13   53  -13  30  0  0 L3P FD
G23 FF 61132 080600  780 220 1416    -6313253    -70          16    -25   32  27  195   43   35   45   35   45  26  0  0 L3P F2
G27 FF 61132 080600  780 619 2355      902990    132          19    -15   16  36   83   -4   38    3   38    3  13  0  0 L3P B0
G32 FF 61132 080600  780 645  313      184858   -189           7      3   11  17   81   -5   39   -1   39   -1  10  0  0 L3P 8C
G08 FF 61132 082200  780 356 2277    -4685491     38          10    -26   29  32  126  -18   46   18   46   18  25  0  0 L3P 11
G10 FF 61132 082200  780 458 1670     5901418     10           8     14   17  65  103    9   41  -11   41  -11  16  0  0 L3P B3
G16 FF 61132 082200  780 217 3145    -2373403    -21          27     50   29  10  198   38   65  -35   65  -35  23  0  0 L3P 07
G18 FF 61132 082200  780 188  857     3868652   -103          37     -8   39  51  226   36   66   20   66   20  35  0  0 L3P F7
G27 FF 61132 082200  780 666 2505      903125    147          13      0   14  36   80   -2   41    9   41    9  12  0  0 L3P 79
G32 FF 61132 082200  780 710  466      184670   -204           4    -12   13  17   78   -3   44   17   44   17  11  0  0 L3P A5
G08 FF 61132 083800  780 410 2335    -4685434     40           7    -24   22  32  112  -12   47   18   47   18  21  0  0 L3P E0
G10 FF 61132 083800  780 407 1598     5901413    -63           7    -58   20  65  113   11   50   57   50   57  19  0  0 L3P E2
G27 FF 61132 083800  780 687 2716      903270    127          18    -20   15  36   79    0   42   20   42   20  13  0  0 L3P B9
G32 FF 61132 083800  780 748  733      184493   -210          11    -18   22  17   76   -1   43   15   43   15  15  0  0 L3P C2
G02 FF 61132 085400  780 224 2190     -703992    -40          52     38   34  87  192  -45   49  -44   49  -44  33  0  0 L3P 15
G08 FF 61132 085400  780 456 2414    -4685371     66           8      2   14  32  103   -7   47   -2   47   -2  12  0  0 L3P AF
G10 FF 61132 085400  780 360 1530     5901409     16           6     20   21  65  125   14   64    7   64    7  19  0  0 L3P 94
G27 FF 61132 085400  780 674 2941      903411    163          19     17   13  36   80    2   46  -10   46  -10  11  0  0 L3P C0
G32 FF 61132 085400  780 740 1055      184288   -280          -9    -88   38  17   77    1   65   66   65   66  25  0  0 L3P EA
G02 FF 61132 091000  780 280 2152     -704084    -69          34     10   36  87  156  -31   71   -5   71   -5  30  0  0 L3P D2
G08 FF 61132 091000  780 490 2516    -4685310     64           8      0   19  32   97   -4   56   17   56   17  17  0  0 L3P B3
G10 FF 61132 091000  780 317 1464     5901416     28          18     32   23  65  139   17   88   17   88   17  20  0  0 L3P DC
G27 FF 61132 091000  780 631 3118      903554    135          20    -11   14  36   82    4   60   33   60   33  12  0  0 L3P A3
G28 FF 61132 091000  780 223  371     5648046    -75           9     13   31 107  193  -39  141   27  141   27  27  0  0 L3P 04
G32 FF 61132 091000  780 690 1272      184110   -190          -3      2   13  17   79    3   77   23   77   23  12  0  0 L3P 98
G02 FF 61132 092600  780 342 2118     -704150   -140          44    -62   24  87  131  -22   84   80   84   80  21  0  0 L3P F9
G08 FF 61132 092600  780 508 2636    -4685246     63          11      0   21  32   95   -1   73   20   73   20  19  0  0 L3P B6
G10 FF 61132 092600  780 277 1398     5901393     14           0     18   24  65  157   21  160   47  160   47  18  0  0 L3P EF
G27 FF 61132 092600  780 571 3239      903697    137          22    -10   12  36   88    7   80   37   80   37  10  0  0 L3P CD
G28 FF 61132 092600  780 270  433     5647973    -91          20     -3   38 107  161  -27  158   31  158   31  31  0  0 L3P 17
G32 FF 61132 092600  780 622 1383      183937   -190           8      2   19  17   83    6   88   23   88   23  17  0  0 L3P B2
G02 FF 61132 094200  780 408 2087     -704226    -12          43     67   15  87  112  -16  105  -37  105  -37  14  0  0 L3P 1E
G08 FF 61132 094200  780 508 2765    -4685200     57          -4     -6   18  32   95    1  108   36  108   36  14  0  0 L3P E2
G10 FF 61132 094200  780 241 1333     5901414    -37          25    -33   21  65  179   25  200  103  200  103  15  0  0 L3P 10
G27 FF 61132 094200  780 503 3322      903827    145          11     -1   23  36   96   10  117   45  117   45  22  0  0 L3P D5
G28 FF 61132 094200  780 317  501     5647895    -25          26     63   32 107  140  -19  177  -18  177  -18  23  0  0 L3P 41
G31 FF 61132 094200  780 218  220     1579288    -29          -9     -6   28  29  197  -46  195   27  195   27  24  0  0 L3P 1C
G32 FF 61132 094200  780 548 1438      183755   -181          11     11   15  17   90    9  115   28  115   28  14  0  0 L3P E2
G02 FF 61132 095800  780 479 2062     -704304    -82          41     -4   18  87   99  -12  128    6  128    6  17  0  0 L3P E4
G08 FF 61132 095800  780 489 2889    -4685127     12           8    -51   22  32   98    4  130   67  130   67  19  0  0 L3P 02
G10 FF 61132 095800  780 207 1268     5901398    -61          13    -56   21  65  206   31  283  132  283  132  15  0  0 L3P 38
G27 FF 61132 095800  780 432 3383      903971    179          15     32   32  36  107   15  154   19  154   19  30  0  0 L3P 07
G28 FF 61132 095800  780 361  577     5647808    -75          23     13   28 107  125  -13  199   13  199   13  25  0  0 L3P 33
G31 FF 61132 095800  780 273  271     1579275     10           1     33   31  29  160  -31  206  -25  206  -25  27  0  0 L3P F2
G32 FF 61132 095800  780 474 1462      183576   -183          16      9   27  17  100   12  146   29  146   29  26  0  0 L3P 05
G01 FF 61132 101400  780 247 2169    -3060492     57          17    -20   35 231  175  -41  198   36  198   36  33  0  0 L3P 35
G02 FF 61132 101400  780 554 2042     -704372    -94          47    -16   14  88   89   -9  140   40  140   40  13  0  0 L3P EB
G08 FF 61132 101400  780 455 2999    -4685061     61          15     -3   57  33  103    7  158   38  158   38  38  0  0 L3P 09
G27 FF 61132 101400  780 362 3432      904120    176          22     29   51  43  124   21  192   20  192   20  48  0  0 L3P E0
G28 FF 61132 101400  780 400  664     5647726    -91          19     -3   20 108  114   -9  208   16  208   16  15  0  0 L3P F7
G31 FF 61132 101400  780 329  326     1579249    -65           1    -42   23  35  135  -21  216   43  216   43  20  0  0 L3P EA
G32 FF 61132 101400  780 401 1468      183391   -183          16     10   24  18  114   17  188   39  188   39  23  0  0 L3P 07
G01 FF 61132 103000  780 308 2146    -3060439     36          -3    -41   23 231  143  -27  229   54  229   54  18  0  0 L3P 1A
G02 FF 61132 103000  780 633 2031     -704457    -78          37      1   12  88   82   -6  163   14  163   14  11  0  0 L3P C5
G03 FF 61132 103000  780 184 2465    -5183534    153          -6     16   30  55  231  -33  242   23  242   23  27  0  0 L3P 09
G08 FF 61132 103000  780 410 3092    -4685012     55           3     -9   21  33  112   11  197   43  197   43  16  0  0 L3P DD
G27 FF 61132 103000  780 294 3475      904265    220          27     73   18  43  149   31  236  -16  236  -16  14  0  0 L3P 13
G28 FF 61132 103000  780 430  763     5647641    -55          18     33   15 108  108   -5  221   -8  221   -8  13  0  0 L3P EC
G31 FF 61132 103000  780 385  389     1579218     -6          -9     17   17  35  118  -15  228  -12  228  -12  13  0  0 L3P 05
G32 FF 61132 103000  780 332 1461      183212    -95          21     97   29  18  134   25  238  -19  238  -19  24  0  0 L3P 0B
G01 FF 61132 104600  780 374 2130    -3060350     85          13      9   25 231  121  -19  234   -1  234   -1  20  0  0 L3P DE
G02 FF 61132 104600  780 716 2037     -704542    -89          27    -10   14  88   78   -4  177   13  177   13  12  0  0 L3P FB
G03 FF 61132 104600  780 211 2397    -5183392     84           5    -52   23  55  203  -26  266   77  266   77  19  0  0 L3P 21
G04 FF 61132 104600  780 211 3089     -515873     -2          30     15   53  25  203  -52  256  -22  256  -22  37  0  0 L3P 05
G08 FF 61132 104600  780 360 3172    -4684945     37           9    -26   14  33  125   16  224   52  224   52  11  0  0 L3P FE
G27 FF 61132 104600  780 230 3514      904395    180          15     33   28  43  187   49  292   21  292   21  17  0  0 L3P FD
G28 FF 61132 104600  780 447  871     5647565    -86          26      1   27 108  104   -2  230   23  230   23  23  0  0 L3P EB
G31 FF 61132 104600  780 440  463     1579186    -32         -19     -9   18  35  106  -10  236    7  236    7  15  0  0 L3P E6
G32 FF 61132 104600  780 266 1446      183023   -154          17     38   22  18  164   38  321   57  321   57  17  0  0 L3P 05
G01 FF 61132 110200  780 442 2122    -3060274     69          16     -7   17 231  105  -14  225   -9  225   -9  16  0  0 L3P FC
G02 FF 61132 110200  780 800 2097     -704627   -100          18    -22   14  88   75   -2  182    8  182    8  12  0  0 L3P D6
G03 FF 61132 110200  780 240 2329    -5183257    140          10      3   35  55  180  -21  281    5  281    5  33  0  0 L3P D1
G04 FF 61132 110200  780 264 3032     -515905    -12          14      5   31  25  165  -31  252  -25  252  -25  24  0  0 L3P F2
G08 FF 61132 110200  780 308 3240    -4684885    118           7     54   24  33  143   23  248  -27  248  -27  20  0  0 L3P 23
G28 FF 61132 110200  780 449  983     5647461   -106           6    -19   27 108  104    1  257   16  257   16  24  0  0 L3P 0B
G31 FF 61132 110200  780 490  553     1579161    -20         -22      2   16  35   97   -7  228  -10  228  -10  15  0  0 L3P DD
G32 FF 61132 110200  780 203 1424      182829   -309           6   -116   34  18  210   61  424  213  424  213  28  0  0 L3P 1D
G01 FF 61132 111800  780 514 2127    -3060208     63           9    -13   20 231   94  -10  221   -5  221   -5  18  0  0 L3P DD
G02 FF 61132 111800  780 870 2671     -704719    -81           1     -3   12  88   74    0  192    2  192    2  10  0  0 L3P 95
G03 FF 61132 111800  780 270 2261    -5183130    182           5     45   38  55  161  -18  296  -26  296  -26  34  0  0 L3P 31
G04 FF 61132 111800  780 314 2966     -515922    -44          14    -27   19  25  141  -20  238   11  238   11  14  0  0 L3P 0A
G08 FF 61132 111800  780 255 3301    -4684821     63          11      0   41  33  170   33  273   35  273   35  35  0  0 L3P E6
G28 FF 61132 111800  780 435 1090     5647370   -109          -1    -22   21 108  107    5  267   24  267   24  18  0  0 L3P 1B
G31 FF 61132 111800  780 530  664     1579140     -3         -22     20   22  35   92   -4  216  -19  216  -19  18  0  0 L3P E4
G01 FF 61132 113400  780 588 2150    -3060134     72          10     -4   15 231   86   -7  211   -6  211   -6  13  0  0 L3P CE
G02 FF 61132 113400  780 813 3499     -704778   -107          17    -29   36  88   74    2  180   34  180   34  35  0  0 L3P 0F
G03 FF 61132 113400  780 302 2193    -5182990    141          15      5   31  55  146  -15  290   -1  290   -1  27  0  0 L3P F5
G04 FF 61132 113400  780 360 2889     -515948     -6           3     11   26  25  125  -13  241  -17  241  -17  21  0  0 L3P F7
G08 FF 61132 113400  780 204 3357    -4684774    106          -4     42   27  33  209   50  330   40  330   40  25  0  0 L3P 04
G28 FF 61132 113400  780 406 1184     5647293    -90           6     -2   27 108  113    9  277   31  277   31  22  0  0 L3P F4
G31 FF 61132 113400  780 556  795     1579122    -39         -17    -16   17  35   89   -2  215   16  215   16  15  0  0 L3P 01
G01 FF 61132 115000  780 661 2207    -3060061     67           9     -9   14 231   80   -5  199   -6  199   -6  11  0  0 L3P DA
G02 FF 61132 115000  780 726 3588     -704851    -86          19     -7   17  88   77    4  188   14  188   14  16  0  0 L3P FA
G03 FF 61132 115000  780 337 2125    -5182876    146          -2     10   21  55  132  -13  295  -29  295  -29  18  0  0 L3P 39
G04 FF 61132 115000  780 400 2801     -515958     -8           1      9   16  26  114   -9  244    3  244    3  14  0  0 L3P 8F
G28 FF 61132 115000  780 364 1261     5647223    -64          20     24   23 108  124   14  292   10  292   10  19  0  0 L3P 02
G31 FF 61132 115000  780 562  937     1579087    -35         -30    -13   16  35   89    1  227    7  227    7  15  0  0 L3P CF
G01 FF 61132 120600  780 728 2335    -3059990     87          11     11   15 232   77   -3  198   -2  198   -2  13  0  0 L3P FA
G02 FF 61132 120600  780 639   14     -704928    -85          17     -7   15  90   82    6  197   24  197   24  12  0  0 L3P C1
G03 FF 61132 120600  780 376 2055    -5182741     96           2    -41   32  97  120  -11  273   22  273   22  27  0  0 L3P 02
G04 FF 61132 120600  780 433 2704     -515967    -18           6     -1   22  27  107   -6  239    9  239    9  17  0  0 L3P C8
G28 FF 61132 120600  780 315 1322     5647129    -57           8     31   19 109  141   22  333   19  333   19  15  0  0 L3P 03
G31 FF 61132 120600  780 546 1073     1579063    -11         -28     12   18  43   90    3  233    0  233    0  17  0  0 L3P B1
G01 FF 61132 122200  780 774 2611    -3059919     73           9     -3   10 232   75   -1  203   11  203   11   7  0  0 L3P BD
G02 FF 61132 122200  780 554   26     -705013    -50           7     28   16  90   89    9  229    6  229    6  13  0  0 L3P 81
G03 FF 61132 122200  780 417 1984    -5182605    142           6      6   18  97  110  -10  261  -12  261  -12  16  0  0 L3P 07
G04 FF 61132 122200  780 459 2597     -515975     27          15     44   22  27  102   -4  241  -31  241  -31  17  0  0 L3P FF
G09 FF 61132 122200  780 188 2807    -7628017     -1           3    -27   38  23  226  -42  363   19  363   19  36  0  0 L3P 15
G28 FF 61132 122200  780 259 1366     5647052    -62          15     26   21 109  168   35  384   40  384   40  15  0  0 L3P 1F
G31 FF 61132 122200  780 513 1186     1579045    -23         -26      0   26  43   94    6  249   22  249   22  25  0  0 L3P D7
G01 FF 61132 123800  780 768 2997    -3059851     65           3    -11   13 232   76    1  212   15  212   15  11  0  0 L3P E7
G02 FF 61132 123800  780 471   34     -705095    -91           0    -13   16  90  100   14  269   60  269   60  12  0  0 L3P C7
G03 FF 61132 123800  780 461 1909    -5182481    132          -1     -4   13  97  102   -8  261   -3  261   -3  11  0  0 L3P EC
G04 FF 61132 123800  780 478 2484     -515998    -30           8    -13   18  27   99   -2  255   29  255   29  16  0  0 L3P 08
G09 FF 61132 123800  780 222 2737    -7628022   -277         -28   -303   38  23  194  -27  390  311  390  311  34  0  0 L3P 8A
G26 FF 61132 123800  780 195  816     3485917     55           6      6   40  17  218  -21  484   -7  484   -7  35  0  0 L3P E4
G28 FF 61132 123800  780 201 1396     5646980   -149          28    -61   26 109  213   61  447  138  447  138  23  0  0 L3P 75
G31 FF 61132 123800  780 466 1273     1579026     -4         -22     19   28  43  101    9  272   16  272   16  27  0  0 L3P F0
G01 FF 61132 125400  780 716 3248    -3059778     92           4     16   19 232   78    3  229    8  229    8  16  0  0 L3P D8
G02 FF 61132 125400  780 391   43     -705161    -79           9      0   14  90  116   20  321   75  321   75  11  0  0 L3P A5
G03 FF 61132 125400  780 507 1827    -5182340    142           9      5   14  97   95   -7  249   -8  249   -8  12  0  0 L3P E6
G04 FF 61132 125400  780 489 2368     -516014    -10           8      7   18  27   98   -1  270    9  270    9  16  0  0 L3P AD
G09 FF 61132 125400  780 252 2663    -7627951    204          19    178   47  23  172  -19  357 -157  357 -157  45  0  0 L3P 9B
G26 FF 61132 125400  780 212  889     3485987     49          29      0   25  17  202  -13  465    3  465    3  20  0  0 L3P CE
G31 FF 61132 125400  780 411 1335     1579013    -18         -13      4   21  43  112   13  300   35  300   35  17  0  0 L3P D5
G01 FF 61132 131000  780 644 3372    -3059710     54          -2    -22   20 232   82    5  264   58  264   58  19  0  0 L3P F4
G02 FF 61132 131000  780 316   53     -705244   -108           1    -29   18  90  140   30  412  123  412  123  13  0  0 L3P E1
G03 FF 61132 131000  780 555 1734    -5182220    128          -2     -8   16  97   89   -5  266   11  266   11  14  0  0 L3P F3
G04 FF 61132 131000  780 493 2250     -516027    -10          12      7   18  27   97    0  285   10  285   10  16  0  0 L3P B3
G09 FF 61132 131000  780 280 2586    -7627926     47          18     20   24  23  156  -14  376   -9  376   -9  21  0  0 L3P 1D
G16 FF 61132 131000  780 194  639    -2374643   -113          21    -41   42  12  219  -36  547   12  547   12  36  0  0 L3P 25
G26 FF 61132 131000  780 221  964     3486017     73          12     24   29  17  194   -5  487  -12  487  -12  23  0  0 L3P 01
G31 FF 61132 131000  780 352 1376     1578979    -60         -26    -37   16  43  128   20  360   98  360   98  13  0  0 L3P 32
G01 FF 61132 132600  780 567 3440    -3059642    118          -7     42   40 232   88    8  312   10  312   10  38  0  0 L3P F2
G02 FF 61132 132600  780 245   66     -705306    -70          15      8   17  90  177   48  521  159  521  159  14  0  0 L3P F6
G03 FF 61132 132600  780 602 1622    -5182098    136         -10     -1   12  97   85   -4  285   20  285   20  11  0  0 L3P F9
G04 FF 61132 132600  780 493 2135     -516044    -12          11      5   18  27   97    0  307   23  307   23  17  0  0 L3P B9
G09 FF 61132 132600  780 306 2506    -7627911     42           8     16   25  23  144  -11  401   12  401   12  21  0  0 L3P E3
G16 FF 61132 132600  780 225  709    -2374717    -81          16     -9   28  12  191  -24  546    8  546    8  23  0  0 L3P F7
G26 FF 61132 132600  780 223 1040     3486086     44          34     -4   37  17  192    2  490   59  490   59  32  0  0 L3P EC
G31 FF 61132 132600  780 290 1401     1578955    -51         -28    -29   23  43  151   30  429  105  429  105  19  0  0 L3P 43
G01 FF 61132 134200  780 489 3484    -3059558     52           4    -24   39 232   98   12  359   86  359   86  37  0  0 L3P 2E
G03 FF 61132 134200  780 645 1479    -5181960    135          -4     -2   13  97   81   -3  298   17  298   17  11  0  0 L3P 08
G04 FF 61132 134200  780 488 2022     -516062     -2          10     15   16  27   98    1  330   11  330   11  14  0  0 L3P A4
G07 FF 61132 134200  780 239 3208     1682996     44          33     -2   17  41  181  -46  555  -27  555  -27  14  0  0 L3P 2D
G09 FF 61132 134200  780 330 2425    -7627880     38          14     12   19  23  135   -9  417   12  417   12  17  0  0 L3P FE
G16 FF 61132 134200  780 253  784    -2374774   -185          27   -113   41  12  172  -16  535  120  535  120  38  0  0 L3P 62
G26 FF 61132 134200  780 216 1113     3486108     24          10    -25   34  17  199   11  561   62  561   62  26  0  0 L3P FC
G31 FF 61132 134200  780 228 1414     1578952    -88          -9    -65   31  43  189   49  499  150  499  150  25  0  0 L3P 5B
G01 FF 61132 135800  780 413 3517    -3059496     87          -6     11   20 232  111   17  441   70  441   70  15  0  0 L3P 07
G03 FF 61132 135800  780 676 1294    -5181834    141          -8      5   13  97   80   -1  325   16  325   16  12  0  0 L3P EF
G04 FF 61132 135800  780 481 1913     -516083      8           5     25   19  27   99    1  359   -4  359   -4  15  0  0 L3P B6
G07 FF 61132 135800  780 301 3166     1683043     28          37    -17   14  41  146  -28  526  -14  526  -14  11  0  0 L3P 28
G09 FF 61132 135800  780 352 2342    -7627858     18          11     -8   20  23  127   -7  438   20  438   20  17  0  0 L3P 04
G16 FF 61132 135800  780 273  862    -2374883    -55         -13     17   35  12  159  -10  583  -10  583  -10  28  0  0 L3P 40
G26 FF 61132 135800  780 199 1182     3486158     30          13    -19   21  17  214   22  609   59  609   59  16  0  0 L3P 1E
G01 FF 61132 141400  780 340 3545    -3059415    120           4     44   20 233  131   25  527   84  527   84  18  0  0 L3P 0B
G03 FF 61132 141400  780 687 1072    -5181703    134         -14     -2   16  98   79    0  346   33  346   33  13  0  0 L3P FB
G04 FF 61132 141400  780 472 1807     -516102    -30           8    -14   15  28  100    2  387   38  387   38  11  0  0 L3P DE
G06 FF 61132 141400  780 206 2305     6119727     31          29     41   35  40  208  -37  591  -16  591  -16  32  0  0 L3P 1D
G07 FF 61132 141400  780 362 3112     1683070     56          17     11   21  42  124  -19  509  -29  509  -29  15  0  0 L3P 18
G09 FF 61132 141400  780 374 2257    -7627826     30          16      4   19  24  121   -6  448   18  448   18  18  0  0 L3P 02
G16 FF 61132 141400  780 286  944    -2374918    -17          17     55   30  42  153   -4  571  -10  571  -10  25  0  0 L3P 16
G01 FF 61132 143000  780 271 3572    -3059334     98          13     22   21 233  161   38  652  136  652  136  17  0  0 L3P 37
G03 FF 61132 143000  780 673  848    -5181576    132         -18     -4   16  98   80    2  377   41  377   41  14  0  0 L3P FB
G04 FF 61132 143000  780 463 1705     -516116    -18           9     -3   16  28  102    2  420   40  420   40  16  0  0 L3P B5
G06 FF 61132 143000  780 240 2371     6119719    -36          31    -26   32  40  180  -21  599   31  599   31  28  0  0 L3P 22
G07 FF 61132 143000  780 422 3044     1683103     28           6    -17   21  42  109  -13  498   -4  498   -4  15  0  0 L3P F1
G09 FF 61132 143000  780 396 2171    -7627801     59          15     32   28  24  115   -6  464  -19  464  -19  26  0  0 L3P 2D
G16 FF 61132 143000  780 289 1027    -2374978   -147          26    -75   24  42  151    1  588   80  588   80  19  0  0 L3P 41
G01 FF 61132 144600  780 206 3599    -3059253     27          21    -49   26 233  208   63  817  224  817  224  19  0  0 L3P 5B
G03 FF 61132 144600  780 634  665    -5181432    159          -4     23   15  98   82    4  400   24  400   24  15  0  0 L3P D7
G04 FF 61132 144600  780 452 1604     -516118     15          22     31   25  28  103    2  441    2  441    2  22  0  0 L3P 99
G06 FF 61132 144600  780 263 2446     6119699      5          21     16   27  40  165  -11  624   10  624   10  24  0  0 L3P EE
G07 FF 61132 144600  780 477 2959     1683155     67          15     21   19  42   99   -9  481  -23  481  -23  13  0  0 L3P 1C
G09 FF 61132 144600  780 418 2084    -7627787     63           4     37   22  24  110   -5  482  -42  482  -42  20  0  0 L3P 13
G16 FF 61132 144600  780 282 1107    -2375064    -97           8    -25   37  42  155    7  633   58  633   58  35  0  0 L3P 16
G03 FF 61132 150200  780 579  530    -5181306    154          -9     17   15  98   87    6  438   30  438   30  14  0  0 L3P E8
G04 FF 61132 150200  780 441 1505     -516141    -32          15    -16   22  28  105    2  470   35  470   35  18  0  0 L3P DE
G06 FF 61132 150200  780 276 2529     6119688    -16          19     -6   22  40  158   -4  641   15  641   15  17  0  0 L3P 06
G07 FF 61132 150200  780 525 2854     1683195     34          -3    -12   12  47   93   -6  467   -5  467   -5  10  0  0 L3P E8
G09 FF 61132 150200  780 441 1994    -7627765     68           1     41   18  24  105   -5  483  -32  483  -32  15  0  0 L3P 17
G16 FF 61132 150200  780 264 1182    -2375139    -38           2     34   22  42  165   14  669   10  669   10  16  0  0 L3P FF
G30 FF 61132 150200  780 206 3016    -1736466   -136          31     -4   25  23  208  -50  825 -122  825 -122  20  0  0 L3P 51
G03 FF 61132 151800  780 514  435    -5181175    140          -9      4   20  98   94    9  479   31  479   31  17  0  0 L3P DF
G04 FF 61132 151800  780 429 1407     -516173     -4          -3     12   16  28  108    3  505   11  505   11  13  0  0 L3P BD
G06 FF 61132 151800  780 277 2614     6119664    -53           5    -42   28  40  158    3  663   51  663   51  24  0  0 L3P FD
G07 FF 61132 151800  780 564 2725     1683262     39          19     -7   11  47   88   -3  436  -12  436  -12  10  0  0 L3P 01
G09 FF 61132 151800  780 464 1901    -7627744     -4          -3    -30   16  24  101   -4  476   11  476   11  15  0  0 L3P FE
G16 FF 61132 151800  780 236 1249    -2375208   -152           2    -80   26  42  183   24  713  125  713  125  22  0  0 L3P 3D
G30 FF 61132 151800  780 255 2956    -1736593   -110          31     22   18  23  170  -30  721 -125  721 -125  16  0  0 L3P 63
G03 FF 61132 153400  780 445  366    -5181045    116         -10    -20   16  98  105   14  520   74  520   74  13  0  0 L3P 0F
G04 FF 61132 153400  780 416 1310     -516177    -40           8    -24   23  28  111    3  514   46  514   46  18  0  0 L3P D9
G06 FF 61132 153400  780 267 2700     6119623     -8         -26      2   30  40  163    9  718   40  718   40  27  0  0 L3P DC
G07 FF 61132 153400  780 590 2574     1683292     28           6    -17   16  47   86   -2  430    9  430    9  11  0  0 L3P C7
G09 FF 61132 153400  780 488 1802    -7627719     13          -3    -13   18  24   98   -4  465   -2  465   -2  14  0  0 L3P FE
G16 FF 61132 153400  780 200 1307    -2375278    -63           1      9   29  42  213   41  779   86  779   86  21  0  0 L3P 07
G30 FF 61132 153400  780 300 2889    -1736729    -97          22     35   25  23  147  -20  646  -86  646  -86  21  0  0 L3P 55
G03 FF 61132 155000  780 373  316    -5180908    158          -5     21   21  98  121   21  576   57  576   57  16  0  0 L3P 10
G04 FF 61132 155000  780 401 1215     -516218    -58         -17    -42   14  28  114    4  555   62  555   62  12  0  0 L3P FB
G06 FF 61132 155000  780 247 2783     6119664     21          25     32   36  40  175   16  716   42  716   42  29  0  0 L3P 04
G07 FF 61132 155000  780 600 2410     1683322     48          -8      3   17  47   85    0  429   -5  429   -5  16  0  0 L3P B3
G09 FF 61132 155000  780 511 1697    -7627699     49          -8     23   13  24   94   -3  464  -32  464  -32  11  0  0 L3P 1B
G30 FF 61132 155000  780 342 2812    -1736863   -104          14     28   19  23  131  -14  602  -72  602  -72  14  0  0 L3P 39
G03 FF 61132 160600  780 301  281    -5180779    169          -3     32   22  99  146   33  664   79  664   79  19  0  0 L3P 25
G04 FF 61132 160600  780 383 1121     -516222     -9          -4      7   22  29  118    5  564    5  564    5  17  0  0 L3P 9D
G06 FF 61132 160600  780 221 2861     6119632    -11           4     -1   23  43  194   25  799   79  799   79  20  0  0 L3P 09
G07 FF 61132 160600  780 595 2246     1683362     22         -15    -23   16  50   85    1  429   21  429   21  14  0  0 L3P EC
G09 FF 61132 160600  780 531 1584    -7627679     78         -16     52   15  25   92   -2  459  -57  459  -57  13  0  0 L3P 43
G30 FF 61132 160600  780 379 2728    -1736998   -122           7      9   19  24  120  -10  572  -51  572  -51  16  0  0 L3P 38
G03 FF 61132 162200  780 230  256    -5180629    200          14     62   20  99  187   56  773  100  773  100  14  0  0 L3P 21
G04 FF 61132 162200  780 361 1030     -516243    -37         -10    -21   20  29  124    7  582   36  582   36  19  0  0 L3P F7
G06 FF 61132 162200  780 189 2934     6119640     27          21     37   29  43  224   38  888   90  888   90  23  0  0 L3P 20
G07 FF 61132 162200  780 578 2093     1683415     62          -5     16   13  50   87    2  425   -9  425   -9  10  0  0 L3P CC
G09 FF 61132 162200  780 548 1461    -7627652     23         -14     -3   14  25   90   -2  449  -10  449  -10  13  0  0 L3P 0C
G14 FF 61132 162200  780 249 3392    -7417794    -63         -12    -49   27  12  174  -47  773  -91  773  -91  22  0  0 L3P 76
G30 FF 61132 162200  780 410 2635    -1737126   -193           5    -61   17  24  112   -7  544   32  544   32  14  0  0 L3P 0B
G04 FF 61132 163800  780 336  942     -516262    -86         -13    -70   20  29  133   10  607   84  607   84  17  0  0 L3P 11
G07 FF 61132 163800  780 552 1958     1683447     43         -17     -2   15  50   90    3  438    3  438    3  14  0  0 L3P C6
G09 FF 61132 163800  780 559 1329    -7627632     -6         -19    -32   16  25   89   -1  445   28  445   28  14  0  0 L3P 25
G14 FF 61132 163800  780 321 3381    -7417815     44         -19     58   38  12  138  -29  672 -143  672 -143  32  0  0 L3P 73
G30 FF 61132 163800  780 436 2536    -1737244   -130          13      2   18  24  106   -5  511  -32  511  -32  16  0  0 L3P 11
G04 FF 61132 165400  780 307  859     -516252    -23          12     -8   27  29  144   14  619   63  619   63  22  0  0 L3P F6
G07 FF 61132 165400  780 521 1838     1683489     27         -18    -19   12  50   93    4  443   23  443   23  11  0  0 L3P F8
G09 FF 61132 165400  780 561 1190    -7627601     14         -14    -12   17  25   89    0  443   22  443   22  15  0  0 L3P F3
G14 FF 61132 165400  780 395 3362    -7417824     -1         -13     13   22  12  116  -19  598  -66  598  -66  19  0  0 L3P 51
G21 FF 61132 165400  780 235 2235    -4127355    -29           7     -9   40  11  184  -42  680  -67  680  -67  37  0  0 L3P 34
G22 FF 61132 165400  780 226 3357      248090    -73         -30    -15   45  93  191  -55  857 -121  857 -121  42  0  0 L3P 66
G30 FF 61132 165400  780 457 2431    -1737373   -139          12     -8   16  24  103   -3  494   -2  494   -2  14  0  0 L3P 0F
G04 FF 61132 171000  780 273  782     -516289     28          -9     44   41  29  160   20  691   14  691   14  32  0  0 L3P E4
G07 FF 61132 171000  780 487 1731     1683532     54         -19      8   13  50   98    5  460   12  460   12  11  0  0 L3P CC
G08 FF 61132 171000  780 178 1021    -4683492    109           0     45   44   6  238   -4  781  -75  781  -75  36  0  0 L3P 1E
G09 FF 61132 171000  780 552 1050    -7627555     28           8      2   18  25   89    2  437   13  437   13  17  0  0 L3P C7
G14 FF 61132 171000  780 471 3332    -7417809    -80          16    -65   41  12  100  -13  527   13  527   13  39  0  0 L3P 22
G21 FF 61132 171000  780 288 2280    -4127385    -35          -5    -15   26  11  152  -25  626  -39  626  -39  23  0  0 L3P 46
G22 FF 61132 171000  780 294 3340      248051    -10         -12     48   19  93  150  -33  737 -137  737 -137  17  0  0 L3P 4B
G30 FF 61132 171000  780 472 2322    -1737494   -122          16     10   18  24  100   -2  482  -11  482  -11  16  0  0 L3P 1A
G04 FF 61132 172600  780 235  710     -516318      1         -23     17   47  29  183   30  767   63  767   63  36  0  0 L3P EC
G07 FF 61132 172600  780 453 1634     1683582     36         -12    -10   12  50  103    6  470   28  470   28  11  0  0 L3P F5
G08 FF 61132 172600  780 177 1093    -4683411     35          20    -28   32   6  239    7  739   -2  739   -2  28  0  0 L3P F9
G09 FF 61132 172600  780 532  917    -7627541     14          -4    -12   17  25   92    3  465   21  465   21  14  0  0 L3P DB
G14 FF 61132 172600  780 547 3288    -7417836      0           3     15   16  12   90   -9  494  -50  494  -50  13  0  0 L3P F5
G21 FF 61132 172600  780 336 2339    -4127404    -31          -5    -12   25  11  133  -16  585  -23  585  -23  22  0  0 L3P 34
G22 FF 61132 172600  780 363 3313      247994    -69         -14    -11   36  93  124  -21  648  -68  648  -68  35  0  0 L3P 56
G30 FF 61132 172600  780 483 2212    -1737627   -152          10    -20   17  24   98   -1  476    3  476    3  16  0  0 L3P F6
G04 FF 61132 174200  780 193  645     -516307    -49           3    -33   42  29  220   48  833  145  833  145  35  0  0 L3P 18
G07 FF 61132 174200  780 420 1543     1683628     58         -11     13   16  50  110    7  489    7  489    7  14  0  0 L3P DA
G09 FF 61132 174200  780 501  797    -7627520     40          -8     14   19  25   96    5  494   16  494   16  18  0  0 L3P E8
G14 FF 61132 174200  780 623 3219    -7417858    -50          -5    -35   17  12   83   -6  466   -4  466   -4  15  0  0 L3P 0A
G21 FF 61132 174200  780 375 2415    -4127426      0          -8     19   25  11  121  -10  566  -27  566  -27  22  0  0 L3P 0D
G22 FF 61132 174200  780 433 3275      247922   -112         -31    -54   16  93  107  -14  599  -10  599  -10  14  0  0 L3P 49
G30 FF 61132 174200  780 489 2100    -1737754   -103          10     29   22  24   97   -1  465  -34  465  -34  20  0  0 L3P 23
G05 FF 61132 175800  780 188 2295     2312041     13          12      7   36  38  226  -44  775  -28  775  -28  32  0  0 L3P 22
G07 FF 61132 175800  780 388 1458     1683678     75          -4     29   16  50  117    8  515   12  515   12  16  0  0 L3P FE
G09 FF 61132 175800  780 460  693    -7627484     -2           3    -28   16  25  102    8  520   74  520   74  13  0  0 L3P E5
G14 FF 61132 175800  780 694 3105    -7417880     -2         -12     13   16  12   79   -4  451  -24  451  -24  14  0  0 L3P 11
G21 FF 61132 175800  780 403 2505    -4127431    -18           5      1   22  11  114   -5  559   16  559   16  17  0  0 L3P E2
G22 FF 61132 175800  780 503 3221      247879    -74         -18    -16   15  93   96  -10  544  -25  544  -25  14  0  0 L3P 34
G30 FF 61132 175800  780 492 1989    -1737877   -156          14    -24   22  24   97    0  462   27  462   27  17  0  0 L3P 32
G05 FF 61132 181400  780 221 2357     2312062    -53          31    -59   26  43  194  -25  738   15  738   15  20  0  0 L3P 1E
G07 FF 61132 181400  780 358 1376     1683718     -9         -10    -54   19  55  125    9  532   43  532   43  15  0  0 L3P 0D
G09 FF 61132 181400  780 411  605    -7627458     34           1      8   30  28  112   12  567   34  567   34  26  0  0 L3P D8
G14 FF 61132 181400  780 754 2898    -7417883    -20           0     -5   15  13   76   -2  430  -15  430  -15  11  0  0 L3P FC
G17 FF 61132 181400  780 226  131     1032482     71           5    -22   31   9  190  -47  930 -143  930 -143  26  0  0 L3P 0E
G21 FF 61132 181400  780 417 2605    -4127449    -43           6    -23   31  12  111   -1  565   23  565   23  29  0  0 L3P FD
G22 FF 61132 181400  780 570 3146      247815    -52         -24      6   18  94   88   -7  506  -52  506  -52  16  0  0 L3P 01
G30 FF 61132 181400  780 493 1879    -1738002   -128          16      4   13  25   97    0  458  -16  458  -16  11  0  0 L3P 14
G05 FF 61132 183000  780 246 2428     2312041    -20           6    -26   32  43  176  -13  736   17  736   17  27  0  0 L3P 06
G07 FF 61132 183000  780 329 1296     1683749     58         -23     13   21  55  135   11  549   10  549   10  14  0  0 L3P 0D
G09 FF 61132 183000  780 357  532    -7627457     20         -23     -6   37  28  126   18  636   76  636   76  29  0  0 L3P 1F
G14 FF 61132 183000  780 781 2542    -7417905    -20          -8     -5   11  13   75    0  412   -2  412   -2  10  0  0 L3P BF
G17 FF 61132 183000  780 285  171     1032551     70         -16    -23   43   9  154  -31  792 -108  792 -108  38  0  0 L3P 3E
G21 FF 61132 183000  780 415 2711    -4127492     -4         -18     15   25  12  111    2  591   21  591   21  24  0  0 L3P E2
G22 FF 61132 183000  780 632 3037      247758    -52         -26      6   11  94   82   -4  463  -36  463  -36  10  0  0 L3P F7
G30 FF 61132 183000  780 492 1769    -1738148   -106          -4     26   14  25   97    0  455  -22  455  -22  11  0  0 L3P 19
G05 FF 61132 184600  780 260 2506     2312047    -19           5    -25   28  43  167   -5  729   22  729   22  25  0  0 L3P 02
G07 FF 61132 184600  780 300 1218     1683787     49         -29      3   18  55  146   13  575   11  575   11  14  0  0 L3P 04
G09 FF 61132 184600  780 300  472    -7627423     79         -13     53   31  28  147   27  708   53  708   53  24  0  0 L3P 16
G13 FF 61132 184600  780 217 2164    -6811534     36         -28     21   41  65  198  -52  708 -109  708 -109  33  0  0 L3P 70
G14 FF 61132 184600  780 760 2174    -7417939    -22         -28     -7    8  13   76    1  415  -18  415  -18   7  0  0 L3P 03
G17 FF 61132 184600  780 347  215     1032631    144         -26     51   30   9  129  -21  690 -139  690 -139  28  0  0 L3P 47
G21 FF 61132 184600  780 399 2813    -4127510     -6         -17     14   18  12  114    5  617   16  617   16  17  0  0 L3P FE
G22 FF 61132 184600  780 684 2876      247697    -56         -31      2   15  94   79   -2  443  -25  443  -25  13  0  0 L3P 10
G30 FF 61132 184600  780 489 1661    -1738281   -148         -10    -16   17  25   97    1  453    2  453    2  16  0  0 L3P 01
G05 FF 61132 190200  780 263 2589     2312037    -20          -9    -26   25  43  165    1  751   48  751   48  21  0  0 L3P FE
G07 FF 61132 190200  780 273 1142     1683851     97          -8     51   32  55  160   15  578  -11  578  -11  28  0  0 L3P 1C
G09 FF 61132 190200  780 239  424    -7627390     74          -6     48   33  28  181   45  810   94  810   94  28  0  0 L3P 0D
G13 FF 61132 190200  780 278 2146    -6811502    -34         -10    -48   23  65  157  -34  606  -56  606  -56  21  0  0 L3P 57
G14 FF 61132 190200  780 708 1951    -7417953    -15         -28      0   16  13   78    3  401  -15  401  -15  15  0  0 L3P FC
G17 FF 61132 190200  780 411  264     1032723     77         -23    -16   15   9  112  -15  599  -73  599  -73  11  0  0 L3P 1E
G19 FF 61132 190200  780 228   20    -6958200     -2          17     11   25  71  189  -53  933 -233  933 -233  20  0  0 L3P 26
G20 FF 61132 190200  780 234 2175     -872387   -211          -3     -7   38  78  185  -49  690  -99  690  -99  33  0  0 L3P 5D
G21 FF 61132 190200  780 372 2908    -4127522    -11         -11      9   24  12  121    9  649   34  649   34  18  0  0 L3P FA
G22 FF 61132 190200  780 715 2649      247640    -56         -33      2   16  94   78   -1  422  -25  422  -25  13  0  0 L3P F1
G30 FF 61132 190200  780 484 1552    -1738406   -189          -8    -57   18  25   98    1  441   47  441   47  16  0  0 L3P 22
G05 FF 61132 191800  780 256 2672     2312106     71          54     65   30  43  169    8  728  -20  728  -20  25  0  0 L3P 08
G07 FF 61132 191800  780 245 1068     1683900    119          -3     73   42  55  176   19  603  -35  603  -35  37  0  0 L3P 30
G13 FF 61132 191800  780 342 2135    -6811504     27         -27     12   20  65  131  -23  547  -71  547  -71  17  0  0 L3P 37
G14 FF 61132 191800  780 647 1818    -7417959     31         -20     46   21  13   81    4  386  -41  386  -41  19  0  0 L3P 21
G17 FF 61132 191800  780 476  325     1032819    138         -17     45   14   9  100  -11  524  -98  524  -98  12  0  0 L3P 29
G19 FF 61132 191800  780 295   50    -6958242     37         -13     49   31  71  149  -33  778 -206  778 -206  25  0  0 L3P 63
G20 FF 61132 191800  780 298 2179     -872592   -207         -12     -2   23  78  147  -30  605  -73  605  -73  20  0  0 L3P 52
G21 FF 61132 191800  780 336 2994    -4127535    -22          -5     -3   25  12  133   14  698   70  698   70  19  0  0 L3P 1F
G22 FF 61132 191800  780 717 2386      247599    -23         -18     35   20  94   77    1  391  -46  391  -46  17  0  0 L3P 19
G30 FF 61132 191800  780 477 1445    -1738512   -152          12    -20   25  25   99    1  414   17  414   17  22  0  0 L3P 0A
G05 FF 61132 193400  780 239 2753     2312113   -107          56   -113   45  43  180   15  779  190  779  190  46  0  0 L3P 6D
G07 FF 61132 193400  780 217  995     1683949     51           2      5   31  55  198   25  622   33  622   33  27  0  0 L3P DC
G13 FF 61132 193400  780 409 2135    -6811470      9          -6     -6   20  65  112  -16  469  -55  469  -55  18  0  0 L3P 24
G14 FF 61132 193400  780 584 1727    -7417982      6         -28     20   20  13   86    6  392  -12  392  -12  17  0  0 L3P 06
G17 FF 61132 193400  780 538  404     1032911    123         -14     30   15   9   91   -7  464  -69  464  -69  13  0  0 L3P 00
G19 FF 61132 193400  780 367   80    -6958255     25         -14     38   22  71  123  -22  644 -145  644 -145  18  0  0 L3P 50
G20 FF 61132 193400  780 365 2195     -872785   -217          -9    -12   26  78  124  -20  529  -55  529  -55  24  0  0 L3P 60
G21 FF 61132 193400  780 294 3070    -4127544    -15           5      4   35  12  149   21  762   88  762   88  25  0  0 L3P 00
G22 FF 61132 193400  780 690 2155      247535    -90         -26    -32   14  94   79    2  386   18  386   18  13  0  0 L3P 02
G30 FF 61132 193400  780 467 1338    -1738646    -88           5     43   26  25  101    2  411  -52  411  -52  24  0  0 L3P 08
G05 FF 61132 195000  780 215 2830     2312072    -20           9    -26   34  43  199   24  896  115  896  115  29  0  0 L3P 33
G07 FF 61132 195000  780 187  925     1683986     28          -5    -18   31  55  227   35  656   38  656   38  27  0  0 L3P 21
G13 FF 61132 195000  780 479 2147    -6811468     -1         -19    -16   19  65   99  -11  433  -32  433  -32  17  0  0 L3P 41
G14 FF 61132 195000  780 523 1654    -7417989    -11         -22      4   16  13   93    8  390   14  390   14  13  0  0 L3P EF
G15 FF 61132 195000  780 194 2219    -3996673     10           7     43   41  42  220  -61  670 -156  670 -156  37  0  0 L3P 4F
G17 FF 61132 195000  780 594  514     1032998     55         -16    -38   16   9   85   -5  421   -4  421   -4  14  0  0 L3P DB
G19 FF 61132 195000  780 442  114    -6958267     -7         -14      6   30  71  106  -15  542  -96  542  -96  28  0  0 L3P 28
G20 FF 61132 195000  780 431 2227     -872988   -191         -15     13   24  78  108  -14  482  -63  482  -63  19  0  0 L3P 5C
G21 FF 61132 195000  780 250 3138    -4127564    -10           2      9   25  12  173   30  874  127  874  127  19  0  0 L3P 15
G22 FF 61132 195000  780 647 1983      247484    -55         -21      3   18  94   81    3  368  -19  368  -19  15  0  0 L3P 06
G30 FF 61132 195000  780 454 1234    -1738809    -94         -32     38   17  25  103    3  442  -45  442  -45  14  0  0 L3P 2A
G05 FF 61132 200600  780 186 2904     2312085     24          20     18   32  83  228   37 1019  166 1019  166  27  0  0 L3P 3E
G13 FF 61132 200600  780 550 2180    -6811462     10         -27     -5   13  88   90   -8  398  -25  398  -25  13  0  0 L3P 17
G14 FF 61132 200600  780 465 1591    -7418001     -4         -19     10   27  14  101   10  389   -8  389   -8  25  0  0 L3P FF
G15 FF 61132 200600  780 247 2250    -3996719    -59          -7    -26   33  48  175  -36  594  -52  594  -52  29  0  0 L3P 6B
G17 FF 61132 200600  780 636  665     1033085     70         -18    -23   15  10   82   -2  389   -8  389   -8  13  0  0 L3P E7
G19 FF 61132 200600  780 519  157    -6958283    -37         -14    -24   20  72   93  -10  473  -43  473  -43  17  0  0 L3P 3F
G20 FF 61132 200600  780 494 2281     -873184   -207         -17     -2   18  79   97   -9  436  -21  436  -21  16  0  0 L3P 2C
G21 FF 61132 200600  780 206 3201    -4127589     23          -7     43   35  13  208   43 1050  159 1050  159  28  0  0 L3P 39
G22 FF 61132 200600  780 596 1857      247419    -41         -29     17   16  95   85    5  369  -17  369  -17  15  0  0 L3P 1B
G30 FF 61132 200600  780 437 1132    -1738915   -144         -11    -12   22  49  106    4  415   25  415   25  20  0  0 L3P 12
G13 FF 61132 202200  780 619 2245    -6811442     24         -22     10   18  88   83   -5  367  -35  367  -35  16  0  0 L3P 1B
G14 FF 61132 202200  780 410 1531    -7418023    -21         -27     -6   21  14  112   12  398    1  398    1  17  0  0 L3P D8
G15 FF 61132 202200  780 298 2294    -3996765    -21         -21     12   28  48  148  -22  532  -81  532  -81  23  0  0 L3P 54
G17 FF 61132 202200  780 653  855     1033178    107         -15     14   16  10   81    0  360  -35  360  -35  14  0  0 L3P E5
G19 FF 61132 202200  780 596  217    -6958298    -15         -17     -3   15  72   85   -7  422  -42  422  -42  11  0  0 L3P 18
G20 FF 61132 202200  780 551 2365     -873382   -195         -18      9   16  79   90   -6  416  -27  416  -27  15  0  0 L3P 23
G22 FF 61132 202200  780 543 1758      247377    -54         -16      4   18  95   90    6  354   -9  354   -9  16  0  0 L3P D6
G30 FF 61132 202200  780 415 1034    -1739045   -100         -14     32   24  49  111    5  421  -26  421  -26  22  0  0 L3P 0F
G13 FF 61132 203800  780 681 2367    -6811430     12         -15     -3   18  35   79   -3  349  -12  349  -12  16  0  0 L3P 12
G14 FF 61132 203800  780 359 1474    -7418040    -58         -29    -44   23  14  125   15  396   35  396   35  19  0  0 L3P 43
G15 FF 61132 203800  780 343 2352    -3996789    -44         -14    -11   29  48  130  -14  480  -23  480  -23  27  0  0 L3P 5F
G17 FF 61132 203800  780 641 1047     1033269     76         -13    -17   13  10   82    2  338  -10  338  -10  10  0  0 L3P EF
G19 FF 61132 203800  780 671  317    -6958309    -40         -17    -28   16  72   80   -4  375  -20  375  -20  15  0  0 L3P 2B
G20 FF 61132 203800  780 595 2487     -873575   -221         -14    -16   18  79   85   -3  396    0  396    0  15  0  0 L3P 0D
G22 FF 61132 203800  780 491 1674      247314    -87         -13    -29   17   0   97    8  349    8  349    8  15  0  0 L3P CF
G30 FF 61132 203800  780 388  941    -1739168   -108         -10     24   23  49  117    8  421  -20  421  -20  19  0  0 L3P 22
G13 FF 61132 205400  780 722 2580    -6811416     26         -15     11   14  35   77   -1  337  -15  337  -15  13  0  0 L3P 09
G14 FF 61132 205400  780 312 1418    -7418048     24         -23     39   27  14  142   19  377  -47  377  -47  23  0  0 L3P 39
G15 FF 61132 205400  780 380 2425    -3996821    -40         -14     -7   17  48  119   -9  451  -11  451  -11  15  0  0 L3P 2E
G17 FF 61132 205400  780 601 1199     1033361     93         -11      0   15  10   85    4  314  -23  314  -23  13  0  0 L3P C8
G19 FF 61132 205400  780 732  500    -6958321     27         -17     39   28  72   77   -2  334  -67  334  -67  18  0  0 L3P 1E
G20 FF 61132 205400  780 619 2646     -873764   -312          -7   -107   26  79   83   -1  386   63  386   63  16  0  0 L3P 35
G22 FF 61132 205400  780 440 1599      247265    -97          -6    -39   25   0  106   10  325    8  325    8  23  0  0 L3P C8
G30 FF 61132 205400  780 357  854    -1739290   -168          -6    -36   23  49  126   11  424   47  424   47  22  0  0 L3P 28
G06 FF 61132 211000  780 201  398     6119433     31          -7     42   40  49  212  -47  784 -269  784 -269  34  0  0 L3P 3F
G13 FF 61132 211000  780 725 2863    -6811396     30          -9     16   14  35   77    1  332   -3  332   -3  11  0  0 L3P C4
G14 FF 61132 211000  780 269 1361    -7418067     -5         -28      9   25  14  162   24  362  -17  362  -17  19  0  0 L3P 18
G15 FF 61132 211000  780 407 2512    -3996849    -12         -10     21   19  48  113   -5  434  -25  434  -25  17  0  0 L3P 2E
G17 FF 61132 211000  780 545 1302     1033447    113         -14     20   23  10   90    7  300  -27  300  -27  20  0  0 L3P D7
G19 FF 61132 211000  780 761  815    -6958338    -47         -22    -35   22  72   76    0  303   -3  303   -3  17  0  0 L3P EB
G20 FF 61132 211000  780 616 2821     -873966   -213         -12     -9   15  79   84    1  389   14  389   14  14  0  0 L3P 05
G22 FF 61132 211000  780 392 1529      247210    -31          -5     27   18   0  116   12  306  -30  306  -30  17  0  0 L3P CF
G30 FF 61132 211000  780 321  774    -1739419   -131          -8      1   27  49  138   15  438   16  438   16  23  0  0 L3P FD
G06 FF 61132 212600  780 247  459     6119422    -10          -8      0   40  49  175  -32  599 -158  599 -158  29  0  0 L3P 49
G13 FF 61132 212600  780 688 3100    -6811382      3         -10    -12   12  35   79    3  335   18  335   18  11  0  0 L3P DA
G14 FF 61132 212600  780 228 1303    -7418071     11         -17     26   27  14  188   31  324  -50  324  -50  21  0  0 L3P 15
G15 FF 61132 212600  780 420 2609    -3996875    -15          -4     18   28  48  110   -1  426  -17  426  -17  25  0  0 L3P 2E
G17 FF 61132 212600  780 480 1367     1033544    121          -7     28   31  10   99   11  272  -30  272  -30  30  0  0 L3P F6
G19 FF 61132 212600  780 737 1134    -6958368     46         -39     59   14  72   77    2  285  -60  285  -60  12  0  0 L3P 2D
G20 FF 61132 212600  780 588 2980     -874161   -197         -11      8   15  79   86    4  395    5  395    5  13  0  0 L3P E8
G22 FF 61132 212600  780 347 1462      247136    -83         -24    -25   21   0  129   15  301    0  301    0  19  0  0 L3P B5
G24 FF 61132 212600  780 225 2196      539731   -105          -1     67   22  67  191  -45  418 -131  418 -131  22  0  0 L3P 48
G30 FF 61132 212600  780 281  702    -1739540    -61          -3     71   35  49  156   22  447  -39  447  -39  29  0  0 L3P 26
G06 FF 61132 214200  780 294  525     6119395      7         -25     17   38  49  150  -22  486 -116  486 -116  30  0  0 L3P 3D
G12 FF 61132 214200  780 205 2624     6079879    -92           5    -92   34  27  208  -29  719  -96  719  -96  29  0  0 L3P 59
G13 FF 61132 214200  780 626 3247    -6811371    -18         -12    -32   15  35   83    5  349   46  349   46  13  0  0 L3P 0F
G14 FF 61132 214200  780 191 1245    -7418104    -19         -37     -4   26  14  223   41  320  -20  320  -20  20  0  0 L3P 0B
G15 FF 61132 214200  780 420 2713    -3996908    -43          -5    -10   31  48  110    2  432   10  432   10  28  0  0 L3P EF
G17 FF 61132 214200  780 412 1405     1033633    111          -7     18   21  10  112   16  258  -37  258  -37  19  0  0 L3P 08
G19 FF 61132 214200  780 679 1317    -6958365     -3         -25     10   13  72   79    4  256  -33  256  -33  12  0  0 L3P 13
G20 FF 61132 214200  780 542 3105     -874360   -231         -14    -27   15  79   91    6  414   43  414   43  15  0  0 L3P FD
G22 FF 61132 214200  780 305 1395      247106    -23           2     35   24   0  144   18  260  -42  260  -42  19  0  0 L3P CD
G24 FF 61132 214200  780 282 2174      539562   -151          -4     22   35  67  155  -30  358  -67  358  -67  29  0  0 L3P 3D
G30 FF 61132 214200  780 237  637    -1739662   -112           2     20   39  49  182   34  476   22  476   22  32  0  0 L3P 04
G06 FF 61132 215800  780 337  600     6119401    -21          -9    -10   34  49  132  -15  390  -66  390  -66  28  0  0 L3P 22
G11 FF 61132 215800  780 208  151     3862310   -153          35    -24   24  93  206  -54  916 -264  916 -264  17  0  0 L3P 63
G12 FF 61132 215800  780 233 2553     6079889     19          15     19   23  27  185  -21  563 -143  563 -143  19  0  0 L3P 5D
G13 FF 61132 215800  780 554 3338    -6811352     27          -7     13   18  35   89    8  375   25  375   25  16  0  0 L3P F6
G15 FF 61132 215800  780 405 2814    -3996948    -17         -14     16   22  48  113    5  460   24  460   24  19  0  0 L3P 1B
G17 FF 61132 215800  780 343 1424     1033719     70         -11    -23   24  10  130   24  247    9  247    9  22  0  0 L3P DC
G19 FF 61132 215800  780 609 1406    -6958364      5         -11     17   17  72   84    6  232  -30  232  -30  15  0  0 L3P FB
G20 FF 61132 215800  780 485 3199     -874559   -205         -17      0   21  79   98    9  453   48  453   48  17  0  0 L3P 18
G22 FF 61132 215800  780 266 1330      247039    -57         -10      1   20   0  163   22  257    1  257    1  15  0  0 L3P 9C
G24 FF 61132 215800  780 342 2158      539389   -171         -11      2   17  67  131  -21  312  -48  312  -48  14  0  0 L3P 26
G30 FF 61132 215800  780 190  580    -1739778   -137          13     -5   41  49  224   56  531   98  531   98  38  0  0 L3P 31
G06 FF 61132 221400  780 376  685     6119385     18         -10     28   29  50  120  -10  331  -98  331  -98  25  0  0 L3P 24
G11 FF 61132 221400  780 266  196     3862182   -165          28    -36   36  94  164  -35  667 -189  667 -189  29  0  0 L3P 93
G12 FF 61132 221400  780 259 2480     6079900    -14          26    -14   33  28  167  -16  454  -77  454  -77  30  0  0 L3P 48
G13 FF 61132 221400  780 479 3399    -6811345    -29         -16    -44   26  36   99   12  431  104  431  104  26  0  0 L3P 49
G15 FF 61132 221400  780 379 2909    -3996978    -63         -12    -30   20  71  119    9  505   84  505   84  16  0  0 L3P 3B
G17 FF 61132 221400  780 275 1429     1033837     93          14      0   22  11  159   37  221  -16  221  -16  16  0  0 L3P EF
G19 FF 61132 221400  780 535 1448    -6958380     -4         -17      8   15  96   91    9  217  -22  217  -22  13  0  0 L3P 03
G20 FF 61132 221400  780 424 3272     -874753   -190         -16     14   26  80  109   14  513   71  513   71  23  0  0 L3P 16
G22 FF 61132 221400  780 229 1264      246983     -5         -12     53   26   1  187   28  249  -44  249  -44  20  0  0 L3P FC
G24 FF 61132 221400  780 405 2150      539225   -182         -10     -9   24  68  113  -16  273  -18  273  -18  20  0  0 L3P 27
G06 FF 61132 223000  780 407  780     6119365    -26         -20    -15   20  50  113   -6  283  -39  283  -39  17  0  0 L3P 1E
G11 FF 61132 223000  780 327  244     3862047   -142          16    -14   25  94  136  -24  506 -131  506 -131  21  0  0 L3P 46
G12 FF 61132 223000  780 286 2407     6079892    -15          18    -15   26  28  153  -13  383  -70  383  -70  23  0  0 L3P 42
G13 FF 61132 223000  780 405 3444    -6811336     12         -21     -3   41  36  113   18  520  112  520  112  37  0  0 L3P 09
G15 FF 61132 223000  780 345 2996    -3997007     -7           4     26   30   0  130   13  588   90  588   90  25  0  0 L3P EF
G17 FF 61132 223000  780 210 1424     1033920    105           8     12   28  11  205   61  209  -32  209  -32  25  0  0 L3P E9
G19 FF 61132 223000  780 463 1464    -6958381      1          -6     13   19  96  102   13  193  -21  193  -21  17  0  0 L3P 0A
G20 FF 61132 223000  780 361 3331     -874951   -248         -17    -43   54  80  125   19  620  180  620  180  51  0  0 L3P 49
G22 FF 61132 223000  780 195 1198      246962    -52          22      6   27   1  218   37  203  -15  203  -15  21  0  0 L3P D8
G24 FF 61132 223000  780 472 2153      539057   -180         -12     -7   16  68  100  -11  238  -19  238  -19  14  0  0 L3P 2C
G06 FF 61132 224600  780 425  884     6119358    -23         -18    -13   26  50  109   -2  239  -27  239  -27  21  0  0 L3P 2C
G11 FF 61132 224600  780 389  298     3861921   -160          14    -32   18  94  117  -17  386  -93  386  -93  15  0  0 L3P 5C
G12 FF 61132 224600  780 312 2333     6079891    -21          17    -21   23  28  141  -11  304  -51  304  -51  19  0  0 L3P 22
G13 FF 61132 224600  780 332 3482    -6811306     23          -5      8   17  36  134   26  630  159  630  159  14  0  0 L3P 14
G15 FF 61132 224600  780 304 3073    -3997024    -49          20    -16   38   0  145   19  713  178  713  178  28  0  0 L3P 44
G19 FF 61132 224600  780 393 1465    -6958386      7           1     20   20  11  116   18  175  -44  175  -44  19  0  0 L3P 0C
G20 FF 61132 224600  780 299 3381     -875149   -171         -19     34   45  80  147   28  786  166  786  166  42  0  0 L3P 75
G24 FF 61132 224600  780 540 2171      538902   -167          -2      5   16  68   91   -8  204  -27  204  -27  16  0  0 L3P F3
G06 FF 61132 230200  780 429  992     6119350    -24         -15    -14   21  50  108    1  193  -23  193  -23  19  0  0 L3P 09
G11 FF 61132 230200  780 452  364     3861791   -118           7     11   19  94  104  -12  297  -94  297  -94  16  0  0 L3P 2D
G12 FF 61132 230200  780 339 2258     6079883    -40           9    -40   32  28  132  -10  239  -25  239  -25  28  0  0 L3P 2D
G13 FF 61132 230200  780 263 3517    -6811294     52          -7     37   30  36  165   40  822  207  822  207  24  0  0 L3P 21
G15 FF 61132 230200  780 261 3144    -3997055    -72          20    -39   39   0  167   27  898  254  898  254  33  0  0 L3P 55
G19 FF 61132 230200  780 326 1455    -6958386     35          13     47   35  11  136   25  143  -71  143  -71  27  0  0 L3P 28
G20 FF 61132 230200  780 240 3427     -875345   -163         -18     42   25  80  180   42 1008  213 1008  213  16  0  0 L3P 50
G24 FF 61132 230200  780 610 2214      538736   -195          -2    -23   12  68   84   -6  184    4  184    4  11  0  0 L3P CC
G06 FF 61132 231800  780 417 1097     6119336    -17         -20     -7   23  50  110    4  167  -19  167  -19  21  0  0 L3P 11
G11 FF 61132 231800  780 512  447     3861672   -137          12     -8   17  94   94   -8  228  -49  228  -49  15  0  0 L3P 1F
G12 FF 61132 231800  780 367 2182     6079875     20           1     20   20  28  123   -9  197  -55  197  -55  19  0  0 L3P 0D
G13 FF 61132 231800  780 199 3551    -6811255      4          18    -11   29  36  215   67 1061  275 1061  275  24  0  0 L3P 51
G15 FF 61132 231800  780 217 3208    -3997099    -55           8    -22   19   0  198   39 1110  154 1110  154  16  0  0 L3P 4D
G19 FF 61132 231800  780 263 1438    -6958400     27          11     40   24  11  165   36  134  -53  134  -53  20  0  0 L3P 16
G20 FF 61132 231800  780 185 3471     -875537   -156         -13     49   28  80  230   64 1191  115 1191  115  20  0  0 L3P 6B
G24 FF 61132 231800  780 676 2302      538566   -184          -6    -11   13  68   80   -4  168   -7  168   -7  12  0  0 L3P FD
G06 FF 61132 233400  780 390 1191     6119329    -30         -17    -20   27  50  117    9  141    4  141    4  24  0  0 L3P D5
G11 FF 61132 233400  780 564  556     3861550   -137          13     -8   18  94   88   -5  177  -42  177  -42  16  0  0 L3P 1B
G12 FF 61132 233400  780 396 2104     6079874      3           0      3   27  28  115   -8  164  -44  164  -44  24  0  0 L3P DA
G19 FF 61132 233400  780 204 1414    -6958416    -81           7    -69   25  11  209   57  132   46  132   46  23  0  0 L3P 16
G24 FF 61132 233400  780 731 2475      538399   -190          -7    -17   15  68   77   -2  155    1  155    1  14  0  0 L3P E0
