CGGTTS     GENERIC DATA FORMAT VERSION = 2E
REV DATE = 2025-11-01
RCVR = PolaRx5TR (5.6.0)     sbf2cggtts-1.5.0
CH = 80
IMS = PolaRx5TR
LAB = LRTE
X = 3967035.920 m
Y = -4390028.540 m
Z = -2375644.640 m
FRAME = ITRF
COMMENTS = LS=18; ElMask=10deg; 'Generated from the SBF in 2026-02-05 at 23:50:00'
INT DLY = 24.9 ns (GPS P1),  15.7 ns (GPS P2)     CAL_ID = 1201-2025
CAB DLY = 103.1 ns
REF DLY = 47.2 ns
REF = UTC(LRTE)
CKSUM = f6

SAT CL  MJD  STTIME TRKL ELV AZTH   REFSV      SRSV     REFSYS    SRSYS  DSG IOE MDTR SMDT MDIO SMDI MSIO SMSI ISG FR HC FRC CK
             hhmmss  s  .1dg .1dg    .1ns     .1ps/s     .1ns    .1ps/s .1ns     .1ns.1ps/s.1ns.1ps/s.1ns.1ps/s.1ns
G05 FF 61076 001000  780 165 2961     2284240     -3          20     -8   35  99  256   50  674  120  674  120  25  0  0 L3P 11
G07 FF 61076 001000  780 147  822     1446651     30          30    -20   42  74  286   62  475   83  475   83  30  0  0 L3P F7
G13 FF 61076 001000  780 597 2219    -6876797     11           6      0   24  41   85   -6  264 -124  264 -124  24  0  0 L3P 15
G14 FF 61076 001000  780 433 1557    -7329150    -49           6    -28   23 235  107   11  302   20  302   20  20  0  0 L3P FF
G15 FF 61076 001000  780 286 2280    -3830251    -67          25    -33   23  15  153  -25  612   22  612   22  22  0  0 L3P 15
G17 FF 61076 001000  780 658  731      532835     88         -14    -23   18  85   81   -1  364   -8  364   -8  15  0  0 L3P E1
G19 FF 61076 001000  780 579  216    -6887281    -39          14    -22   13  21   87   -8  502  -72  502  -72  11  0  0 L3P 19
G21 FF 61076 001000  780 172 3266    -3931324   -125          60    -64   33   3  247   61  871  330  871  330  32  0  0 L3P 3A
G22 FF 61076 001000  780 569 1812      505266    -40          14      7   17  56   88    5  370   -5  370   -5  14  0  0 L3P B4
G30 FF 61076 001000  780 406 1043    -1106230    -93          -4     33   22  21  113    6  309  -15  309  -15  19  0  0 L3P EF
G05 FF 61076 002600  780 132 3028     2284237     -9          12    -15   47  99  317   79  876  108  876  108  39  0  0 L3P 4D
G06 FF 61076 002600  780 101  260     6082659     29          23      4   59   1  408 -151 1045  -32 1045  -32  52  0  0 L3P 13
G07 FF 61076 002600  780 113  759     1446712     80          44     30   59  74  365  106  549   50  549   50  53  0  0 L3P 0E
G13 FF 61076 002600  780 662 2319    -6876789     -6           3    -17   23  41   80   -4  246  280  246  280  30  0  0 L3P 1B
G14 FF 61076 002600  780 381 1499    -7329175     31           2     53   19 235  119   14  306  -41  306  -41  17  0  0 L3P 24
G15 FF 61076 002600  780 333 2334    -3830289    -40          20     -6   19  15  134  -16  592  -27  592  -27  16  0  0 L3P 3B
G17 FF 61076 002600  780 663  937      532943    115         -11      5   17  85   80    1  346  -18  346  -18  15  0  0 L3P E6
G19 FF 61076 002600  780 654  308    -6887301    -34          11    -17   26  21   81   -5  432 -115  432 -115  29  0  0 L3P 35
G21 FF 61076 002600  780 130 3323    -3931423    -79          21    -18   43   3  320   95  769 -473  769 -473  45  0  0 L3P 63
G22 FF 61076 002600  780 517 1720      505220    -54          13     -8   25  56   94    7  343  -75  343  -75  27  0  0 L3P EA
G30 FF 61076 002600  780 380  951    -1106350   -126          -3      0   29  21  119    8  323   10  323   10  27  0  0 L3P C9
G06 FF 61076 004200  780 141  314     6082672     77          12     52   34   1  297  -88  990 -146  990 -146  31  0  0 L3P 35
G12 FF 61076 004200  780 120 2833     6072201    -37          35    -40   74  17  347 -102  920  153  920  153  77  0  0 L3P 4A
G13 FF 61076 004200  780 712 2500    -6876767     -7          14    -18   19  41   78   -2  389   85  389   85  23  0  0 L3P 1F
G14 FF 61076 004200  780 333 1441    -7329196     43           2     64   19 235  134   17  308  -53  308  -53  16  0  0 L3P 23
G15 FF 61076 004200  780 373 2402    -3830322    -50          20    -16   21  15  121  -10  579   25  579   25  19  0  0 L3P 1D
G17 FF 61076 004200  780 637 1123      533039     95         -21    -15   21  85   82    3  308  -71  308  -71  20  0  0 L3P F1
G19 FF 61076 004200  780 718  471    -6887320     35           8     53   29  21   77   -2  261 -183  261 -183  28  0  0 L3P 21
G22 FF 61076 004200  780 466 1640      505185    -17          23     30   18  56  101    9  264  -90  264  -90  19  0  0 L3P FC
G24 FF 61076 004200  780 101 2270     1348563   -236          46    -80   41  62  409 -183  579   28  579   28  33  0  0 L3P 5A
G30 FF 61076 004200  780 349  866    -1106480   -146         -12    -20   22  21  128   11  351   39  351   39  19  0  0 L3P 22
G06 FF 61076 005800  780 185  371     6082697     43          14     18   35   1  229  -55  807 -249  807 -249  30  0  0 L3P 42
G12 FF 61076 005800  780 154 2768     6072180   -220          10   -224   45  17  273  -58 1092  205 1092  205  46  0  0 L3P 8C
G13 FF 61076 005800  780 729 2770    -6876763     10           7     -1   13  41   77    0  376    5  376    5  17  0  0 L3P BF
G14 FF 61076 005800  780 288 1384    -7329216     -2           2     20   21 235  152   21  298  -34  298  -34  15  0  0 L3P 23
G15 FF 61076 005800  780 403 2486    -3830353    -35          21     -1   22  15  113   -6  558  -80  558  -80  18  0  0 L3P 28
G17 FF 61076 005800  780 588 1257      533145     90         -21    -20   18  85   86    5  283  -69  283  -69  17  0  0 L3P 1E
G19 FF 61076 005800  780 753  755    -6887331      3          13     20   39  21   76    0  236 -161  236 -161  25  0  0 L3P 09
G22 FF 61076 005800  780 418 1566      505124    -70           6    -23   25  56  110   11  206  -39  206  -39  25  0  0 L3P 01
G24 FF 61076 005800  780 149 2236     1348399   -141          31     15   37  62  282  -93  535  -95  535  -95  34  0  0 L3P 63
G30 FF 61076 005800  780 314  786    -1106598   -123          -9      3   29  21  141   15  360    8  360    8  26  0  0 L3P DD
G06 FF 61076 011400  780 231  430     6082720     24          13     -1   44   1  186  -37  602 -218  602 -218  36  0  0 L3P 07
G12 FF 61076 011400  780 186 2701     6072164     31         -10     28   25  17  228  -37 1066 -136 1066 -136  23  0  0 L3P 6C
G13 FF 61076 011400  780 703 3033    -6876741     -4          18    -16   12  41   78    2  349   -3  349   -3  10  0  0 L3P DE
G14 FF 61076 011400  780 247 1327    -7329224      0          15     22   24 235  175   27  262  -65  262  -65  19  0  0 L3P 22
G15 FF 61076 011400  780 421 2582    -3830386    -15          21     19   26  15  110   -2  398 -270  398 -270  24  0  0 L3P 4E
G17 FF 61076 011400  780 527 1342      533239    103         -33     -7   25  85   92    8  204  -83  204  -83  23  0  0 L3P F7
G19 FF 61076 011400  780 739 1078    -6887341    -57          19    -40   27  21   77    1  257   88  257   88  24  0  0 L3P 2B
G22 FF 61076 011400  780 372 1496      505080    -65           7    -19   23  56  121   13  222   59  222   59  21  0  0 L3P EA
G24 FF 61076 011400  780 201 2207     1348249   -211          30    -55   36  62  213  -56  457  -60  457  -60  33  0  0 L3P 44
G30 FF 61076 011400  780 275  714    -1106715    -31          -5     95   30  21  159   23  374  -64  374  -64  27  0  0 L3P 18
G06 FF 61076 013000  780 278  494     6082743     -9          12    -34   36   1  157  -25  449 -112  449 -112  31  0  0 L3P 2F
G11 FF 61076 013000  780 126   72     4499421   -135          51     -3   65  74  332 -130  515   -8  515   -8  52  0  0 L3P 00
G12 FF 61076 013000  780 216 2631     6072157    -77         -20    -81   18  17  199  -26  854 -194  854 -194  19  0  0 L3P 88
G13 FF 61076 013000  780 648 3207    -6876731     52          17     41   14  41   81    4  350  -28  350  -28  13  0  0 L3P FB
G14 FF 61076 013000  780 209 1268    -7329266    -81          -6    -59   25 235  205   35  255   31  255   31  19  0  0 L3P 38
G15 FF 61076 013000  780 424 2685    -3830414     -1          26     33   25  15  109    1  471    7  471    7  22  0  0 L3P C0
G17 FF 61076 013000  780 459 1393      533348     97         -30    -13   19  85  102   12  195   58  195   58  18  0  0 L3P 1C
G19 FF 61076 013000  780 687 1283    -6887370    -45           7    -28   14  21   79    4  266   20  266   20  14  0  0 L3P FF
G22 FF 61076 013000  780 329 1429      505028     -5           0     41   23  56  135   16  248  -31  248  -31  16  0  0 L3P DB
G24 FF 61076 013000  780 256 2183     1348099   -252          30    -96   31  62  170  -36  370   -1  370   -1  29  0  0 L3P 26
G30 FF 61076 013000  780 232  649    -1106840   -110          -8     17   28  21  186   35  398    8  398    8  25  0  0 L3P F6
G06 FF 61076 014600  780 324  565     6082750      8          -5    -17   29   1  137  -17  303 -134  303 -134  25  0  0 L3P 13
G11 FF 61076 014600  780 178  115     4499294   -118          51     14   56  74  239  -72  607   90  607   90  52  0  0 L3P 31
G12 FF 61076 014600  780 243 2558     6072193     15          14     12   27  17  177  -19  585 -177  585 -177  20  0  0 L3P 5F
G13 FF 61076 014600  780 578 3312    -6876734      5           3     -6   23  41   87    7  383   32  383   32  21  0  0 L3P CB
G14 FF 61076 014600  780 173 1209    -7329276     20           4     42   26 235  245   48  234  -34  234  -34  20  0  0 L3P 1E
G15 FF 61076 014600  780 414 2788    -3830469    -82           5    -47   26  15  111    4  525   38  525   38  25  0  0 L3P 14
G17 FF 61076 014600  780 389 1420      533453    135         -31     25   23  85  117   18  229    2  229    2  22  0  0 L3P E1
G19 FF 61076 014600  780 619 1387    -6887390     -9           3      8   20  21   83    6  264  -39  264  -39  16  0  0 L3P FB
G22 FF 61076 014600  780 289 1362      505010    -50          27     -4   17  56  152   19  209   -3  209   -3  15  0  0 L3P DB
G24 FF 61076 014600  780 315 2165     1347938   -153          19      2   29  62  141  -25  314  -54  314  -54  25  0  0 L3P 32
G30 FF 61076 014600  780 186  591    -1106962   -121          -9      5   28  21  229   57  423   37  423   37  23  0  0 L3P 04
G06 FF 61076 020200  780 365  646     6082766     63         -19     38   25   5  123  -12  282  -42  282  -42  24  0  0 L3P 11
G11 FF 61076 020200  780 234  157     4499138   -147          17    -15   36  75  184  -45  556  -73  556  -73  30  0  0 L3P 54
G12 FF 61076 020200  780 270 2485     6072181      3           4     -1   26  18  161  -15  455 -116  455 -116  23  0  0 L3P 0D
G13 FF 61076 020200  780 504 3380    -6876714    -47          10    -58   46  59   95   11  309   79  309   79  52  0  0 L3P 32
G14 FF 61076 020200  780 140 1150    -7329292    -10           7     12   29 236  300   68  231    1  231    1  24  0  0 L3P CC
G15 FF 61076 020200  780 391 2886    -3830488    -42          23     -8   18  16  117    7  522   41  522   41  14  0  0 L3P 01
G17 FF 61076 020200  780 320 1431      533554    139         -33     29   25  88  139   27  245  -28  245  -28  24  0  0 L3P 2A
G19 FF 61076 020200  780 546 1437    -6887409     -2          -6     15   15  49   90    8  242  -29  242  -29  13  0  0 L3P 08
G22 FF 61076 020200  780 252 1295      504936    -31           2     16   21  58  172   24  242    2  242    2  16  0  0 L3P A7
G24 FF 61076 020200  780 377 2154     1347779   -175          15    -19   21  64  120  -18  290  -17  290  -17  19  0  0 L3P 59
G30 FF 61076 020200  780 138  540    -1107085   -175         -16    -49   53  22  305  108  483  136  483  136  44  0  0 L3P 63
G06 FF 61076 021800  780 400  737     6082804      9          -5    -16   25   5  114   -7  258   31  258   31  22  0  0 L3P C6
G11 FF 61076 021800  780 294  202     4499026   -150          31    -18   39  75  150  -29  452 -118  452 -118  37  0  0 L3P 68
G12 FF 61076 021800  780 295 2410     6072192    -59          12    -62   18  18  149  -12  369   -6  369   -6  15  0  0 L3P 28
G13 FF 61076 021800  780 429 3430    -6876718      1          -4    -10   53  59  108   16  368  216  368  216  52  0  0 L3P 36
G14 FF 61076 021800  780 108 1090    -7329291    -93          30    -72   43 236  382  106  226   82  226   82  38  0  0 L3P 51
G15 FF 61076 021800  780 358 2975    -3830532    -97          12    -63   15  16  126   12  559   64  559   64  15  0  0 L3P 41
G17 FF 61076 021800  780 253 1431      533660    208         -33     98   24  88  172   43  248  -73  248  -73  19  0  0 L3P 3B
G19 FF 61076 021800  780 473 1459    -6887420     -8          -1      9   19  49  100   12  229  -14  229  -14  17  0  0 L3P 18
G22 FF 61076 021800  780 217 1229      504919    -48          29     -1   27  58  198   30  236   19  236   19  19  0  0 L3P 09
G24 FF 61076 021800  780 442 2152     1347622   -200           7    -44   21  64  105  -13  271    4  271    4  17  0  0 L3P E6
G06 FF 61076 023400  780 424  839     6082820     84         -14     59   18   5  109   -4  277  -60  277  -60  15  0  0 L3P 0D
G11 FF 61076 023400  780 357  251     4498869   -175           0    -43   26  75  126  -20  380  -52  380  -52  23  0  0 L3P 34
G12 FF 61076 023400  780 321 2334     6072194    -46          10    -49   20  18  138  -10  325   10  325   10  18  0  0 L3P 06
G13 FF 61076 023400  780 356 3470    -6876700    -12           3    -24   22  59  126   23  519   74  519   74  19  0  0 L3P 21
G15 FF 61076 023400  780 318 3055    -3830550     -4          27     30   46  16  139   17  445  -48  445  -48  38  0  0 L3P 2C
G17 FF 61076 023400  780 188 1421      533776    115         -23      5   48  88  227   74  248   -6  248   -6  35  0  0 L3P 08
G19 FF 61076 023400  780 403 1464    -6887429    -17           7      0   19  49  114   17  225    8  225    8  19  0  0 L3P E4
G22 FF 61076 023400  780 183 1163      504856    -86          11    -40   33  58  231   40  262   44  262   44  25  0  0 L3P FB
G24 FF 61076 023400  780 510 2164     1347469   -150           3      6   17  64   95  -10  256  -16  256  -16  15  0  0 L3P 0B
G06 FF 61076 025000  780 434  947     6082845    -11         -12    -36   21   5  107    0  271   34  271   34  19  0  0 L3P E3
G11 FF 61076 025000  780 421  307     4498735   -153          -6    -21   18  75  110  -14  327   29  327   29  17  0  0 L3P 1F
G12 FF 61076 025000  780 347 2257     6072190     -8           3    -12   27  18  129   -9  305   -6  305   -6  24  0  0 L3P DE
G13 FF 61076 025000  780 286 3505    -6876694     57          -2     45   19  59  154   35  596   96  596   96  17  0  0 L3P 44
G15 FF 61076 025000  780 275 3127    -3830591     -2          19     32   30  16  159   24  658  104  658  104  28  0  0 L3P 2E
G19 FF 61076 025000  780 336 1457    -6887448     62           4     79   20  49  133   24  232  -68  232  -68  15  0  0 L3P 2F
G22 FF 61076 025000  780 151 1097      504832    -70          32    -23   33  58  277   57  254   38  254   38  26  0  0 L3P 0C
G24 FF 61076 025000  780 579 2196     1347322   -151           6      5   23  64   87   -7  249   -1  249   -1  21  0  0 L3P DD
G06 FF 61076 030600  780 429 1055     6082866     29         -16      4   22   5  108    3  266   -8  266   -8  19  0  0 L3P DA
G11 FF 61076 030600  780 484  377     4498597    -77         -17     55   15  75   98  -10  336  -57  336  -57  15  0  0 L3P 4A
G12 FF 61076 030600  780 374 2180     6072190      2          -1     -2   17  18  121   -8  291  -30  291  -30  14  0  0 L3P D9
G13 FF 61076 030600  780 219 3539    -6876673     36           7     24   23  59  196   56  689   73  689   73  18  0  0 L3P 39
G15 FF 61076 030600  780 231 3193    -3830619     11          24     45   34  16  187   35  657 -104  657 -104  28  0  0 L3P 4E
G19 FF 61076 030600  780 272 1441    -6887468     56           1     73   16  49  160   35  240  -63  240  -63  13  0  0 L3P 1E
G22 FF 61076 030600  780 120 1031      504795   -100          39    -53   41  58  345   86  265   61  265   61  33  0  0 L3P 11
G24 FF 61076 030600  780 647 2262     1347165   -158          -1     -2   15  64   81   -5  256   -3  256   -3  14  0  0 L3P EE
G29 FF 61076 030600  780 103 3069     3810212   -114          22    -48   34  59  402 -193  967   12  967   12  24  0  0 L3P 4D
G06 FF 61076 032200  780 407 1155     6082897     20          -8     -5   26   5  113    7  245  -10  245  -10  25  0  0 L3P DC
G11 FF 61076 032200  780 544  469     4498477   -115         -12     17   16  75   90   -7  294  -51  294  -51  14  0  0 L3P 2E
G12 FF 61076 032200  780 402 2101     6072187     25          -6     21   21  18  114   -7  273  -41  273  -41  21  0  0 L3P EA
G13 FF 61076 032200  780 157 3574    -6876674    -11          -5    -22   30  59  269  100  776   55  776   55  23  0  0 L3P 4F
G15 FF 61076 032200  780 187 3255    -3830657    -12          18     23   33  16  227   51  845   73  845   73  29  0  0 L3P 2B
G19 FF 61076 032200  780 212 1419    -6887481   -130           4   -113   30  49  202   54  238   89  238   89  22  0  0 L3P 45
G24 FF 61076 032200  780 708 2394     1347008   -166          -8    -10   15  64   78   -3  253   -4  253   -4  13  0  0 L3P 00
G25 FF 61076 032200  780 115 2394    -4455613      2          25    -23   29  13  361 -107  521 -119  521 -119  25  0  0 L3P 55
G29 FF 61076 032200  780 153 3017     3810127    -73           0     -7   31  59  276  -87  927  -97  927  -97  23  0  0 L3P 3C
G06 FF 61076 035000  780 339 1294     6082935     25         -12      0   21   5  132   17  232   -8  232   -8  16  0  0 L3P CF
G11 FF 61076 035000  780 619  710     4498253    -96         -14     36   17  75   83   -2  230  -59  230  -59  14  0  0 L3P 14
G12 FF 61076 035000  780 454 1956     6072202     28           3     25   17  18  103   -6  222  -39  222  -39  16  0  0 L3P F6
G15 FF 61076 035000  780 116 3357    -3830678    -70          55    -36   41  16  356  112  783  -67  783  -67  30  0  0 L3P 6A
G19 FF 61076 035000  780 117 1367    -6887504     15          10     32   47  49  355  150  226  -11  226  -11  31  0  0 L3P 31
G24 FF 61076 035000  780 749 2874     1346741   -177         -14    -21    9  64   76    1  240    7  240    7   8  0  0 L3P D7
G25 FF 61076 035000  780 180 2302    -4455598    -43          -2    -68   39  13  236  -51  368  -21  368  -21  34  0  0 L3P 4E
G29 FF 61076 035000  780 232 2911     3810021    -52           6     14   23   9  185  -33  615 -187  615 -187  20  0  0 L3P 2D
G06 FF 61076 040600  780 287 1350     6082969     26          -4      1   23   6  153   27  214    4  214    4  18  0  0 L3P AD
G11 FF 61076 040600  780 632  891     4498121   -134         -19     -3   16  76   82    0  211  -22  211  -22  15  0  0 L3P F5
G12 FF 61076 040600  780 486 1867     6072194    -32          -7    -36   16  20   98   -5  212   21  212   21  16  0  0 L3P F6
G21 FF 61076 040600  780 111  521    -3932229   -105          25    -43   40   5  372 -103  412  -14  412  -14  31  0  0 L3P 22
G24 FF 61076 040600  780 713 3140     1346588   -174         -17    -18   12  65   78    2  245   23  245   23  13  0  0 L3P 12
G25 FF 61076 040600  780 221 2251    -4455577    -22          -2    -47   31  41  195  -37  316  -20  316  -20  28  0  0 L3P 3A
G29 FF 61076 040600  780 273 2840     3809969    -53          18     13   23  17  160  -22  470 -128  470 -128  22  0  0 L3P 61
G05 FF 61076 042200  780 135  303     2284340     -1          37     -6   31  27  310  -94  473  -56  473  -56  27  0  0 L3P 03
G06 FF 61076 042200  780 231 1391     6083003     41           6     16   37   6  187   46  204  -16  204  -16  28  0  0 L3P E5
G11 FF 61076 042200  780 616 1066     4497997   -141         -16     -9   13  76   84    2  192   -2  192   -2  10  0  0 L3P FD
G12 FF 61076 042200  780 519 1771     6072189     28         -16     24   15  20   93   -4  208  -37  208  -37  12  0  0 L3P 0E
G21 FF 61076 042200  780 143  585    -3932280      9          34     70   43   5  293  -65  358 -113  358 -113  34  0  0 L3P 26
G24 FF 61076 042200  780 651 3297     1346441   -165         -14     -9   11  65   81    5  244   15  244   15   9  0  0 L3P F0
G25 FF 61076 042200  780 265 2203    -4455550      7           2    -18   24  41  164  -27  274  -10  274  -10  22  0  0 L3P 06
G29 FF 61076 042200  780 309 2763     3809896    -74           8     -8   20  17  143  -15  389  -64  389  -64  16  0  0 L3P 48
G05 FF 61076 043800  780 178  360     2284313    -44           5    -50   34  27  238  -59  419  -28  419  -28  27  0  0 L3P 30
G11 FF 61076 043800  780 577 1206     4497860   -119         -26     12   21  76   87    5  187  -22  187  -22  19  0  0 L3P 38
G12 FF 61076 043800  780 550 1664     6072206      2          -2     -2   16  20   90   -3  180  -17  180  -17  14  0  0 L3P CC
G21 FF 61076 043800  780 175  652    -3932358    -45          14     17   32   5  242  -43  320  -68  320  -68  24  0  0 L3P 1E
G24 FF 61076 043800  780 579 3389     1346288   -148         -17      7   30  65   87    7  241  -15  241  -15  29  0  0 L3P 2F
G25 FF 61076 043800  780 313 2157    -4455541    -39         -14    -64   25  41  141  -21  250   17  250   17  22  0  0 L3P 30
G29 FF 61076 043800  780 341 2680     3809828   -116           3    -50   16  17  131  -10  326  -16  326  -16  14  0  0 L3P 3C
G05 FF 61076 045400  780 224  420     2284322     24           8     18   38  27  192  -39  342  -87  342  -87  31  0  0 L3P 0A
G11 FF 61076 045400  780 522 1303     4497743   -109         -17     23   22  76   93    8  175  -16  175  -16  20  0  0 L3P 24
G12 FF 61076 045400  780 579 1542     6072207    -14          -4    -18   12  20   87   -3  173    7  173    7  11  0  0 L3P D1
G21 FF 61076 045400  780 204  723    -3932411   -143          21    -82   47   5  209  -28  271   70  271   70  40  0  0 L3P 12
G24 FF 61076 045400  780 504 3448     1346133   -118         -23     38   22  65   95   11  244  -23  244  -23  20  0  0 L3P 26
G25 FF 61076 045400  780 365 2112    -4455502     11           1    -14   22  41  123  -16  214   -3  214   -3  20  0  0 L3P DB
G29 FF 61076 045400  780 369 2591     3809764    -52           3     14   24  17  122   -7  276  -52  276  -52  20  0  0 L3P 20
G05 FF 61076 051000  780 270  484     2284335     69          15     64   35  27  161  -26  268 -104  268 -104  29  0  0 L3P 40
G11 FF 61076 051000  780 459 1366     4497624   -137         -10     -5   27  76  102   12  171    5  171    5  26  0  0 L3P FB
G12 FF 61076 051000  780 602 1402     6072208     12          -6      9   20  20   85   -2  165  -13  165  -13  17  0  0 L3P C7
G18 FF 61076 051000  780 101 3265     4330816   -102          14     -5   32  42  412 -250  502  -57  502  -57  23  0  0 L3P 31
G21 FF 61076 051000  780 230  798    -3932468    -24          22     37   50   5  187  -18  237  -93  237  -93  45  0  0 L3P 2F
G24 FF 61076 051000  780 428 3491     1345986   -171         -21    -15   20  65  108   16  246   19  246   19  17  0  0 L3P 3E
G25 FF 61076 051000  780 421 2069    -4455481     24          -1     -1   21  41  110  -13  200  -18  200  -18  19  0  0 L3P FD
G29 FF 61076 051000  780 392 2499     3809717    -95          19    -29   21  17  116   -5  232    2  232    2  19  0  0 L3P FD
G05 FF 61076 052600  780 315  555     2284327      0           2     -6   24  27  140  -18  230  -38  230  -38  20  0  0 L3P D6
G11 FF 61076 052600  780 393 1403     4497503   -102          -8     30   17  77  116   17  175  -25  175  -25  15  0  0 L3P 31
G12 FF 61076 052600  780 615 1245     6072213    -15          -5    -19   15  20   84   -1  154    3  154    3  14  0  0 L3P BF
G18 FF 61076 052600  780 164 3240     4330720   -207          10   -111   37  42  259  -99  413  -41  413  -41  29  0  0 L3P 57
G21 FF 61076 052600  780 250  877    -3932533   -130          16    -69   39   5  173  -11  208   37  208   37  33  0  0 L3P 28
G24 FF 61076 052600  780 355 3526     1345855   -145          -2     11   25  65  127   23  241    1  241    1  19  0  0 L3P E7
G25 FF 61076 052600  780 481 2028    -4455449    -29           7    -54   15  41   99  -10  173   29  173   29  13  0  0 L3P 22
G29 FF 61076 052600  780 411 2403     3809660    -39          25     27   18  17  112   -4  201  -53  201  -53  15  0  0 L3P 11
G05 FF 61076 054200  780 357  635     2284329     43          -1     37   24  27  126  -12  200  -51  200  -51  18  0  0 L3P FA
G11 FF 61076 054200  780 326 1423     4497382    -74          -2     58   20  77  136   26  167  -57  167  -57  18  0  0 L3P 39
G12 FF 61076 054200  780 614 1079     6072213    -10          -8    -13   16  20   84    1  147    8  147    8  14  0  0 L3P BB
G18 FF 61076 054200  780 227 3205     4330622    -68           5     29   23  42  190  -51  317  -93  317  -93  19  0  0 L3P 27
G21 FF 61076 054200  780 261  959    -3932629   -103         -21    -41   30   5  166   -4  215   13  215   13  27  0  0 L3P 0C
G24 FF 61076 054200  780 285 3559     1345713    -93           5     63   24  65  154   35  255  -20  255  -20  20  0  0 L3P 15
G25 FF 61076 054200  780 546 1986    -4455435    -19          -4    -44   15  41   90   -8  158   15  158   15  12  0  0 L3P 1A
G28 FF 61076 054200  780 145 2259     6007237   -111          -2    -50   31  96  289  -85  309  -20  309  -20  28  0  0 L3P 50
G29 FF 61076 054200  780 427 2305     3809579    -67           7     -1   19  17  108   -3  201  -14  201  -14  17  0  0 L3P 07
G05 FF 61076 055800  780 392  725     2284345     59          10     53   23  27  116   -8  167  -65  167  -65  20  0  0 L3P 14
G11 FF 61076 055800  780 260 1429     4497272   -137          14     -5   24  77  167   40  138  -30  138  -30  18  0  0 L3P 3A
G12 FF 61076 055800  780 597  919     6072215    -14          -9    -17   21  20   85    2  143   11  143   11  16  0  0 L3P D5
G18 FF 61076 055800  780 290 3161     4330542   -124          18    -28   28  42  151  -31  244  -28  244  -28  26  0  0 L3P 51
G21 FF 61076 055800  780 263 1041    -3932651   -134          16    -73   29   5  165    2  160   40  160   40  26  0  0 L3P 04
G24 FF 61076 055800  780 218 3591     1345567   -136           9     20   22  65  197   56  266  -12  266  -12  16  0  0 L3P 39
G25 FF 61076 055800  780 614 1941    -4455404      8           3    -17   16  41   84   -6  128   -8  128   -8  15  0  0 L3P E0
G28 FF 61076 055800  780 185 2312     6007197    -62          17     -1   33  96  230  -44  251  -31  251  -31  28  0  0 L3P 2B
G29 FF 61076 055800  780 440 2206     3809521    -80          13    -14   16  17  106   -2  170  -24  170  -24  15  0  0 L3P 1C
G05 FF 61076 061400  780 417  824     2284331      5         -16     -1   14  28  110   -4  163  -18  163  -18  12  0  0 L3P E2
G11 FF 61076 061400  780 196 1425     4497155   -181          24    -49   39  78  218   68  111   36  111   36  27  0  0 L3P 3D
G12 FF 61076 061400  780 565  776     6072218     14          -8     11   19  66   88    4  138  -18  138  -18  16  0  0 L3P F2
G18 FF 61076 061400  780 351 3105     4330430    -84          -4     13   24  43  128  -20  212  -47  212  -47  18  0  0 L3P 14
G21 FF 61076 061400  780 254 1121    -3932713   -151           8    -89   36   6  171    9  136   64  136   64  31  0  0 L3P 03
G24 FF 61076 061400  780 156   23     1345398    -73          -5     83   28  98  270  102  291  -50  291  -50  19  0  0 L3P 19
G25 FF 61076 061400  780 686 1888    -4455385     18           1     -7   16  44   79   -4  117   -5  117   -5  14  0  0 L3P EC
G28 FF 61076 061400  780 217 2376     6007148    -60          27      2   33  97  197  -25  216  -15  216  -15  28  0  0 L3P 2B
G29 FF 61076 061400  780 451 2106     3809453    -90           7    -24   12  48  104   -2  145   -2  145   -2  13  0  0 L3P E7
G05 FF 61076 063000  780 429  931     2284338     36         -14     30   21  28  108   -1  148  -51  148  -51  19  0  0 L3P 09
G12 FF 61076 063000  780 521  658     6072219    -48         -11    -51   24  66   93    6  138   39  138   39  22  0  0 L3P FA
G18 FF 61076 063000  780 409 3035     4330341    -90           0      7   44  43  112  -13  178  -33  178  -33  28  0  0 L3P 02
G21 FF 61076 063000  780 235 1196    -3932786    -37          -5     25   21   6  184   19  137  -34  137  -34  18  0  0 L3P 26
G25 FF 61076 063000  780 761 1807    -4455361     24           1     -1   17  44   76   -3  107   -9  107   -9  15  0  0 L3P D0
G28 FF 61076 063000  780 240 2447     6007085    -52          22      9   30  97  180  -13  208  -14  208  -14  26  0  0 L3P 17
G29 FF 61076 063000  780 460 2005     3809384    -66           2      0   24  48  102   -2  136  -13  136  -13  21  0  0 L3P E5
G05 FF 61076 064600  780 426 1038     2284345      6         -13      1   20  28  109    2  137    8  137    8  18  0  0 L3P AD
G12 FF 61076 064600  780 468  563     6072224      3          -9     -1   26  66  101   10  143   21  143   21  18  0  0 L3P BC
G18 FF 61076 064600  780 462 2949     4330243    -96          -5      1   18  43  102   -9  161  -14  161  -14  15  0  0 L3P 07
G21 FF 61076 064600  780 205 1263    -3932829     61          11    122   29   6  208   33  118 -103  118 -103  22  0  0 L3P 35
G23 FF 61076 064600  780 129 3505    -6085959    -22          28     27   32  25  326 -159  295  -65  295  -65  24  0  0 L3P 77
G25 FF 61076 064600  780 834 1592    -4455355     40         -17     15   34  44   74   -1  118  -14  118  -14  33  0  0 L3P 1D
G28 FF 61076 064600  780 253 2525     6007023    -59          20      2   32  97  171   -5  215   10  215   10  28  0  0 L3P E4
G29 FF 61076 064600  780 469 1903     3809325    -96           5    -30   15  48  101   -1  123   15  123   15  13  0  0 L3P FD
G05 FF 61076 070200  780 407 1137     2284362     31          -1     25   16  28  113    6  136    5  136    5  15  0  0 L3P AE
G12 FF 61076 070200  780 409  488     6072216    -12         -20    -16   28  66  112   14  176   43  176   43  22  0  0 L3P 0A
G18 FF 61076 070200  780 508 2845     4330148    -93          -8      3   16  43   95   -6  145  -19  145  -19  12  0  0 L3P 03
G21 FF 61076 070200  780 168 1321    -3932886    -33          12     28   32   6  252   61  114  -42  114  -42  26  0  0 L3P 10
G23 FF 61076 070200  780 194 3521    -6086002     53          32    102   32  25  220  -76  229 -126  229 -126  26  0  0 L3P 57
G25 FF 61076 070200  780 852  670    -4455329     39         -14     14   14  44   74    1  111   -8  111   -8  13  0  0 L3P CE
G28 FF 61076 070200  780 255 2606     6006962     23          18     84   39  97  170    2  220  -72  220  -72  34  0  0 L3P 0A
G29 FF 61076 070200  780 477 1800     3809261    -61           5      4   16  48   99   -1  113   -6  113   -6  14  0  0 L3P C6
G05 FF 61076 071800  780 375 1224     2284369      8           0      2   30  28  121   11  146   -7  146   -7  27  0  0 L3P B8
G12 FF 61076 071800  780 346  429     6072229    -36         -11    -40   26  66  129   22  189   39  189   39  21  0  0 L3P 29
G15 FF 61076 071800  780 107  543    -3831125    -45          41    -11   35  19  384 -102  178   44  178   44  28  0  0 L3P 38
G18 FF 61076 071800  780 543 2721     4330049   -128         -13    -32   18  43   90   -4  137   15  137   15  16  0  0 L3P 1B
G21 FF 61076 071800  780 124 1368    -3932930    -72          27    -10   52   6  336  119  108   11  108   11  39  0  0 L3P 1E
G23 FF 61076 071800  780 264 3533    -6086051    -22          29     27   27  25  165  -43  191  -42  191  -42  22  0  0 L3P 40
G25 FF 61076 071800  780 782  306    -4455307     46         -16     21   13  44   75    2  117  -14  117  -14  12  0  0 L3P F3
G26 FF 61076 071800  780 104 2201     3223383    -72          70   -131   33  57  401 -216  219   88  219   88  23  0  0 L3P 48
G28 FF 61076 071800  780 248 2688     6006912    -54          26      7   38  97  175    8  222  -11  222  -11  34  0  0 L3P 13
G29 FF 61076 071800  780 483 1695     3809189    -73          -4     -7   14  48   98   -1  126    4  126    4  12  0  0 L3P E3
G31 FF 61076 071800  780 118 2384     1687260   -120          35    -98   29  24  352  -49  310   80  310   80  25  0  0 L3P 3C
G05 FF 61076 073400  780 332 1294     2284374     66           0     61   31  28  134   17  127  -44  127  -44  25  0  0 L3P 04
G12 FF 61076 073400  780 281  384     6072247    -11           4    -14   29  66  156   34  177   44  177   44  26  0  0 L3P 01
G15 FF 61076 073400  780 137  609    -3831160    -28          38      6   55  19  305  -65  182  -26  182  -26  52  0  0 L3P 29
G18 FF 61076 073400  780 567 2580     4329962    -99          -7     -2   18  43   88   -2  128   -1  128   -1  16  0  0 L3P FA
G23 FF 61076 073400  780 338 3541    -6086101    -81          27    -32   32  25  132  -27  174    0  174    0  26  0  0 L3P FF
G25 FF 61076 073400  780 700  215    -4455277     54         -10     29   12  44   78    4  120  -10  120  -10  10  0  0 L3P DB
G26 FF 61076 073400  780 161 2211     3223390     95          20     36   39  57  263  -93  220  -59  220  -59  34  0  0 L3P 29
G28 FF 61076 073400  780 231 2768     6006871   -173          44   -112   57  97  186   16  207  114  207  114  58  0  0 L3P 74
G29 FF 61076 073400  780 489 1587     3809131    -48           1     18   19  48   98   -1  131   -8  131   -8  17  0  0 L3P F5
G31 FF 61076 073400  780 130 2451     1687237    -54          33    -32   42  24  319  -21  303   18  303   18  34  0  0 L3P 15
G05 FF 61076 075000  780 281 1348     2284389    -42          10    -47   26  28  156   28  111   20  111   20  20  0  0 L3P 05
G12 FF 61076 075000  780 215  349     6072239     82          -7     79   29  66  200   60  188 -131  188 -131  22  0  0 L3P 30
G15 FF 61076 075000  780 166  677    -3831197     -8          34     26   31  19  254  -43  180  -22  180  -22  26  0  0 L3P 22
G18 FF 61076 075000  780 576 2430     4329873    -94          -4      3   23  43   87    0  121   -6  121   -6  18  0  0 L3P C9
G23 FF 61076 075000  780 416 3546    -6086161    -42          13      6   21  25  111  -18  166  -25  166  -25  17  0  0 L3P 26
G25 FF 61076 075000  780 617  174    -4455256      5         -13    -20   20  44   84    7  136   32  136   32  19  0  0 L3P D8
G26 FF 61076 075000  780 219 2231     3223436     42           9    -17   43  57  197  -50  203  -18  203  -18  38  0  0 L3P 1F
G28 FF 61076 075000  780 208 2844     6006783    -29          15     32   33  97  206   25  220  -59  220  -59  29  0  0 L3P 36
G29 FF 61076 075000  780 492 1477     3809072   -104           6    -38   19  48   97    0  128   28  128   28  16  0  0 L3P 12
G31 FF 61076 075000  780 135 2522     1687229    -76          45    -54   36  24  310   -1  301   75  301   75  31  0  0 L3P 0A
G05 FF 61076 080600  780 226 1388     2284410     16          24     10   31  32  190   47  114   43  114   43  25  0  0 L3P E8
G10 FF 61076 080600  780 123 3381     5867897    -15          30    -33   51  66  342 -181  326  -28  326  -28  39  0  0 L3P 66
G12 FF 61076 080600  780 150  323     6072257    -29          14    -32   33  69  283  121  155   93  155   93  22  0  0 L3P 18
G15 FF 61076 080600  780 193  747    -3831237    -62          28    -28   53  51  220  -28  182   28  182   28  48  0  0 L3P 35
G18 FF 61076 080600  780 573 2281     4329781   -101          -5     -4   19  44   87    1  120    4  120    4  16  0  0 L3P C3
G23 FF 61076 080600  780 498 3547    -6086209    -22          14     27   18  26   96  -12  153  -31  153  -31  14  0  0 L3P 34
G25 FF 61076 080600  780 534  150    -4455226     17          -5     -8   15  49   92   10  146   25  146   25  14  0  0 L3P DC
G26 FF 61076 080600  780 275 2263     3223494    115          13     56   27  58  159  -30  154 -136  154 -136  24  0  0 L3P 64
G28 FF 61076 080600  780 180 2916     6006716    -40           8     21   36  98  236   38  247   52  247   52  33  0  0 L3P 0C
G29 FF 61076 080600  780 491 1364     3809003   -127           0    -61   18  49   97    0  110   44  110   44  15  0  0 L3P EC
G31 FF 61076 080600  780 131 2594     1687198     34          34     56   36  29  317   17  308  -36  308  -36  25  0  0 L3P 31
G10 FF 61076 082200  780 190 3373     5867885      1           0    -17   42  66  225  -80  270  -69  270  -69  29  0  0 L3P 26
G15 FF 61076 082200  780 216  821    -3831281    -71          16    -37   29  51  199  -18  200   41  200   41  25  0  0 L3P 14
G18 FF 61076 082200  780 560 2140     4329686   -103          -7     -7   19  44   89    2  123   10  123   10  17  0  0 L3P E6
G23 FF 61076 082200  780 582 3545    -6086242    -69          28    -21   18  26   87   -8  130    6  130    6  15  0  0 L3P F4
G25 FF 61076 082200  780 453  137    -4455193     61           5     36   29  49  103   15  157   -6  157   -6  25  0  0 L3P E9
G26 FF 61076 082200  780 328 2308     3223559     -1          21    -60   20  58  136  -19  135  134  135  134  16  0  0 L3P 2D
G28 FF 61076 082200  780 149 2985     6006674    -64          24     -2   48  98  282   59  247   52  247   52  34  0  0 L3P 30
G29 FF 61076 082200  780 486 1251     3808941   -101           2    -35   10  49   98    1  114   44  114   44  10  0  0 L3P EB
G31 FF 61076 082200  780 121 2666     1687178     -4          34     17   30  29  344   38  321  -31  321  -31  21  0  0 L3P 08
G10 FF 61076 083800  780 260 3357     5867914     38          12     20   39  66  168  -44  215  -53  215  -53  36  0  0 L3P 3A
G15 FF 61076 083800  780 233  898    -3831315     29          16     63   26  51  185  -10  210  -45  210  -45  22  0  0 L3P 1F
G16 FF 61076 083800  780 103 2185    -2019328   -143          65    -68   26  45  404 -215  178  -70  178  -70  29  0  0 L3P 85
G18 FF 61076 083800  780 539 2012     4329614   -106          14     -9   18  45   91    3  118    6  118    6  15  0  0 L3P D8
G23 FF 61076 083800  780 668 3540    -6086291    -58          26     -9   16  26   80   -5  129    2  129    2  14  0  0 L3P EC
G25 FF 61076 083800  780 374  130    -4455158     26          15      1   24  49  121   22  186   66  186   66  22  0  0 L3P F2
G26 FF 61076 083800  780 375 2370     3223618     59          23      0   21  58  121  -12  160  -14  160  -14  20  0  0 L3P FF
G28 FF 61076 083800  780 117 3050     6006613    -79          23    -18   41  98  353   92  301  -33  301  -33  30  0  0 L3P 2E
G29 FF 61076 083800  780 476 1138     3808892    -85          16    -19   33  49  100    2  124   54  124   54  28  0  0 L3P 1F
G31 FF 61076 083800  780 104 2736     1687162    -69          39    -48   26  29  394   68  322   81  322   81  24  0  0 L3P 3A
G10 FF 61076 085400  780 331 3332     5867927     40           7     22   32  66  134  -27  199  -28  199  -28  32  0  0 L3P 2C
G15 FF 61076 085400  780 242  976    -3831325    -72          38    -37   26  51  179   -3  200   45  200   45  23  0  0 L3P 12
G16 FF 61076 085400  780 158 2206    -2019431    -98          33    -23   40  45  268  -92  234  116  234  116  38  0  0 L3P 5E
G18 FF 61076 085400  780 513 1896     4329519   -120          12    -23   23  45   94    4  127   36  127   36  20  0  0 L3P 0D
G23 FF 61076 085400  780 756 3534    -6086335    -21          29     28   29  26   76   -3  123  -42  123  -42  29  0  0 L3P 2A
G25 FF 61076 085400  780 299  130    -4455129      2          21    -23   24  49  147   34  225   58  225   58  18  0  0 L3P 02
G26 FF 61076 085400  780 414 2449     3223667     39          16    -20   19  58  111   -8  164   20  164   20  16  0  0 L3P 09
G29 FF 61076 085400  780 459 1028     3808831   -100          18    -34   18  49  102    4  155   56  155   56  18  0  0 L3P 2A
G10 FF 61076 091000  780 404 3296     5867944     21           7      3   25  66  113  -18  190   -3  190   -3  24  0  0 L3P DC
G15 FF 61076 091000  780 242 1054    -3831366    -40          30     -6   27  51  178    3  224   26  224   26  23  0  0 L3P F0
G16 FF 61076 091000  780 211 2238    -2019506    -45          31     30   38  45  203  -49  251  -33  251  -33  32  0  0 L3P 28
G18 FF 61076 091000  780 486 1791     4329439    -66          25     31   13  45   98    4  138    4  138    4  11  0  0 L3P D6
G23 FF 61076 091000  780 844 3535    -6086374     87          37    136   21  26   74   -1  117 -124  117 -124  21  0  0 L3P 47
G25 FF 61076 091000  780 226  134    -4455091     17          34     -8   26  49  191   58  237   21  237   21  22  0  0 L3P F4
G26 FF 61076 091000  780 442 2545     3223727     55          18     -4   34  58  105   -4  168    5  168    5  30  0  0 L3P D5
G29 FF 61076 091000  780 434  923     3808760    -81          10    -15   30  49  107    6  171   30  171   30  26  0  0 L3P EB
G10 FF 61076 092600  780 478 3245     5867965     29          11     11   15  66   99  -12  167  -35  167  -35  15  0  0 L3P 35
G15 FF 61076 092600  780 233 1129    -3831387     22          41     56   30  51  185   11  224  -26  224  -26  26  0  0 L3P 1E
G16 FF 61076 092600  780 262 2282    -2019570   -119          39    -44   31  45  166  -29  215  -13  215  -13  31  0  0 L3P 5B
G18 FF 61076 092600  780 458 1694     4329345    -91          23      5   20  45  102    5  152    5  152    5  16  0  0 L3P C7
G23 FF 61076 092600  780 868 1662    -6086420    -80          38    -31   19  26   74    1  129   33  129   33  18  0  0 L3P 13
G25 FF 61076 092600  780 158  144    -4455064     35          38     10   39  49  269  112  265   51  265   51  30  0  0 L3P 18
G26 FF 61076 092600  780 454 2653     3223781     46          16    -13   17  58  103   -1  164  -12  164  -12  14  0  0 L3P 19
G29 FF 61076 092600  780 404  826     3808700    -71          14     -5   19  49  113    8  193   29  193   29  16  0  0 L3P FA
G10 FF 61076 094200  780 549 3172     5867988     12          17     -6   12  66   90   -8  162   29  162   29  11  0  0 L3P FC
G15 FF 61076 094200  780 214 1198    -3831421    -14          40     21   26  51  200   21  251    6  251    6  19  0  0 L3P D9
G16 FF 61076 094200  780 306 2340    -2019649    -62          31     13   23  45  144  -18  193  -14  193  -14  18  0  0 L3P 3A
G18 FF 61076 094200  780 431 1603     4329252    -74          24     23   17  45  108    6  170    5  170    5  14  0  0 L3P CC
G23 FF 61076 094200  780 782 1671    -6086486    -18          19     31   24  26   75    2  152  -24  152  -24  21  0  0 L3P 15
G26 FF 61076 094200  780 451 2765     3223835     44          13    -15   21  58  104    2  173   16  173   16  17  0  0 L3P F6
G27 FF 61076 094200  780 101 2225      341873    111          60     20   38  28  411 -206  324  -12  324  -12  34  0  0 L3P 18
G29 FF 61076 094200  780 366  739     3808642    -87          19    -21   19  49  123   12  220   57  220   57  18  0  0 L3P 1F
G10 FF 61076 095800  780 615 3066     5868002     30          12     12   18  66   84   -5  176  -20  176  -20  15  0  0 L3P 00
G15 FF 61076 095800  780 187 1261    -3831462    -47          32    -12   24  51  228   37  283   15  283   15  21  0  0 L3P 2B
G16 FF 61076 095800  780 343 2411    -2019733    -99          20    -24   25  45  130  -11  209   55  209   55  23  0  0 L3P 30
G18 FF 61076 095800  780 404 1515     4329152   -138          16    -42   19  45  113    6  200   67  200   67  16  0  0 L3P 18
G23 FF 61076 095800  780 699 1654    -6086527    -70          11    -22   14  27   78    4  158   25  158   25  12  0  0 L3P 1C
G26 FF 61076 095800  780 433 2873     3223894     96          15     37   18  58  107    5  174  -10  174  -10  17  0  0 L3P 1E
G27 FF 61076 095800  780 154 2200      341963     20          63    -71   41  28  274  -97  293   11  293   11  40  0  0 L3P 09
G29 FF 61076 095800  780 323  661     3808580    -72          21     -7   25  49  137   18  254   32  254   32  23  0  0 L3P 05
G32 FF 61076 095800  780 147    6     1073338   -211          35    -35   28  48  287 -110  301   55  301   55  26  0  0 L3P 13
G10 FF 61076 101400  780 671 2909     5868012     12           1     -6   13  67   80   -3  181    7  181    7  11  0  0 L3P A0
G15 FF 61076 101400  780 152 1315    -3831492     46          36     80   38  52  277   68  306  -58  306  -58  26  0  0 L3P 37
G16 FF 61076 101400  780 369 2496    -2019797    -51          27     24   22  57  122   -6  225   -4  225   -4  18  0  0 L3P 10
G18 FF 61076 101400  780 379 1431     4329062   -113          16    -17   21  46  119    7  218   34  218   34  17  0  0 L3P 13
G23 FF 61076 101400  780 619 1631    -6086573    -44           9      5   16  28   83    6  173   19  173   19  14  0  0 L3P DF
G26 FF 61076 101400  780 402 2972     3223936     59           7      0   18  96  114    9  196   24  196   24  15  0  0 L3P D7
G27 FF 61076 101400  780 211 2181      342041    112          56     21   31  30  203  -55  262  -40  262  -40  28  0  0 L3P F7
G29 FF 61076 101400  780 276  592     3808518    -34          22     32   28  50  158   27  309   40  309   40  24  0  0 L3P FF
G32 FF 61076 101400  780 206   37     1073166   -251          30    -75   26  49  208  -61  331   56  331   56  21  0  0 L3P 05
G10 FF 61076 103000  780 705 2685     5868032      8           3    -10   16  67   78   -1  187   27  187   27  15  0  0 L3P DD
G15 FF 61076 103000  780 112 1360    -3831524   -106          37    -71   35  52  371  138  342   83  342   83  30  0  0 L3P 38
G16 FF 61076 103000  780 383 2590    -2019864    -81          33     -6   27  57  118   -2  237   28  237   28  23  0  0 L3P 17
G18 FF 61076 103000  780 355 1348     4328983    -84          30     12   18  46  126    8  231   13  231   13  15  0  0 L3P F1
G23 FF 61076 103000  780 543 1605    -6086614    -53          15     -4   20  28   91    9  191   27  191   27  17  0  0 L3P ED
G26 FF 61076 103000  780 363 3060     3224004     63          18      4   36  96  124   13  229   44  229   44  26  0  0 L3P E0
G27 FF 61076 103000  780 271 2169      342126    140          54     49   23  30  161  -35  239  -70  239  -70  23  0  0 L3P 19
G29 FF 61076 103000  780 225  534     3808467    -33          35     33   34  50  191   44  368   47  368   47  30  0  0 L3P 08
G32 FF 61076 103000  780 269   68     1072987   -188          20    -12   23  49  162  -38  325  -12  325  -12  18  0  0 L3P 2F
G10 FF 61076 104600  780 709 2420     5868054     25           8      7   14  67   78    1  197    2  197    2  13  0  0 L3P 9F
G16 FF 61076 104600  780 383 2690    -2019936   -106          33    -31   28  57  118    2  256   57  256   57  23  0  0 L3P 35
G18 FF 61076 104600  780 332 1267     4328884    -64          23     33   21  46  134    9  258    2  258    2  17  0  0 L3P E0
G23 FF 61076 104600  780 471 1575    -6086654    -46          22      3   23  28  100   12  208   20  208   20  21  0  0 L3P EF
G26 FF 61076 104600  780 319 3137     3224065     68          22      9   24  96  139   18  261   38  261   38  21  0  0 L3P FA
G27 FF 61076 104600  780 335 2165      342205     51          45    -40   26  30  133  -24  238   26  238   26  23  0  0 L3P F6
G29 FF 61076 104600  780 171  484     3808413    -67          44     -1   48  50  248   79  439   96  439   96  39  0  0 L3P 28
G32 FF 61076 104600  780 337  100     1072811   -153          13     23   21  49  132  -25  311  -39  311  -39  20  0  0 L3P 0E
G08 FF 61076 110200  780 102 2193    -4956842    106          54     57   40  40  407 -226  355  -77  355  -77  30  0  0 L3P 5F
G10 FF 61076 110200  780 683 2185     5868074      2          10    -16    9  67   79    2  207   26  207   26   8  0  0 L3P BA
G16 FF 61076 110200  780 370 2788    -2020025    -97          16    -22   22  57  122    6  294   47  294   47  18  0  0 L3P 18
G18 FF 61076 110200  780 308 1187     4328790   -118          23    -22   24  46  143   10  288   57  288   57  18  0  0 L3P 3A
G23 FF 61076 110200  780 403 1542    -6086709    -48          14      1   15  28  113   16  232   18  232   18  14  0  0 L3P F2
G26 FF 61076 110200  780 272 3205     3224128     48          29    -11   21  96  160   26  322  109  322  109  16  0  0 L3P 1C
G27 FF 61076 110200  780 400 2173      342287     93          40      2   19  30  114  -16  239   -4  239   -4  15  0  0 L3P CA
G29 FF 61076 110200  780 115  442     3808357    -16          51     50   76  50  362  173  531   88  531   88  55  0  0 L3P 1A
G32 FF 61076 110200  780 408  134     1072654   -212          25    -36   22  49  112  -17  287   38  287   38  20  0  0 L3P 1E
G08 FF 61076 111800  780 161 2194    -4956801     58          48      9   51  40  263  -97  342  -18  342  -18  46  0  0 L3P 3A
G10 FF 61076 111800  780 639 2010     5868093     11          12     -7   17  67   82    4  221   27  221   27  15  0  0 L3P CB
G16 FF 61076 111800  780 345 2881    -2020079    -59          34     16   19  57  130   10  317   27  317   27  15  0  0 L3P 19
G18 FF 61076 111800  780 284 1109     4328690    -79          16     18   42  46  154   12  336   42  336   42  40  0  0 L3P 14
G23 FF 61076 111800  780 341 1506    -6086755    -63          15    -14   22  28  131   21  256   41  256   41  19  0  0 L3P 1D
G26 FF 61076 111800  780 226 3268     3224184     29          29    -29   39   1  191   38  409   97  409   97  35  0  0 L3P 20
G27 FF 61076 111800  780 468 2195      342367    119          32     28   22  30  101  -12  250  -15  250  -15  20  0  0 L3P 0E
G32 FF 61076 111800  780 482  175     1072488   -181          29     -5   19  49   99  -12  289    2  289    2  16  0  0 L3P FC
G08 FF 61076 113400  780 221 2204    -4956778    -13          24    -62   36  40  195  -52  350   40  350   40  30  0  0 L3P 25
G10 FF 61076 113400  780 586 1883     5868112     10          13     -8   15  67   86    5  233   24  233   24  14  0  0 L3P D6
G16 FF 61076 113400  780 312 2967    -2020161    -84          24     -9   25  57  142   15  359   45  359   45  20  0  0 L3P 17
G18 FF 61076 113400  780 259 1031     4328589    -89           7      7   33  46  167   16  396   51  396   51  27  0  0 L3P 0D
G23 FF 61076 113400  780 282 1466    -6086816    -95           1    -46   26  28  155   29  298   79  298   79  19  0  0 L3P 4B
G26 FF 61076 113400  780 181 3326     3224239     19          29    -39   43   1  235   55  466  110  466  110  35  0  0 L3P 1D
G27 FF 61076 113400  780 535 2239      342460     95          38      4   20  30   92   -8  244   -1  244   -1  17  0  0 L3P B1
G32 FF 61076 113400  780 557  230     1072313   -148          23     28   18  49   89   -8  288  -28  288  -28  17  0  0 L3P 29
G08 FF 61076 115000  780 281 2226    -4956733     52          22      3   18  40  156  -31  344  -18  344  -18  19  0  0 L3P 21
G10 FF 61076 115000  780 532 1783     5868123      9           7     -9   12  67   92    7  258   25  258   25  11  0  0 L3P C1
G16 FF 61076 115000  780 273 3044    -2020225    -55          32     20   32  57  160   23  388   33  388   33  25  0  0 L3P 08
G18 FF 61076 115000  780 233  956     4328525   -130          36    -33   35  46  185   21  441  113  441  113  32  0  0 L3P 2F
G23 FF 61076 115000  780 229 1424    -6086841    -50          23     -1   27  28  188   41  314   47  314   47  22  0  0 L3P 0F
G26 FF 61076 115000  780 139 3382     3224282     73          16     15   54   1  301   85  550   69  550   69  36  0  0 L3P F5
G27 FF 61076 115000  780 598 2316      342543     80          34    -11   14  30   85   -5  255   12  255   12  12  0  0 L3P D2
G32 FF 61076 115000  780 631  315     1072135   -174          14      2   16  49   83   -5  293   -7  293   -7  14  0  0 L3P D1
G08 FF 61076 120600  780 340 2262    -4956695     64          16     15   30  49  131  -20  343  -24  343  -24  25  0  0 L3P 2E
G10 FF 61076 120600  780 478 1700     5868141     21           4      3   16  69   99    9  281   29  281   29  14  0  0 L3P C7
G16 FF 61076 120600  780 232 3115    -2020301   -114          28    -39   25  60  186   33  469   98  469   98  21  0  0 L3P 3E
G18 FF 61076 120600  780 204  884     4328444    -78          46     19   37  47  209   30  516   89  516   89  32  0  0 L3P 20
G23 FF 61076 120600  780 179 1379    -6086896     29          17     78   46  29  237   61  369  -28  369  -28  36  0  0 L3P 65
G26 FF 61076 120600  780 101 3437     3224371      8          43    -50   30  14  405  137  607  122  607  122  19  0  0 L3P 1A
G27 FF 61076 120600  780 651 2444      342623     86          30     -5   16  37   81   -3  265   18  265   18  14  0  0 L3P D3
G32 FF 61076 120600  780 695  457     1071972   -178          18     -1   17  50   79   -3  286    5  286    5  14  0  0 L3P E2
G02 FF 61076 122200  780 139 2255     -319738    -58           9     23   27  56  303 -104  473  -45  473  -45  21  0  0 L3P 34
G08 FF 61076 122200  780 396 2314    -4956649     40          15     -9   26  49  115  -13  339    2  339    2  21  0  0 L3P FA
G10 FF 61076 122200  780 427 1625     5868157     17           2     -1   22  69  108   11  309   37  309   37  20  0  0 L3P E4
G16 FF 61076 122200  780 189 3181    -2020389    -86          12    -11   40  60  225   49  550   81  550   81  30  0  0 L3P 1D
G18 FF 61076 122200  780 173  815     4328352    -74          46     23   55  47  245   45  602  108  602  108  47  0  0 L3P 26
G23 FF 61076 122200  780 134 1331    -6086909   -108          50    -59   55  29  312   99  397  118  397  118  37  0  0 L3P 7B
G27 FF 61076 122200  780 683 2636      342709    119          28     28   19  37   79   -1  279   -8  279   -8  17  0  0 L3P 07
G28 FF 61076 122200  780 128  265     6005778    -89          23    -28   44 101  325  -99  675   -8  675   -8  38  0  0 L3P 45
G32 FF 61076 122200  780 737  700     1071802   -168          17      8   14  50   77   -1  290   -3  290   -3  11  0  0 L3P C6
G02 FF 61076 123800  780 189 2213     -319814    -72          10      8   42  56  226  -62  448  -17  448  -17  36  0  0 L3P 28
G08 FF 61076 123800  780 445 2387    -4956600     35          17    -14   15  49  105   -9  337    9  337    9  12  0  0 L3P 07
G10 FF 61076 123800  780 379 1555     5868165     21          -8      3   23  69  120   13  344   28  344   28  20  0  0 L3P F0
G16 FF 61076 123800  780 148 3243    -2020439    -35          34     40   28  60  283   75  622   53  622   53  20  0  0 L3P 13
G18 FF 61076 123800  780 139  749     4328249    -20          37     77   59  47  301   76  719   36  719   36  51  0  0 L3P 28
G27 FF 61076 123800  780 682 2864      342793     71          25    -20   18  37   79    1  300   37  300   37  14  0  0 L3P DD
G28 FF 61076 123800  780 170  321     6005719    -87          23    -26   31 101  249  -62  645  -21  645  -21  22  0  0 L3P 39
G32 FF 61076 123800  780 735 1009     1071629   -193          13    -17   12  50   77    1  296   20  296   20  10  0  0 L3P FC
G02 FF 61076 125400  780 243 2173     -319893   -136           9    -55   36  56  178  -40  434   34  434   34  31  0  0 L3P 2B
G08 FF 61076 125400  780 484 2483    -4956563     39           7    -10   20  49   98   -5  352   22  352   22  18  0  0 L3P 05
G10 FF 61076 125400  780 334 1488     5868179     13         -11     -5   25  69  133   16  388   58  388   58  21  0  0 L3P 29
G16 FF 61076 125400  780 110 3303    -2020504    -67          41      8   45  60  375  120  693   78  693   78  39  0  0 L3P 23
G27 FF 61076 125400  780 648 3061      342885     76          30    -15   18  37   81    3  317   44  317   44  16  0  0 L3P E3
G28 FF 61076 125400  780 214  379     6005657    -69          20     -8   35 101  200  -41  620  -26  620  -26  27  0  0 L3P 26
G31 FF 61076 125400  780 104  102     1686836     51          37     73   30  43  396 -159  754  -75  754  -75  26  0  0 L3P 3F
G32 FF 61076 125400  780 691 1237     1071455   -194           8    -18   13  50   79    3  310   34  310   34  12  0  0 L3P E8
G02 FF 61076 131000  780 303 2138     -319961    -77          19      3   29  56  146  -28  416  -19  416  -19  25  0  0 L3P 25
G08 FF 61076 131000  780 507 2599    -4956514     51           9      2   22  49   95   -2  363    8  363    8  18  0  0 L3P C6
G10 FF 61076 131000  780 293 1422     5868209     -2           2    -20   18  69  150   19  427   82  427   82  14  0  0 L3P F3
G27 FF 61076 131000  780 593 3200      342973     93          31      2   20  37   86    6  346   32  346   32  19  0  0 L3P B5
G28 FF 61076 131000  780 260  440     6005592    -27          14     35   29 101  167  -28  590  -66  590  -66  24  0  0 L3P 38
G31 FF 61076 131000  780 150  150     1686814    -21          35      1   29  43  281  -88  718  -49  718  -49  24  0  0 L3P 19
G32 FF 61076 131000  780 626 1361     1071293   -186          16    -10   19  50   83    5  322   31  322   31  18  0  0 L3P EE
G01 FF 61076 132600  780 110 2246    -3359761      8          35    -40   29 225  378 -168  581    6  581    6  21  0  0 L3P 1F
G02 FF 61076 132600  780 366 2107     -320034    -94          23    -13   19  56  123  -20  399    3  399    3  16  0  0 L3P F6
G08 FF 61076 132600  780 512 2727    -4956474     51           2      2   19  49   94    1  374    2  374    2  16  0  0 L3P AD
G10 FF 61076 132600  780 256 1357     5868218     23          -6      5   20  69  169   23  488   50  488   50  16  0  0 L3P 01
G27 FF 61076 132600  780 527 3295      343056     79          26    -12   22  37   92    9  380   49  380   49  19  0  0 L3P F4
G28 FF 61076 132600  780 306  508     6005524    -25           4     36   35 101  144  -20  559  -64  559  -64  25  0  0 L3P 25
G31 FF 61076 132600  780 200  198     1686768    -27          10     -5   26  43  214  -54  677  -57  677  -57  20  0  0 L3P 34
G32 FF 61076 132600  780 554 1424     1071116   -161           8     15   22  50   89    8  349    5  349    5  20  0  0 L3P C1
G01 FF 61076 134200  780 162 2211    -3359720     90          31     42   34 225  262  -86  557  -79  557  -79  28  0  0 L3P 57
G02 FF 61076 134200  780 435 2081     -320118   -156          17    -75   15  56  107  -14  388   50  388   50  14  0  0 L3P 2E
G03 FF 61076 134200  780 114 2629    -5784671     73          34    -37   31  24  363  -85  658    8  658    8  25  0  0 L3P 23
G08 FF 61076 134200  780 498 2854    -4956417     64          12     15   17  49   96    3  381   11  381   11  14  0  0 L3P FB
G10 FF 61076 134200  780 221 1291     5868245    -38           3    -56   26  69  194   28  543  126  543  126  20  0  0 L3P 36
G27 FF 61076 134200  780 457 3363      343140    109          23     18   36  37  103   13  429   38  429   38  33  0  0 L3P 03
G28 FF 61076 134200  780 350  584     6005477    -70          16     -8   26 101  128  -14  517  -18  517  -18  22  0  0 L3P 30
G31 FF 61076 134200  780 253  248     1686752    -15          14      6   31  43  171  -36  615  -65  615  -65  28  0  0 L3P 18
G32 FF 61076 134200  780 480 1454     1070944   -185           5     -9   22  50   99   12  377   43  377   43  20  0  0 L3P FD
G01 FF 61076 135800  780 217 2181    -3359692     99          12     52   34 225  197  -51  526  -88  526  -88  29  0  0 L3P 6E
G02 FF 61076 135800  780 508 2060     -320201    -74          11      7   19  56   95  -11  373  -20  373  -20  15  0  0 L3P F3
G03 FF 61076 135800  780 141 2562    -5784574    138          25     28   33  24  297  -56  667  -11  667  -11  27  0  0 L3P 63
G08 FF 61076 135800  780 468 2970    -4956366     84          16     35   36  49  101    6  407   22  407   22  24  0  0 L3P 13
G10 FF 61076 135800  780 189 1225     5868258     70          -2     52   24  69  224   36  640   66  640   66  18  0  0 L3P 15
G27 FF 61076 135800  780 386 3415      343235     86          31     -5   42  37  118   19  476   69  476   69  39  0  0 L3P 15
G28 FF 61076 135800  780 388  669     6005415    -69          14     -8   13 101  117   -9  496   -6  496   -6  10  0  0 L3P 15
G31 FF 61076 135800  780 309  301     1686720    -31           3    -10   22  43  143  -24  577  -32  577  -32  18  0  0 L3P 13
G32 FF 61076 135800  780 407 1463     1070776   -167           6      9   24  50  113   17  414   40  414   40  23  0  0 L3P F1
G01 FF 61076 141400  780 277 2156    -3359646     97          12     49   25 226  158  -33  494  -67  494  -67  21  0  0 L3P 6A
G02 FF 61076 141400  780 586 2048     -320270    -68          20     12   14  57   86   -8  369  -13  369  -13  13  0  0 L3P 0B
G03 FF 61076 141400  780 167 2494    -5784461    101          25    -10   31  25  252  -40  646  -22  646  -22  26  0  0 L3P 49
G04 FF 61076 141400  780 151 3148     -424230    -33          26    -12   36  34  279 -105  718  -51  718  -51  27  0  0 L3P 45
G08 FF 61076 141400  780 426 3068    -4956319     82          15     33   21  50  109   10  455   15  455   15  17  0  0 L3P 0F
G10 FF 61076 141400  780 159 1159     5868286    -54           9    -73   29  70  264   47  728  173  728  173  22  0  0 L3P 55
G27 FF 61076 141400  780 317 3459      343331     60          38    -31   17  38  140   27  552  118  552  118  15  0  0 L3P 1E
G28 FF 61076 141400  780 417  766     6005353    -73          10    -12   20 102  110   -5  480   -7  480   -7  16  0  0 L3P F6
G31 FF 61076 141400  780 366  361     1686714    -11          16     10   21  44  123  -17  534  -44  534  -44  16  0  0 L3P 13
G32 FF 61076 141400  780 337 1460     1070610    -92          11     84   25  51  132   24  459  -29  459  -29  20  0  0 L3P 20
G01 FF 61076 143000  780 341 2138    -3359619     93          -7     45   25 226  131  -23  484  -63  484  -63  21  0  0 L3P 45
G02 FF 61076 143000  780 667 2050     -320350    -84          18     -3   15  57   80   -5  363   -8  363   -8  13  0  0 L3P D7
G03 FF 61076 143000  780 195 2427    -5784357    103          23     -7   35  25  219  -30  623   -9  623   -9  29  0  0 L3P 27
G04 FF 61076 143000  780 208 3102     -424253    -36          24    -15   33  34  206  -54  660  -39  660  -39  23  0  0 L3P 2B
G08 FF 61076 143000  780 377 3152    -4956273     50          14      1   15  50  120   14  504   53  504   53  12  0  0 L3P E5
G10 FF 61076 143000  780 131 1093     5868311     17          18     -2   39  70  318   66  822  114  822  114  31  0  0 L3P 13
G27 FF 61076 143000  780 252 3500      343415     54          34    -37   23  38  172   42  649  147  649  147  15  0  0 L3P 26
G28 FF 61076 143000  780 435  871     6005291    -91           7    -30   23 102  107   -2  476   19  476   19  20  0  0 L3P FF
G31 FF 61076 143000  780 422  430     1686695    -38          18    -17   19  44  109  -12  496  -24  496  -24  17  0  0 L3P 3F
G32 FF 61076 143000  780 271 1447     1070432   -164           3     12   23  51  161   37  519   48  519   48  20  0  0 L3P 00
G01 FF 61076 144600  780 408 2127    -3359547     67          19     20   21 226  112  -16  433  -47  433  -47  20  0  0 L3P 42
G02 FF 61076 144600  780 750 2085     -320438    -90           8     -9   13  57   76   -3  363    4  363    4  10  0  0 L3P B4
G03 FF 61076 144600  780 223 2359    -5784246    137          29     27   23  25  193  -24  594  -53  594  -53  21  0  0 L3P 5E
G04 FF 61076 144600  780 262 3047     -424275    -35          23    -13   30  34  166  -32  604  -41  604  -41  21  0  0 L3P 24
G08 FF 61076 144600  780 324 3223    -4956226     59          13     10   22  50  137   21  560   57  560   57  16  0  0 L3P 0D
G10 FF 61076 144600  780 104 1027     5868345    -11          34    -29   32  70  396  100  905  111  905  111  25  0  0 L3P 41
G27 FF 61076 144600  780 190 3539      343502     29          33    -62   35  38  224   69  766  197  766  197  25  0  0 L3P 4B
G28 FF 61076 144600  780 438  981     6005244    -90          19    -29   25 102  106    1  462   27  462   27  23  0  0 L3P 0D
G31 FF 61076 144600  780 474  513     1686661     -4           5     17   16  44  100   -8  477  -32  477  -32  14  0  0 L3P F2
G32 FF 61076 144600  780 208 1427     1070260   -156           0     21   39  51  206   59  580   55  580   55  28  0  0 L3P 0D
G01 FF 61076 150200  780 478 2126    -3359507     44          14     -4   18 226   99  -12  416  -17  416  -17  16  0  0 L3P 33
G02 FF 61076 150200  780 830 2263     -320518   -103           5    -22    8  57   74   -1  369   27  369   27   7  0  0 L3P D8
G03 FF 61076 150200  780 253 2291    -5784144     82          25    -28   39  25  171  -20  567   -8  567   -8  33  0  0 L3P 2D
G04 FF 61076 150200  780 313 2981     -424296     -8          23     13   26  34  141  -21  570  -42  570  -42  20  0  0 L3P 07
G08 FF 61076 150200  780 271 3285    -4956172     42          21     -7   37  50  161   30  635  132  635  132  34  0  0 L3P 26
G27 FF 61076 150200  780 133 3578      343588     53          33    -38   26  38  315  127  879  135  879  135  17  0  0 L3P 59
G28 FF 61076 150200  780 425 1085     6005181    -63          15     -2   21 102  109    4  474   -1  474   -1  19  0  0 L3P E8
G31 FF 61076 150200  780 519  616     1686645    -32           9    -10   23  44   93   -5  456   -9  456   -9  17  0  0 L3P E7
G01 FF 61076 151800  780 551 2142    -3359472     52           2      4   21 226   90   -8  409  -17  409  -17  19  0  0 L3P FD
G02 FF 61076 151800  780 849 3189     -320591     -3           9     77   18  57   74    1  377  -53  377  -53  15  0  0 L3P FB
G03 FF 61076 151800  780 285 2224    -5784048     92          15    -18   33  25  154  -17  551   -9  551   -9  29  0  0 L3P 31
G04 FF 61076 151800  780 360 2906     -424322    -13          18      8   22  34  125  -14  552  -22  552  -22  16  0  0 L3P 08
G08 FF 61076 151800  780 219 3342    -4956148     50          -3      1   43  50  196   44  755   95  755   95  36  0  0 L3P 17
G28 FF 61076 151800  780 397 1179     6005121    -60          14      2   29 102  115    9  492   36  492   36  27  0  0 L3P 03
G31 FF 61076 151800  780 551  740     1686624    -21           9      1   24  44   90   -3  445   -2  445   -2  21  0  0 L3P AB
G01 FF 61076 153400  780 625 2183    -3359428     53           1      6   15 226   83   -6  403  -11  403  -11  14  0  0 L3P EB
G02 FF 61076 153400  780 772 3507     -320666    -43          11     38   23  57   75    3  402   -3  402   -3  22  0  0 L3P C8
G03 FF 61076 153400  780 319 2157    -5783943     99          14    -11   25  25  139  -14  532   -7  532   -7  22  0  0 L3P 28
G04 FF 61076 153400  780 401 2819     -424348    -31          12    -10   28  34  114   -9  537   -3  537   -3  23  0  0 L3P F7
G08 FF 61076 153400  780 170 3396    -4956073     62          26     13   34  50  248   68  852   98  852   98  28  0  0 L3P 3C
G26 FF 61076 153400  780 111  601     3225092     77          40     19   43  16  372  -88 1158 -119 1158 -119  31  0  0 L3P 60
G28 FF 61076 153400  780 357 1256     6005056    -70           9     -9   26 102  126   14  527   49  527   49  23  0  0 L3P 16
G31 FF 61076 153400  780 565  881     1686602    -35           7    -13   14  44   88    0  447   15  447   15  11  0  0 L3P DA
G01 FF 61076 155000  780 695 2274    -3359386     46          -3     -2   18 226   79   -4  399   -9  399   -9  16  0  0 L3P 20
G02 FF 61076 155000  780 686 3572     -320739    -75          16      6   25  57   79    5  436   42  436   42  23  0  0 L3P E5
G03 FF 61076 155000  780 357 2089    -5783835     80          16    -31   22  25  126  -12  514    6  514    6  19  0  0 L3P 07
G04 FF 61076 155000  780 436 2722     -424363     12          18     33   16  34  106   -6  514  -45  514  -45  12  0  0 L3P FE
G08 FF 61076 155000  780 125 3448    -4956020    101          32     52   29  50  332  111  924    3  924    3  20  0  0 L3P F9
G26 FF 61076 155000  780 138  666     3225154     68          47     10   53  16  303  -57 1037 -121 1037 -121  50  0  0 L3P 51
G28 FF 61076 155000  780 309 1317     6004996    -41           7     20   21 102  143   22  568   33  568   33  18  0  0 L3P 0C
G31 FF 61076 155000  780 558 1023     1686576    -38           3    -16   20  44   89    2  457   10  457   10  19  0  0 L3P EB
G01 FF 61076 160600  780 753 2471    -3359344     75         -13     27    8 227   76   -2  407   -8  407   -8   8  0  0 L3P F9
G02 FF 61076 160600  780 599 3597     -320812    -67          26     13   13  58   85    8  479   50  479   50  10  0  0 L3P FF
G03 FF 61076 160600  780 397 2020    -5783731    115          12      5   16  26  115  -11  504   -2  504   -2  14  0  0 L3P F4
G04 FF 61076 160600  780 463 2615     -424380     26          20     47   26  35  102   -4  496  -42  496  -42  22  0  0 L3P 0C
G26 FF 61076 160600  780 163  733     3225211    108          41     50   43  17  258  -38  947 -124  947 -124  31  0  0 L3P 4E
G28 FF 61076 160600  780 254 1363     6004955    -12          25     50   28 103  171   36  616   31  616   31  23  0  0 L3P 14
G31 FF 61076 160600  780 531 1147     1686568    -59          13    -38   22  45   92    4  459   55  459   55  19  0  0 L3P 19
G01 FF 61076 162200  780 773 2821    -3359299     37         -13    -11   11 227   75    0  424   32  424   32  10  0  0 L3P 06
G02 FF 61076 162200  780 515   12     -320911   -117           5    -36   15  58   94   11  556  103  556  103  12  0  0 L3P EB
G03 FF 61076 162200  780 441 1947    -5783620    109          17     -1   15  26  106   -9  489  -14  489  -14  14  0  0 L3P 3B
G04 FF 61076 162200  780 482 2500     -424404    -76          16    -54   15  35   98   -2  496   46  496   46  14  0  0 L3P 0C
G16 FF 61076 162200  780 117  482    -2021412   -120          64    -45   37  67  354  -97 1297 -126 1297 -126  30  0  0 L3P 9C
G26 FF 61076 162200  780 186  803     3225249     41          24    -17   43  17  229  -25  895  -36  895  -36  41  0  0 L3P 3A
G28 FF 61076 162200  780 197 1394     6004914    -31          43     31   58 103  217   62  673   70  673   70  41  0  0 L3P 26
G31 FF 61076 162200  780 488 1244     1686536    -33           3    -12   22  25   98    7  489   36  489   36  21  0  0 L3P FE
G01 FF 61076 163800  780 739 3140    -3359261     41         -21     -7   17 227   77    2  453   36  453   36  15  0  0 L3P 09
G02 FF 61076 163800  780 434   23     -320989    -98           4    -17   15  58  107   16  647  129  647  129  12  0  0 L3P 1B
G03 FF 61076 163800  780 487 1870    -5783512     97          19    -13   21  26   98   -7  468  -11  468  -11  18  0  0 L3P 3F
G04 FF 61076 163800  780 494 2382     -424433    -33           8    -11   21  35   97   -1  501    2  501    2  17  0  0 L3P B7
G16 FF 61076 163800  780 150  544    -2021498    -77          51     -2   51  67  279  -62 1154 -155 1154 -155  46  0  0 L3P 82
G26 FF 61076 163800  780 203  875     3225323     59          42      1   27  17  210  -15  820  -53  820  -53  23  0  0 L3P FB
G31 FF 61076 163800  780 435 1315     1686516    -13           3      9   19  25  107   11  522   21  522   21  16  0  0 L3P D9
G01 FF 61076 165400  780 674 3311    -3359198     33          -4    -15   18 227   80    4  473   61  473   61  15  0  0 L3P 0C
G02 FF 61076 165400  780 357   35     -321065    -82           5     -1   14  58  126   24  764  131  764  131  13  0  0 L3P E7
G03 FF 61076 165400  780 535 1784    -5783421     85           4    -25   14  26   91   -6  459    5  459    5  12  0  0 L3P E4
G04 FF 61076 165400  780 499 2263     -424463     23          -1     45   19  35   96    0  502  -48  502  -48  16  0  0 L3P F4
G16 FF 61076 165400  780 184  610    -2021578    -28          43     47   49  67  231  -41 1017 -185 1017 -185  39  0  0 L3P 85
G26 FF 61076 165400  780 215  950     3225374     82          37     24   37  17  199   -7  788  -35  788  -35  32  0  0 L3P 2D
G31 FF 61076 165400  780 377 1364     1686496    -50           4    -28   21  25  120   17  556   69  556   69  18  0  0 L3P 29
G01 FF 61076 171000  780 600 3401    -3359153     77          -5     29   51 227   85    7  516   18  516   18  51  0  0 L3P F7
G02 FF 61076 171000  780 284   48     -321124    -37          24     44   25  58  155   37  908  170  908  170  21  0  0 L3P 07
G03 FF 61076 171000  780 584 1682    -5783311     76           8    -34   11  26   86   -5  439   23  439   23  10  0  0 L3P FA
G04 FF 61076 171000  780 497 2146     -424477    -34           6    -12   20  35   96    1  491   10  491   10  17  0  0 L3P D6
G07 FF 61076 171000  780 144 3248     1449730     32           0    -18   34  46  293 -124 1025    7 1025    7  24  0  0 L3P 0D
G16 FF 61076 171000  780 217  678    -2021663   -107          30    -32   38  67  198  -28  922  -51  922  -51  33  0  0 L3P 56
G26 FF 61076 171000  780 218 1025     3225440     74          48     16   44  17  196    1  750  -41  750  -41  36  0  0 L3P 01
G31 FF 61076 171000  780 316 1394     1686465     -6          -6     16   23  25  140   25  607   30  607   30  20  0  0 L3P E8
G01 FF 61076 172600  780 523 3456    -3359118     40         -16     -8   23 227   93   10  578   58  578   58  21  0  0 L3P 2C
G02 FF 61076 172600  780 215   63     -321192    -71          34      9   34  58  200   60 1076  125 1076  125  28  0  0 L3P 0E
G03 FF 61076 172600  780 630 1555    -5783221    122          -7     11   16  26   82   -3  443  -22  443  -22  14  0  0 L3P 0B
G04 FF 61076 172600  780 492 2032     -424500    -53           4    -31   17  35   97    1  488   26  488   26  15  0  0 L3P E4
G07 FF 61076 172600  780 206 3219     1449756     65         -22     15   30  46  208  -62 1003  -86 1003  -86  24  0  0 L3P 59
G16 FF 61076 172600  780 246  751    -2021716    -38          49     37   25  67  176  -18  821 -128  821 -128  24  0  0 L3P 68
G26 FF 61076 172600  780 213 1098     3225463     75          15     17   20  17  201    9  763  -29  763  -29  17  0  0 L3P 16
G31 FF 61076 172600  780 254 1411     1686450    -31          -1     -9   22  25  171   40  641   40  641   40  17  0  0 L3P EC
G01 FF 61076 174200  780 446 3494    -3359066     38          -9     -9   25 227  105   14  643   94  643   94  23  0  0 L3P 30
G02 FF 61076 174200  780 151   82     -321285    -94          18    -14   25  58  280  114 1169   37 1169   37  18  0  0 L3P 30
G03 FF 61076 174200  780 669 1389    -5783108     72          -1    -38   10  26   80   -2  427   28  427   28   9  0  0 L3P 03
G04 FF 61076 174200  780 484 1922     -424521    -10           3     11   17  35   98    1  471  -30  471  -30  14  0  0 L3P D6
G06 FF 61076 174200  780 144 2230     6084228     45          26     20   38  52  292  -94  798  -74  798  -74  30  0  0 L3P 46
G07 FF 61076 174200  780 268 3181     1449825     43          -1     -7   19  46  163  -36  877 -144  877 -144  16  0  0 L3P 64
G16 FF 61076 174200  780 269  829    -2021819    -26          18     49   25  67  162  -12  775 -110  775 -110  23  0  0 L3P 63
G26 FF 61076 174200  780 199 1168     3225515    104          12     47   39  17  215   20  753  -55  753  -55  32  0  0 L3P 37
G31 FF 61076 174200  780 193 1416     1686404    -34         -26    -12   45  25  222   68  703   35  703   35  33  0  0 L3P 24
G01 FF 61076 175800  780 372 3525    -3359014     39          -3     -9   17 227  122   21  724  111  724  111  14  0  0 L3P 2E
G03 FF 61076 175800  780 692 1176    -5783005    119          -3      9   14  26   79   -1  421  -11  421  -11  12  0  0 L3P 04
G04 FF 61076 175800  780 474 1816     -424543    -33           2    -11   14  35  100    2  455   -4  455   -4  13  0  0 L3P D6
G06 FF 61076 175800  780 188 2281     6084229     29           3      4   29  52  226  -48  756  -91  756  -91  25  0  0 L3P 2D
G07 FF 61076 175800  780 330 3132     1449868     63          -6     13   20  46  135  -23  739 -147  739 -147  18  0  0 L3P 60
G16 FF 61076 175800  780 286  910    -2021883    -65          26     10   31  67  153   -6  692  -77  692  -77  27  0  0 L3P 3F
G26 FF 61076 175800  780 176 1232     3225588    111          29     53   37  17  241   37  725  -49  725  -49  31  0  0 L3P 46
G01 FF 61076 181400  780 301 3553    -3358961    -19           3    -67   26 228  146   31  848  229  848  229  22  0  0 L3P 65
G03 FF 61076 181400  780 689  940    -5782903     97          -2    -14   15  28   79    1  419   11  419   11  13  0  0 L3P EF
G04 FF 61076 181400  780 463 1713     -424560    -23           3     -2   20  36  102    2  439   -5  439   -5  18  0  0 L3P C3
G06 FF 61076 181400  780 225 2344     6084266    -14          19    -39   28  58  191  -27  690  -18  690  -18  24  0  0 L3P 5C
G07 FF 61076 181400  780 390 3071     1449905     48         -20     -2   18  47  117  -15  618 -119  618 -119  13  0  0 L3P 5D
G16 FF 61076 181400  780 293  993    -2021961    -92          20    -17   33  69  150   -1  643  -25  643  -25  28  0  0 L3P 33
G26 FF 61076 181400  780 145 1289     3225640     98          23     40   36  28  290   68  715  -60  715  -60  26  0  0 L3P 2D
G30 FF 61076 181400  780 105 3121    -1114391   -164          15    -38   29  63  397 -202 1139    5 1139    5  20  0  0 L3P 4A
G01 FF 61076 183000  780 234 3581    -3358911     16           7    -31   23 228  184   49  981  145  981  145  17  0  0 L3P 51
G03 FF 61076 183000  780 659  731    -5782804    128         -11     17   15  28   81    3  421  -20  421  -20  13  0  0 L3P 00
G04 FF 61076 183000  780 451 1613     -424582     37           2     58   21  36  104    2  427  -65  427  -65  20  0  0 L3P E8
G06 FF 61076 183000  780 252 2416     6084275      7           5    -18   29  58  172  -15  653  -42  653  -42  21  0  0 L3P 19
G07 FF 61076 183000  780 446 2995     1449947     64         -26     14   42  47  105  -10  534  -94  534  -94  28  0  0 L3P 54
G16 FF 61076 183000  780 289 1075    -2022009    -89          44    -13   31  69  152    4  574  -25  574  -25  29  0  0 L3P 3D
G26 FF 61076 183000  780 107 1338     3225703     20          31    -38   56  28  385  141  692   22  692   22  45  0  0 L3P 22
G30 FF 61076 183000  780 158 3078    -1114530   -139          -3    -13   26  63  267  -89 1078 -133 1078 -133  20  0  0 L3P A3
G01 FF 61076 184600  780 172    9    -3358880     34          -8    -14   37 228  247   86 1049   36 1049   36  24  0  0 L3P 2F
G03 FF 61076 184600  780 609  574    -5782691    114          -5      2   13  28   84    5  422   12  422   12  11  0  0 L3P CE
G04 FF 61076 184600  780 439 1515     -424619    -44         -14    -22   16  36  106    2  426   12  426   12  14  0  0 L3P 03
G06 FF 61076 184600  780 269 2495     6084312     24          17     -1   26  58  162   -6  601  -22  601  -22  21  0  0 L3P 0B
G07 FF 61076 184600  780 498 2900     1449993     40         -28    -10   17  47   96   -7  468  -56  468  -56  13  0  0 L3P 4D
G09 FF 61076 184600  780 445 1986    -7702243      0          18     -4   17  32  105   -4  395  -31  395  -31  15  0  0 L3P 14
G16 FF 61076 184600  780 275 1153    -2022093   -122          32    -47   39  69  159   11  546   13  546   13  34  0  0 L3P 3E
G30 FF 61076 184600  780 211 3027    -1114655   -133          -8     -6   25  63  204  -48  915 -189  915 -189  24  0  0 L3P 7C
G01 FF 61076 190200  780 114   40    -3358805     16          22    -32   30 228  366  174 1054   41 1054   41  19  0  0 L3P 28
G03 FF 61076 190200  780 547  463    -5782576    110           4     -1    9  28   90    8  435   23  435   23   7  0  0 L3P B7
G04 FF 61076 190200  780 427 1418     -424628    -28          -2     -6   18  36  108    3  401   -7  401   -7  17  0  0 L3P D8
G06 FF 61076 190200  780 274 2580     6084340     -5          21    -30   28  58  159    0  588   32  588   32  21  0  0 L3P FE
G07 FF 61076 190200  780 541 2783     1450057     61         -12     11   13  47   91   -5  406  -59  406  -59  11  0  0 L3P 0C
G09 FF 61076 190200  780 466 1891    -7702250      1           6     -4   15  32  101   -4  376  -28  376  -28  13  0  0 L3P F9
G16 FF 61076 190200  780 251 1223    -2022155    -37          42     38   26  69  173   19  511  -73  511  -73  18  0  0 L3P 2F
G30 FF 61076 190200  780 260 2968    -1114768   -101           1     25   23  63  167  -30  730 -173  730 -173  21  0  0 L3P 58
G03 FF 61076 191800  780 479  385    -5782469     95           4    -16   15  28   99   11  462   62  462   62  12  0  0 L3P 0A
G04 FF 61076 191800  780 413 1322     -424642     10           5     31   32  36  111    3  383  -39  383  -39  27  0  0 L3P E4
G06 FF 61076 191800  780 268 2665     6084350     77           7     52   29  58  162    6  605  -40  605  -40  27  0  0 L3P 0F
G07 FF 61076 191800  780 573 2645     1450124     40           7    -10   16  47   87   -3  352  -30  352  -30  14  0  0 L3P F3
G09 FF 61076 191800  780 487 1791    -7702236     10          16      5   13  32   98   -3  341  -35  341  -35  11  0  0 L3P 01
G16 FF 61076 191800  780 218 1285    -2022250    -34          19     41   35  69  197   33  499  -67  499  -67  28  0  0 L3P 5F
G30 FF 61076 191800  780 307 2901    -1114900   -119         -10      7   24  63  144  -20  601 -123  601 -123  20  0  0 L3P 48
G03 FF 61076 193400  780 408  329    -5782364    130           1     19   19  28  113   17  517   60  517   60  15  0  0 L3P FF
G04 FF 61076 193400  780 397 1227     -424648      3          20     25   22  36  115    4  355  -40  355  -40  18  0  0 L3P EB
G06 FF 61076 193400  780 252 2749     6084379     92          12     67   27  58  172   13  607  -34  607  -34  23  0  0 L3P 36
G07 FF 61076 193400  780 591 2489     1450162     66          -3     16   23  47   86   -1  325  -42  325  -42  19  0  0 L3P 09
G09 FF 61076 193400  780 508 1686    -7702219    -16          29    -21   14  32   95   -3  301   -3  301   -3  12  0  0 L3P FC
G16 FF 61076 193400  780 177 1336    -2022306    -51          35     24   20  69  239   58  472  -28  472  -28  15  0  0 L3P 40
G30 FF 61076 193400  780 349 2824    -1115013   -107          -2     20   13  63  128  -13  499 -105  499 -105  12  0  0 L3P 66
G03 FF 61076 195000  780 335  289    -5782250    180           9     69   30  28  133   26  595   55  595   55  27  0  0 L3P 1F
G04 FF 61076 195000  780 379 1135     -424675      9          14     30   24  36  119    5  350  -22  350  -22  18  0  0 L3P E9
G06 FF 61076 195000  780 228 2829     6084409     18          18     -7   28  58  188   22  650   82  650   82  22  0  0 L3P 1A
G07 FF 61076 195000  780 594 2327     1450209     45          -5     -5   18  47   85    0  292  -25  292  -25  16  0  0 L3P F7
G08 FF 61076 195000  780 106  722    -4955320    215          33    166   43   6  388  -86  885 -369  885 -369  34  0  0 L3P 8C
G09 FF 61076 195000  780 526 1573    -7702214    -23          29    -28   12  32   93   -2  283    0  283    0  10  0  0 L3P E0
G14 FF 61076 195000  780 154 3394    -7330627     41          42     62   33   5  275 -116  916 -119  916 -119  23  0  0 L3P 65
G16 FF 61076 195000  780 132 1378    -2022379     -6          34     69   51  69  318  111  461  -67  461  -67  35  0  0 L3P 49
G30 FF 61076 195000  780 387 2739    -1115122   -159          10    -33   21  63  117   -9  413  -25  413  -25  19  0  0 L3P 45
G03 FF 61076 200600  780 263  260    -5782131     87          22    -25   31  30  165   43  734  232  734  232  25  0  0 L3P 1D
G04 FF 61076 200600  780 358 1044     -424690    -39          22    -17   35  37  125    7  343   14  343   14  29  0  0 L3P FC
G06 FF 61076 200600  780 199 2904     6084429     16          13     -9   33  60  215   34  727   94  727   94  26  0  0 L3P 14
G07 FF 61076 200600  780 583 2170     1450270     62           5     12   15  51   86    2  259  -26  259  -26  13  0  0 L3P DB
G08 FF 61076 200600  780 130  788    -4955291     71          17     22   40  46  321  -54  708 -205  708 -205  34  0  0 L3P 4B
G09 FF 61076 200600  780 540 1451    -7702213     10          26      5   17  34   91   -1  268  -24  268  -24  16  0  0 L3P EF
G14 FF 61076 200600  780 221 3392    -7330676     -5          12     17   25   6  195  -59  839 -174  839 -174  15  0  0 L3P 59
G21 FF 61076 200600  780 124 2184    -3935740    -60          39      2   49  14  338 -160  459  -79  459  -79  40  0  0 L3P 59
G30 FF 61076 200600  780 419 2645    -1115235    -87          17     40   21  64  110   -6  350  -78  350  -78  20  0  0 L3P 22
G03 FF 61076 202200  780 193  242    -5782008     96          38    -16   28  30  222   79  939  198  939  198  26  0  0 L3P 55
G04 FF 61076 202200  780 333  957     -424723      7          10     29   38  37  134   10  358  -12  358  -12  31  0  0 L3P E5
G06 FF 61076 202200  780 165 2974     6084459    -37          18    -63   42  60  255   52  822  169  822  169  29  0  0 L3P 5F
G07 FF 61076 202200  780 562 2027     1450313     63           1     13   18  51   88    3  249  -28  249  -28  17  0  0 L3P DF
G08 FF 61076 202200  780 150  857    -4955231     64          30     15   38  46  279  -34  540 -141  540 -141  28  0  0 L3P 47
G09 FF 61076 202200  780 549 1322    -7702208    -29          27    -34   20  34   90   -1  255   33  255   33  17  0  0 L3P 06
G14 FF 61076 202200  780 292 3383    -7330700    -22           8     -1   65   6  151  -35  654 -204  654 -204  58  0  0 L3P 34
G21 FF 61076 202200  780 183 2203    -3935802    -47          37     14   39  14  233  -74  381  -76  381  -76  36  0  0 L3P 49
G22 FF 61076 202200  780 129 3365      501871     38          32     86   37  26  327 -158  946 -142  946 -142  23  0  0 L3P 5C
G30 FF 61076 202200  780 445 2544    -1115367   -126           7      0   20  64  105   -4  315  -41  315  -41  17  0  0 L3P FD
G03 FF 61076 203800  780 125  231    -5781908    103          31     -8   36  30  337  179 1052  114 1052  114  28  0  0 L3P 53
G04 FF 61076 203800  780 304  874     -424713    -15          40      6   34  37  145   14  342   12  342   12  32  0  0 L3P CC
G06 FF 61076 203800  780 131 3040     6084480     33          16      8   39  60  318   82  940   99  940   99  30  0  0 L3P 00
G07 FF 61076 203800  780 534 1900     1450363     53           2      3   15  51   91    4  226  -30  226  -30  14  0  0 L3P B5
G08 FF 61076 203800  780 166  928    -4955179     17          35    -32   43  46  254  -19  443  -80  443  -80  39  0  0 L3P 50
G09 FF 61076 203800  780 549 1187    -7702197    -17          33    -22   20  34   90    1  236   11  236   11  18  0  0 L3P FE
G14 FF 61076 203800  780 365 3367    -7330714    -58          15    -37   30   6  124  -22  480 -110  480 -110  27  0  0 L3P 55
G21 FF 61076 203800  780 240 2233    -3935872   -111          26    -50   37  14  180  -41  338   -2  338   -2  32  0  0 L3P 2A
G22 FF 61076 203800  780 193 3357      501823    -80          30    -33   47  26  222  -74  844 -123  844 -123  40  0  0 L3P 4E
G30 FF 61076 203800  780 465 2437    -1115490   -108           5     18   19  64  101   -3  277  -48  277  -48  17  0  0 L3P 3A
G04 FF 61076 205400  780 271  796     -424773     13           1     34   28  37  161   20  408    9  408    9  23  0  0 L3P B5
G07 FF 61076 205400  780 503 1786     1450401     26          -8    -25   19  51   95    5  215    2  215    2  15  0  0 L3P B2
G08 FF 61076 205400  780 175 1000    -4955144     15          23    -34   47  46  242   -8  380  -25  380  -25  36  0  0 L3P 2B
G09 FF 61076 205400  780 539 1052    -7702184     14          42     10   19  34   91    2  227   -3  227   -3  16  0  0 L3P D2
G14 FF 61076 205400  780 440 3341    -7330744    -38           5    -16   37   6  106  -15  386  -70  386  -70  37  0  0 L3P 30
G21 FF 61076 205400  780 295 2277    -3935951    -68           5     -7   29  14  149  -25  303  -32  303  -32  25  0  0 L3P 32
G22 FF 61076 205400  780 259 3343      501755    -32           8     16   23  26  168  -42  681 -218  681 -218  21  0  0 L3P 39
G30 FF 61076 205400  780 480 2326    -1115610   -125           7      1   20  64   99   -2  245  -36  245  -36  19  0  0 L3P FE
G04 FF 61076 211000  780 234  724     -424779    -58          16    -37   32  37  184   29  447   92  447   92  26  0  0 L3P 1C
G07 FF 61076 211000  780 471 1684     1450450     71          -6     20   16  51  100    6  198  -35  198  -35  13  0  0 L3P F5
G08 FF 61076 211000  780 177 1072    -4955102    102          19     53   34  46  239    3  331  -88  331  -88  29  0  0 L3P 2B
G09 FF 61076 211000  780 519  924    -7702186     32          36     27   19  34   93    3  237  -19  237  -19  17  0  0 L3P 01
G14 FF 61076 211000  780 516 3303    -7330756     -2          14     20   18   6   94  -10  312  -82  312  -82  15  0  0 L3P EF
G21 FF 61076 211000  780 344 2335    -3936002    -47          13     14   20  14  130  -16  264  -39  264  -39  16  0  0 L3P 29
G22 FF 61076 211000  780 327 3319      501715    -67          14    -20   34  26  136  -26  516 -109  516 -109  30  0  0 L3P 41
G30 FF 61076 211000  780 489 2213    -1115734   -150           3    -24   21  64   97   -1  220   -3  220   -3  20  0  0 L3P DA
G04 FF 61076 212600  780 194  658     -424788    -14          27      8   43  37  220   47  514  105  514  105  33  0  0 L3P 0C
G05 FF 61076 212600  780 141 2233     2284695     72          16     66   35  38  299  -96  301  -93  301  -93  31  0  0 L3P 36
G07 FF 61076 212600  780 438 1590     1450500     14          -4    -36   21  51  106    6  187   19  187   19  19  0  0 L3P F4
G08 FF 61076 212600  780 170 1142    -4955055     30          18    -19   25  46  248   16  285  -26  285  -26  20  0  0 L3P 39
G09 FF 61076 212600  780 488  807    -7702184     -4          33     -8   20  34   98    6  243    9  243    9  17  0  0 L3P BE
G14 FF 61076 212600  780 592 3244    -7330780    -12          11      9   17   6   86   -7  267  -59  267  -59  15  0  0 L3P 10
G21 FF 61076 212600  780 384 2410    -3936064    -69          10     -7   21  14  118  -10  250   -3  250   -3  18  0  0 L3P FD
G22 FF 61076 212600  780 397 3286      501669    -33          14     14   20  26  115  -17  399 -124  399 -124  18  0  0 L3P 53
G30 FF 61076 212600  780 494 2100    -1115852   -159           6    -33   19  64   97    0  193    0  193    0  16  0  0 L3P D5
G04 FF 61076 214200  780 150  599     -424789    -28          47     -6   36  37  281   84  667  266  667  266  32  0  0 L3P 44
G05 FF 61076 214200  780 183 2284     2284693     47           9     41   23  38  232  -49  285  -41  285  -41  22  0  0 L3P 21
G07 FF 61076 214200  780 407 1501     1450557     14           4    -36   30  51  113    7  174   37  174   37  27  0  0 L3P DB
G08 FF 61076 214200  780 155 1208    -4955013     80          14     31   31  46  272   34  247  -62  247  -62  24  0  0 L3P 1F
G09 FF 61076 214200  780 448  705    -7702200     22          13     18   13  34  104    8  271   -2  271   -2  10  0  0 L3P BE
G14 FF 61076 214200  780 665 3152    -7330809    -17           3      4   16   6   80   -4  235  -40  235  -40  14  0  0 L3P D7
G17 FF 61076 214200  780 143   61      541376     28          12    -82   29  61  294 -103  974  -10  974  -10  24  0  0 L3P 0F
G21 FF 61076 214200  780 413 2501    -3936124    -79           9    -18   25  14  111   -5  245   17  245   17  22  0  0 L3P 01
G22 FF 61076 214200  780 466 3239      501623    -49          13     -2   21  26  101  -12  323  -71  323  -71  18  0  0 L3P 01
G30 FF 61076 214200  780 496 1988    -1115976   -143           3    -17   19  64   96    0  178   -1  178   -1  18  0  0 L3P 0E
G04 FF 61076 215800  780 103  546     -424816     55          41     76   50  37  402  183  971  207  971  207  43  0  0 L3P 2A
G05 FF 61076 215800  780 218 2344     2284704     69          14     63   24  38  196  -28  271  -56  271  -56  22  0  0 L3P 3A
G07 FF 61076 215800  780 376 1417     1450610     42           9     -8   17  51  120    8  165    2  165    2  15  0  0 L3P A9
G08 FF 61076 215800  780 131 1270    -4954985     49          -5      0   37  46  318   66  230  -18  230  -18  32  0  0 L3P 1B
G09 FF 61076 215800  780 401  618    -7702189     22          19     18   26  34  114   12  282   15  282   15  22  0  0 L3P F8
G14 FF 61076 215800  780 730 2990    -7330827    -23           6     -1   21   6   77   -2  200  -24  200  -24  17  0  0 L3P E1
G17 FF 61076 215800  780 196  100      541474     53           4    -57   25  61  218  -60  889  -61  889  -61  20  0  0 L3P 14
G21 FF 61076 215800  780 428 2603    -3936179    -20          13     41   32  14  108   -2  242  -26  242  -26  28  0  0 L3P 22
G22 FF 61076 215800  780 534 3175      501573    -25           9     23   15  26   92   -8  266  -69  266  -69  14  0  0 L3P 03
G30 FF 61076 215800  780 495 1877    -1116099   -174           2    -48   20  64   97    0  164   37  164   37  15  0  0 L3P 19
G05 FF 61076 221400  780 245 2414     2284714    -36          13    -42   36  43  176  -15  262   34  262   34  33  0  0 L3P 1B
G07 FF 61076 221400  780 347 1335     1450648      3          -3    -47   17  91  129   10  158   25  158   25  15  0  0 L3P F5
G09 FF 61076 221400  780 348  545    -7702186    -14          18    -18   31  35  129   18  322   61  322   61  25  0  0 L3P 15
G13 FF 61076 221400  780 143 2197    -6875876    -22           7    -33   63  32  295 -110  252  -29  252  -29  54  0  0 L3P 5C
G14 FF 61076 221400  780 773 2698    -7330840      5          11     26   12   7   75   -1  179  -45  179  -45  10  0  0 L3P F5
G17 FF 61076 221400  780 253  138      541605    111          31      1   25  62  171  -39  717 -225  717 -225  24  0  0 L3P 1A
G21 FF 61076 221400  780 428 2711    -3936241    -69          13     -8   25  15  108    2  252   28  252   28  23  0  0 L3P FB
G22 FF 61076 221400  780 598 3083      501520    -32          -2     15   14  46   85   -5  230  -51  230  -51  12  0  0 L3P DB
G30 FF 61076 221400  780 492 1767    -1116204   -116          12     10   17  65   97    1  143  -15  143  -15  15  0  0 L3P 0A
G05 FF 61076 223000  780 262 2491     2284713    -31           6    -36   25  43  166   -7  278   42  278   42  21  0  0 L3P 03
G07 FF 61076 223000  780 319 1255     1450697     43          -2     -7   16  91  139   11  155   13  155   13  13  0  0 L3P E9
G09 FF 61076 223000  780 292  485    -7702195      9          10      4   29  31  151   28  394  114  394  114  22  0  0 L3P FD
G13 FF 61076 223000  780 198 2171    -6875875    -21          -3    -32   39  32  215  -61  220  -15  220  -15  31  0  0 L3P 39
G14 FF 61076 223000  780 771 2312    -7330861    -41          12    -20   15   7   75    1  161   -1  161   -1  13  0  0 L3P BF
G17 FF 61076 223000  780 314  178      541662    143         -18     33   27  62  141  -26  530 -242  530 -242  21  0  0 L3P 31
G19 FF 61076 223000  780 153 3590    -6888594    -35          30    -18   32  85  276 -106  941  -15  941  -15  23  0  0 L3P 77
G21 FF 61076 223000  780 412 2816    -3936306    -49           5     12   17  15  111    5  275   12  275   12  14  0  0 L3P E1
G22 FF 61076 223000  780 655 2950      501476    -41           0      6   14  46   81   -3  199  -28  199  -28  12  0  0 L3P DE
G30 FF 61076 223000  780 487 1659    -1116340   -115          -3     11   16  65   98    1  145  -29  145  -29  14  0  0 L3P 17
G05 FF 61076 224600  780 267 2573     2284723     29          11     23   29  43  163    0  298   14  298   14  23  0  0 L3P F7
G07 FF 61076 224600  780 291 1178     1450752     59           4      9   21  91  150   13  156   15  156   15  19  0  0 L3P DF
G09 FF 61076 224600  780 232  436    -7702175    -10          26    -14   30  31  186   47  543  242  543  242  24  0  0 L3P 31
G13 FF 61076 224600  780 258 2151    -6875865    -35          -4    -46   36  32  169  -38  185   17  185   17  33  0  0 L3P 4E
G14 FF 61076 224600  780 730 2032    -7330887    -21           6      1   11   7   77    2  152   -8  152   -8   9  0  0 L3P 9D
G17 FF 61076 224600  780 378  222      541788    120           2      9   22  62  120  -18  358 -132  358 -132  16  0  0 L3P 14
G19 FF 61076 224600  780 215   21    -6888589   -112          42    -96   23  11  200  -58  835  -74  835  -74  25  0  0 L3P 56
G21 FF 61076 224600  780 385 2913    -3936356    -80          13    -20   19  15  118    9  315   76  315   76  17  0  0 L3P 24
G22 FF 61076 224600  780 696 2760      501436    -43           6      4   18  46   78   -2  178  -16  178  -16  16  0  0 L3P EC
G30 FF 61076 224600  780 480 1552    -1116461   -154          -2    -27   16  65   99    1  140   23  140   23  15  0  0 L3P FB
G05 FF 61076 230200  780 262 2656     2284755    124          38    118   31  43  166    6  322  -56  322  -56  27  0  0 L3P 30
G07 FF 61076 230200  780 264 1102     1450808     16          12    -34   31  91  164   16  162   48  162   48  31  0  0 L3P F9
G09 FF 61076 230200  780 172  396    -7702187     54           9     49   40  31  247   87  860  345  860  345  30  0  0 L3P 28
G13 FF 61076 230200  780 321 2138    -6875872     48         -22     37   18  32  138  -26  185  -38  185  -38  14  0  0 L3P 53
G14 FF 61076 230200  780 671 1870    -7330909    -39           4    -17   12   7   80    4  142   -1  142   -1  10  0  0 L3P BE
G17 FF 61076 230200  780 444  275      541892     98           1    -13   18  62  105  -13  271  -55  271  -55  15  0  0 L3P FE
G19 FF 61076 230200  780 281   51    -6888615    -69          31    -53   30  11  156  -36  607 -229  607 -229  23  0  0 L3P 5D
G21 FF 61076 230200  780 348 3000    -3936409    -48          18     13   23  15  129   13  387   81  387   81  18  0  0 L3P 20
G22 FF 61076 230200  780 713 2515      501391    -57           6     -9   16  46   78    0  164   -6  164   -6  13  0  0 L3P B0
G30 FF 61076 230200  780 472 1446    -1116580   -117           0      9   18  65  100    2  135  -21  135  -21  16  0  0 L3P ED
G05 FF 61076 231800  780 248 2738     2284761   -140          38   -145   35  43  175   13  395  239  395  239  32  0  0 L3P 7F
G07 FF 61076 231800  780 236 1028     1450865     91          21     41   30  91  182   21  165  -12  165  -12  27  0  0 L3P 0B
G13 FF 61076 231800  780 387 2134    -6875833     78           6     67   22  32  117  -18  154  -54  154  -54  20  0  0 L3P 34
G14 FF 61076 231800  780 609 1764    -7330927     53           8     74   14   7   84    5  137  -65  137  -65  14  0  0 L3P F8
G15 FF 61076 231800  780 125 2196    -3833116    -17          33     17   45  39  336 -149  234  -39  234  -39  39  0  0 L3P 68
G17 FF 61076 231800  780 510  341      541994    109          -3     -2   19  62   95   -9  219  -38  219  -38  17  0  0 L3P F8
G19 FF 61076 231800  780 352   82    -6888635     11          27     27   20  11  128  -24  396 -189  396 -189  16  0  0 L3P 59
G21 FF 61076 231800  780 306 3077    -3936458    -39          27     22   40  15  144   19  489  113  489  113  28  0  0 L3P 54
G22 FF 61076 231800  780 701 2268      501353    -72          15    -24   19  46   78    1  146   21  146   21  16  0  0 L3P D8
G30 FF 61076 231800  780 460 1342    -1116709    -99          -8     27   17  65  102    2  144  -16  144  -16  14  0  0 L3P 14
G05 FF 61076 233400  780 225 2817     2284758      3          30     -2   31  43  191   21  543  238  543  238  25  0  0 L3P 0C
G07 FF 61076 233400  780 208  956     1450918     92          27     41   28  91  206   28  178  -21  178  -21  24  0  0 L3P 17
G13 FF 61076 233400  780 456 2142    -6875828     37           0     26   17  32  103  -13  155  -31  155  -31  13  0  0 L3P 16
G14 FF 61076 233400  780 548 1685    -7330949    -35           6    -13   22   7   90    7  137    9  137    9  20  0  0 L3P CC
G15 FF 61076 233400  780 180 2213    -3833146    -18          36     16   31  39  236  -71  221  -26  221  -26  26  0  0 L3P 33
G17 FF 61076 233400  780 572  431      542099    122          -4     11   16  62   88   -6  185  -44  185  -44  16  0  0 L3P F3
G19 FF 61076 233400  780 426  116    -6888658    -47          19    -31   28  11  109  -16  284  -69  284  -69  26  0  0 L3P 66
G21 FF 61076 233400  780 261 3145    -3936516      3          27     63   27  15  167   28  633  124  633  124  24  0  0 L3P 20
G22 FF 61076 233400  780 666 2070      501301    -49           8     -1   16  46   80    3  143   -9  143   -9  14  0  0 L3P A7
G30 FF 61076 233400  780 446 1239    -1116808   -213          14    -87   18  65  105    3  126   92  126   92  16  0  0 L3P 27
