CGGTTS     GENERIC DATA FORMAT VERSION = 2E
REV DATE = 2025-11-01
RCVR = PolaRx5TR (5.6.0)     sbf2cggtts-1.5.0
CH = 80
IMS = PolaRx5TR
LAB = LRTE
X = 3967035.920 m
Y = -4390028.540 m
Z = -2375644.640 m
FRAME = ITRF
COMMENTS = LS=18; ElMask=10deg; 'Generated from the SBF in 2026-04-07 at 23:45:49'
INT DLY = 24.9 ns (GPS P1),  15.7 ns (GPS P2)     CAL_ID = 1201-2025
CAB DLY = 103.1 ns
REF DLY = 47.2 ns
REF = UTC(LRTE)
CKSUM = 0b

SAT CL  MJD  STTIME TRKL ELV AZTH   REFSV      SRSV     REFSYS    SRSYS  DSG IOE MDTR SMDT MDIO SMDI MSIO SMSI ISG FR HC FRC CK
             hhmmss  s  .1dg .1dg    .1ns     .1ps/s     .1ns    .1ps/s .1ns     .1ns.1ps/s.1ns.1ps/s.1ns.1ps/s.1ns
G06 FF 61137 000200  780 260 1368     6115282     36          27     48   30  59  167   34  124  -52  124  -52  23  0  0 L3P 0D
G11 FF 61137 000200  780 611 1006     3817151   -144          16    -17   17 146   84    2  189  -18  189  -18  15  0  0 L3P 29
G12 FF 61137 000200  780 486 1876     6079918     -4          25     -4   20  39   98   -5  181  -27  181  -27  18  0  0 L3P 0B
G24 FF 61137 000200  780 691 3230      478142   -157          18     17   14  26   79    3  262  -18  262  -18  12  0  0 L3P FB
G25 FF 61137 000200  780 225 2242    -4319073    -33          34    -60   27  96  191  -36  301  -54  301  -54  24  0  0 L3P 37
G29 FF 61137 000200  780 266 2828     3450172    -90          28    -19   22  72  164  -22  660 -144  660 -144  22  0  0 L3P 60
G06 FF 61137 001800  780 203 1403     6115260    -90          18    -77   42  59  211   60  128   68  128   68  27  0  0 L3P 17
G11 FF 61137 001800  780 580 1154     3817025   -145          13    -18   17 146   87    4  171   -3  171   -3  14  0  0 L3P FE
G12 FF 61137 001800  780 520 1782     6079923    -24          30    -24   18  39   93   -5  163    7  163    7  16  0  0 L3P E1
G24 FF 61137 001800  780 622 3351      477973   -169          16      5   19  26   83    6  272    8  272    8  19  0  0 L3P C9
G25 FF 61137 001800  780 270 2194    -4319058     49          23     21   40  96  161  -27  256  -69  256  -69  36  0  0 L3P 48
G29 FF 61137 001800  780 301 2751     3450107    -46          32     26   25  72  146  -15  519 -160  519 -160  23  0  0 L3P 4B
G05 FF 61137 003400  780 191  369     2314000    -21          26    -27   25  10  223  -53  493 -178  493 -178  20  0  0 L3P 44
G11 FF 61137 003400  780 532 1264     3816905   -128          15     -1   25 146   92    7  150  -21  150  -21  21  0  0 L3P 02
G12 FF 61137 003400  780 554 1675     6079912     10          20     10   14  39   89   -4  161  -16  161  -16  11  0  0 L3P F1
G21 FF 61137 003400  780 187  648    -4133917    -37           9    -21   44  66  227  -38  271  -52  271  -52  36  0  0 L3P 34
G24 FF 61137 003400  780 547 3424      477791   -147           1     26   36  26   90    9  301    1  301    1  36  0  0 L3P A8
G25 FF 61137 003400  780 320 2149    -4319042    -21          12    -48   26  96  139  -21  225    3  225    3  20  0  0 L3P F4
G29 FF 61137 003400  780 333 2669     3450029   -109          24    -37   20  72  134  -11  408  -65  408  -65  19  0  0 L3P 54
G05 FF 61137 005000  780 237  430     2314011     22          31     17   22  10  182  -35  360 -109  360 -109  18  0  0 L3P 0A
G11 FF 61137 005000  780 472 1339     3816783   -150          15    -23   25 146  100   10  134    2  134    2  23  0  0 L3P F3
G12 FF 61137 005000  780 586 1554     6079925     34          33     34   13  39   86   -3  142  -35  142  -35  11  0  0 L3P FF
G21 FF 61137 005000  780 218  719    -4133937     10           4     26   29  66  197  -25  230  -52  230  -52  25  0  0 L3P 04
G24 FF 61137 005000  780 471 3474      477630   -180           7     -6   31  26  100   13  331   60  331   60  30  0  0 L3P D5
G25 FF 61137 005000  780 373 2106    -4319003    -39          25    -66   16  96  121  -16  183   39  183   39  13  0  0 L3P 31
G29 FF 61137 005000  780 360 2582     3449963   -107          27    -35   20  72  125   -8  322  -58  322  -58  16  0  0 L3P 47
G05 FF 61137 010600  780 284  495     2314005    -11          20    -17   33  10  154  -24  286  -53  286  -53  26  0  0 L3P 1A
G11 FF 61137 010600  780 408 1385     3816656   -109          10     18   30 146  112   15  124  -29  124  -29  25  0  0 L3P 3A
G12 FF 61137 010600  780 611 1412     6079927     30          34     30   17  39   84   -2  140  -28  140  -28  15  0  0 L3P EF
G21 FF 61137 010600  780 244  795    -4133933    -38          23    -22   36  66  177  -16  178   -9  178   -9  34  0  0 L3P 2C
G24 FF 61137 010600  780 396 3512      477468   -178          12     -4   17  26  115   19  376   67  376   67  13  0  0 L3P 21
G25 FF 61137 010600  780 430 2065    -4318964    108          38     81   17  96  108  -12  151  -90  151  -90  14  0  0 L3P 41
G29 FF 61137 010600  780 383 2491     3449883    -62          14     10   29  72  118   -6  263  -69  263  -69  25  0  0 L3P 3B
G05 FF 61137 012200  780 329  568     2314003    -42          12    -48   23  10  135  -16  239  -12  239  -12  21  0  0 L3P 0C
G11 FF 61137 012200  780 342 1412     3816529   -155           5    -27   20 146  131   23  111    7  111    7  16  0  0 L3P E2
G12 FF 61137 012200  780 626 1250     6079938    -29          46    -29   20  39   83   -1  129   27  129   27  19  0  0 L3P 10
G21 FF 61137 012200  780 264  876    -4133984    -73         -13    -57   22  66  165   -9  182   12  182   12  18  0  0 L3P 21
G24 FF 61137 012200  780 324 3545      477324   -181          36     -7   19  26  137   28  435  104  435  104  14  0  0 L3P 25
G25 FF 61137 012200  780 492 2025    -4318949     11          27    -17   20  96   97  -10  140    5  140    5  16  0  0 L3P E4
G29 FF 61137 012200  780 403 2397     3449816    -41          17     30   21  72  114   -4  214  -69  214  -69  19  0  0 L3P 22
G05 FF 61137 013800  780 370  650     2314018     17          22     11   22  10  122  -11  191  -56  191  -56  19  0  0 L3P F3
G11 FF 61137 013800  780 276 1425     3816412   -100          11     28   20 146  158   36   90  -29   90  -29  17  0  0 L3P 1D
G12 FF 61137 013800  780 627 1076     6079942     12          49     12   14  39   83    1  125  -12  125  -12  12  0  0 L3P E7
G18 FF 61137 013800  780 258 3191     3830277   -105          29    -11   20 110  169  -40  552 -148  552 -148  16  0  0 L3P 88
G21 FF 61137 013800  780 275  959    -4134002      3         -15     19   23  66  159   -3  151  -41  151  -41  19  0  0 L3P FE
G24 FF 61137 013800  780 255 3576      477160   -171          39      3   19  26  170   43  548  116  548  116  15  0  0 L3P 2D
G25 FF 61137 013800  780 557 1985    -4318932     25          18     -2   16  96   89   -7  129  -25  129  -25  13  0  0 L3P 27
G29 FF 61137 013800  780 420 2301     3449748    -66          18      6   17  72  110   -3  179  -45  179  -45  13  0  0 L3P 1A
G05 FF 61137 015400  780 404  743     2314029      8          28      2   26  10  113   -7  143  -31  143  -31  23  0  0 L3P BA
G11 FF 61137 015400  780 212 1426     3816276   -205          -3    -77   20 146  203   59   86   71   86   71  14  0  0 L3P 12
G12 FF 61137 015400  780 610  908     6079943     -1          51     -1   21  39   84    2  120    6  120    6  17  0  0 L3P 87
G18 FF 61137 015400  780 320 3142     3830170   -128          12    -33   27 110  138  -25  410 -122  410 -122  21  0  0 L3P 55
G21 FF 61137 015400  780 276 1043    -4134006     14          -4     30   30  66  158    2  107  -41  107  -41  22  0  0 L3P E6
G24 FF 61137 015400  780 191    8      477005   -152          51     22   37  26  224   71  647   69  647   69  32  0  0 L3P E3
G25 FF 61137 015400  780 627 1942    -4318914     23           9     -4   10  96   83   -6  115   -7  115   -7   9  0  0 L3P CA
G29 FF 61137 015400  780 434 2203     3449673   -119          11    -48   23  72  107   -3  150    6  150    6  21  0  0 L3P F2
G05 FF 61137 021000  780 427  845     2314030     -5          26    -10   20  11  108   -3  122  -15  122  -15  19  0  0 L3P D5
G12 FF 61137 021000  780 577  761     6079936      7           6      7   14  55   87    4  126   -4  126   -4  13  0  0 L3P 90
G18 FF 61137 021000  780 381 3080     3830080    -93           9      1   20 111  119  -16  293  -99  293  -99  16  0  0 L3P 24
G21 FF 61137 021000  780 266 1124    -4134021     55          -7     71   32  67  164    9   98  -91   98  -91  29  0  0 L3P F2
G25 FF 61137 021000  780 700 1892    -4318885     10          13    -18   16 115   78   -4  100    5  100    5  14  0  0 L3P D4
G28 FF 61137 021000  780 212 2382     5612348   -101          31    -13   27 168  202  -25  256    3  256    3  20  0  0 L3P 07
G29 FF 61137 021000  780 446 2105     3449613    -42          21     30   21 178  104   -2  116  -51  116  -51  19  0  0 L3P 15
G05 FF 61137 022600  780 435  954     2314034    -20          25    -26   32  11  107    0  104   12  104   12  28  0  0 L3P C5
G12 FF 61137 022600  780 531  641     6079954    -65          24    -65   26  55   92    6  119   65  119   65  20  0  0 L3P F3
G18 FF 61137 022600  780 437 3004     3829986   -113           6    -19   46 111  106  -11  224  -38  224  -38  29  0  0 L3P 55
G21 FF 61137 022600  780 245 1199    -4134023    -18           7     -2   28  67  176   18   75   -1   75   -1  25  0  0 L3P D2
G25 FF 61137 022600  780 776 1812    -4318856     49          16     21   15 115   75   -2   92  -25   92  -25  13  0  0 L3P 05
G28 FF 61137 022600  780 233 2454     5612257   -119          25    -30   26 168  185  -13  269   46  269   46  24  0  0 L3P 5B
G29 FF 61137 022600  780 458 2005     3449532    -65           9      7   19 178  102   -2  112  -15  112  -15  18  0  0 L3P 09
G05 FF 61137 024200  780 428 1061     2314034     25          19     19   28  11  108    3   94  -32   94  -32  25  0  0 L3P CF
G12 FF 61137 024200  780 477  545     6079952     -2          22     -2   17  55   99   10  124   15  124   15  15  0  0 L3P CB
G18 FF 61137 024200  780 488 2909     3829893    -70           3     24   19 111   98   -7  181  -53  181  -53  16  0  0 L3P 2A
G21 FF 61137 024200  780 214 1266    -4134049      4          -4     20   27  67  200   32   77  -25   77  -25  24  0  0 L3P D8
G25 FF 61137 024200  780 849 1552    -4318840     78           6     51   35 115   74   -1   99  -52   99  -52  35  0  0 L3P 04
G28 FF 61137 024200  780 244 2532     5612178    -40          31     48   31 168  177   -4  279  -18  279  -18  26  0  0 L3P 45
G29 FF 61137 024200  780 468 1905     3449472    -69          17      2   16 178  101   -2   96   -9   96   -9  16  0  0 L3P F7
G05 FF 61137 025800  780 406 1159     2314039    -20          19    -26   28  11  113    7   81   11   81   11  26  0  0 L3P CB
G12 FF 61137 025800  780 416  471     6079952     10          22     10   17  55  111   14  129   -4  129   -4  14  0  0 L3P D1
G18 FF 61137 025800  780 530 2795     3829797   -109          -2    -14   17 111   92   -5  158  -19  158  -19  15  0  0 L3P 57
G23 FF 61137 025800  780 208 3520    -6331863    -73          34    -28   33  88  206  -67  453 -194  453 -194  24  0  0 L3P 87
G25 FF 61137 025800  780 846  487    -4318813     52           6     25   15 115   74    1   96  -22   96  -22  13  0  0 L3P D8
G28 FF 61137 025800  780 245 2612     5612102   -154          40    -65   30 168  176    3  298   87  298   87  27  0  0 L3P 46
G29 FF 61137 025800  780 478 1802     3449409    -89          24    -17   16 178   99   -2   83    7   83    7  14  0  0 L3P F6
G05 FF 61137 031400  780 371 1242     2314053     64          27     58   24  11  122   12   62  -51   62  -51  19  0  0 L3P D6
G12 FF 61137 031400  780 352  414     6079951     30          21     30   22  55  127   21  140  -10  140  -10  17  0  0 L3P D8
G18 FF 61137 031400  780 560 2662     3829708    -82          -1     12   14 111   89   -3  135  -21  135  -21  13  0  0 L3P 0B
G23 FF 61137 031400  780 279 3531    -6331911   -119          28    -74   28  88  157  -39  284  -83  284  -83  21  0  0 L3P 7C
G25 FF 61137 031400  780 769  250    -4318788     26           5     -1   14 115   76    3   96   12   96   12  12  0  0 L3P B1
G28 FF 61137 031400  780 237 2693     5611912   -103         -64    -14   41 168  182   10  443   73  443   73  35  0  0 L3P 4A
G29 FF 61137 031400  780 487 1696     3449332    -43          15     28   16 178   98   -1   84  -29   84  -29  13  0  0 L3P 21
G05 FF 61137 033000  780 325 1309     2314047      8          16      2   22  11  137   19   62   -7   62   -7  19  0  0 L3P 98
G12 FF 61137 033000  780 286  370     6079947     50          18     50   20  55  153   34  160  -19  160  -19  15  0  0 L3P 01
G18 FF 61137 033000  780 578 2514     3829619    -93           1      2   18 111   87   -1  117   -9  117   -9  12  0  0 L3P DE
G23 FF 61137 033000  780 355 3537    -6331968    -57          14    -12   19  88  127  -25  196  -50  196  -50  17  0  0 L3P 60
G25 FF 61137 033000  780 686  185    -4318757     33          10      6   17 115   79    5   93    5   93    5  13  0  0 L3P 99
G28 FF 61137 033000  780 219 2771     5611975   -260          83   -171   64 168  195   18  344  228  344  228  61  0  0 L3P 8E
G29 FF 61137 033000  780 494 1588     3449267    -76          19     -4   20 178   97   -1   67   -8   67   -8  18  0  0 L3P 00
G05 FF 61137 034600  780 273 1360     2314060    -31          24    -37   21  11  160   30   56   35   56   35  17  0  0 L3P D6
G12 FF 61137 034600  780 219  336     6079959    -46          29    -46   18  55  196   58  182   94  182   94  12  0  0 L3P 34
G18 FF 61137 034600  780 581 2360     3829530    -84           3     11   16 111   87    0  105  -20  105  -20  13  0  0 L3P E5
G23 FF 61137 034600  780 433 3540    -6332011    -62          13    -18   23  88  107  -17  149  -22  149  -22  17  0  0 L3P 3F
G25 FF 61137 034600  780 602  153    -4318736    -18           4    -45   27 115   85    7  102   45  102   45  26  0  0 L3P E9
G26 FF 61137 034600  780 227 2237     3505446    -35          48    -84   38  66  189  -46  147   63  147   63  36  0  0 L3P 49
G28 FF 61137 034600  780 196 2847     5611828    -43          22     46   37 168  217   28  452   11  452   11  32  0  0 L3P 2C
G29 FF 61137 034600  780 499 1476     3449213    -49          34     23   18 178   96    0   48  -27   48  -27  15  0  0 L3P 15
G05 FF 61137 040200  780 217 1396     2314058      1          20     -5   33  12  198   51   62   11   62   11  27  0  0 L3P A5
G15 FF 61137 040200  780 203  767    -4009110    -76          27    -43   39  89  210  -24   87   43   87   43  33  0  0 L3P 00
G18 FF 61137 040200  780 572 2212     3829441    -87           0      8   16 112   87    1   94  -11   94  -11  14  0  0 L3P C2
G23 FF 61137 040200  780 515 3538    -6332053    -42          16      2   22  89   94  -11  120  -25  120  -25  18  0  0 L3P 03
G25 FF 61137 040200  780 519  135    -4318697     48          14     21   19 116   93   11  101   -5  101   -5  17  0  0 L3P DF
G26 FF 61137 040200  780 283 2272     3505467     59          25     10   20  67  155  -28  158  -10  158  -10  19  0  0 L3P 22
G29 FF 61137 040200  780 500 1361     3449114    -51           0     21   16 179   96    0   77   -9   77   -9  12  0  0 L3P B6
G10 FF 61137 041800  780 218 3370     5899029    -16          -7     -9   60  82  197  -62  335  -76  335  -76  55  0  0 L3P 4B
G15 FF 61137 041800  780 225  842    -4009152    -69          17    -36   32  89  191  -15   88   16   88   16  29  0  0 L3P 16
G18 FF 61137 041800  780 554 2076     3829344    -81          -6     13   17 112   89    2   96  -17   96  -17  13  0  0 L3P FF
G23 FF 61137 041800  780 600 3533    -6332098    -38          14      6   21  89   85   -8  107  -16  107  -16  19  0  0 L3P 10
G25 FF 61137 041800  780 438  125    -4318677     62           7     35   38 116  106   16  125   -8  125   -8  34  0  0 L3P F8
G26 FF 61137 041800  780 334 2322     3505520      9          31    -40   25  67  133  -18  149   27  149   27  21  0  0 L3P FF
G29 FF 61137 041800  780 496 1245     3449061   -127          16    -55   16 179   96    1   63   50   63   50  15  0  0 L3P 04
G10 FF 61137 043400  780 289 3351     5899018    -27         -11    -20   26  82  152  -36  264  -43  264  -43  22  0  0 L3P 4E
G15 FF 61137 043400  780 239  920    -4009169     61          32     94   29  89  180   -8   67  -93   67  -93  26  0  0 L3P 0E
G18 FF 61137 043400  780 530 1954     3829263    -74           3     20   21 112   92    3   82  -24   82  -24  19  0  0 L3P D9
G23 FF 61137 043400  780 687 3524    -6332159    -92          -5    -48   21  89   79   -5  118   38  118   38  20  0  0 L3P 25
G25 FF 61137 043400  780 360  122    -4318646     33          12      6   18 116  125   24  150   25  150   25  15  0  0 L3P DE
G26 FF 61137 043400  780 380 2387     3505557     26          21    -23   21  67  119  -11  151    7  151    7  16  0  0 L3P ED
G29 FF 61137 043400  780 486 1129     3448981    -89          -4    -17   18  56   98    2   71    8   71    8  17  0  0 L3P D0
G10 FF 61137 045000  780 361 3323     5899000     55         -23     62   58  82  125  -23  222  -94  222  -94  55  0  0 L3P 30
G15 FF 61137 045000  780 246  998    -4009195     12          38     45   32  89  176   -1   63  -26   63  -26  26  0  0 L3P FE
G18 FF 61137 045000  780 502 1843     3829175    -93           6      1   16 112   96    4   78    2   78    2  14  0  0 L3P 94
G23 FF 61137 045000  780 775 3507    -6332199    -85          -2    -40   31  89   75   -3  111   39  111   39  29  0  0 L3P 15
G25 FF 61137 045000  780 285  123    -4318612     42          20     15   20 116  154   37  185   45  185   45  17  0  0 L3P 00
G26 FF 61137 045000  780 416 2470     3505596     34          13    -15   15  67  111   -7  157   20  157   20  12  0  0 L3P F6
G29 FF 61137 045000  780 469 1017     3448914    -87          -2    -15   20  56  101    4   77   38   77   38  18  0  0 L3P F0
G10 FF 61137 050600  780 435 3282     5898994     18         -23     24   21  82  107  -15  189  -45  189  -45  20  0  0 L3P 49
G15 FF 61137 050600  780 243 1076    -4009217    -33          47      0   22  89  177    5   49    8   49    8  20  0  0 L3P B2
G16 FF 61137 050600  780 236 2255    -2403357   -119          30    -48   43  77  183  -38  141   51  141   51  38  0  0 L3P 43
G18 FF 61137 050600  780 473 1742     3829090   -102          12     -7   19 112  100    5   74    5   74    5  16  0  0 L3P C4
G23 FF 61137 050600  780 863 3456    -6332220    -57          19    -13   20  89   74   -1   85    9   85    9  18  0  0 L3P DA
G25 FF 61137 050600  780 213  130    -4318571     67          35     40   23 116  201   64  221    6  221    6  17  0  0 L3P CA
G26 FF 61137 050600  780 440 2568     3505635     64           5     15   26  67  106   -3  167   -7  167   -7  22  0  0 L3P E7
G29 FF 61137 050600  780 444  910     3448851    -66           3      5   20  56  105    5   83    8   83    8  17  0  0 L3P 87
G10 FF 61137 052200  780 508 3224     5898997    -38         -13    -32   16  82   95  -10  155   -1  155   -1  14  0  0 L3P 1B
G15 FF 61137 052200  780 231 1150    -4009268    -26          28      7   27  89  186   13   70  -14   70  -14  22  0  0 L3P F2
G16 FF 61137 052200  780 284 2305    -2403444    -79          12     -7   28  77  154  -23  168   13  168   13  24  0  0 L3P 21
G18 FF 61137 052200  780 445 1649     3828999   -103          11     -9   22 112  105    5   79   14   79   14  19  0  0 L3P 06
G23 FF 61137 052200  780 850 1734    -6332272    -30          10     15   14  89   74    1   91  -20   91  -20  13  0  0 L3P D2
G26 FF 61137 052200  780 448 2676     3505690     43          13     -6   27  67  104    0  165    1  165    1  23  0  0 L3P BD
G29 FF 61137 052200  780 412  812     3448799    -31          20     41   14  56  111    8   86  -20   86  -20  14  0  0 L3P D7
G10 FF 61137 053800  780 578 3140     5898988    -21         -15    -14   14  82   87   -7  132  -13  132  -13  13  0  0 L3P 30
G15 FF 61137 053800  780 210 1218    -4009295   -100          33    -67   29  89  204   25   65   52   65   52  24  0  0 L3P 13
G16 FF 61137 053800  780 326 2368    -2403513    -46          12     26   20  77  136  -15  162  -40  162  -40  17  0  0 L3P 32
G18 FF 61137 053800  780 418 1560     3828911    -90          13      4   19 112  110    6   77   -6   77   -6  17  0  0 L3P D3
G23 FF 61137 053800  780 764 1690    -6332331    -40          -7      4   16  89   76    3   98  -21   98  -21  15  0  0 L3P E4
G26 FF 61137 053800  780 442 2786     3505728     38           4    -11   18  67  105    3  159  -11  159  -11  16  0  0 L3P 0A
G29 FF 61137 053800  780 374  724     3448722    -99          13    -28   27  56  121   12   96   32   96   32  24  0  0 L3P FA
G10 FF 61137 055400  780 641 3016     5898989    -11          -8     -4   11  82   82   -4  105  -13  105  -13  10  0  0 L3P FA
G15 FF 61137 055400  780 180 1278    -4009326    -84          34    -51   26  89  236   42   63   46   63   46  23  0  0 L3P 0F
G16 FF 61137 055400  780 359 2446    -2403583   -101          11    -29   26  77  125   -9  147   10  147   10  22  0  0 L3P 2A
G18 FF 61137 055400  780 391 1475     3828816    -72           9     22   18 112  116    7   78  -24   78  -24  17  0  0 L3P 07
G23 FF 61137 055400  780 682 1662    -6332370    -30          -3     14   14  89   79    5   82  -25   82  -25  13  0  0 L3P EA
G26 FF 61137 055400  780 421 2892     3505784     73          13     24   22  67  110    6  144  -28  144  -28  19  0  0 L3P 0C
G29 FF 61137 055400  780 330  646     3448666    -78          25     -6   32  56  135   17   85   -2   85   -2  26  0  0 L3P DE
G10 FF 61137 061000  780 690 2831     5898980     -2         -12      5   12  83   79   -2   90  -13   90  -13  11  0  0 L3P CE
G16 FF 61137 061000  780 380 2535    -2403647    -55          12     17   26  78  119   -4  130  -28  130  -28  23  0  0 L3P 22
G18 FF 61137 061000  780 366 1392     3828742    -91          21      3   20 113  123    7   56  -11   56  -11  15  0  0 L3P DE
G23 FF 61137 061000  780 603 1634    -6332403    -48           9     -3   16  90   85    7   67   -6   67   -6  14  0  0 L3P B3
G26 FF 61137 061000  780 388 2987     3505823     60          13     11   28  68  117   10  139  -26  139  -26  23  0  0 L3P 20
G27 FF 61137 061000  780 235 2176      966638    129          54    -23   35 113  184  -45  103   -1  103   -1  31  0  0 L3P 12
G29 FF 61137 061000  780 281  579     3448612    -32          36     40   38  59  156   27   70  -44   70  -44  34  0  0 L3P FD
G32 FF 61137 061000  780 216   35      103120   -112          22     81   23  30  199  -56  152 -131  152 -131  19  0  0 L3P 06
G10 FF 61137 062600  780 714 2580     5898977      0          -9      7   16  83   78    0   75  -21   75  -21  13  0  0 L3P BC
G16 FF 61137 062600  780 388 2633    -2403711    -56          16     15   23  78  117    0  111  -32  111  -32  19  0  0 L3P 0E
G18 FF 61137 062600  780 342 1311     3828656   -135          26    -40   17 113  131    8   46   26   46   26  14  0  0 L3P 01
G23 FF 61137 062600  780 528 1605    -6332441    -38          13      6   15  90   92    9   53  -18   53  -18  14  0  0 L3P DB
G26 FF 61137 062600  780 348 3072     3505880     54          23      5   36  68  128   14  118  -23  118  -23  25  0  0 L3P 0A
G27 FF 61137 062600  780 296 2167      966785    134          54    -19   26 113  148  -30   78  -12   78  -12  23  0  0 L3P 39
G29 FF 61137 062600  780 229  521     3448527      3          20     74   29  59  188   43   87  -60   87  -60  27  0  0 L3P F0
G32 FF 61137 062600  780 281   64      102938   -109          26     85   33  30  156  -35  100 -107  100 -107  24  0  0 L3P 1A
G10 FF 61137 064200  780 704 2316     5898977     13          -2     20   13  83   78    1   54  -33   54  -33  12  0  0 L3P CB
G16 FF 61137 064200  780 382 2734    -2403775    -98          22    -27   31  78  119    3   89   -1   89   -1  27  0  0 L3P FC
G18 FF 61137 064200  780 318 1231     3828564    -80          25     14   23 113  139   10   48  -16   48  -16  18  0  0 L3P 11
G23 FF 61137 064200  780 457 1573    -6332487    -52           9     -8   20  90  103   12   49   -2   49   -2  18  0  0 L3P D7
G26 FF 61137 064200  780 304 3147     3505917     72          13     23   29  68  145   20  114  -25  114  -25  23  0  0 L3P 0B
G27 FF 61137 064200  780 360 2167      966919    150          42     -2   19 113  125  -20   67  -22   67  -22  17  0  0 L3P 0E
G32 FF 61137 064200  780 349   95      102741   -189          15      4   21  30  128  -23   81  -28   81  -28  16  0  0 L3P D4
G10 FF 61137 065800  780 668 2104     5898973    -11           0     -4   16  83   80    3   43   -5   43   -5  15  0  0 L3P A8
G16 FF 61137 065800  780 364 2831    -2403854    -92          11    -20   30  78  124    7   86   20   86   20  25  0  0 L3P EF
G18 FF 61137 065800  780 294 1152     3828492   -107          43    -12   28 113  149   11   34   23   34   23  23  0  0 L3P 13
G23 FF 61137 065800  780 391 1538    -6332521    -60          18    -15   24  90  117   17   39    6   39    6  20  0  0 L3P E1
G26 FF 61137 065800  780 258 3214     3505969     58          18     10   29  68  168   29  110    1  110    1  24  0  0 L3P E2
G27 FF 61137 065800  780 427 2179      967062    153          39      1   23 113  108  -14   51   -3   51   -3  21  0  0 L3P D7
G32 FF 61137 065800  780 422  128      102559   -209          18    -15   42  30  109  -16   62   -2   62   -2  40  0  0 L3P D1
G10 FF 61137 071400  780 619 1951     5898960    -32          -7    -25   16  83   83    4   47   21   47   21  14  0  0 L3P D9
G16 FF 61137 071400  780 335 2921    -2403912    -63          22      9   29  78  133   12   80    0   80    0  24  0  0 L3P AE
G18 FF 61137 071400  780 270 1075     3828406    -63          48     31   49 113  161   14   39  -20   39  -20  46  0  0 L3P 12
G23 FF 61137 071400  780 329 1500    -6332555    -29          27     16   22  90  135   22   31  -13   31  -13  19  0  0 L3P F8
G26 FF 61137 071400  780 212 3276     3506016      8          18    -41   42  68  202   42  121   43  121   43  37  0  0 L3P E4
G27 FF 61137 071400  780 494 2209      967209    148          40     -4   22 113   97  -10   44   -1   44   -1  20  0  0 L3P CE
G32 FF 61137 071400  780 497  169      102379   -195          23     -2   22  30   96  -11   52    1   52    1  20  0  0 L3P 95
G08 FF 61137 073000  780 239 2211    -4657927     29          24    -36   31 105  181  -44   66   21   66   21  26  0  0 L3P 14
G10 FF 61137 073000  780 564 1838     5898961      3           1     10   18  83   88    6   40   -5   40   -5  16  0  0 L3P 91
G16 FF 61137 073000  780 299 3003    -2403977    -67          25      4   27  78  147   18   84   -4   84   -4  21  0  0 L3P EA
G18 FF 61137 073000  780 244  999     3828315    -46          48     48   34 113  177   19   44  -29   44  -29  29  0  0 L3P 28
G23 FF 61137 073000  780 272 1459    -6332614    -81          10    -37   30  90  160   31   50   30   50   30  22  0  0 L3P DF
G27 FF 61137 073000  780 560 2264      967358    157          42      4   16 113   89   -7   40   -7   40   -7  15  0  0 L3P C3
G32 FF 61137 073000  780 573  224      102197   -208          28    -15   15  30   87   -8   45    7   45    7  13  0  0 L3P A2
G08 FF 61137 074600  780 299 2237    -4657870     50          19    -15   31 105  147  -27   57    9   57    9  26  0  0 L3P 10
G10 FF 61137 074600  780 509 1746     5898957    -21           4    -14   14  83   95    8   39   14   39   14  12  0  0 L3P D9
G16 FF 61137 074600  780 258 3078    -2404036    -84          35    -13   33  78  168   26   82   26   82   26  24  0  0 L3P 14
G18 FF 61137 074600  780 216  925     3828235    -42          58     53   46 113  198   26   41  -30   41  -30  39  0  0 L3P 0C
G23 FF 61137 074600  780 220 1416    -6332641    -63          26    -19   30  90  196   44   33   38   33   38  24  0  0 L3P 00
G27 FF 61137 074600  780 620 2358      967500    164          38     12   17 113   83   -4   41  -10   41  -10  14  0  0 L3P DF
G32 FF 61137 074600  780 647  312      102008   -198          24     -5   14  30   81   -5   42    3   42    3  12  0  0 L3P 7A
G08 FF 61137 080200  780 357 2278    -4657802     57          21     -8   19 106  126  -18   46   17   46   17  18  0  0 L3P 15
G10 FF 61137 080200  780 456 1668     5898953    -13           8     -6   17  84  103    9   42    1   42    1  15  0  0 L3P A2
G16 FF 61137 080200  780 216 3147    -2404112    -17          25     55   32  80  199   38   95  -35   95  -35  24  0  0 L3P 14
G18 FF 61137 080200  780 187  855     3828136   -140          47    -46   34 114  228   37   54   38   54   38  31  0  0 L3P 1A
G27 FF 61137 080200  780 667 2510      967645    129          35    -23   10 114   80   -2   45   18   45   18   9  0  0 L3P D7
G32 FF 61137 080200  780 711  466      101819   -210          16    -16   16  31   78   -3   45    9   45    9  14  0  0 L3P 9D
G08 FF 61137 081800  780 411 2337    -4657740     56          20     -9   24 106  112  -12   49    5   49    5  22  0  0 L3P DB
G10 FF 61137 081800  780 406 1596     5898949    -59          11    -52   24  84  113   12   41   45   41   45  23  0  0 L3P 04
G27 FF 61137 081800  780 687 2723      967793    147          36     -6   19 114   79    0   42    7   42    7  17  0  0 L3P C3
G32 FF 61137 081800  780 749  736      101650   -100          33     93   34  31   76   -1   32  -59   32  -59  22  0  0 L3P D4
G02 FF 61137 083400  780 227 2188     -737576    -21          56     56   33 105  189  -44   48  -61   48  -61  33  0  0 L3P 31
G08 FF 61137 083400  780 456 2416    -4657676     69          22      4   20 106  103   -7   46   -9   46   -9  18  0  0 L3P ED
G10 FF 61137 083400  780 359 1528     5898946      9          14     15   25  84  125   14   43    1   43    1  22  0  0 L3P AD
G27 FF 61137 083400  780 673 2947      967945    181          42     29   14 114   80    2   41  -24   41  -24  11  0  0 L3P EB
G32 FF 61137 083400  780 740 1058      101426   -344          -6   -150   32  31   77    1   58   95   58   95  21  0  0 L3P DD
G02 FF 61137 085000  780 284 2150     -737671    -59          34     18   27 105  154  -30   61  -30   61  -30  24  0  0 L3P 0C
G08 FF 61137 085000  780 490 2518    -4657627     70           9      6   19 106   97   -4   49    1   49    1  16  0  0 L3P B2
G10 FF 61137 085000  780 316 1462     5898952      5          26     12   22  84  140   17   45    8   45    8  20  0  0 L3P A7
G27 FF 61137 085000  780 629 3122      968093    166          44     13   12 114   83    4   43    4   43    4  10  0  0 L3P 9D
G28 FF 61137 085000  780 225  376     5610249   -111          53    -22   29 172  191  -38   77   38   77   38  23  0  0 L3P 26
G32 FF 61137 085000  780 690 1275      101238   -199          -8     -5   15  31   79    3   61   19   61   19  14  0  0 L3P BD
G02 FF 61137 090600  780 346 2116     -737735   -146          45    -68   24 105  129  -22   49   70   49   70  21  0  0 L3P 28
G08 FF 61137 090600  780 508 2639    -4657556     68          18      3   18 106   95   -1   50   -2   50   -2  16  0  0 L3P D3
G10 FF 61137 090600  780 276 1396     5898930     25          12     32   29  84  158   21   89   11   89   11  21  0  0 L3P EF
G27 FF 61137 090600  780 569 3242      968245    138          50    -15   14 114   88    7   56   31   56   31  12  0  0 L3P E3
G28 FF 61137 090600  780 272  438     5610163    -68          53     21   43 172  160  -26   89   -6   89   -6  38  0  0 L3P 02
G32 FF 61137 090600  780 621 1385      101076   -182          15     11   16  31   83    6   56    2   56    2  14  0  0 L3P 8B
G02 FF 61137 092200  780 412 2085     -737813    -36          41     42   18 105  112  -16   57  -26   57  -26  14  0  0 L3P 11
G08 FF 61137 092200  780 507 2767    -4657515     59          -4     -6   18 106   95    1   72   18   72   18  15  0  0 L3P E3
G10 FF 61137 092200  780 239 1331     5898944    -33          32    -26   19  84  180   25  103   63  103   63  16  0  0 L3P 1A
G27 FF 61137 092200  780 501 3324      968388    129          47    -23   29 114   96   10   77   44   77   44  26  0  0 L3P 03
G28 FF 61137 092200  780 318  506     5610062    -69          38     19   37 172  139  -18  111   -7  111   -7  26  0  0 L3P 13
G31 FF 61137 092200  780 221  224     1569246    -39          28    -16   33  27  194  -45  135   21  135   21  28  0  0 L3P 0E
G32 FF 61137 092200  780 548 1439      100896   -172          21     21   20  31   90    9   65    1   65    1  18  0  0 L3P 95
G02 FF 61137 093800  780 483 2060     -737893    -59          35     18   17 105   98  -12   73   -4   73   -4  16  0  0 L3P FA
G08 FF 61137 093800  780 488 2891    -4657441     31           9    -34   22 106   98    4   81   48   81   48  19  0  0 L3P F8
G10 FF 61137 093800  780 206 1266     5898917    -65          12    -58   26  84  208   32  154   98  154   98  20  0  0 L3P 3E
G27 FF 61137 093800  780 430 3385      968540    190          53     38   25 114  108   15   98    4   98    4  25  0  0 L3P E4
G28 FF 61137 093800  780 362  583     5609978    -87          38      2   26 172  124  -13  117    7  117    7  22  0  0 L3P FF
G31 FF 61137 093800  780 275  275     1569211      0          14     23   21  27  159  -30  153   -9  153   -9  18  0  0 L3P DC
G32 FF 61137 093800  780 473 1463      100712   -203          23    -10   24  31  100   12   82   30   82   30  23  0  0 L3P C5
G01 FF 61137 095400  780 250 2168    -3027362     66          34    -12   36  56  173  -40  114   25  114   25  32  0  0 L3P 14
G02 FF 61137 095400  780 558 2040     -737967    -91          35    -13   18 105   89   -8   79   26   79   26  15  0  0 L3P 0E
G08 FF 61137 095400  780 453 3001    -4657370     64          17     -1   50 106  103    7   99   26   99   26  34  0  0 L3P EC
G27 FF 61137 095400  780 360 3434      968693    189          59     36   48 114  125   21  124    8  124    8  46  0  0 L3P 0C
G28 FF 61137 095400  780 401  671     5609881    -52          27     36   20 172  114   -8  132  -23  132  -23  17  0  0 L3P 1C
G31 FF 61137 095400  780 331  331     1569197    -34          22    -12   32  27  134  -21  147   12  147   12  25  0  0 L3P 00
G32 FF 61137 095400  780 401 1468      100528   -180          24     13   22  31  114   17  103   15  103   15  20  0  0 L3P DE
G01 FF 61137 101000  780 311 2145    -3027306     16          16    -62   22  57  142  -27  137   49  137   49  16  0  0 L3P 10
G02 FF 61137 101000  780 638 2029     -738038    -88          45    -11   13 106   82   -6   89   15   89   15  11  0  0 L3P EC
G03 FF 61137 101000  780 186 2463    -5123778     82          26    -59   39  43  229  -32  149   67  149   67  33  0  0 L3P 3F
G08 FF 61137 101000  780 409 3094    -4657323     37           3    -28   19 107  112   11  131   46  131   46  13  0  0 L3P 03
G27 FF 61137 101000  780 292 3476      968852    179          69     27   19 115  150   32  152   11  152   11  13  0  0 L3P 12
G28 FF 61137 101000  780 430  770     5609811    -45          46     44   22 173  108   -5  129  -39  129  -39  20  0  0 L3P 20
G31 FF 61137 101000  780 388  394     1569179     -4          30     19   18  28  117  -15  146  -14  146  -14  15  0  0 L3P 0F
G32 FF 61137 101000  780 331 1462      100353   -111          36     82   30  53  134   25  128  -44  128  -44  23  0  0 L3P FC
G01 FF 61137 102600  780 377 2129    -3027220     64          26    -14   24  57  120  -19  133   15  133   15  22  0  0 L3P 07
G02 FF 61137 102600  780 721 2036     -738114    -92          44    -15   13 106   77   -4   97   21   97   21  12  0  0 L3P DE
G03 FF 61137 102600  780 213 2394    -5123648    135          20     -6   18  43  201  -26  164    4  164    4  16  0  0 L3P EC
G04 FF 61137 102600  780 211 3088     -522867     11          48     27   60  90  203  -51  177  -24  177  -24  43  0  0 L3P 1B
G08 FF 61137 102600  780 359 3173    -4657254     38          10    -26   18 107  125   16  153   50  153   50  15  0  0 L3P 24
G27 FF 61137 102600  780 228 3515      968998    234          70     82   24 115  189   50  195  -14  195  -14  19  0  0 L3P 4A
G28 FF 61137 102600  780 446  878     5609722   -111          42    -22   22 173  105   -2  140   22  140   22  20  0  0 L3P 09
G31 FF 61137 102600  780 442  469     1569151    -14          23      9   18  28  105  -10  152    0  152    0  14  0  0 L3P B5
G32 FF 61137 102600  780 265 1446      100159   -132          27     62   28  53  164   38  176   -4  176   -4  21  0  0 L3P FA
G01 FF 61137 104200  780 446 2122    -3027133     50          38    -29   19  57  105  -14  118   16  118   16  17  0  0 L3P 10
G02 FF 61137 104200  780 805 2099     -738197    -86          35     -9   13 106   75   -2  108   11  108   11  12  0  0 L3P F5
G03 FF 61137 104200  780 241 2326    -5123498    166          35     25   40  43  179  -21  150  -31  150  -31  36  0  0 L3P 2D
G04 FF 61137 104200  780 265 3031     -522900    -32          31    -16   29  90  164  -31  180    7  180    7  26  0  0 L3P E3
G08 FF 61137 104200  780 306 3241    -4657180     99          21     34   22 107  144   23  176    5  176    5  20  0  0 L3P EF
G28 FF 61137 104200  780 447  990     5609638    -87          43      2   30 173  104    1  145    4  145    4  26  0  0 L3P C7
G31 FF 61137 104200  780 492  560     1569135    -38          30    -15   15  28   97   -7  146   11  146   11  13  0  0 L3P E6
G32 FF 61137 104200  780 203 1424       99978   -285          31    -92   29  53  211   61  217  141  217  141  24  0  0 L3P 25
G01 FF 61137 105800  780 517 2127    -3027075     68          20    -10   16  57   94  -10  130    3  130    3  14  0  0 L3P CF
G02 FF 61137 105800  780 872 2762     -738283    -52          23     26   14 106   74    0  126  -16  126  -16  13  0  0 L3P 07
G03 FF 61137 105800  780 271 2258    -5123380    151          18     10   41  43  160  -18  163   -5  163   -5  38  0  0 L3P 0F
G04 FF 61137 105800  780 315 2964     -522920    -36          26    -20   23  90  141  -20  179   16  179   16  17  0  0 L3P 1C
G08 FF 61137 105800  780 254 3302    -4657118     38          21    -27   39 107  171   34  221   65  221   65  34  0  0 L3P 28
G28 FF 61137 105800  780 432 1096     5609534    -73          24     15   21 173  107    5  168   -2  168   -2  20  0  0 L3P 00
G31 FF 61137 105800  780 531  672     1569111    -24          28     -1   20  28   92   -4  147   -1  147   -1  17  0  0 L3P C4
G01 FF 61137 111400  780 591 2151    -3026998     72          22     -7   15  57   86   -7  132   12  132   12  14  0  0 L3P E1
G02 FF 61137 111400  780 808 3515     -738342   -111          38    -34   43 106   75    2  123   43  123   43  42  0  0 L3P FD
G03 FF 61137 111400  780 304 2190    -5123246    167          17     27   38  43  145  -15  166  -14  166  -14  34  0  0 L3P 37
G04 FF 61137 111400  780 360 2887     -522934      7          27     23   24  90  125  -13  173  -27  173  -27  19  0  0 L3P 0F
G08 FF 61137 111400  780 203 3357    -4657052     52          25    -13   49 107  211   50  273   76  273   76  40  0  0 L3P 26
G28 FF 61137 111400  780 402 1189     5609455    -49          30     40   21 173  114    9  178  -14  178  -14  18  0  0 L3P 2A
G31 FF 61137 111400  780 555  803     1569089    -20          27      2   18  28   89   -2  153    8  153    8  16  0  0 L3P B4
G01 FF 61137 113000  780 664 2210    -3026923     89          22     11   13  57   80   -5  136   -2  136   -2  12  0  0 L3P CA
G02 FF 61137 113000  780 722 3594     -738426    -69          28      8   19 106   77    4  147    3  147    3  17  0  0 L3P CC
G03 FF 61137 113000  780 339 2121    -5123118    165           9     24   23  43  131  -13  179  -19  179  -19  20  0  0 L3P 21
G04 FF 61137 113000  780 400 2799     -522970     -2           6     14   22  90  114   -9  189   -3  189   -3  18  0  0 L3P D1
G28 FF 61137 113000  780 361 1265     5609371    -60          31     29   23 173  125   14  198   10  198   10  19  0  0 L3P 18
G31 FF 61137 113000  780 560  945     1569064     -2          23     21   19  28   89    1  164  -10  164  -10  18  0  0 L3P D0
G01 FF 61137 114600  780 731 2343    -3026845     74          24     -5   12  57   77   -3  143   20  143   20  11  0  0 L3P D6
G02 FF 61137 114600  780 634   17     -738497    -80          32     -3   17 106   82    6  163   33  163   33  15  0  0 L3P C8
G03 FF 61137 114600  780 377 2052    -5122981     92          11    -49   30  43  120  -11  181   42  181   42  26  0  0 L3P 10
G04 FF 61137 114600  780 433 2701     -522967    -13          25      3   22  90  107   -6  177   -4  177   -4  17  0  0 L3P DE
G28 FF 61137 114600  780 311 1324     5609286    -74          32     14   19 173  142   23  229   28  229   28  16  0  0 L3P 24
G31 FF 61137 114600  780 544 1079     1569036     -6          18     17   18  28   90    3  178    7  178    7  15  0  0 L3P C6
G01 FF 61137 120200  780 776 2627    -3026773     76          23     -2   18  58   75   -1  155   18  155   18  14  0  0 L3P F5
G02 FF 61137 120200  780 549   28     -738575    -80          30     -2   18 107   90   10  193   42  193   42  15  0  0 L3P D4
G03 FF 61137 120200  780 419 1981    -5122840    137          12     -4   19  51  110   -9  178   -6  178   -6  16  0  0 L3P 03
G04 FF 61137 120200  780 459 2595     -522992      9          16     25   18  91  102   -4  190  -22  190  -22  14  0  0 L3P F6
G09 FF 61137 120200  780 187 2806    -7616161     10          26    -18   50  48  227  -42  311    5  311    5  47  0  0 L3P F7
G28 FF 61137 120200  780 255 1367     5609195    -56          25     33   25 174  170   37  280   26  280   26  19  0  0 L3P 2A
G31 FF 61137 120200  780 510 1191     1569025    -22          33      0   20  31   95    6  188   24  188   24  19  0  0 L3P C3
G01 FF 61137 121800  780 767 3013    -3026700     65          20    -13   13  58   76    1  176   31  176   31  11  0  0 L3P DD
G02 FF 61137 121800  780 466   36     -738650   -102          29    -25   16 107  101   14  238   66  238   66  13  0  0 L3P 0F
G03 FF 61137 121800  780 463 1905    -5122708    152           9     11   19  51  102   -8  188   -6  188   -6  17  0  0 L3P FF
G04 FF 61137 121800  780 477 2482     -523004    -21          25     -6   25  92   99   -2  198   18  198   18  20  0  0 L3P F5
G09 FF 61137 121800  780 221 2736    -7616182   -295         -23   -323   40  48  194  -28  358  324  358  324  36  0  0 L3P 9F
G26 FF 61137 121800  780 196  816     3506899    100          15     52   33  75  217  -21  408  -46  408  -46  27  0  0 L3P 37
G28 FF 61137 121800  780 197 1397     5609130   -136          46    -47   45 174  217   63  337  142  337  142  32  0  0 L3P 74
G31 FF 61137 121800  780 462 1276     1569014     -6          43     16   35  31  102    9  211   25  211   25  33  0  0 L3P CE
G01 FF 61137 123400  780 713 3257    -3026614     93          30     15   20  58   78    3  188    4  188    4  17  0  0 L3P C5
G02 FF 61137 123400  780 387   45     -738731   -122          23    -45   16 107  117   20  288   98  288   98  11  0  0 L3P 23
G03 FF 61137 123400  780 509 1823    -5122563    151          18     10   13  51   95   -7  188    3  188    3  12  0  0 L3P D9
G04 FF 61137 123400  780 488 2366     -523014     -2          30     14   15  92   98   -1  203   -2  203   -2  14  0  0 L3P B6
G09 FF 61137 123400  780 252 2662    -7616100    184          33    156   45  48  172  -19  304 -164  304 -164  43  0  0 L3P 7B
G26 FF 61137 123400  780 212  890     3506975     11          46    -37   34  75  201  -12  376   32  376   32  28  0  0 L3P 0B
G31 FF 61137 123400  780 407 1337     1568997    -13          48      9   26  31  113   14  238   21  238   21  23  0  0 L3P F8
G01 FF 61137 125000  780 641 3378    -3026546     33          24    -45   25  58   82    5  218   67  218   67  22  0  0 L3P FC
G02 FF 61137 125000  780 312   55     -738805    -99          23    -22   23 107  142   31  355   99  355   99  18  0  0 L3P 0D
G03 FF 61137 125000  780 557 1729    -5122432    150          14      9   10  51   89   -5  209    3  209    3   8  0  0 L3P B4
G04 FF 61137 125000  780 493 2248     -523027    -22          32     -6   20  92   97    0  213   13  213   13  17  0  0 L3P C1
G09 FF 61137 125000  780 280 2585    -7616074     57          31     29   26  48  156  -14  304  -32  304  -32  22  0  0 L3P 31
G16 FF 61137 125000  780 195  641    -2405344    -80          38     -9   45 108  218  -36  449  -32  449  -32  36  0  0 L3P 47
G26 FF 61137 125000  780 222  965     3507007     44          32     -3   29  75  193   -5  390   18  390   18  24  0  0 L3P E6
G31 FF 61137 125000  780 347 1377     1568965    -58          38    -36   18  31  129   20  282   71  282   71  14  0  0 L3P 2A
G01 FF 61137 130600  780 564 3444    -3026480    102          15     23   40  58   88    8  258   10  258   10  39  0  0 L3P F3
G02 FF 61137 130600  780 241   67     -738886    -62          16     15   37 107  179   49  453  107  453  107  29  0  0 L3P 2D
G03 FF 61137 130600  780 604 1615    -5122294    148          16      7   13  51   85   -4  216    8  216    8  11  0  0 L3P C4
G04 FF 61137 130600  780 492 2133     -523042     -6          32     10   17  92   97    0  224    4  224    4  16  0  0 L3P 91
G09 FF 61137 130600  780 305 2505    -7616049     38          29     10   19  48  144  -11  305  -11  305  -11  17  0  0 L3P 23
G16 FF 61137 130600  780 226  711    -2405429    -46          21     26   36 108  190  -24  453  -18  453  -18  32  0  0 L3P 38
G26 FF 61137 130600  780 224 1040     3507087     11          66    -37   37  75  192    2  370   42  370   42  36  0  0 L3P F2
G31 FF 61137 130600  780 286 1402     1568943    -52          37    -29   24  31  153   31  331   91  331   91  19  0  0 L3P 15
G01 FF 61137 132200  780 486 3487    -3026395     50          24    -28   37  58   98   12  286   68  286   68  35  0  0 L3P 2E
G03 FF 61137 132200  780 646 1471    -5122160    132          15     -9   13  51   81   -3  224   14  224   14  10  0  0 L3P D9
G04 FF 61137 132200  780 488 2020     -523065      7          25     23   17  92   98    1  239   -5  239   -5  14  0  0 L3P B6
G07 FF 61137 132200  780 242 3207     1702883     72          18     26   23  11  179  -45  427  -48  427  -48  19  0  0 L3P 31
G09 FF 61137 132200  780 329 2424    -7616020     31          31      3   32  48  135   -9  297    3  297    3  28  0  0 L3P D0
G16 FF 61137 132200  780 253  786    -2405478   -163          41    -92   27 108  171  -16  417   79  417   79  27  0  0 L3P 60
G26 FF 61137 132200  780 216 1114     3507099     34          32    -14   24  75  198   11  422   33  422   33  19  0  0 L3P FE
G31 FF 61137 132200  780 224 1414     1568926   -102          43    -79   35  31  192   51  387  148  387  148  28  0  0 L3P 60
G01 FF 61137 133800  780 410 3519    -3026336    101           8     23   18  58  112   17  354   47  354   47  13  0  0 L3P 01
G03 FF 61137 133800  780 676 1285    -5122035    156           4     15   15  51   80   -1  244    3  244    3  13  0  0 L3P BD
G04 FF 61137 133800  780 481 1912     -523087     36          18     52   15  92   99    1  260  -29  260  -29  14  0  0 L3P F8
G07 FF 61137 133800  780 304 3164     1702927     49          18      3   23  11  145  -28  396  -32  396  -32  20  0  0 L3P 15
G09 FF 61137 133800  780 352 2341    -7616000     13          24    -16   25  48  127   -7  308   18  308   18  22  0  0 L3P 0B
G16 FF 61137 133800  780 274  865    -2405591    -46          -3     25   24 108  159   -9  446  -25  446  -25  22  0  0 L3P 3A
G26 FF 61137 133800  780 200 1183     3507129     46          16     -1   18  75  214   22  465   39  465   39  14  0  0 L3P FE
G01 FF 61137 135400  780 337 3547    -3026253     92          15     13   27  58  132   25  422   77  422   77  22  0  0 L3P 0B
G03 FF 61137 135400  780 687 1062    -5121898    127           7    -14   13  51   79    0  255   34  255   34  11  0  0 L3P F5
G04 FF 61137 135400  780 472 1806     -523103    -41          17    -25   24  92  100    2  281   31  281   31  20  0  0 L3P DD
G06 FF 61137 135400  780 207 2307     6114643    -11          31      2   35  96  206  -37  381    7  381    7  32  0  0 L3P DA
G07 FF 61137 135400  780 366 3110     1702972     77          18     31   24  11  123  -18  370  -45  370  -45  18  0  0 L3P 1F
G09 FF 61137 135400  780 374 2257    -7615963     51          33     22   13  48  121   -6  305  -14  305  -14  10  0  0 L3P 15
G16 FF 61137 135400  780 286  946    -2405615    -43          41     29   40 108  153   -4  411   -9  411   -9  34  0  0 L3P 08
G01 FF 61137 141000  780 268 3574    -3026154     85          40      6   24  59  163   39  512  109  512  109  16  0  0 L3P 1B
G03 FF 61137 141000  780 671  840    -5121759    161          12     19   17  59   80    2  279   14  279   14  15  0  0 L3P EA
G04 FF 61137 141000  780 462 1703     -523111    -16          21      0   26  93  102    2  299   31  299   31  21  0  0 L3P C1
G06 FF 61137 141000  780 241 2373     6114627    -14          24      0   30 100  179  -21  396   23  396   23  25  0  0 L3P 02
G07 FF 61137 141000  780 425 3042     1703003     19           9    -27   22  12  109  -12  359   -1  359   -1  16  0  0 L3P E1
G09 FF 61137 141000  780 396 2171    -7615940     38          29      9   25  49  115   -6  316   -3  316   -3  24  0  0 L3P F3
G16 FF 61137 141000  780 289 1029    -2405701   -160          21    -88   23 109  152    1  436   98  436   98  16  0  0 L3P 3E
G01 FF 61137 142600  780 203    1    -3026085     85          35      6   29  59  211   64  648  138  648  138  23  0  0 L3P EF
G03 FF 61137 142600  780 631  659    -5121620    155          15     13   19  59   82    4  303   11  303   11  17  0  0 L3P D2
G04 FF 61137 142600  780 452 1603     -523112     18          35     34   27  93  103    2  310  -12  310  -12  25  0  0 L3P D6
G06 FF 61137 142600  780 264 2449     6114613      1          22     14   25 100  165  -11  423   17  423   17  21  0  0 L3P ED
G07 FF 61137 142600  780 480 2956     1703061     75          23     29   16  12   99   -8  338  -32  338  -32  12  0  0 L3P 0B
G09 FF 61137 142600  780 418 2084    -7615909     67          32     38   19  49  110   -5  327  -27  327  -27  17  0  0 L3P 3A
G16 FF 61137 142600  780 281 1109    -2405770    -87          20    -16   47 109  155    7  457   37  457   37  41  0  0 L3P 35
G03 FF 61137 144200  780 576  527    -5121474    146          24      4   14  59   87    6  318   26  318   26  12  0  0 L3P DE
G04 FF 61137 144200  780 441 1503     -523142      0          21     16   21  93  105    2  338    2  338    2  19  0  0 L3P 8D
G06 FF 61137 144200  780 276 2531     6114600      8          23     22   23 100  158   -3  454   15  454   15  19  0  0 L3P E5
G07 FF 61137 144200  780 528 2849     1703097     57          15     10   12  12   92   -6  332  -12  332  -12  10  0  0 L3P EE
G09 FF 61137 144200  780 441 1994    -7615883     66          31     37   21  49  106   -5  335  -25  335  -25  18  0  0 L3P 34
G16 FF 61137 144200  780 263 1184    -2405835    -28          24     44   22 109  165   14  478    4  478    4  17  0  0 L3P 10
G30 FF 61137 144200  780 206 3015    -1793374   -113          46     19   28  58  208  -49  611  -84  611  -84  24  0  0 L3P 5A
G03 FF 61137 145800  780 511  432    -5121351    145          11      3   17  59   94    9  360   38  360   38  15  0  0 L3P D0
G04 FF 61137 145800  780 429 1405     -523165     16          13     32   18  93  108    3  362   -8  362   -8  15  0  0 L3P DC
G06 FF 61137 145800  780 277 2617     6114592    -44          28    -30   25 100  158    3  481   65  481   65  22  0  0 L3P 23
G07 FF 61137 145800  780 566 2719     1703162     41          35     -5   12  12   88   -3  311    0  311    0  10  0  0 L3P A4
G09 FF 61137 145800  780 464 1901    -7615857     15          30    -13   16  49  101   -4  337   16  337   16  15  0  0 L3P 1A
G16 FF 61137 145800  780 235 1251    -2405894   -141          34    -70   27 109  183   24  507  109  507  109  21  0  0 L3P 6E
G30 FF 61137 145800  780 255 2955    -1793505   -138          42     -6   18  58  170  -30  550  -52  550  -52  14  0  0 L3P 55
G03 FF 61137 151400  780 442  365    -5121223    106           2    -36   15  59  105   14  412   89  412   89  12  0  0 L3P F7
G04 FF 61137 151400  780 416 1309     -523170    -31          24    -15   24  93  111    3  370   36  370   36  19  0  0 L3P EB
G06 FF 61137 151400  780 266 2703     6114546    -40          -5    -26   30 100  163    9  556   68  556   68  27  0  0 L3P 1D
G07 FF 61137 151400  780 591 2567     1703188     16          16    -30   16  12   86   -2  318   23  318   23  11  0  0 L3P ED
G09 FF 61137 151400  780 488 1802    -7615830      3          29    -25   17  49   98   -4  340   20  340   20  14  0  0 L3P F1
G16 FF 61137 151400  780 199 1309    -2405957   -128          40    -57   29 109  215   42  558  123  558  123  21  0  0 L3P 7D
G30 FF 61137 151400  780 300 2887    -1793631   -151          42    -19   20  58  147  -20  500  -33  500  -33  17  0  0 L3P 4B
G03 FF 61137 153000  780 370  316    -5121083    166           6     24   15  59  122   21  473   62  473   62  14  0  0 L3P EA
G04 FF 61137 153000  780 401 1213     -523212    -47          -3    -31   26  93  114    4  413   61  413   61  18  0  0 L3P D6
G06 FF 61137 153000  780 247 2785     6114587     24          49     38   33 100  175   16  560   35  560   35  27  0  0 L3P 1D
G07 FF 61137 153000  780 601 2402     1703221     33           4    -14   17  12   85    0  327   15  327   15  15  0  0 L3P B0
G09 FF 61137 153000  780 511 1698    -7615807     56          25     27   13  49   94   -3  345  -21  345  -21  10  0  0 L3P 15
G30 FF 61137 153000  780 342 2811    -1793770   -151          30    -19   19  58  131  -14  467  -13  467  -13  15  0  0 L3P 59
G03 FF 61137 154600  780 298  280    -5120960    141          -7     -1   23  59  148   33  578  105  578  105  17  0  0 L3P 31
G04 FF 61137 154600  780 383 1119     -523216    -10           8      6   24  93  118    5  431   21  431   21  19  0  0 L3P BE
G06 FF 61137 154600  780 220 2863     6114560    -14          34     -1   26 100  195   25  645   91  645   91  22  0  0 L3P 13
G07 FF 61137 154600  780 595 2238     1703266     32           5    -14   11  12   85    1  332   22  332   22  10  0  0 L3P BD
G09 FF 61137 154600  780 532 1584    -7615783     55          22     27   15  49   92   -2  350  -28  350  -28  13  0  0 L3P 20
G30 FF 61137 154600  780 378 2726    -1793899   -120          27     11   19  58  120  -10  450  -30  450  -30  16  0  0 L3P 50
G03 FF 61137 160200  780 227  256    -5120815    208           5     66   31  62  190   57  699  108  699  108  22  0  0 L3P 2D
G04 FF 61137 160200  780 361 1028     -523229    -35          12    -19   19  94  124    7  466   59  466   59  19  0  0 L3P 13
G06 FF 61137 160200  780 189 2936     6114551     -7          39      7   30 101  225   39  745  115  745  115  23  0  0 L3P 23
G07 FF 61137 160200  780 577 2086     1703316     70          15     24   11  13   87    2  342    7  342    7   9  0  0 L3P 9E
G09 FF 61137 160200  780 549 1461    -7615754     37          23      9   17  50   90   -2  359    3  359    3  14  0  0 L3P CD
G14 FF 61137 160200  780 251 3392    -7423988    -19          11     -5   34  76  173  -47  687  -98  687  -98  28  0  0 L3P 72
G30 FF 61137 160200  780 410 2634    -1794032   -173          26    -41   12  71  112   -7  442   40  442   40  11  0  0 L3P 0D
G04 FF 61137 161800  780 336  941     -523250    -70           7    -54   27  94  133   10  512  105  512  105  23  0  0 L3P FF
G07 FF 61137 161800  780 551 1951     1703355     57           9     11   17  13   90    3  364   14  364   14  14  0  0 L3P C5
G09 FF 61137 161800  780 560 1329    -7615735      6          15    -23   16  50   89   -1  376   42  376   42  15  0  0 L3P 00
G14 FF 61137 161800  780 323 3381    -7423991      8          20     22   43  76  137  -29  590 -100  590 -100  38  0  0 L3P 47
G30 FF 61137 161800  780 436 2534    -1794143   -147          42    -15   20  71  106   -5  420   -3  420   -3  18  0  0 L3P 15
G04 FF 61137 163400  780 306  858     -523243    -23          29     -8   25  94  144   14  544   68  544   68  19  0  0 L3P 07
G07 FF 61137 163400  780 519 1832     1703399     13           8    -33   16  13   93    4  383   38  383   38  13  0  0 L3P E5
G09 FF 61137 163400  780 562 1189    -7615704     20          19     -9   14  50   88    0  386   17  386   17  11  0  0 L3P F5
G14 FF 61137 163400  780 397 3361    -7424014     -7          10      6   21  76  115  -19  536  -62  536  -62  20  0  0 L3P 1A
G21 FF 61137 163400  780 234 2235    -4134807    -10          36      6   44  75  184  -43  574  -45  574  -45  39  0  0 L3P 3B
G22 FF 61137 163400  780 229 3357      222952   -102          10    -43   33  13  188  -53  770  -75  770  -75  33  0  0 L3P 43
G30 FF 61137 163400  780 456 2430    -1794281   -168          30    -36   18  71  103   -3  427   25  427   25  16  0  0 L3P 32
G04 FF 61137 165000  780 273  780     -523281     46           6     62   38  94  160   20  629   20  629   20  33  0  0 L3P D5
G07 FF 61137 165000  780 486 1726     1703434     58          -1     11   12  13   98    5  409   18  409   18  11  0  0 L3P D6
G08 FF 61137 165000  780 178 1022    -4655745     99          27     34   37   3  238   -4  715  -40  715  -40  31  0  0 L3P 1A
G09 FF 61137 165000  780 553 1049    -7615673     32          23      3   14  50   89    2  399   15  399   15  13  0  0 L3P E7
G14 FF 61137 165000  780 473 3331    -7424012    -47          25    -34   42  76  100  -13  479  -10  479  -10  40  0  0 L3P 3D
G21 FF 61137 165000  780 287 2280    -4134833    -21          25     -5   27  75  153  -26  550  -13  550  -13  23  0  0 L3P 2D
G22 FF 61137 165000  780 297 3339      222882    -38          -3     21   29  13  148  -32  684  -97  684  -97  23  0  0 L3P 3B
G30 FF 61137 165000  780 472 2321    -1794408   -134          30     -2   15  71  100   -2  421    5  421    5  13  0  0 L3P D6
G04 FF 61137 170600  780 235  708     -523304     -8          -2      8   34  94  184   30  708   69  708   69  27  0  0 L3P E1
G07 FF 61137 170600  780 452 1629     1703482     57           2     10   20  13  104    6  420   11  420   11  18  0  0 L3P B7
G08 FF 61137 170600  780 177 1094    -4655678     98          32     33   33   3  239    7  701  -46  701  -46  29  0  0 L3P 1F
G09 FF 61137 170600  780 533  916    -7615651      2          18    -26   17  50   92    3  424   40  424   40  16  0  0 L3P CF
G14 FF 61137 170600  780 550 3286    -7424038    -25          12    -12   18  76   90   -9  454  -18  454  -18  16  0  0 L3P 35
G21 FF 61137 170600  780 335 2339    -4134853    -32          21    -16   24  75  133  -16  535    0  535    0  24  0  0 L3P FF
G22 FF 61137 170600  780 366 3312      222836    -93           8    -34   33  13  123  -21  600  -37  600  -37  34  0  0 L3P 0A
G30 FF 61137 170600  780 482 2211    -1794544   -159          20    -27   13  71   98   -1  424   19  424   19  12  0  0 L3P 21
G04 FF 61137 172200  780 193  643     -523311   -109           7    -93   40  94  221   49  799  212  799  212  35  0  0 L3P 37
G07 FF 61137 172200  780 419 1539     1703528     68           3     21   15  13  110    7  443    8  443    8  13  0  0 L3P B1
G09 FF 61137 172200  780 501  796    -7615626     46          15     18   19  50   96    5  454   20  454   20  17  0  0 L3P E4
G14 FF 61137 172200  780 625 3217    -7424052    -20          12     -7   16  76   83   -6  432  -15  432  -15  14  0  0 L3P 08
G21 FF 61137 172200  780 374 2415    -4134861     10          28     26   28  75  121  -10  523  -24  523  -24  24  0  0 L3P 1F
G22 FF 61137 172200  780 436 3274      222781   -105          10    -46   19  13  107  -14  550    6  550    6  16  0  0 L3P F0
G30 FF 61137 172200  780 489 2099    -1794669   -116          22     16   18  71   97   -1  421  -12  421  -12  16  0  0 L3P 36
G05 FF 61137 173800  780 188 2295     2314339     17          41     11   32  94  226  -44  730  -21  730  -21  27  0  0 L3P 24
G07 FF 61137 173800  780 387 1454     1703575     44           5     -3   18  13  117    8  466   22  466   22  15  0  0 L3P E2
G09 FF 61137 173800  780 460  691    -7615591      2          23    -27   24  50  102    8  486   78  486   78  20  0  0 L3P FF
G14 FF 61137 173800  780 697 3101    -7424073     10           3     24   12  76   78   -4  422  -31  422  -31  11  0  0 L3P EC
G21 FF 61137 173800  780 402 2504    -4134873      2          31     18   18  75  114   -5  527   -5  527   -5  15  0  0 L3P E7
G22 FF 61137 173800  780 506 3220      222721    -65           7     -6   12  13   95  -10  512  -33  512  -33  10  0  0 L3P D8
G30 FF 61137 173800  780 492 1988    -1794802   -160          16    -28   20  71   97    0  424   23  424   23  15  0  0 L3P 1E
G05 FF 61137 175400  780 221 2358     2314341    -46          37    -52   24  94  194  -25  715   26  715   26  18  0  0 L3P 2F
G07 FF 61137 175400  780 356 1372     1703637     34          22    -13   20  13  126    9  472   38  472   38  17  0  0 L3P FD
G09 FF 61137 175400  780 412  603    -7615558     31          28      2   31  50  112   12  532   58  532   58  27  0  0 L3P E6
G14 FF 61137 175400  780 755 2890    -7424079     -4          11      9   17  76   76   -2  403  -16  403  -16  14  0  0 L3P 03
G17 FF 61137 175400  780 229  133     1072569     50          40    -42   28  30  188  -46  907  -94  907  -94  23  0  0 L3P 38
G21 FF 61137 175400  780 415 2605    -4134890    -23          29     -7   27  75  111   -1  543   32  543   32  24  0  0 L3P 07
G22 FF 61137 175400  780 573 3143      222672    -50          15      9   12  13   87   -7  474  -37  474  -37  10  0  0 L3P EF
G30 FF 61137 175400  780 493 1878    -1794923   -131          22      1   14  71   97    0  417   -3  417   -3  13  0  0 L3P EF
G05 FF 61137 181000  780 246 2429     2314346    -13          40    -19   31  95  176  -13  721   33  721   33  25  0  0 L3P 1A
G07 FF 61137 181000  780 327 1292     1703670     39          10     -8   20  26  136   11  496   19  496   19  16  0  0 L3P FF
G09 FF 61137 181000  780 358  531    -7615537     48          22     19   28  87  126   18  594   45  594   45  22  0  0 L3P 1D
G14 FF 61137 181000  780 782 2529    -7424086    -14          21      0    9  77   75    0  390   -1  390   -1   9  0  0 L3P B6
G17 FF 61137 181000  780 288  174     1072648     43          27    -49   44  51  152  -30  773  -94  773  -94  39  0  0 L3P 41
G21 FF 61137 181000  780 414 2710    -4134896    -28          35    -12   23  76  111    2  570   44  570   44  21  0  0 L3P 04
G22 FF 61137 181000  780 635 3033      222617    -59          14      0   14  33   82   -4  441  -28  441  -28  12  0  0 L3P D5
G30 FF 61137 181000  780 492 1769    -1795047    -94          29     38   14  72   97    0  414  -29  414  -29  11  0  0 L3P 26
G05 FF 61137 182600  780 260 2507     2314353     15          42      9   29  95  167   -5  738   19  738   19  24  0  0 L3P 00
G07 FF 61137 182600  780 298 1214     1703704     37           0    -10   18  26  147   13  520   20  520   20  14  0  0 L3P DC
G09 FF 61137 182600  780 300  471    -7615508     64          24     35   27  87  147   27  678   79  678   79  23  0  0 L3P 2D
G13 FF 61137 182600  780 219 2163    -6804902      5          -3    -11   35  79  196  -52  665  -83  665  -83  28  0  0 L3P 46
G14 FF 61137 182600  780 759 2165    -7424113    -14           7     -1   11  77   76    1  393  -11  393  -11  11  0  0 L3P F2
G17 FF 61137 182600  780 350  217     1072719    110          10     18   29  51  128  -21  673 -115  673 -115  25  0  0 L3P 40
G21 FF 61137 182600  780 398 2812    -4134920    -25          27     -9   22  76  115    5  615   48  615   48  20  0  0 L3P 0E
G22 FF 61137 182600  780 686 2869      222549    -49           3     10   17  33   79   -2  425  -28  425  -28  14  0  0 L3P 01
G30 FF 61137 182600  780 489 1660    -1795185   -149          17    -17   12  72   97    1  415    3  415    3  12  0  0 L3P FC
G05 FF 61137 184200  780 263 2589     2314350    -17          33    -23   29  95  165    1  779   59  779   59  23  0  0 L3P 2E
G07 FF 61137 184200  780 271 1138     1703766     39          17     -8   30  26  161   16  522   26  522   26  25  0  0 L3P FA
G09 FF 61137 184200  780 239  423    -7615473     84          32     56   26  87  181   45  789  107  789  107  20  0  0 L3P 48
G13 FF 61137 184200  780 280 2145    -6804885    -20          -1    -36   27  79  156  -33  582  -50  582  -50  23  0  0 L3P 52
G14 FF 61137 184200  780 706 1945    -7424126    -18           8     -4   16  77   78    3  384    1  384    1  15  0  0 L3P CA
G17 FF 61137 184200  780 414  268     1072806     79           9    -13   17  51  111  -15  588  -74  588  -74  13  0  0 L3P 27
G19 FF 61137 184200  780 228   20    -6963398    -13          66     -1   24  98  189  -53 1000 -222 1000 -222  19  0  0 L3P 5E
G20 FF 61137 184200  780 234 2175     -959336   -196          45      3   27 143  185  -49  652  -97  652  -97  26  0  0 L3P 6A
G21 FF 61137 184200  780 371 2907    -4134941    -31          21    -16   25  76  122    9  676   82  676   82  21  0  0 L3P 20
G22 FF 61137 184200  780 716 2639      222492    -53           3      6   14  33   78   -1  408  -17  408  -17  12  0  0 L3P D8
G30 FF 61137 184200  780 485 1551    -1795309   -195          20    -63   17  72   98    1  400   52  400   52  15  0  0 L3P 14
G05 FF 61137 185800  780 255 2672     2314396     59          74     53   26  95  170    8  786   14  786   14  22  0  0 L3P 16
G07 FF 61137 185800  780 243 1064     1703813     60          19     14   37  26  178   20  540    4  540    4  33  0  0 L3P D4
G13 FF 61137 185800  780 344 2135    -6804877     16          -9      1   20  79  130  -23  518  -67  518  -67  16  0  0 L3P 35
G14 FF 61137 185800  780 645 1814    -7424135      2          11     16   18  77   82    4  370  -27  370  -27  16  0  0 L3P F9
G17 FF 61137 185800  780 478  329     1072895    127           9     35   17  51   99  -10  515  -89  515  -89  13  0  0 L3P 31
G19 FF 61137 185800  780 296   49    -6963436      4          40     17   28  98  149  -33  826 -208  826 -208  21  0  0 L3P 50
G20 FF 61137 185800  780 298 2179     -959539   -188          33     11   33 143  147  -30  572  -79  572  -79  26  0  0 L3P 84
G21 FF 61137 185800  780 335 2992    -4134953    -46          24    -30   24  76  133   14  755  121  755  121  19  0  0 L3P 57
G22 FF 61137 185800  780 717 2375      222448    -29          15     31   16  33   77    1  382  -52  382  -52  13  0  0 L3P F7
G30 FF 61137 185800  780 478 1444    -1795428   -163          28    -31   26  72   99    1  376   18  376   18  23  0  0 L3P 3A
G05 FF 61137 191400  780 238 2753     2314402   -148          74   -153   34  95  181   15  873  271  873  271  34  0  0 L3P 74
G07 FF 61137 191400  780 214  992     1703874     81          35     35   35  26  200   26  541   -8  541   -8  31  0  0 L3P E7
G13 FF 61137 191400  780 411 2135    -6804840      7          13     -9   19  79  112  -16  445  -44  445  -44  18  0  0 L3P 22
G14 FF 61137 191400  780 582 1724    -7424153     -5           6      9   20  77   87    6  370   -4  370   -4  17  0  0 L3P BF
G17 FF 61137 191400  780 541  410     1072988    110          14     18   14  51   91   -7  452  -75  452  -75  12  0  0 L3P 00
G19 FF 61137 191400  780 368   80    -6963444    -21          44     -8   22  98  123  -22  665 -137  665 -137  18  0  0 L3P 5A
G20 FF 61137 191400  780 365 2196     -959731   -226          32    -27   28 143  124  -20  506  -42  506  -42  25  0  0 L3P 60
G21 FF 61137 191400  780 293 3069    -4134961     10          32     26   44  76  150   21  867  125  867  125  31  0  0 L3P 38
G22 FF 61137 191400  780 689 2146      222385    -78           9    -19   13  33   79    2  370    0  370    0  11  0  0 L3P AE
G30 FF 61137 191400  780 468 1337    -1795563    -87          20     45   24  72  101    2  377  -58  377  -58  22  0  0 L3P 3A
G05 FF 61137 193000  780 215 2831     2314370     -8          36    -14   29  95  200   24 1048  183 1048  183  24  0  0 L3P 48
G07 FF 61137 193000  780 185  922     1703903      3          20    -44   38  26  229   36  575   54  575   54  34  0  0 L3P F7
G13 FF 61137 193000  780 481 2148    -6804836     12           2     -4   22  79   99  -11  408  -38  408  -38  19  0  0 L3P 1D
G14 FF 61137 193000  780 521 1652    -7424165    -21           8     -7   18  77   93    8  359   -2  359   -2  14  0  0 L3P E1
G15 FF 61137 193000  780 195 2220    -4010927      6          56     39   47 113  219  -61  651 -148  651 -148  42  0  0 L3P 5E
G17 FF 61137 193000  780 596  521     1073073     89          10     -3   15  51   85   -4  406  -47  406  -47  13  0  0 L3P ED
G19 FF 61137 193000  780 443  114    -6963445    -30          56    -18   30  98  105  -15  540  -93  540  -93  29  0  0 L3P 4A
G20 FF 61137 193000  780 430 2228     -959928   -182          26     17   27 143  108  -14  458  -65  458  -65  22  0  0 L3P 68
G21 FF 61137 193000  780 249 3137    -4134972    -22          37     -7   25  76  174   30 1013  173 1013  173  19  0  0 L3P 57
G22 FF 61137 193000  780 645 1976      222338    -60          19     -1   15  33   81    3  347  -16  347  -16  14  0  0 L3P EA
G30 FF 61137 193000  780 454 1232    -1795712    -87          -3     45   15  72  103    3  391  -57  391  -57  12  0  0 L3P 1F
G05 FF 61137 194600  780 185 2904     2314380     33          41     28   45  95  229   38 1220  146 1220  146  37  0  0 L3P 4C
G13 FF 61137 194600  780 552 2181    -6804828      6          -6    -10   14  79   90   -8  377  -24  377  -24  13  0  0 L3P 1A
G14 FF 61137 194600  780 463 1588    -7424172      8          14     21   24  77  102   10  345  -25  345  -25  22  0  0 L3P 13
G15 FF 61137 194600  780 248 2251    -4010967    -46          48    -14   37 113  174  -35  568  -66  568  -66  34  0  0 L3P 81
G17 FF 61137 194600  780 637  674     1073158     86           7     -6   12  51   82   -2  362  -26  362  -26  10  0  0 L3P E4
G19 FF 61137 194600  780 520  156    -6963470    -55          42    -42   18  98   93  -10  460  -48  460  -48  15  0  0 L3P 44
G20 FF 61137 194600  780 494 2282     -960117   -208          28     -9   14 143   97   -9  417  -19  417  -19  13  0  0 L3P 41
G21 FF 61137 194600  780 205 3200    -4134998     44          25     60   23  76  208   43 1152    3 1152    3  20  0  0 L3P FB
G22 FF 61137 194600  780 594 1852      222270    -33           7     26   11  33   85    5  338  -43  338  -43  11  0  0 L3P DE
G30 FF 61137 194600  780 437 1130    -1795821   -165          15    -33   20  72  106    4  363   25  363   25  17  0  0 L3P 21
G13 FF 61137 200200  780 621 2247    -6804808     30          -3     14   16  80   83   -5  347  -30  347  -30  15  0  0 L3P F8
G14 FF 61137 200200  780 408 1529    -7424192     -4          11      9   16  78  112   12  336  -17  336  -17  14  0  0 L3P 03
G15 FF 61137 200200  780 299 2295    -4011019    -17          28     16   25 119  147  -22  520  -51  520  -51  23  0  0 L3P 3E
G17 FF 61137 200200  780 653  864     1073246     97           8      5   20  96   81    0  328  -30  328  -30  18  0  0 L3P C0
G19 FF 61137 200200  780 598  217    -6963488      8          29     21   23  99   85   -7  398  -65  398  -65  18  0  0 L3P 29
G20 FF 61137 200200  780 550 2366     -960317   -200          21     -1   17 144   90   -6  400  -18  400  -18  15  0  0 L3P 02
G22 FF 61137 200200  780 541 1753      222223    -80          15    -21   18  34   91    6  317    5  317    5  17  0  0 L3P A5
G30 FF 61137 200200  780 415 1032    -1795959    -95           4     37   22  73  111    5  369  -26  369  -26  22  0  0 L3P 15
G13 FF 61137 201800  780 682 2372    -6804792     18          -2      2   17  80   79   -3  327  -17  327  -17  14  0  0 L3P 02
G14 FF 61137 201800  780 357 1472    -7424201    -26          15    -13   20  78  126   15  324    5  324    5  16  0  0 L3P F0
G15 FF 61137 201800  780 344 2353    -4011037    -24          41      9   21 119  130  -14  469  -44  469  -44  20  0  0 L3P 30
G17 FF 61137 201800  780 639 1054     1073336    104          10     12   14  96   82    2  300  -30  300  -30  11  0  0 L3P DA
G19 FF 61137 201800  780 672  317    -6963487    -28          43    -16   14  99   80   -4  342  -32  342  -32  12  0  0 L3P 25
G20 FF 61137 201800  780 594 2488     -960499   -201          29     -2   17 144   85   -3  376  -13  376  -13  15  0  0 L3P 3A
G22 FF 61137 201800  780 488 1670      222164    -68          13     -9   23  34   98    8  298   -7  298   -7  19  0  0 L3P E7
G30 FF 61137 201800  780 389  939    -1796072   -130          17      2   22  73  117    8  352   -1  352   -1  19  0  0 L3P EB
G13 FF 61137 203400  780 723 2588    -6804771     14          36     -2   14  25   77   -1  313   -6  313   -6  12  0  0 L3P DD
G14 FF 61137 203400  780 310 1416    -7424209     -5          20      9   25  78  142   19  294  -40  294  -40  20  0  0 L3P 00
G15 FF 61137 203400  780 381 2426    -4011075    -37          35     -4   21 119  119   -9  437  -37  437  -37  19  0  0 L3P 3E
G17 FF 61137 203400  780 598 1204     1073426     92          12      0   16  96   85    4  277  -24  277  -24  16  0  0 L3P EA
G19 FF 61137 203400  780 734  502    -6963501    -14          41     -1   24  99   77   -2  300  -41  300  -41  15  0  0 L3P F0
G20 FF 61137 203400  780 618 2647     -960680   -277          39    -78   40 144   83   -1  360   38  360   38  25  0  0 L3P 34
G22 FF 61137 203400  780 438 1596      222111    -80          17    -21   25  34  106   10  279    2  279    2  22  0  0 L3P CC
G30 FF 61137 203400  780 357  852    -1796191   -150          25    -18   24  73  126   11  348   25  348   25  21  0  0 L3P 26
G06 FF 61137 205000  780 203  400     6114305     15          27     28   41 106  211  -47  665 -222  665 -222  33  0  0 L3P 2C
G13 FF 61137 205000  780 725 2872    -6804757     22          35      6   12  25   77    1  305   -9  305   -9  10  0  0 L3P C9
G14 FF 61137 205000  780 267 1359    -7424233    -16           9     -3   25  78  163   24  281  -13  281  -13  17  0  0 L3P 19
G15 FF 61137 205000  780 407 2513    -4011112    -24          30      9   20 119  113   -5  417  -31  417  -31  17  0  0 L3P 02
G17 FF 61137 205000  780 542 1306     1073508     82           5    -10   17  96   91    7  255  -19  255  -19  14  0  0 L3P EF
G19 FF 61137 205000  780 762  819    -6963528    -48          26    -35   23  99   76    0  268  -15  268  -15  16  0  0 L3P 30
G20 FF 61137 205000  780 615 2822     -960874   -221          36    -22   17 144   84    1  359   26  359   26  14  0  0 L3P 16
G22 FF 61137 205000  780 390 1526      222055    -46          17     13   18  34  117   12  254  -47  254  -47  15  0  0 L3P 03
G30 FF 61137 205000  780 321  773    -1796313   -113          29     19   25  73  138   15  346   -9  346   -9  24  0  0 L3P 15
G06 FF 61137 210600  780 249  461     6114295      3          30     17   42 106  174  -31  501 -161  501 -161  29  0  0 L3P 21
G13 FF 61137 210600  780 686 3106    -6804744     -9          33    -25   11  25   79    3  308   30  308   30  10  0  0 L3P E5
G14 FF 61137 210600  780 227 1301    -7424227     37          28     51   33  78  189   31  231  -75  231  -75  25  0  0 L3P 24
G15 FF 61137 210600  780 420 2612    -4011137     -5          36     28   27 119  110   -1  409  -20  409  -20  25  0  0 L3P 09
G17 FF 61137 210600  780 477 1369     1073604     98          12      5   30  96   99   11  221  -35  221  -35  29  0  0 L3P FC
G19 FF 61137 210600  780 737 1139    -6963557      8           9     20   15  99   77    2  246  -44  246  -44  11  0  0 L3P FA
G20 FF 61137 210600  780 587 2980     -961068   -171          34     28   15 144   86    4  368   -1  368   -1  12  0  0 L3P 09
G22 FF 61137 210600  780 345 1459      221989    -45           9     14   18  34  129   15  232  -45  232  -45  15  0  0 L3P 04
G24 FF 61137 210600  780 228 2195      464962    -91          42     83   30  37  189  -44  376 -170  376 -170  26  0  0 L3P 5C
G30 FF 61137 210600  780 281  700    -1796438    -38          31     94   30  73  156   22  351  -69  351  -69  25  0  0 L3P 2B
G06 FF 61137 212200  780 295  528     6114289    -34          38    -21   44 106  149  -22  376 -102  376 -102  33  0  0 L3P 61
G12 FF 61137 212200  780 204 2624     6079973    -55          38    -55   34  65  209  -29  785 -195  785 -195  28  0  0 L3P 92
G13 FF 61137 212200  780 624 3251    -6804730    -11          32    -27   13  25   83    5  314   28  314   28  12  0  0 L3P EA
G14 FF 61137 212200  780 190 1243    -7424269    -60           0    -47   25  78  224   41  213  -13  213  -13  20  0  0 L3P 10
G15 FF 61137 212200  780 419 2715    -4011173    -31          32      2   29 119  110    2  416   -1  416   -1  26  0  0 L3P D7
G17 FF 61137 212200  780 409 1406     1073693     88          14     -4   28  96  112   16  193  -39  193  -39  24  0  0 L3P 23
G19 FF 61137 212200  780 679 1320    -6963553     13          25     25   13  99   79    4  205  -55  205  -55  12  0  0 L3P 0D
G20 FF 61137 212200  780 541 3104     -961256   -200          36     -1   17 144   91    6  381   14  381   14  15  0  0 L3P E7
G22 FF 61137 212200  780 303 1393      221955    -60          31      0   17  34  145   18  177  -46  177  -46  13  0  0 L3P F5
G24 FF 61137 212200  780 284 2173      464794   -241          41    -67   31  37  154  -30  300  -13  300  -13  26  0  0 L3P 28
G30 FF 61137 212200  780 237  636    -1796542   -116          53     16   39  73  182   34  350   17  350   17  34  0  0 L3P 1A
G06 FF 61137 213800  780 339  603     6114279    -13          40      1   29 106  132  -15  278  -95  278  -95  23  0  0 L3P 2B
G11 FF 61137 213800  780 211  154     3807277   -152          63    -25   29 157  203  -53  891 -213  891 -213  19  0  0 L3P 7B
G12 FF 61137 213800  780 232 2553     6079983     17          49     17   29  65  185  -21  566 -190  566 -190  25  0  0 L3P 6C
G13 FF 61137 213800  780 552 3340    -6804712     31          34     15   25  25   90    8  337   24  337   24  20  0  0 L3P DC
G15 FF 61137 213800  780 405 2816    -4011208     -4          29     29   23 119  113    5  439   14  439   14  20  0  0 L3P FB
G17 FF 61137 213800  780 340 1424     1073781     67          12    -25   25  96  131   24  159  -22  159  -22  22  0  0 L3P 1F
G19 FF 61137 213800  780 608 1408    -6963552     10          38     23   20  99   84    6  169  -49  169  -49  17  0  0 L3P 2A
G20 FF 61137 213800  780 484 3199     -961455   -207          28     -8   21 144   98    9  421   62  421   62  17  0  0 L3P 15
G22 FF 61137 213800  780 264 1327      221888    -56          21      3   17  34  164   22  156  -26  156  -26  14  0  0 L3P FE
G24 FF 61137 213800  780 345 2158      464618   -181          32     -7   18  37  130  -21  242  -61  242  -61  14  0  0 L3P 24
G30 FF 61137 213800  780 190  578    -1796660   -150          63    -18   39  73  224   56  377   75  377   75  34  0  0 L3P 4E
G06 FF 61137 215400  780 377  688     6114250     19          24     33   31 106  120  -10  226 -100  226 -100  26  0  0 L3P 29
G11 FF 61137 215400  780 269  199     3807157   -103          65     24   41 157  162  -34  652 -273  652 -273  37  0  0 L3P 7B
G12 FF 61137 215400  780 259 2480     6079975    -40          40    -40   30  65  168  -16  424 -107  424 -107  27  0  0 L3P 69
G13 FF 61137 215400  780 477 3400    -6804709    -19          22    -35   30  25   99   12  404  106  404  106  27  0  0 L3P 31
G15 FF 61137 215400  780 378 2911    -4011237    -41          32     -8   18 119  120    9  483   72  483   72  16  0  0 L3P 16
G17 FF 61137 215400  780 272 1429     1073879     42          22    -50   25  96  161   38  123   -1  123   -1  20  0  0 L3P F4
G19 FF 61137 215400  780 535 1449    -6963556    -25          46    -13   17  99   92    9  140  -17  140  -17  17  0  0 L3P 36
G20 FF 61137 215400  780 423 3271     -961651   -208          24     -9   26 144  109   14  501  106  501  106  25  0  0 L3P 34
G22 FF 61137 215400  780 228 1261      221826     -9          15     50   27  34  189   28  139  -69  139  -69  22  0  0 L3P 11
G24 FF 61137 215400  780 408 2150      464454   -178          35     -4   22  37  112  -15  194  -31  194  -31  19  0  0 L3P 27
G06 FF 61137 221000  780 407  783     6114226      6          14     20   24 107  113   -6  186  -58  186  -58  20  0  0 L3P F8
G11 FF 61137 221000  780 329  248     3807035   -144          71    -16   29 158  135  -23  465 -143  465 -143  22  0  0 L3P 72
G12 FF 61137 221000  780 285 2407     6079974    -34          40    -34   30  67  153  -13  308  -78  308  -78  27  0  0 L3P 4E
G13 FF 61137 221000  780 403 3446    -6804709     28           9     12   35  27  114   18  527  147  527  147  32  0  0 L3P 22
G15 FF 61137 221000  780 343 2997    -4011269    -35          32     -2   29 120  130   13  577  130  577  130  25  0  0 L3P 3B
G17 FF 61137 221000  780 206 1423     1073963    118          15     26   29  98  208   63   97  -39   97  -39  23  0  0 L3P 1D
G19 FF 61137 221000  780 462 1465    -6963572     -5          41      8   19 100  102   13  114  -22  114  -22  17  0  0 L3P 08
G20 FF 61137 221000  780 360 3330     -961849   -256          14    -57   45 145  125   19  628  199  628  199  42  0  0 L3P 77
G22 FF 61137 221000  780 193 1196      221795    -43          40     16   30  35  220   37   89  -29   89  -29  25  0  0 L3P F5
G24 FF 61137 221000  780 475 2153      464278   -170          31      4   14  38  100  -11  165  -31  165  -31  12  0  0 L3P 02
G06 FF 61137 222600  780 426  887     6114206    -28           7    -14   28 107  109   -2  152  -29  152  -29  24  0  0 L3P 1D
G11 FF 61137 222600  780 392  302     3806881   -134          40     -6   20 158  116  -16  357 -113  357 -113  15  0  0 L3P 56
G12 FF 61137 222600  780 311 2332     6079969     -7          35     -7   29  67  142  -11  224  -60  224  -60  27  0  0 L3P 1C
G13 FF 61137 222600  780 330 3483    -6804683     78          20     62   21  27  135   26  672  107  672  107  15  0  0 L3P 35
G15 FF 61137 222600  780 303 3075    -4011298    -65          34    -32   39 120  145   19  702  139  702  139  27  0  0 L3P 59
G19 FF 61137 222600  780 392 1465    -6963585     24          39     36   25 100  116   18   94  -55   94  -55  22  0  0 L3P 2E
G20 FF 61137 222600  780 298 3381     -962039   -167          14     32   42 145  147   28  759   99  759   99  40  0  0 L3P 5A
G24 FF 61137 222600  780 544 2172      464105   -188          25    -14   18  38   90   -8  146  -13  146  -13  17  0  0 L3P 1B
G06 FF 61137 224200  780 429  996     6114191    -12           4      1   23 107  108    1  122  -12  122  -12  19  0  0 L3P D1
G11 FF 61137 224200  780 455  369     3806758   -121          38      7   17 158  103  -11  266  -92  266  -92  14  0  0 L3P 41
G12 FF 61137 224200  780 338 2257     6079968    -23          33    -23   32  67  132  -10  174  -23  174  -23  29  0  0 L3P 42
G13 FF 61137 224200  780 261 3518    -6804675     30          12     14   29  27  166   41  846  211  846  211  23  0  0 L3P 2E
G15 FF 61137 224200  780 259 3145    -4011332    -48          32    -15   34 120  167   27  817  165  817  165  29  0  0 L3P 60
G19 FF 61137 224200  780 325 1455    -6963590     35          46     48   36 100  136   25   75  -57   75  -57  29  0  0 L3P 31
G20 FF 61137 224200  780 239 3427     -962221   -225          24    -26   26 145  180   42  914  224  914  224  18  0  0 L3P 57
G24 FF 61137 224200  780 613 2216      463936   -188          22    -14   14  38   84   -6  136   12  136   12  12  0  0 L3P F7
G06 FF 61137 225800  780 416 1100     6114177     11           4     24   19 107  111    5  107  -31  107  -31  17  0  0 L3P E2
G11 FF 61137 225800  780 514  453     3806625   -159          28    -32   15 158   94   -8  204  -33  204  -33  11  0  0 L3P 2C
G12 FF 61137 225800  780 366 2182     6079960     10          25     10   16  67  123   -9  146  -35  146  -35  15  0  0 L3P 17
G13 FF 61137 225800  780 197 3552    -6804647     47          25     31   30  27  217   68 1052  167 1052  167  24  0  0 L3P 64
G15 FF 61137 225800  780 215 3209    -4011374    -15          31     18   22  11  199   39  992  142  992  142  18  0  0 L3P 45
G19 FF 61137 225800  780 263 1438    -6963587     43          57     56   24  39  166   37   66  -50   66  -50  19  0  0 L3P 2F
G20 FF 61137 225800  780 184 3470     -962436   -188           0     11   29 145  231   64 1100  121 1100  121  21  0  0 L3P 40
G24 FF 61137 225800  780 679 2306      463765   -190          19    -16   15  38   79   -4  138   15  138   15  13  0  0 L3P 19
G06 FF 61137 231400  780 389 1193     6114167    -15           7     -1   25 107  117    9   95    5   95    5  23  0  0 L3P B3
G11 FF 61137 231400  780 566  563     3806498   -133          23     -6   14 158   88   -5  161  -27  161  -27  15  0  0 L3P 27
G12 FF 61137 231400  780 396 2104     6079963    -10          29    -10   29  67  115   -8  125   -4  125   -4  26  0  0 L3P 06
G19 FF 61137 231400  780 204 1414    -6963599     -6          57      6   42  39  210   57   69    2   69    2  31  0  0 L3P BF
G24 FF 61137 231400  780 733 2484      463596   -162          17     12   15  38   77   -2  143    5  143    5  13  0  0 L3P D0
