CGGTTS     GENERIC DATA FORMAT VERSION = 2E
REV DATE = 2025-11-01
RCVR = PolaRx5TR (5.6.0)     sbf2cggtts-1.5.0
CH = 80
IMS = PolaRx5TR
LAB = LRTE
X = 3967035.920 m
Y = -4390028.540 m
Z = -2375644.640 m
FRAME = ITRF
COMMENTS = LS=18; ElMask=10deg; 'Generated from the SBF in 2026-01-13 at 23:46:00'
INT DLY = 24.9 ns (GPS P1),  15.7 ns (GPS P2)     CAL_ID = 1201-2025
CAB DLY = 103.1 ns
REF DLY = 47.2 ns
REF = UTC(LRTE)
CKSUM = f9

SAT CL  MJD  STTIME TRKL ELV AZTH   REFSV      SRSV     REFSYS    SRSYS  DSG IOE MDTR SMDT MDIO SMDI MSIO SMSI ISG FR HC FRC CK
             hhmmss  s  .1dg .1dg    .1ns     .1ps/s     .1ns    .1ps/s .1ns     .1ns.1ps/s.1ns.1ps/s.1ns.1ps/s.1ns
G01 FF 61053 194600  780 313 3546    -3442292     48          22     12   22 173  141   29  476   88  476   88  17  0  0 L3P 32
G03 FF 61053 194600  780 692  976    -5993744    104           7      4   15  43   79    1  231   -7  231   -7  13  0  0 L3P CA
G04 FF 61053 194600  780 463 1713     -379648    -18          14      6   27 217  102    2  240  -20  240  -20  22  0  0 L3P FA
G06 FF 61053 194600  780 216 2331     6020596     13          13    -27   36  83  198  -30  406    1  406    1  34  0  0 L3P E9
G07 FF 61053 194600  780 378 3081     1348311     51          -7     -2   15  63  120  -17  395  -74  395  -74  12  0  0 L3P 23
G09 FF 61053 194600  780 396 2191    -7702218     10           0     14   20  82  115   -5  292  -50  292  -50  17  0  0 L3P 05
G16 FF 61053 194600  780 295  976    -1872132    -25          26     51   21  27  149   -2  306  -81  306  -81  16  0  0 L3P 26
G26 FF 61053 194600  780 148 1283     3107849     86          24     26   35  29  283   63  354  -44  354  -44  27  0  0 L3P 37
G30 FF 61053 194600  780 108 3125     -867570    -95          53     27   34  30  386 -193  829  -11  829  -11  24  0  0 L3P 54
G01 FF 61053 200200  780 246 3574    -3442254     44          31      7   31 174  176   45  588  133  588  133  28  0  0 L3P 35
G03 FF 61053 200200  780 666  759    -5993642     80          12    -20   12  44   80    2  229   21  229   21  11  0  0 L3P D2
G04 FF 61053 200200  780 451 1613     -379670     33          10     57   20 218  104    2  228  -54  228  -54  16  0  0 L3P FC
G06 FF 61053 200200  780 245 2401     6020638     58          19     18   32  84  176  -17  387  -25  387  -25  27  0  0 L3P 2E
G07 FF 61053 200200  780 435 3008     1348370     23           1    -29   36  64  107  -11  329  -38  329  -38  23  0  0 L3P 15
G09 FF 61053 200200  780 417 2103    -7702220     27           2     32   20  97  110   -5  265  -43  265  -43  18  0  0 L3P F1
G16 FF 61053 200200  780 293 1059    -1872231    -70           1      6   33  28  150    3  306  -35  306  -35  30  0  0 L3P E0
G26 FF 61053 200200  780 112 1333     3107910      9          23    -51   43  48  371  129  347   61  347   61  38  0  0 L3P FF
G30 FF 61053 200200  780 162 3082     -867701   -223          46   -101   43  33  261  -86  788  -58  788  -58  30  0  0 L3P 6A
G01 FF 61053 201800  780 182    3    -3442230     -7          21    -43   33 174  233   77  742  212  742  212  23  0  0 L3P F5
G03 FF 61053 201800  780 619  593    -5993552    103           6      3   19  44   83    4  234    4  234    4  17  0  0 L3P A2
G04 FF 61053 201800  780 438 1515     -379709    -52          -6    -29   25 218  106    3  229   18  229   18  20  0  0 L3P 13
G06 FF 61053 201800  780 264 2480     6020670     47          13      8   21  84  165   -8  379   -9  379   -9  19  0  0 L3P F3
G07 FF 61053 201800  780 487 2916     1348399     11         -21    -41   13  64   98   -8  296  -16  296  -16  11  0  0 L3P 30
G09 FF 61053 201800  780 438 2012    -7702229     25          -3     29   15  97  106   -4  242  -51  242  -51  15  0  0 L3P 0E
G16 FF 61053 201800  780 281 1138    -1872308    -88          -2    -12   39  28  155    9  282  -24  282  -24  34  0  0 L3P 2F
G30 FF 61053 201800  780 214 3031     -867839   -162          25    -39   30  33  200  -47  651 -120  651 -120  27  0  0 L3P 5C
G01 FF 61053 203400  780 124   33    -3442192     19          24    -18   29 174  338  150  891  107  891  107  18  0  0 L3P 3B
G03 FF 61053 203400  780 558  476    -5993453     82           8    -18   19  44   89    7  242   28  242   28  16  0  0 L3P EF
G04 FF 61053 203400  780 425 1419     -379718     -9           8     15   19 218  109    3  206  -20  206  -20  15  0  0 L3P F1
G06 FF 61053 203400  780 271 2563     6020706     45          11      5   26  84  161   -1  382   12  382   12  24  0  0 L3P CE
G07 FF 61053 203400  780 532 2804     1348454     52         -15      0   15  64   92   -5  256  -30  256  -30  14  0  0 L3P EB
G09 FF 61053 203400  780 460 1919    -7702235    -40          -5    -35   16  97  102   -4  219   17  219   17  15  0  0 L3P 18
G16 FF 61053 203400  780 259 1210    -1872374   -102           4    -26   24  28  168   17  258    1  258    1  20  0  0 L3P F3
G30 FF 61053 203400  780 264 2972     -867964   -120          18      3   28  33  165  -29  525 -133  525 -133  25  0  0 L3P 58
G03 FF 61053 205000  780 491  394    -5993362     84           3    -16   18  44   97   11  260   32  260   32  15  0  0 L3P E0
G04 FF 61053 205000  780 410 1324     -379750     31          -1     54   26 218  112    3  208  -58  208  -58  23  0  0 L3P F8
G06 FF 61053 205000  780 267 2648     6020747     86          14     46   22  84  163    5  402   13  402   13  18  0  0 L3P E3
G07 FF 61053 205000  780 566 2670     1348512     51          -8     -1   18  64   88   -3  225   -9  225   -9  16  0  0 L3P D7
G09 FF 61053 205000  780 482 1821    -7702242    -30          -8    -26   13  97   99   -3  201   15  201   15  12  0  0 L3P F4
G16 FF 61053 205000  780 227 1274    -1872460    -83          -8     -7   28  28  190   29  252   -4  252   -4  23  0  0 L3P 03
G30 FF 61053 205000  780 311 2905     -868086   -117          13      5   25  33  142  -19  426  -87  426  -87  21  0  0 L3P 2D
G03 FF 61053 210600  780 420  335    -5993270    151           0     51   13  44  110   16  289   -5  289   -5  11  0  0 L3P DB
G04 FF 61053 210600  780 394 1230     -379772    -89           0    -65   22 218  116    4  210   64  210   64  16  0  0 L3P F5
G06 FF 61053 210600  780 253 2732     6020772    -47           1    -86   31  84  171   12  462  146  462  146  31  0  0 L3P 21
G07 FF 61053 210600  780 587 2518     1348544     40         -26    -12   20  64   86   -1  221   -6  221   -6  17  0  0 L3P EA
G09 FF 61053 210600  780 504 1718    -7702253      2         -14      7   15  97   95   -3  192  -17  192  -17  13  0  0 L3P F8
G16 FF 61053 210600  780 188 1327    -1872524    -79           1     -2   25  28  227   50  239    9  239    9  19  0  0 L3P EE
G30 FF 61053 210600  780 354 2828     -868205    -99          12     24   14  33  127  -13  360  -83  360  -83  12  0  0 L3P 29
G03 FF 61053 212200  780 347  293    -5993165    103           9      3   27  44  129   24  321   52  321   52  22  0  0 L3P DA
G04 FF 61053 212200  780 376 1138     -379800     -2          -5     21   21 218  120    6  214  -24  214  -24  18  0  0 L3P E8
G06 FF 61053 212200  780 231 2813     6020817    -40           8    -80   33  84  187   20  524  151  524  151  32  0  0 L3P 14
G07 FF 61053 212200  780 593 2357     1348598     85         -22     33   18  64   86    0  201  -37  201  -37  16  0  0 L3P 06
G09 FF 61053 212200  780 523 1607    -7702248     33          -4     37   12  97   93   -2  173  -37  173  -37  10  0  0 L3P 07
G14 FF 61053 212200  780 142 3392    -7285854    -73          20    -49   34 187  297 -135  802   48  802   48  25  0  0 L3P 6D
G16 FF 61053 212200  780 143 1370    -1872591    -43           7     33   53  28  295   97  232  -26  232  -26  41  0  0 L3P 1F
G30 FF 61053 212200  780 392 2742     -868320   -100          15     23   18  33  116   -9  309  -69  309  -69  16  0  0 L3P 2C
G03 FF 61053 213800  780 275  263    -5993050    139          27     39   22  44  159   39  372   39  372   39  18  0  0 L3P 28
G04 FF 61053 213800  780 355 1048     -379822    -15          -3      9   17 218  126    7  217    1  217    1  16  0  0 L3P C4
G06 FF 61053 213800  780 202 2888     6020852     15           5    -24   23  84  211   32  625  140  625  140  20  0  0 L3P 07
G07 FF 61053 213800  780 585 2199     1348650     57         -20      5   16  64   86    1  189  -23  189  -23  15  0  0 L3P 05
G08 FF 61053 213800  780 127  779    -5045901     -6          19    -49   37  84  328  -58  365  -59  365  -59  31  0  0 L3P 56
G09 FF 61053 213800  780 540 1487    -7702258    -55         -10    -50   14  97   91   -2  174   36  174   36  13  0  0 L3P 23
G14 FF 61053 213800  780 209 3391    -7285910    -79         -14    -55   33 187  206  -66  698 -191  698 -191  22  0  0 L3P BA
G21 FF 61053 213800  780 123 2184    -3796440   -126          29    -46   52 193  339 -161  345   -8  345   -8  41  0  0 L3P 6B
G30 FF 61053 213800  780 424 2647     -868443   -179          11    -57   22  33  109   -6  275   14  275   14  18  0  0 L3P 2B
G03 FF 61053 215400  780 204  243    -5992972     68           9    -32   28  44  210   70  482  167  482  167  21  0  0 L3P 26
G04 FF 61053 215400  780 330  961     -379848    -21          -7      3   28 218  135   10  222    1  222    1  23  0  0 L3P B3
G06 FF 61053 215400  780 170 2959     6020886     45           0      5   35  84  249   49  739  116  739  116  27  0  0 L3P 1E
G07 FF 61053 215400  780 566 2053     1348687     13         -34    -39   14  64   88    2  186   21  186   21  12  0  0 L3P FC
G08 FF 61053 215400  780 148  847    -5045866     -6          14    -48   38  84  284  -36  297  -14  297  -14  28  0  0 L3P 51
G09 FF 61053 215400  780 551 1358    -7702265    -15         -13    -11   12  97   90   -1  169    5  169    5  11  0  0 L3P F4
G14 FF 61053 215400  780 278 3383    -7285935      0         -15     24   56 187  157  -38  490 -205  490 -205  52  0  0 L3P 79
G21 FF 61053 215400  780 183 2202    -3796513    -66          32     13   39 193  233  -74  300  -44  300  -44  34  0  0 L3P 42
G22 FF 61053 215400  780 115 3364      591226     -2          24     41   46  74  363 -194  745    9  745    9  30  0  0 L3P EB
G30 FF 61053 215400  780 450 2545     -868558   -141          13    -18   24  33  104   -4  239  -15  239  -15  21  0  0 L3P 31
G03 FF 61053 221000  780 136  231    -5992857    216          31    116   33  81  311  153  641  130  641  130  25  0  0 L3P 39
G04 FF 61053 221000  780 302  879     -379854    -49          11    -25   36 219  146   14  209   26  209   26  32  0  0 L3P 17
G06 FF 61053 221000  780 135 3026     6020937    125          15     86   37 110  309   77  794  -49  794  -49  26  0  0 L3P 50
G07 FF 61053 221000  780 539 1923     1348739     45         -32     -7   23  85   91    3  176    0  176    0  21  0  0 L3P BC
G08 FF 61053 221000  780 164  918    -5045812     80          24     38   44  92  257  -21  246  -70  246  -70  38  0  0 L3P 25
G09 FF 61053 221000  780 554 1223    -7702277    -31         -21    -26   16  98   89    0  168   23  168   23  13  0  0 L3P 0C
G14 FF 61053 221000  780 351 3368    -7285942    -28           0     -4   26 188  128  -24  341 -101  341 -101  23  0  0 L3P 4B
G21 FF 61053 221000  780 240 2231    -3796616    -91           6    -11   30 194  180  -41  291  -27  291  -27  26  0  0 L3P 3D
G22 FF 61053 221000  780 179 3357      591171    -93           7    -50   38  76  238  -85  724  -65  724  -65  23  0  0 L3P 34
G30 FF 61053 221000  780 470 2437     -868679    -94           4     30   17  34  100   -3  215  -41  215  -41  14  0  0 L3P F6
G04 FF 61053 222600  780 269  801     -379908     61         -21     85   25 219  162   20  245  -56  245  -56  19  0  0 L3P 2D
G06 FF 61053 222600  780 101 3090     6020965     13           5    -27   31 110  405  128  758  -67  758  -67  21  0  0 L3P 34
G07 FF 61053 222600  780 509 1808     1348782     38         -39    -14   20  85   95    4  172    8  172    8  19  0  0 L3P E8
G08 FF 61053 222600  780 175  989    -5045789     39          10     -3   56   7  242   -9  227  -22  227  -22  48  0  0 L3P 0F
G09 FF 61053 222600  780 548 1086    -7702295     -1         -34      4   18  98   90    1  177   -1  177   -1  18  0  0 L3P DF
G14 FF 61053 222600  780 426 3344    -7285986    -37         -20    -13   40 188  109  -16  277  -42  277  -42  39  0  0 L3P 81
G21 FF 61053 222600  780 295 2274    -3796677    -57          21     22   27 194  149  -25  249  -31  249  -31  22  0  0 L3P 65
G22 FF 61053 222600  780 245 3343      591140    -66          18    -23   28  76  177  -47  543 -183  543 -183  23  0  0 L3P 5D
G30 FF 61053 222600  780 484 2325     -868806   -131          -4     -7   16  34   98   -2  199  -18  199  -18  15  0  0 L3P 29
G04 FF 61053 224200  780 232  729     -379910    -27           0     -3   32 219  185   30  238   26  238   26  27  0  0 L3P EC
G07 FF 61053 224200  780 477 1703     1348836     73         -36     20   16  85   99    5  157  -31  157  -31  14  0  0 L3P 0D
G08 FF 61053 224200  780 177 1062    -5045756     43           3      1   39   7  239    2  211  -13  211  -13  32  0  0 L3P C4
G09 FF 61053 224200  780 530  953    -7702291     -6         -26     -2   15  98   92    3  166    6  166    6  14  0  0 L3P BC
G14 FF 61053 224200  780 502 3308    -7286000     -1         -12     23   13 188   96  -11  229  -42  229  -42  12  0  0 L3P 21
G21 FF 61053 224200  780 345 2332    -3796753    -67          21     13   19 194  130  -16  226  -33  226  -33  17  0  0 L3P 4B
G22 FF 61053 224200  780 313 3322      591077    -22          -4     21   37  76  142  -29  404 -139  404 -139  36  0  0 L3P 34
G30 FF 61053 224200  780 493 2211     -868928   -104          -7     20   17  34   97   -1  184  -28  184  -28  14  0  0 L3P 1B
G04 FF 61053 225800  780 192  663     -379912    -46          21    -22   35 219  222   48  243   55  243   55  31  0  0 L3P 17
G05 FF 61053 225800  780 136 2229     2272335      1          33     -6   31  75  309 -104  314  -31  314  -31  27  0  0 L3P 0A
G07 FF 61053 225800  780 445 1608     1348892     54         -30      1   17  85  105    6  149   -1  149   -1  15  0  0 L3P E0
G08 FF 61053 225800  780 172 1132    -5045696    -12          22    -54   37   7  246   14  182   28  182   28  31  0  0 L3P 14
G09 FF 61053 225800  780 502  832    -7702296    -24         -27    -19   16  98   96    5  167   23  167   23  13  0  0 L3P 12
G14 FF 61053 225800  780 578 3253    -7286020    -43          -9    -19   16 188   87   -7  203  -17  203  -17  12  0  0 L3P 40
G21 FF 61053 225800  780 386 2406    -3796841    -77           9      3   21 194  118  -10  215  -20  215  -20  19  0  0 L3P 2C
G22 FF 61053 225800  780 382 3290      591047   -107           7    -63   17  76  119  -19  306   -7  306   -7  14  0  0 L3P 12
G30 FF 61053 225800  780 497 2097     -869046    -96          -6     28   12  34   96    0  170  -42  170  -42  10  0  0 L3P 01
G04 FF 61053 231400  780 148  603     -379935      7          21     31   42 219  284   85  275    1  275    1  37  0  0 L3P C8
G05 FF 61053 231400  780 179 2277     2272332     -7          24    -14   25  75  237  -53  301  -23  301  -23  20  0  0 L3P 15
G07 FF 61053 231400  780 413 1518     1348946     44         -26     -8   16  85  111    7  146   14  146   14  14  0  0 L3P F0
G08 FF 61053 231400  780 158 1200    -5045659    -52          19    -94   29   7  267   31  179   77  179   77  24  0  0 L3P 33
G09 FF 61053 231400  780 464  725    -7702298     -9         -24     -4   17  98  102    7  176   18  176   18  15  0  0 L3P 00
G14 FF 61053 231400  780 651 3168    -7286047    -51         -13    -27   11 188   81   -5  187    6  187    6  10  0  0 L3P 11
G17 FF 61053 231400  780 130   47      317282    129          29     13   30  50  321 -121  602   81  602   81  19  0  0 L3P DE
G21 FF 61053 231400  780 416 2496    -3796926    -74           1      6   23 194  111   -5  214   -5  214   -5  20  0  0 L3P EF
G22 FF 61053 231400  780 451 3246      591004      5           6     48   14  76  104  -13  259  -86  259  -86  11  0  0 L3P F1
G30 FF 61053 231400  780 498 1984     -869161   -139          -3    -15   13  34   96    0  158    3  158    3  11  0  0 L3P DF
G04 FF 61053 233000  780 102  550     -379939     24          40     48   44 219  406  186  304   16  304   16  34  0  0 L3P 04
G05 FF 61053 233000  780 215 2337     2272345     -6          30    -13   36  75  199  -29  276  -20  276  -20  35  0  0 L3P 28
G07 FF 61053 233000  780 383 1432     1349000     48         -22     -4   17  85  118    8  146    2  146    2  14  0  0 L3P BC
G08 FF 61053 233000  780 135 1262    -5045631     53           7     11   29   7  309   60  189    5  189    5  25  0  0 L3P C3
G09 FF 61053 233000  780 418  634    -7702293      4         -15      8   18  98  110   11  179   -3  179   -3  14  0  0 L3P DA
G14 FF 61053 233000  780 718 3022    -7286062      0          -5     24   14 188   77   -3  164  -39  164  -39  13  0  0 L3P 08
G17 FF 61053 233000  780 183   86      317362     79          -2    -37   30  50  233  -69  606  -45  606  -45  26  0  0 L3P FE
G21 FF 61053 233000  780 432 2599    -3797008   -100          -4    -21   17 194  107   -2  218   21  218   21  15  0  0 L3P 2A
G22 FF 61053 233000  780 519 3185      590964    -22           8     21   16  76   93   -9  220  -62  220  -62  13  0  0 L3P E5
G30 FF 61053 233000  780 496 1873     -869288   -164         -10    -40   16  34   96    0  156   24  156   24  15  0  0 L3P 15
