CGGTTS     GENERIC DATA FORMAT VERSION = 2E
REV DATE = 2025-11-01
RCVR = PolaRx5TR (5.6.0)     sbf2cggtts-1.5.0
CH = 80
IMS = PolaRx5TR
LAB = LRTE
X = 3967035.920 m
Y = -4390028.540 m
Z = -2375644.640 m
FRAME = ITRF
COMMENTS = LS=18; ElMask=10deg; 'Generated from the SBF in 2026-04-24 at 23:54:00'
INT DLY = 24.9 ns (GPS P1),  15.7 ns (GPS P2)     CAL_ID = 1201-2025
CAB DLY = 103.1 ns
REF DLY = 47.2 ns
REF = UTC(LRTE)
CKSUM = fd

SAT CL  MJD  STTIME TRKL ELV AZTH   REFSV      SRSV     REFSYS    SRSYS  DSG IOE MDTR SMDT MDIO SMDI MSIO SMSI ISG FR HC FRC CK
             hhmmss  s  .1dg .1dg    .1ns     .1ps/s     .1ns    .1ps/s .1ns     .1ns.1ps/s.1ns.1ps/s.1ns.1ps/s.1ns
G05 FF 61154 001400  780 333  569     2321312      4          23      0   26  90  134  -16   98   -8   98   -8  24  0  0 L3P 9F
G11 FF 61154 001400  780 329 1414     3630161   -110          18     16   19 126  135   25   62  -12   62  -12  14  0  0 L3P FC
G12 FF 61154 001400  780 629 1247     6079264     29          12     31   14  71   83   -1   67  -26   67  -26  13  0  0 L3P DB
G18 FF 61154 001400  780 203 3225     3693098    -56          26     37   21  88  211  -65  533 -210  533 -210  16  0  0 L3P 4D
G21 FF 61154 001400  780 268  873    -4148892    -58           1    -54   27  46  162   -9  111   34  111   34  22  0  0 L3P F8
G24 FF 61154 001400  780 315 3551      218437   -194          21    -14   30  47  141   29  254   93  254   93  26  0  0 L3P 12
G25 FF 61154 001400  780 496 2023    -4278296     45          29     17   18  39   97  -10   64  -22   64  -22  16  0  0 L3P 07
G29 FF 61154 001400  780 402 2393     3345201    -53          16     20   16  68  114   -4  103  -33  103  -33  15  0  0 L3P F9
G05 FF 61154 003000  780 374  652     2321311     17          16     13   20  90  121  -11   93  -27   93  -27  18  0  0 L3P D0
G11 FF 61154 003000  780 264 1425     3630045    -48          23     78   20 126  165   39   57  -54   57  -54  18  0  0 L3P 11
G12 FF 61154 003000  780 629 1072     6079260     11           9     12   10  71   83    1   67   -7   67   -7   8  0  0 L3P 7E
G18 FF 61154 003000  780 267 3186     3693010    -85          28      8   21  88  163  -37  376 -141  376 -141  18  0  0 L3P 54
G21 FF 61154 003000  780 279  957    -4148865     58          33     63   22  46  156   -3   72  -77   72  -77  18  0  0 L3P 07
G24 FF 61154 003000  780 246 3582      218267   -201          23    -22   30  47  176   46  336  126  336  126  24  0  0 L3P 2F
G25 FF 61154 003000  780 562 1983    -4278283      1          15    -28   12  39   89   -7   67   16   67   16  10  0  0 L3P D8
G29 FF 61154 003000  780 418 2298     3345133   -109          18    -36   20  68  110   -3   88    9   88    9  18  0  0 L3P EB
G05 FF 61154 004600  780 407  745     2321313     20          15     15   23  90  113   -7   83  -16   83  -16  19  0  0 L3P C8
G11 FF 61154 004600  780 200 1425     3629907   -167           6    -41   39 126  214   66   64   33   64   33  31  0  0 L3P FF
G12 FF 61154 004600  780 612  903     6079264     18          14     20   21  71   84    2   69   -5   69   -5  16  0  0 L3P 98
G18 FF 61154 004600  780 329 3136     3692910    -62          17     32   28  88  135  -23  284  -93  284  -93  21  0  0 L3P 46
G21 FF 61154 004600  780 280 1041    -4148903    -16           0    -11   34  46  156    2   90   12   90   12  29  0  0 L3P BE
G25 FF 61154 004600  780 632 1942    -4278266     43           5     15   16  39   82   -5   70  -18   70  -18  12  0  0 L3P DC
G28 FF 61154 004600  780 191 2330     5476861    -60          30     37   29 148  223  -39  153  -30  153  -30  25  0  0 L3P 3F
G29 FF 61154 004600  780 433 2201     3345044    -96          -1    -24   18  68  107   -3   90    8   90    8  17  0  0 L3P C3
G05 FF 61154 010200  780 430  849     2321318      3          15     -2   23  90  108   -3   74   -7   74   -7  21  0  0 L3P 8A
G12 FF 61154 010200  780 579  755     6079254     31           5     32   16  71   87    4   76  -20   76  -20  14  0  0 L3P AC
G18 FF 61154 010200  780 390 3073     3692813   -120          10    -26   27  88  117  -15  227  -41  227  -41  21  0  0 L3P 3F
G21 FF 61154 010200  780 270 1123    -4148884    -86          23    -81   40  46  161    9   63   65   63   65  35  0  0 L3P EF
G25 FF 61154 010200  780 705 1891    -4278239     34           5      6   11  39   78   -4   63  -12   63  -12   9  0  0 L3P B6
G28 FF 61154 010200  780 220 2396     5476762   -108          23    -12   27 148  195  -21  170   33  170   33  21  0  0 L3P 3B
G29 FF 61154 010200  780 446 2103     3344976    -58           0     15   20  68  105   -2   76  -17   76  -17  18  0  0 L3P EA
G05 FF 61154 011800  780 438  958     2321319     16          11     12   29  90  106    0   70  -13   70  -13  26  0  0 L3P BA
G12 FF 61154 011800  780 532  634     6079263    -14          15    -13   20  71   92    6   75   16   75   16  14  0  0 L3P B6
G18 FF 61154 011800  780 446 2994     3692725    -67          11     26   47  88  105  -10  184  -61  184  -61  31  0  0 L3P 46
G21 FF 61154 011800  780 249 1199    -4148894     47          17     52   23  46  174   18   63  -44   63  -44  20  0  0 L3P 11
G25 FF 61154 011800  780 781 1810    -4278205     63          11     34   12  39   75   -2   56  -34   56  -34  10  0  0 L3P E1
G28 FF 61154 011800  780 240 2469     5476671    -67          24     29   24 148  180  -11  199    4  199    4  23  0  0 L3P 1E
G29 FF 61154 011800  780 457 2003     3344906    -90           0    -17   19  68  103   -2   72    9   72    9  15  0  0 L3P B9
G05 FF 61154 013400  780 430 1065     2321332     23          21     18   25  90  108    3   62  -13   62  -13  23  0  0 L3P B6
G12 FF 61154 013400  780 477  540     6079267    -32          20    -31   13  71   99   10   76   31   76   31  12  0  0 L3P C6
G18 FF 61154 013400  780 495 2897     3692642    -89          18      4   18  88   97   -7  145  -33  145  -33  14  0  0 L3P 26
G21 FF 61154 013400  780 218 1266    -4148899     -7          17     -3   36  46  196   31   62    2   62    2  28  0  0 L3P C0
G25 FF 61154 013400  780 854 1520    -4278192     67          -3     39   41  39   74   -1   72  -31   72  -31  41  0  0 L3P E4
G28 FF 61154 013400  780 249 2548     5476579    -87          25      9   35 148  174   -3  230   32  230   32  28  0  0 L3P 1C
G29 FF 61154 013400  780 468 1902     3344833    -61          -3     12   22  68  101   -2   68  -20   68  -20  19  0  0 L3P ED
G05 FF 61154 015000  780 407 1163     2321338    -14          22    -19   22  90  113    7   58   16   58   16  20  0  0 L3P C9
G12 FF 61154 015000  780 416  466     6079268    -20          23    -18   16  71  111   14   83   19   83   19  10  0  0 L3P D8
G18 FF 61154 015000  780 536 2780     3692548    -89          13      4   15  88   91   -4  123  -36  123  -36  12  0  0 L3P 07
G23 FF 61154 015000  780 212 3520    -6396895    -74          49    -30   18  62  203  -65  338 -135  338 -135  14  0  0 L3P 77
G25 FF 61154 015000  780 842  442    -4278153     40           8     11   11  39   74    1   65   -5   65   -5   9  0  0 L3P 7D
G28 FF 61154 015000  780 248 2629     5476499   -154          38    -58   31 148  174    4  254   93  254   93  27  0  0 L3P 53
G29 FF 61154 015000  780 479 1800     3344768    -65           2      7   16  68   99   -2   60  -15   60  -15  14  0  0 L3P D1
G05 FF 61154 020600  780 371 1246     2321344      1          24     -3   20  96  122   12   55   -4   55   -4  16  0  0 L3P 97
G12 FF 61154 020600  780 352  410     6079267     27          24     28   24  72  128   21   92  -19   92  -19  17  0  0 L3P E3
G18 FF 61154 020600  780 565 2644     3692465   -100          24     -7   18  89   88   -2   88  -16   88  -16  15  0  0 L3P 15
G23 FF 61154 020600  780 283 3530    -6396950    -38          29      6   23  63  155  -38  247  -94  247  -94  17  0  0 L3P 4A
G25 FF 61154 020600  780 763  238    -4278121     36          18      7   18  40   76    3   65    2   65    2  15  0  0 L3P 7A
G28 FF 61154 020600  780 238 2710     5476352    120         -17    217   38 149  181   11  337 -176  337 -176  37  0  0 L3P 8C
G29 FF 61154 020600  780 488 1694     3344699    -62           1     10   15  69   98   -1   62   -4   62   -4  11  0  0 L3P C2
G05 FF 61154 022200  780 325 1312     2321339    -12          14    -16   25  96  137   19   60   13   60   13  22  0  0 L3P D1
G12 FF 61154 022200  780 286  366     6079270     26          28     27   24  72  154   34  108   16  108   16  19  0  0 L3P EE
G18 FF 61154 022200  780 580 2493     3692370   -111          18    -17   16  89   87   -1   74    1   74    1  11  0  0 L3P CB
G23 FF 61154 022200  780 358 3535    -6397010    -49          12     -5   21  63  125  -24  191  -76  191  -76  16  0  0 L3P 3B
G25 FF 61154 022200  780 680  178    -4278091     14          20    -14   18  40   79    5   70   22   70   22  15  0  0 L3P B0
G28 FF 61154 022200  780 219 2788     5476313   -174          36    -77   56 149  196   19  316  111  316  111  53  0  0 L3P 76
G29 FF 61154 022200  780 496 1585     3344635    -94           7    -22   16  69   97   -1   51   14   51   14  14  0  0 L3P D6
G05 FF 61154 023800  780 272 1362     2321352    -36          23    -40   34   4  160   31   49   32   49   32  25  0  0 L3P CA
G12 FF 61154 023800  780 219  333     6079271    -51          30    -50   33  72  197   58  137   82  137   82  28  0  0 L3P 10
G18 FF 61154 023800  780 582 2340     3692275    -88          12      6   15  89   87    0   62  -14   62  -14  12  0  0 L3P D5
G23 FF 61154 023800  780 438 3537    -6397054    -10          10     35   23  63  106  -16  140  -77  140  -77  18  0  0 L3P 3D
G25 FF 61154 023800  780 596  149    -4278066     20          18     -8   24  40   85    8   76   16   76   16  22  0  0 L3P C1
G26 FF 61154 023800  780 228 2239     3573553     23          26    -21   40  89  189  -45   80    8   80    8  35  0  0 L3P E4
G28 FF 61154 023800  780 195 2863     5476187    -75           2     22   35 149  219   30  361    4  361    4  29  0  0 L3P FC
G29 FF 61154 023800  780 501 1473     3344560    -96           1    -24   16  69   96    0   50   17   50   17  14  0  0 L3P BC
G05 FF 61154 025400  780 216 1397     2321369      2          36     -3   33   4  199   52   44   18   44   18  30  0  0 L3P AD
G15 FF 61154 025400  780 206  771    -4057487     -9          29     24   27  26  207  -23   71  -10   71  -10  23  0  0 L3P EE
G18 FF 61154 025400  780 571 2192     3692193    -94          20     -1   16  89   88    2   50   -4   50   -4  14  0  0 L3P B7
G23 FF 61154 025400  780 520 3535    -6397083    -18          23     27   18  63   93  -11   95  -50   95  -50  15  0  0 L3P 11
G25 FF 61154 025400  780 514  132    -4278027     49          29     20   16  40   94   11   81   -3   81   -3  14  0  0 L3P AA
G26 FF 61154 025400  780 283 2275     3573575     62           6     17   27  89  155  -28   91  -20   91  -20  25  0  0 L3P 00
G29 FF 61154 025400  780 502 1358     3344474    -16         -14     56   17  69   96    0   65  -51   65  -51  14  0  0 L3P F5
G10 FF 61154 031000  780 226 3370     5883844    -59          16    -45   56  86  191  -58  276  -78  276  -78  52  0  0 L3P 69
G15 FF 61154 031000  780 227  847    -4057521    -97          26    -64   40  26  189  -15   60   50   60   50  35  0  0 L3P FA
G18 FF 61154 031000  780 552 2058     3692090    -93           6      0   21  89   90    3   53  -15   53  -15  20  0  0 L3P AE
G23 FF 61154 031000  780 605 3529    -6397146    -43           3      2   18  63   85   -7   85  -24   85  -24  17  0  0 L3P DE
G25 FF 61154 031000  780 433  123    -4278021     29           8      1   36  40  107   16  112   15  112   15  34  0  0 L3P AD
G26 FF 61154 031000  780 334 2325     3573622     23          10    -21   19  89  133  -18   79    4   79    4  16  0  0 L3P CD
G29 FF 61154 031000  780 498 1241     3344425   -117           6    -44   17  69   96    1   45   29   45   29  15  0  0 L3P DD
G10 FF 61154 032600  780 297 3350     5883815    -14           0     -1   23  86  148  -34  206  -66  206  -66  19  0  0 L3P 21
G15 FF 61154 032600  780 242  925    -4057549     25          29     58   33  26  179   -7   54  -57   54  -57  29  0  0 L3P 0B
G18 FF 61154 032600  780 527 1937     3692003   -109           9    -15   19  89   92    3   47    7   47    7  18  0  0 L3P C8
G23 FF 61154 032600  780 692 3518    -6397190    -48           2     -4   22  63   79   -5   72   -5   72   -5  21  0  0 L3P C8
G25 FF 61154 032600  780 355  120    -4277989     44          13     15   17  40  127   24  135   12  135   12  14  0  0 L3P EA
G26 FF 61154 032600  780 379 2391     3573670     43          15     -1   23  89  119  -11   73   -1   73   -1  19  0  0 L3P DB
G29 FF 61154 032600  780 488 1125     3344362   -105          13    -32   22  69   98    2   40   34   40   34  19  0  0 L3P DD
G10 FF 61154 034200  780 370 3320     5883808      8           6     22   50  86  122  -22  150  -71  150  -71  46  0  0 L3P F1
G15 FF 61154 034200  780 248 1003    -4057572    -52          38    -19   29  26  175   -1   43   25   43   25  24  0  0 L3P F4
G18 FF 61154 034200  780 499 1828     3691910   -101           6     -8   18  89   96    4   47    3   47    3  15  0  0 L3P B3
G23 FF 61154 034200  780 780 3497    -6397235    -83           0    -39   20  63   75   -3   63   32   63   32  18  0  0 L3P E3
G25 FF 61154 034200  780 280  122    -4277958     66          17     37   17  40  156   39  160    2  160    2  12  0  0 L3P CF
G26 FF 61154 034200  780 415 2474     3573707     19          10    -26   23  89  111   -7   76   23   76   23  22  0  0 L3P E3
G29 FF 61154 034200  780 470 1012     3344295    -79          17     -6   24   7  100    4   41   12   41   12  23  0  0 L3P A2
G10 FF 61154 035800  780 443 3278     5883788    -25          -1    -11   14  86  105  -14  117  -11  117  -11  11  0  0 L3P 2F
G15 FF 61154 035800  780 244 1081    -4057601     14          41     47   28  26  177    6   33  -41   33  -41  23  0  0 L3P E1
G16 FF 61154 035800  780 241 2259    -2506855   -107         -17    -36   39 121  179  -36   87   30   87   30  35  0  0 L3P 51
G18 FF 61154 035800  780 470 1728     3691825    -95          10     -2   20  89  100    5   39  -12   39  -12  16  0  0 L3P ED
G23 FF 61154 035800  780 867 3416    -6397263    -69          13    -25   17  63   74   -1   41   19   41   19  16  0  0 L3P FE
G25 FF 61154 035800  780 209  129    -4277911     53          37     24   22  40  205   67  171    0  171    0  21  0  0 L3P C5
G26 FF 61154 035800  780 438 2572     3573746     56           6     12   25  89  106   -3   82   -8   82   -8  21  0  0 L3P D0
G29 FF 61154 035800  780 445  905     3344225    -87          17    -14   26   7  105    5   45   18   45   18  22  0  0 L3P C7
G10 FF 61154 041400  780 516 3217     5883778      3           6     17   18  94   94  -10   93  -28   93  -28  15  0  0 L3P E1
G15 FF 61154 041400  780 231 1155    -4057656    -33          18      0   24  27  186   14   50   -1   50   -1  22  0  0 L3P BA
G16 FF 61154 041400  780 289 2310    -2506913    -71         -12      0   26 122  152  -22   79    0   79    0  22  0  0 L3P D1
G18 FF 61154 041400  780 441 1636     3691725   -123          -1    -30   21  90  105    6   48   20   48   20  17  0  0 L3P DB
G23 FF 61154 041400  780 845 1747    -6397309    -29           8     15   12  64   74    1   44  -18   44  -18  11  0  0 L3P E3
G26 FF 61154 041400  780 446 2680     3573787     38           3     -6   18  90  105    0   89   10   89   10  15  0  0 L3P BC
G29 FF 61154 041400  780 413  807     3344145    -63           4     10   22   8  111    8   49   -7   49   -7  20  0  0 L3P 8B
G10 FF 61154 043000  780 586 3130     5883759    -26           0    -13   12  94   86   -6   83   -3   83   -3  10  0  0 L3P BF
G15 FF 61154 043000  780 209 1222    -4057682   -120          24    -87   37  27  204   25   43   76   43   76  31  0  0 L3P 0C
G16 FF 61154 043000  780 330 2375    -2506993    -47         -24     23   25 122  135  -14   92  -11   92  -11  22  0  0 L3P 25
G18 FF 61154 043000  780 414 1548     3691650   -113          14    -19   16  90  111    6   32   18   32   18  15  0  0 L3P E4
G23 FF 61154 043000  780 760 1695    -6397373    -24         -13     21   19  64   76    3   58  -26   58  -26  19  0  0 L3P 0C
G26 FF 61154 043000  780 438 2790     3573820     26          -7    -18   21  90  106    3  104   24  104   24  18  0  0 L3P E5
G29 FF 61154 043000  780 375  719     3344081    -82          10     -9   23   8  121   12   49   10   49   10  19  0  0 L3P B3
G10 FF 61154 044600  780 648 3001     5883739    -17          -7     -4   16  94   81   -4   72  -10   72  -10  14  0  0 L3P DD
G15 FF 61154 044600  780 179 1282    -4057719    -60          18    -27   33  27  237   42   48   25   48   25  26  0  0 L3P 13
G16 FF 61154 044600  780 362 2454    -2507061    -86         -25    -15   24 122  124   -8   97   13   97   13  21  0  0 L3P 17
G18 FF 61154 044600  780 387 1463     3691547    -80           0     13   14  90  117    7   45  -13   45  -13  12  0  0 L3P DA
G23 FF 61154 044600  780 678 1664    -6397421    -52         -19     -8   12  64   79    5   57   -2   57   -2  11  0  0 L3P E2
G26 FF 61154 044600  780 417 2894     3573869     35          -1     -9   18  90  110    6  111   10  111   10  14  0  0 L3P D7
G29 FF 61154 044600  780 330  641     3344002    -65           1      8   32   8  135   18   63    2   63    2  27  0  0 L3P 6B
G10 FF 61154 050200  780 695 2808     5883726     -3          -6     11   14  94   79   -2   63  -16   63  -16  13  0  0 L3P DB
G16 FF 61154 050200  780 382 2545    -2507121   -104         -17    -34   26 122  119   -4   99   38   99   38  21  0  0 L3P 2D
G18 FF 61154 050200  780 362 1381     3691460    -93           2      0   23  90  124    8   42    7   42    7  18  0  0 L3P 82
G23 FF 61154 050200  780 599 1635    -6397463    -43         -19      1   15  64   85    7   51   -1   51   -1  13  0  0 L3P C3
G26 FF 61154 050200  780 385 2989     3573909     42          -3     -2   23  90  118   10  124   11  124   11  18  0  0 L3P EA
G27 FF 61154 050200  780 241 2174     1207848    134          11    -39   35 130  179  -43   52   31   52   31  31  0  0 L3P 03
G29 FF 61154 050200  780 281  574     3343953    -47          22     25   36   8  156   27   58   -7   58   -7  29  0  0 L3P D3
G32 FF 61154 050200  780 218   33     -183069   -190         -13      8   26   2  197  -56  143  -56  143  -56  21  0  0 L3P FD
G10 FF 61154 051800  780 715 2551     5883707    -12         -13      1   13  94   78    0   60   -8   60   -8  11  0  0 L3P AB
G16 FF 61154 051800  780 389 2644    -2507176    -48          -5     23   22 122  117    0   98    0   98    0  17  0  0 L3P D0
G18 FF 61154 051800  780 338 1300     3691361    -92          -7      1   22  90  132    9   55   11   55   11  17  0  0 L3P B1
G23 FF 61154 051800  780 524 1605    -6397508    -68         -21    -24   18  64   93    9   52   17   52   17  15  0  0 L3P F9
G26 FF 61154 051800  780 345 3073     3573952     11          -2    -34   41  90  130   15  133   33  133   33  31  0  0 L3P EE
G27 FF 61154 051800  780 303 2166     1208011    112           8    -61   23 130  146  -28   45   48   45   48  22  0  0 L3P F4
G29 FF 61154 051800  780 229  517     3343890    -38          29     34   26   8  188   43   62  -12   62  -12  22  0  0 L3P E9
G32 FF 61154 051800  780 283   62     -183264   -172         -18     26   21   2  155  -35  115  -48  115  -48  17  0  0 L3P 11
G10 FF 61154 053400  780 702 2288     5883701      5          -6     19   10  94   78    1   48  -21   48  -21  10  0  0 L3P B5
G16 FF 61154 053400  780 381 2744    -2507241    -36          -1     35   17 122  119    4  106  -23  106  -23  15  0  0 L3P 14
G18 FF 61154 053400  780 314 1220     3691281    -69           3     24   23  90  141   10   54  -12   54  -12  17  0  0 L3P D6
G23 FF 61154 053400  780 454 1572    -6397550    -55         -20    -11   23  64  103   13   52    8   52    8  21  0  0 L3P DC
G26 FF 61154 053400  780 300 3148     3573994     35          -3    -10   20  90  147   21  140   10  140   10  15  0  0 L3P E3
G27 FF 61154 053400  780 367 2168     1208154    138         -15    -35   17 130  123  -20   65   22   65   22  15  0  0 L3P 16
G32 FF 61154 053400  780 352   92     -183447   -236         -12    -38   23   2  127  -23   82   17   82   17  19  0  0 L3P E1
G10 FF 61154 055000  780 664 2084     5883691    -35          -2    -22   15  94   80    3   45   13   45   13  13  0  0 L3P C4
G16 FF 61154 055000  780 362 2840    -2507300    -22           7     48   19 122  124    8  108  -40  108  -40  17  0  0 L3P 08
G18 FF 61154 055000  780 290 1142     3691213   -112          24    -19   42  90  151   12   40   12   40   12  40  0  0 L3P DA
G23 FF 61154 055000  780 388 1537    -6397581    -36          -8      8   28  64  117   17   48  -11   48  -11  25  0  0 L3P 0D
G26 FF 61154 055000  780 254 3214     3574049     21           9    -24   24  90  170   30  134    7  134    7  19  0  0 L3P CA
G27 FF 61154 055000  780 434 2182     1208323    187         -11     15   22 130  107  -14   57  -21   57  -21  19  0  0 L3P 19
G32 FF 61154 055000  780 425  125     -183639   -207         -14     -9   33   2  109  -16   72  -12   72  -12  30  0  0 L3P E8
G10 FF 61154 060600  780 613 1936     5883677    -11          -3      2   13  95   84    4   44   -4   44   -4  12  0  0 L3P A0
G16 FF 61154 060600  780 332 2930    -2507365    -44          10     27   23 123  134   12  109  -15  109  -15  20  0  0 L3P 25
G18 FF 61154 060600  780 265 1065     3691125   -131          29    -38   40  91  164   15   38   40   38   40  37  0  0 L3P 07
G23 FF 61154 060600  780 326 1498    -6397611    -40           1      4   21  65  136   23   37    1   37    1  18  0  0 L3P A4
G26 FF 61154 060600  780 209 3276     3574099    -58          10   -102   41  91  205   43  127  105  127  105  37  0  0 L3P 4A
G27 FF 61154 060600  780 501 2213     1208503    195          -1     22   19 131   96  -10   46  -22   46  -22  17  0  0 L3P F3
G32 FF 61154 060600  780 500  165     -183821   -203          -7     -6   19   5   96  -11   56    2   56    2  16  0  0 L3P 8F
G08 FF 61154 062200  780 243 2213    -4559660    106          -3     36   35  83  178  -43   77  -23   77  -23  29  0  0 L3P 27
G10 FF 61154 062200  780 558 1826     5883666      5          -2     19   12  95   89    6   40  -16   40  -16  11  0  0 L3P C2
G16 FF 61154 062200  780 295 3011    -2507424    -66          19      4   23 123  149   19  101   -4  101   -4  21  0  0 L3P F0
G18 FF 61154 062200  780 239  990     3691035   -102          29     -9   28  91  180   20   41    5   41    5  21  0  0 L3P B7
G23 FF 61154 062200  780 270 1457    -6397672     -7         -17     37   25  65  161   31   56  -28   56  -28  22  0  0 L3P 19
G27 FF 61154 062200  780 567 2271     1208675    164           5     -8   19 131   88   -7   38    6   38    6  17  0  0 L3P C2
G32 FF 61154 062200  780 576  221     -184008   -197          -4      0   19   5   87   -8   45   -9   45   -9  15  0  0 L3P A0
G08 FF 61154 063800  780 302 2240    -4559584     65           5     -5   33  83  146  -27   59   -5   59   -5  28  0  0 L3P EB
G10 FF 61154 063800  780 503 1737     5883655    -35           1    -22   12  95   95    8   38   16   38   16  10  0  0 L3P C9
G16 FF 61154 063800  780 254 3085    -2507476   -107          34    -36   37 123  171   27   93   21   93   21  29  0  0 L3P 2E
G18 FF 61154 063800  780 211  917     3690948     -1          31     93   32  91  203   27   44  -62   44  -62  27  0  0 L3P E6
G23 FF 61154 063800  780 218 1413    -6397676     -9          21     36   30  65  197   44   23  -17   23  -17  24  0  0 L3P 08
G27 FF 61154 063800  780 626 2371     1208833    177          -3      4   11 131   83   -4   41   -5   41   -5   9  0  0 L3P AD
G32 FF 61154 063800  780 650  308     -184200   -178          -6     20   16   5   81   -5   42  -18   42  -18  14  0  0 L3P C0
G08 FF 61154 065400  780 360 2282    -4559509     36          13    -34   23  83  125  -17   46   29   46   29  19  0  0 L3P 14
G10 FF 61154 065400  780 450 1659     5883639    -40          -3    -27   19  95  104   10   43   26   43   26  18  0  0 L3P F6
G16 FF 61154 065400  780 212 3153    -2507556    -61          22     10   31 123  202   40  104    6  104    6  24  0  0 L3P DB
G18 FF 61154 065400  780 181  846     3690877     34          50    128   45  91  234   39   36 -116   36 -116  37  0  0 L3P 33
G27 FF 61154 065400  780 670 2530     1208994    176          -8      3   14 131   80   -2   45   -5   45   -5  12  0  0 L3P C2
G32 FF 61154 065400  780 715  464     -184386   -193          -2      5   15   5   78   -3   41   -1   41   -1  13  0  0 L3P 8E
G08 FF 61154 071000  780 413 2342    -4559453     80           1     10   30  83  111  -11   48   -1   48   -1  26  0  0 L3P BB
G10 FF 61154 071000  780 400 1588     5883624    -24          -4    -11   26  95  114   12   44   23   44   23  23  0  0 L3P DA
G27 FF 61154 071000  780 687 2747     1209163    172          -5     -1   12 131   79    0   39    9   39    9  11  0  0 L3P B0
G32 FF 61154 071000  780 753  741     -184572   -179           2     19   37   5   76   -1   37   -1   37   -1  24  0  0 L3P 9C
G02 FF 61154 072600  780 228 2187     -851156    -37          26     41   36  29  189  -44   41  -56   41  -56  35  0  0 L3P 19
G08 FF 61154 072600  780 458 2423    -4559385     53           1    -18   16  83  102   -7   48   17   48   17  13  0  0 L3P ED
G10 FF 61154 072600  780 354 1521     5883610    -17          -5     -3   22  95  127   14   46    0   46    0  18  0  0 L3P AB
G27 FF 61154 072600  780 670 2968     1209336    205           2     32   13 131   80    2   37  -28   37  -28  12  0  0 L3P DE
G32 FF 61154 072600  780 742 1069     -184732   -195          31      2   16   5   76    1   20   -1   20   -1  12  0  0 L3P 88
G02 FF 61154 074200  780 285 2150     -851251    -85           5     -8   30  29  154  -30   50   -7   50   -7  27  0  0 L3P C2
G08 FF 61154 074200  780 491 2527    -4559322     81          -4     11   15  83   97   -4   50   -4   50   -4  13  0  0 L3P BE
G10 FF 61154 074200  780 311 1455     5883622      7          19     21   23  95  142   17   25  -24   25  -24  18  0  0 L3P D9
G27 FF 61154 074200  780 624 3137     1209498    176          -1      3   15 131   83    4   41    2   41    2  13  0  0 L3P 8E
G28 FF 61154 074200  780 231  391     5474432    -87           9      9   30 152  186  -36   58   -2   58   -2  23  0  0 L3P D4
G32 FF 61154 074200  780 690 1284     -184945   -218           8    -20   16   5   79    3   35   14   35   14  14  0  0 L3P BB
G02 FF 61154 075800  780 347 2116     -851329   -128           1    -50   21  29  129  -22   42   44   42   44  18  0  0 L3P F4
G08 FF 61154 075800  780 507 2648    -4559246     76           5      6   15  83   95   -1   45   -1   45   -1  12  0  0 L3P B4
G10 FF 61154 075800  780 271 1389     5883589     45           0     59   21  95  161   21   45  -46   45  -46  17  0  0 L3P FF
G27 FF 61154 075800  780 562 3252     1209674    179           9      7   19 131   88    7   35   -4   35   -4  17  0  0 L3P C6
G28 FF 61154 075800  780 278  454     5474339   -111          10    -14   37 152  157  -25   50   11   50   11  31  0  0 L3P 09
G32 FF 61154 075800  780 621 1391     -185138   -196           5      2   13   5   83    6   34   -8   34   -8  10  0  0 L3P 90
G02 FF 61154 081400  780 413 2086     -851395    -47           7     30   16  30  111  -16   39  -26   39  -26  13  0  0 L3P EE
G08 FF 61154 081400  780 505 2776    -4559195     67         -12     -3   16  84   95    2   54    6   54    6  13  0  0 L3P BC
G10 FF 61154 081400  780 235 1324     5883592     23          20     36   20  96  183   26   34  -15   34  -15  16  0  0 L3P EC
G27 FF 61154 081400  780 493 3331     1209827    194          -4     21   37 132   97   11   43  -16   43  -16  34  0  0 L3P 00
G28 FF 61154 081400  780 324  524     5474250    -73          13     23   41 153  137  -17   45  -21   45  -21  31  0  0 L3P FC
G31 FF 61154 081400  780 229  236     1534424     30          -3     54   29 119  188  -42   74  -54   74  -54  22  0  0 L3P FE
G32 FF 61154 081400  780 547 1443     -185326   -181           8     17   19  10   90    9   32  -12   32  -12  18  0  0 L3P CD
G01 FF 61154 083000  780 202 2191    -2907325     59          15    -27   34  37  212  -58   54    2   54    2  30  0  0 L3P CB
G02 FF 61154 083000  780 484 2061     -851466    -79          10     -2   19  30   98  -12   33   -8   33   -8  16  0  0 L3P CB
G08 FF 61154 083000  780 484 2898    -4559118     55          -3    -16   19  84   98    4   49    7   49    7  16  0  0 L3P D6
G10 FF 61154 083000  780 202 1259     5883553    -83          -6    -69   29  96  211   33   60   75   60   75  23  0  0 L3P FC
G27 FF 61154 083000  780 423 3390     1209995    157          -1    -16   28 132  109   15   47   18   47   18  26  0  0 L3P 10
G28 FF 61154 083000  780 367  603     5474150   -115           5    -19   23 153  123  -12   52   20   52   20  20  0  0 L3P E2
G31 FF 61154 083000  780 283  288     1534421    -16          18      8   27 119  154  -29   57    7   57    7  23  0  0 L3P CA
G32 FF 61154 083000  780 473 1465     -185513   -208          10    -11   25  10  100   12   33    9   33    9  24  0  0 L3P BB
G01 FF 61154 084600  780 260 2164    -2907258     74          -1    -12   32  37  167  -37   57   -2   57   -2  28  0  0 L3P F5
G02 FF 61154 084600  780 560 2043     -851554    -98          -3    -20   16  30   89   -8   38    7   38    7  12  0  0 L3P B7
G08 FF 61154 084600  780 449 3006    -4559044     85           4     15   42  84  104    8   47   -7   47   -7  27  0  0 L3P CF
G27 FF 61154 084600  780 353 3438     1210172    185           9     13   41 132  127   22   47    2   47    2  39  0  0 L3P C2
G28 FF 61154 084600  780 403  692     5474053   -119           2    -22   17 153  114   -8   56   34   56   34  12  0  0 L3P F0
G31 FF 61154 084600  780 339  345     1534399    -47          19    -23   16 119  131  -20   58   21   58   21  15  0  0 L3P 05
G32 FF 61154 084600  780 400 1470     -185708   -192           5      6   24  10  114   17   40   -1   40   -1  21  0  0 L3P A3
G01 FF 61154 090200  780 322 2142    -2907199     85         -25     -2   20  37  138  -25   69    1   69    1  15  0  0 L3P D2
G02 FF 61154 090200  780 640 2034     -851627    -81          -3     -4   11  30   82   -6   38    8   38    8   9  0  0 L3P 84
G03 FF 61154 090200  780 192 2453    -4912982    130         -20    -18   31  26  222  -30   79   -6   79   -6  27  0  0 L3P 14
G08 FF 61154 090200  780 405 3099    -4558972     81           8     11   13  84  113   12   52    2   52    2  10  0  0 L3P A6
G27 FF 61154 090200  780 286 3480     1210345    209          16     36   27 132  153   33   61  -14   61  -14  23  0  0 L3P 05
G28 FF 61154 090200  780 430  793     5473978   -116          19    -20   27 153  108   -4   52   20   52   20  22  0  0 L3P FC
G31 FF 61154 090200  780 395  410     1534377    -23          19      0   19 119  115  -14   63    8   63    8  16  0  0 L3P B8
G32 FF 61154 090200  780 331 1463     -185893   -153          11     45   26  10  135   25   49  -29   49  -29  21  0  0 L3P 0D
G01 FF 61154 091800  780 388 2126    -2907103     68         -11    -18   28  37  117  -18   58   32   58   32  24  0  0 L3P 16
G02 FF 61154 091800  780 722 2045     -851708    -68         -10     10   17  30   77   -4   50    9   50    9  15  0  0 L3P AC
G03 FF 61154 091800  780 219 2384    -4912825    127          -5    -21   33  26  196  -24   57   11   57   11  30  0  0 L3P 0C
G04 FF 61154 091800  780 214 3084     -545440    -28          23    -14   48  68  201  -50   67   20   67   20  36  0  0 L3P F5
G08 FF 61154 091800  780 354 3177    -4558902     76          10      6   19  84  127   17   69   24   69   24  14  0  0 L3P F3
G27 FF 61154 091800  780 222 3519     1210511    224          17     51   19 132  194   52   94    4   94    4  13  0  0 L3P D1
G28 FF 61154 091800  780 443  901     5473878    -78          11     19   21 153  105   -1   68    0   68    0  18  0  0 L3P CA
G31 FF 61154 091800  780 449  488     1534352    -64          18    -40   25 119  104  -10   77   52   77   52  22  0  0 L3P 08
G32 FF 61154 091800  780 265 1447     -186107   -147         -13     51   17  10  164   38   91   -2   91   -2  13  0  0 L3P EF
G01 FF 61154 093400  780 457 2120    -2907011     87          -3      0   20  37  103  -13   63   16   63   16  17  0  0 L3P C1
G02 FF 61154 093400  780 806 2120     -851771    -78           2     -1   12  30   75   -2   57   14   57   14  11  0  0 L3P A2
G03 FF 61154 093400  780 247 2316    -4912693    176         -15     28   25  26  175  -20   76    0   76    0  21  0  0 L3P F0
G04 FF 61154 093400  780 267 3026     -545467    -46          11    -31   28  68  163  -30   88   43   88   43  25  0  0 L3P 0D
G08 FF 61154 093400  780 302 3244    -4558831     99          14     29   22  84  146   24   95   12   95   12  18  0  0 L3P F9
G28 FF 61154 093400  780 441 1011     5473774    -74           0     23   24 153  106    2   89   -7   89   -7  21  0  0 L3P CF
G31 FF 61154 093400  780 496  582     1534341    -19          29      5   20 119   96   -6   80   15   80   15  14  0  0 L3P C4
G32 FF 61154 093400  780 203 1424     -186280   -243           4    -45   34  10  211   61  112   84  112   84  26  0  0 L3P F8
G01 FF 61154 095000  780 529 2127    -2906919     89           7      3   14  37   92   -9   70   12   70   12  12  0  0 L3P B0
G02 FF 61154 095000  780 868 2812     -851856    -73          -9      4   14  30   74    0   82   10   82   10  13  0  0 L3P A1
G03 FF 61154 095000  780 278 2247    -4912546    122          -9    -26   26  26  157  -17   87   37   87   37  23  0  0 L3P 28
G04 FF 61154 095000  780 316 2959     -545486     -8           6      7   19  68  140  -19  105    8  105    8  15  0  0 L3P CC
G08 FF 61154 095000  780 249 3304    -4558754     75          23      5   47  84  174   35  124   30  124   30  43  0  0 L3P 00
G28 FF 61154 095000  780 423 1114     5473682    -97           1     -1   27 153  109    6  101   16  101   16  22  0  0 L3P E1
G31 FF 61154 095000  780 533  697     1534322     -6          33     18   20 119   92   -4   84   -3   84   -3  17  0  0 L3P B4
G01 FF 61154 100600  780 603 2154    -2906837     78           9     -8   11  38   85   -6   81    9   81    9  10  0  0 L3P 9E
G02 FF 61154 100600  780 805 3501     -851910    -82           9     -5   34  31   75    2   76   11   76   11  34  0  0 L3P 96
G03 FF 61154 100600  780 311 2179    -4912388    157           8     10   32  28  142  -14   90    6   90    6  25  0  0 L3P C7
G04 FF 61154 100600  780 361 2881     -545494      1          13     16   27  69  125  -13  111  -17  111  -17  23  0  0 L3P F8
G08 FF 61154 100600  780 199 3360    -4558697     47          12    -23   39 101  215   52  177   66  177   66  34  0  0 L3P 43
G28 FF 61154 100600  780 391 1204     5473600    -92          14      4   22 154  116   10  112   29  112   29  21  0  0 L3P E9
G31 FF 61154 100600  780 554  830     1534302    -33          36    -10   17 183   89   -1   92   21   92   21  14  0  0 L3P C6
G01 FF 61154 102200  780 676 2220    -2906757     72           6    -15   12  38   80   -4   89   23   89   23  11  0  0 L3P C9
G02 FF 61154 102200  780 718 3585     -851993    -67           0     10   15  31   77    4   99    8   99    8  13  0  0 L3P 9D
G03 FF 61154 102200  780 346 2110    -4912260    137          -5    -11   22  28  129  -12  108   20  108   20  19  0  0 L3P 06
G04 FF 61154 102200  780 401 2793     -545519    -13           1      2   22  69  114   -9  121   -1  121   -1  18  0  0 L3P AF
G28 FF 61154 102200  780 348 1277     5473516   -115          23    -18   31 154  129   16  129   42  129   42  24  0  0 L3P 3A
G31 FF 61154 102200  780 555  970     1534276    -15          34      9   19 183   89    1  103    6  103    6  16  0  0 L3P AC
G01 FF 61154 103800  780 742 2369    -2906675     65           5    -21   14  38   76   -2   99   31   99   31  12  0  0 L3P DB
G02 FF 61154 103800  780 631   11     -852059    -68           8     10   15  31   82    7  110   14  110   14  13  0  0 L3P 87
G03 FF 61154 103800  780 384 2040    -4912123    101         -10    -46   21  28  118  -11  116   46  116   46  20  0  0 L3P 1C
G04 FF 61154 103800  780 433 2695     -545529      8           6     23   21  69  107   -6  122  -18  122  -18  16  0  0 L3P EA
G28 FF 61154 103800  780 297 1333     5473421    -49          22     48   21 154  148   25  150  -20  150  -20  17  0  0 L3P 2B
G31 FF 61154 103800  780 535 1100     1534244    -21          25      3   18 183   91    4  119   12  119   12  16  0  0 L3P C8
G01 FF 61154 105400  780 780 2683    -2906588     69           9    -17   12  38   75    0  108   33  108   33  10  0  0 L3P E8
G02 FF 61154 105400  780 546   23     -852138    -45           3     32   16  31   90   10  135   -8  135   -8  13  0  0 L3P 9D
G03 FF 61154 105400  780 426 1968    -4911971    170           0     22   18  28  109   -9  114  -12  114  -12  15  0  0 L3P 11
G04 FF 61154 105400  780 459 2588     -545541    -14           8      1   17  69  102   -4  127    5  127    5  16  0  0 L3P B9
G09 FF 61154 105400  780 186 2803    -7569564    130          39     95   98  63  229  -43  194 -114  194 -114  93  0  0 L3P 8F
G28 FF 61154 105400  780 241 1374     5473342    -70          35     27   33 154  179   41  160   -4  160   -4  27  0  0 L3P 0C
G31 FF 61154 105400  780 499 1207     1534220    -55          23    -31   18 183   96    6  133   33  133   33  16  0  0 L3P F9
G01 FF 61154 111000  780 763 3066    -2906501     90          13      4   15  38   76    1  121   17  121   17  12  0  0 L3P B4
G02 FF 61154 111000  780 464   32     -852208    -86           8     -8   17  31  102   14  160   42  160   42  12  0  0 L3P A9
G03 FF 61154 111000  780 470 1891    -4911833    139          -4     -8   20  28  100   -8  127   16  127   16  17  0  0 L3P FF
G04 FF 61154 111000  780 477 2475     -545557    -31           7    -16   19  69   99   -2  132   26  132   26  16  0  0 L3P F2
G09 FF 61154 111000  780 219 2733    -7569649   -195         -80   -230   39  63  196  -28  306  219  306  219  33  0  0 L3P A3
G26 FF 61154 111000  780 199  819     3574895     64         -13     20   31  30  214  -20  296  -17  296  -17  27  0  0 L3P 2A
G31 FF 61154 111000  780 450 1287     1534196     21          23     45   23 183  104   10  145   -8  145   -8  21  0  0 L3P EA
G01 FF 61154 112600  780 704 3286    -2906410     52          21    -35   21  38   78    3  130   52  130   52  16  0  0 L3P DA
G02 FF 61154 112600  780 385   41     -852283    -84           7     -7   16  31  118   21  197   56  197   56  12  0  0 L3P D3
G03 FF 61154 112600  780 516 1807    -4911687    139           1     -9   13  28   94   -6  126   15  126   15  11  0  0 L3P EE
G04 FF 61154 112600  780 487 2359     -545566    -39          11    -25   21  69   98   -1  134   24  134   24  19  0  0 L3P 08
G09 FF 61154 112600  780 250 2659    -7569552    219         -16    184   31  63  173  -20  238 -188  238 -188  26  0  0 L3P A8
G26 FF 61154 112600  780 215  892     3574969     55          20     10   34  30  199  -12  263  -10  263  -10  30  0  0 L3P 09
G31 FF 61154 112600  780 394 1344     1534173    -24          22      0   24 183  116   15  161   29  161   29  23  0  0 L3P F6
G01 FF 61154 114200  780 631 3394    -2906321     78          27     -8   37  38   83    6  144   29  144   29  36  0  0 L3P F0
G02 FF 61154 114200  780 310   52     -852350    -49          15     28   26  31  143   31  243   35  243   35  19  0  0 L3P C9
G03 FF 61154 114200  780 563 1710    -4911545    180           1     32   20  28   88   -5  136  -21  136  -21  18  0  0 L3P F8
G04 FF 61154 114200  780 492 2242     -545584    -45           7    -30   21  69   97    0  145   36  145   36  17  0  0 L3P E0
G09 FF 61154 114200  780 278 2582    -7569474     30          28     -5   23  63  157  -14  195   11  195   11  20  0  0 L3P 1C
G16 FF 61154 114200  780 198  648    -2508761    -63          22      8   28   7  215  -34  315  -16  315  -16  25  0  0 L3P 0F
G26 FF 61154 114200  780 225  968     3575014     38          22     -7   24  30  191   -4  260   13  260   13  20  0  0 L3P CD
G31 FF 61154 114200  780 334 1382     1534157    -68          29    -45   22 183  133   22  186   63  186   63  18  0  0 L3P 30
G01 FF 61154 115800  780 553 3455    -2906253    139          12     53   25  38   89    9  177  -24  177  -24  24  0  0 L3P 26
G02 FF 61154 115800  780 239   65     -852426    -58          13     19   23  31  181   50  313   76  313   76  20  0  0 L3P DE
G03 FF 61154 115800  780 609 1592    -4911401    139           3     -8   17  28   84   -4  142   18  142   18  15  0  0 L3P EF
G04 FF 61154 115800  780 491 2127     -545595    -14          11      1   19  69   97    0  149    9  149    9  16  0  0 L3P C0
G09 FF 61154 115800  780 303 2503    -7569444     58          24     23   27  63  145  -11  206  -13  206  -13  22  0  0 L3P 27
G16 FF 61154 115800  780 229  719    -2508848    -86           3    -16   30   7  188  -23  328    6  328    6  26  0  0 L3P F3
G26 FF 61154 115800  780 226 1043     3575050     63          15     19   26  30  190    3  283   18  283   18  22  0  0 L3P E5
G31 FF 61154 115800  780 273 1404     1534136     16          31     40   28 183  160   34  224   16  224   16  20  0  0 L3P F4
G01 FF 61154 121400  780 475 3495    -2906157     73          28    -14   34  39  100   13  201   48  201   48  31  0  0 L3P 0B
G03 FF 61154 121400  780 649 1443    -4911264    157           0     10   12  48   81   -2  151    3  151    3  10  0  0 L3P AE
G04 FF 61154 121400  780 487 2015     -545610     14          11     28   17  70   98    1  160  -12  160  -12  15  0  0 L3P D1
G07 FF 61154 121400  780 253 3203     1769221     76           4     32   18  18  171  -41  284  -45  284  -45  15  0  0 L3P 10
G09 FF 61154 121400  780 327 2422    -7569420     21          16    -14   20  64  136   -9  210    7  210    7  16  0  0 L3P DA
G16 FF 61154 121400  780 255  794    -2508897   -209          16   -139   28   8  170  -15  307  135  307  135  24  0  0 L3P 67
G26 FF 61154 121400  780 218 1116     3575083     36           4     -9   36  31  197   11  311   24  311   24  29  0  0 L3P D9
G31 FF 61154 121400  780 211 1414     1534121    -32          39     -8   34 184  203   57  269   96  269   96  26  0  0 L3P 1D
G01 FF 61154 123000  780 400 3526    -2906075     98          27     12   15  39  114   18  247   42  247   42  12  0  0 L3P FE
G03 FF 61154 123000  780 677 1251    -4911120    138           2    -10   10  48   79   -1  166   23  166   23   9  0  0 L3P DB
G04 FF 61154 123000  780 480 1907     -545617    -28          18    -14   22  70   99    1  171   28  171   28  19  0  0 L3P F2
G07 FF 61154 123000  780 316 3159     1769262     76           2     31   15  18  140  -26  266  -41  266  -41  12  0  0 L3P 0B
G09 FF 61154 123000  780 350 2339    -7569380     35          22      0   25  64  128   -7  210   15  210   15  22  0  0 L3P DF
G16 FF 61154 123000  780 275  873    -2508994     -5         -14     66   27   8  158   -9  335  -54  335  -54  21  0  0 L3P 1B
G26 FF 61154 123000  780 201 1185     3575135     87          14     43   26  31  213   22  327    2  327    2  21  0  0 L3P BF
G01 FF 61154 124600  780 327 3553    -2905991     92          28      5   23  39  136   27  302   62  302   62  19  0  0 L3P FE
G03 FF 61154 124600  780 683 1028    -4910973    140           7     -8   17  48   79    0  181   26  181   26  15  0  0 L3P EB
G04 FF 61154 124600  780 471 1801     -545645    -25           4    -11   23  70  100    2  198   20  198   20  19  0  0 L3P DB
G06 FF 61154 124600  780 211 2313     6087146    -19          28      5   31  19  203  -35  282    8  282    8  29  0  0 L3P E3
G07 FF 61154 124600  780 377 3103     1769306     49           4      5   18  18  120  -17  256  -10  256  -10  13  0  0 L3P F8
G09 FF 61154 124600  780 372 2255    -7569351     68          18     33   22  64  121   -6  226  -13  226  -13  19  0  0 L3P 25
G16 FF 61154 124600  780 287  955    -2509018    -79          30     -9   34   8  153   -3  301   22  301   22  31  0  0 L3P E2
G01 FF 61154 130200  780 258 3580    -2905912     64          24    -22   24  39  168   42  383  115  383  115  19  0  0 L3P 3D
G03 FF 61154 130200  780 663  813    -4910838    143           0     -4   12  48   80    2  206   20  206   20  10  0  0 L3P AB
G04 FF 61154 130200  780 462 1698     -545652    -42          11    -27   20  70  102    2  212   43  212   43  18  0  0 L3P E2
G06 FF 61154 130200  780 244 2381     6087134    -54          39    -30   32  19  177  -19  284   36  284   36  30  0  0 L3P 2B
G07 FF 61154 130200  780 436 3032     1769365     62          20     18   40  18  107  -12  241  -10  241  -10  26  0  0 L3P 03
G09 FF 61154 130200  780 394 2170    -7569307     46          27     11   22  64  116   -6  231    4  231    4  21  0  0 L3P D2
G16 FF 61154 130200  780 289 1037    -2509108   -104           8    -33   21   8  152    2  332   38  332   38  17  0  0 L3P F3
G01 FF 61154 131800  780 194    7    -2905800    128          53     41   24  39  220   69  473   97  473   97  19  0  0 L3P FD
G03 FF 61154 131800  780 621  640    -4910698    130          -1    -17   15  48   83    4  231   36  231   36  13  0  0 L3P E1
G04 FF 61154 131800  780 452 1598     -545663     -3          15     12   24  70  104    2  228   -1  228   -1  23  0  0 L3P C5
G06 FF 61154 131800  780 266 2457     6087105      0          33     24   19  19  164  -10  301   -1  301   -1  15  0  0 L3P D3
G07 FF 61154 131800  780 490 2943     1769406     31          18    -13   17  18   97   -8  239   13  239   13  14  0  0 L3P 03
G09 FF 61154 131800  780 417 2083    -7569269     36          32      1   19  64  110   -5  238    4  238    4  17  0  0 L3P DB
G16 FF 61154 131800  780 280 1117    -2509171   -106          12    -35   47   8  156    8  342   49  342   49  43  0  0 L3P 16
G03 FF 61154 133400  780 565  514    -4910554    172           1     25   12  48   88    7  254   15  254   15  11  0  0 L3P CF
G04 FF 61154 133400  780 441 1499     -545682     20          10     35   24  70  105    2  251  -16  251  -16  20  0  0 L3P E6
G06 FF 61154 133400  780 277 2540     6087084    -19          34      5   19  19  158   -3  321   25  321   25  14  0  0 L3P F3
G07 FF 61154 133400  780 537 2832     1769438     45           8      1    9  18   91   -5  245    3  245    3   8  0  0 L3P 8C
G09 FF 61154 133400  780 440 1993    -7569241     75          26     39   14  64  106   -5  252  -21  252  -21  12  0  0 L3P 20
G16 FF 61154 133400  780 260 1191    -2509240    -53          11     17   21   8  167   15  369   31  369   31  17  0  0 L3P FD
G30 FF 61154 133400  780 207 3011    -1988692   -151          23    -17   29  12  207  -49  428  -18  428  -18  25  0  0 L3P 64
G03 FF 61154 135000  780 499  424    -4910417    133          -4    -14   17  48   96   10  292   56  292   56  14  0  0 L3P 08
G04 FF 61154 135000  780 429 1400     -545713     27          -7     42   17  70  108    3  291  -13  291  -13  16  0  0 L3P E8
G06 FF 61154 135000  780 276 2626     6087043    -64          17    -40   23  19  158    3  370   77  370   77  19  0  0 L3P 16
G07 FF 61154 135000  780 574 2697     1769491     36          19     -8   13  18   87   -3  241   -2  241   -2  11  0  0 L3P E1
G09 FF 61154 135000  780 464 1901    -7569214     36          19      1   16  64  101   -4  262    8  262    8  15  0  0 L3P CE
G16 FF 61154 135000  780 231 1257    -2509312   -122           7    -51   28   8  186   26  407   99  407   99  24  0  0 L3P 1F
G30 FF 61154 135000  780 255 2951    -1988829   -121          15     13   23  12  170  -30  412  -36  412  -36  19  0  0 L3P 44
G03 FF 61154 140600  780 430  359    -4910266    139           8     -9   15  70  108   15  335   63  335   63  14  0  0 L3P F5
G04 FF 61154 140600  780 416 1303     -545707    -19          14     -4   23  71  110    3  295   23  295   23  15  0  0 L3P DB
G06 FF 61154 140600  780 265 2711     6087010    -50           6    -26   22  20  164   10  439   82  439   82  22  0  0 L3P F8
G07 FF 61154 140600  780 597 2541     1769524     72           8     27   18  24   85   -1  256    4  256    4  13  0  0 L3P C1
G09 FF 61154 140600  780 488 1803    -7569178      8          24    -27   16  65   98   -4  273   36  273   36  12  0  0 L3P 13
G16 FF 61154 140600  780 195 1314    -2509386   -102           1    -32   25   9  219   45  458   85  458   85  20  0  0 L3P 20
G30 FF 61154 140600  780 300 2882    -1988960   -157          15    -23   21  13  147  -20  394   11  394   11  18  0  0 L3P 3E
G03 FF 61154 142200  780 358  312    -4910135    185          -4     37   17  70  126   23  398   35  398   35  14  0  0 L3P 0B
G04 FF 61154 142200  780 401 1208     -545740     -7          -5      8   17  71  114    4  326   19  326   19  13  0  0 L3P BB
G06 FF 61154 142200  780 245 2793     6087014    -20          34      4   36  20  177   17  475   65  475   65  35  0  0 L3P 05
G07 FF 61154 142200  780 603 2374     1769572     32          13    -12   14  24   85    0  260   15  260   15  12  0  0 L3P D0
G09 FF 61154 142200  780 512 1698    -7569149     42          19      7   15  65   94   -3  283   -7  283   -7  12  0  0 L3P F4
G30 FF 61154 142200  780 341 2806    -1989098   -174           5    -39   18  13  131  -14  386   27  386   27  15  0  0 L3P 44
G03 FF 61154 143800  780 287  279    -4909998    120          -8    -28   20  70  153   36  479  112  479  112  18  0  0 L3P 58
G04 FF 61154 143800  780 383 1114     -545752    -27          -3    -12   22  71  118    5  347   16  347   16  18  0  0 L3P F8
G06 FF 61154 143800  780 217 2871     6086990    -29          33     -5   24  20  197   26  551   82  551   82  20  0  0 L3P 17
G07 FF 61154 143800  780 595 2210     1769619     62          17     18   16  24   85    1  261  -20  261  -20  15  0  0 L3P F2
G09 FF 61154 143800  780 533 1584    -7569110     25          24    -10   12  65   92   -2  277    5  277    5  10  0  0 L3P E0
G30 FF 61154 143800  780 378 2721    -1989204   -143          29     -9   16  13  120   -9  352   -9  352   -9  13  0  0 L3P 1F
G03 FF 61154 145400  780 216  255    -4909849    132          -1    -16   30  70  199   63  587  140  587  140  21  0  0 L3P 43
G04 FF 61154 145400  780 361 1023     -545758    -42           5    -27   25  71  124    7  363   57  363   57  22  0  0 L3P F2
G06 FF 61154 145400  780 186 2944     6086959    -56          24    -33   30  20  229   40  652  125  652  125  22  0  0 L3P 48
G07 FF 61154 145400  780 575 2060     1769655     38          11     -7   15  24   87    2  272   10  272   10  14  0  0 L3P D2
G09 FF 61154 145400  780 551 1461    -7569074     21          26    -14   12  65   90   -2  276   19  276   19  10  0  0 L3P 09
G14 FF 61154 145400  780 260 3392    -7443339     -7          21      6   31  53  168  -44  562 -105  562 -105  28  0  0 L3P 43
G30 FF 61154 145400  780 409 2628    -1989347   -109          14     25   21  13  112   -7  353  -41  353  -41  18  0  0 L3P 3D
G04 FF 61154 151000  780 336  935     -545781    -17          -4     -2   27  71  133   10  394   40  394   40  21  0  0 L3P DE
G07 FF 61154 151000  780 547 1928     1769687     45           0      1   18  24   90    4  285    4  285    4  17  0  0 L3P A4
G09 FF 61154 151000  780 562 1327    -7569059     36           7      1   13  65   88   -1  298   14  298   14  12  0  0 L3P E3
G14 FF 61154 151000  780 332 3380    -7443343    -34          29    -22   25  53  134  -27  480  -44  480  -44  23  0  0 L3P 41
G30 FF 61154 151000  780 435 2529    -1989471   -132          20      2   14  13  107   -5  331   -9  331   -9  12  0  0 L3P F5
G04 FF 61154 152600  780 306  852     -545766    -47          26    -32   36  71  144   14  408   67  408   67  33  0  0 L3P 13
G07 FF 61154 152600  780 514 1811     1769732     41           3     -3   17  24   94    5  294   13  294   13  14  0  0 L3P C2
G09 FF 61154 152600  780 565 1187    -7569017     19          15    -16   18  65   88    0  300   24  300   24  15  0  0 L3P FA
G14 FF 61154 152600  780 406 3359    -7443373    -36          12    -24   28  53  113  -18  439  -26  439  -26  27  0  0 L3P 5B
G21 FF 61154 152600  780 230 2235    -4149081     -7          35     -4   32  53  187  -44  430  -20  430  -20  31  0  0 L3P 0B
G22 FF 61154 152600  780 239 3357      134027    -70          12     -7   50  44  181  -49  641 -104  641 -104  46  0  0 L3P 35
G30 FF 61154 152600  780 455 2425    -1989610    -96           9     38   17  13  103   -3  331  -39  331  -39  15  0  0 L3P 23
G04 FF 61154 154200  780 272  775     -545799     23           6     37   29  71  160   20  468   10  468   10  24  0  0 L3P E1
G07 FF 61154 154200  780 480 1707     1769772     46           0      2   14  24   99    6  315   13  315   13  13  0  0 L3P B4
G08 FF 61154 154200  780 180 1027    -4557277    138          16     67   45 105  236   -3  538  -85  538  -85  35  0  0 L3P 61
G09 FF 61154 154200  780 556 1046    -7568993     63           6     27   17  65   89    2  319   -8  319   -8  15  0  0 L3P F6
G14 FF 61154 154200  780 482 3328    -7443386      9          10     21   21  53   99  -12  394  -72  394  -72  18  0  0 L3P 20
G21 FF 61154 154200  780 284 2280    -4149104    -19          15    -16   30  53  154  -26  423   -3  423   -3  26  0  0 L3P 14
G22 FF 61154 154200  780 307 3338      133956   -106           1    -43   25  44  144  -30  550  -53  550  -53  23  0  0 L3P 1C
G30 FF 61154 154200  780 471 2317    -1989748   -141          -1     -7   18  13  100   -2  330   -5  330   -5  15  0  0 L3P FD
G04 FF 61154 155800  780 234  703     -545827    -51          -7    -36   38  71  184   31  532   97  532   97  28  0  0 L3P 17
G07 FF 61154 155800  780 446 1612     1769820     70           6     26   27  24  105    7  334    7  334    7  25  0  0 L3P BF
G08 FF 61154 155800  780 178 1099    -4557192     97          33     27   37 105  238    8  532  -36  532  -36  31  0  0 L3P 46
G09 FF 61154 155800  780 535  912    -7568950     51          14     16   16  65   91    3  329    8  329    8  15  0  0 L3P CF
G14 FF 61154 155800  780 559 3281    -7443391    -49          17    -36   16  53   89   -8  354   13  354   13  13  0  0 L3P 28
G21 FF 61154 155800  780 331 2339    -4149109    -36          14    -33   25  53  134  -16  407   13  407   13  21  0  0 L3P 23
G22 FF 61154 155800  780 377 3310      133891   -109          -3    -47   39  44  120  -20  479  -17  479  -17  38  0  0 L3P 4C
G30 FF 61154 155800  780 481 2207    -1989880   -125          -4     10   18  13   99   -1  330  -17  330  -17  17  0  0 L3P 2A
G04 FF 61154 161400  780 192  639     -545818    -45          17    -30   41  72  222   50  592  112  592  112  35  0  0 L3P 23
G07 FF 61154 161400  780 412 1523     1769864     36           5     -9   18  25  111    8  352   32  352   32  15  0  0 L3P D3
G09 FF 61154 161400  780 503  791    -7568929     47           0     12   28  66   95    5  353    8  353    8  25  0  0 L3P BF
G14 FF 61154 161400  780 634 3208    -7443404    -36          15    -23   16  54   82   -6  330    6  330    6  13  0  0 L3P DB
G21 FF 61154 161400  780 370 2414    -4149118     11          11     15   14  54  122  -10  404   -7  404   -7  12  0  0 L3P E5
G22 FF 61154 161400  780 447 3270      133828    -53         -10     10   17  47  105  -13  427  -60  427  -60  14  0  0 L3P 19
G30 FF 61154 161400  780 488 2096    -1989985   -130          21      5   14  14   98   -1  315   -4  315   -4  13  0  0 L3P FE
G05 FF 61154 163000  780 188 2297     2321578      2           5     -3   28  25  226  -44  536  -12  536  -12  25  0  0 L3P FC
G07 FF 61154 163000  780 380 1439     1769908     61           7     17   18  25  119    9  364   -9  364   -9  14  0  0 L3P EC
G09 FF 61154 163000  780 462  686    -7568885     17          10    -18   16  66  102    8  371   49  371   49  14  0  0 L3P 13
G14 FF 61154 163000  780 705 3085    -7443416     -4          15      8   18  54   78   -3  316  -21  316  -21  15  0  0 L3P F1
G21 FF 61154 163000  780 397 2503    -4149118     15          14     18   22  54  115   -5  406  -18  406  -18  18  0  0 L3P 18
G22 FF 61154 163000  780 517 3214      133772    -66          -6     -4   13  47   94   -9  385  -38  385  -38  10  0  0 L3P FE
G30 FF 61154 163000  780 492 1985    -1990132   -178           3    -44   16  14   97    0  328   24  328   24  13  0  0 L3P 06
G05 FF 61154 164600  780 221 2360     2321570     11          -8      6   25  25  194  -25  538   -6  538   -6  20  0  0 L3P E1
G07 FF 61154 164600  780 350 1358     1769953     14           9    -31   16  25  128   10  376   46  376   46  13  0  0 L3P 0C
G09 FF 61154 164600  780 413  599    -7568847     59          14     24   27  66  111   12  408   22  408   22  24  0  0 L3P 0F
G14 FF 61154 164600  780 761 2858    -7443429     -3          14     10   14  54   76   -1  307  -19  307  -19  11  0  0 L3P 0E
G17 FF 61154 164600  780 237  141     1203718     86          38     -1   32  77  182  -43  669 -116  669 -116  27  0  0 L3P 49
G21 FF 61154 164600  780 411 2603    -4149115     -4          21     -1   25  54  112   -1  415   16  415   16  22  0  0 L3P D7
G22 FF 61154 164600  780 584 3134      133713    -73          -5    -10   14  47   86   -6  360  -13  360  -13  12  0  0 L3P F4
G30 FF 61154 164600  780 493 1875    -1990268   -155          -4    -21   16  14   97    0  324   10  324   10  15  0  0 L3P 0A
G05 FF 61154 170200  780 245 2432     2321581     10          -1      5   28  25  177  -13  539   15  539   15  22  0  0 L3P E4
G07 FF 61154 170200  780 320 1279     1769980     12          -7    -32   21  25  138   11  401   40  401   40  16  0  0 L3P ED
G09 FF 61154 170200  780 359  526    -7568815     49          12     13   23  66  125   18  459   41  459   41  15  0  0 L3P 12
G14 FF 61154 170200  780 782 2481    -7443440     -6          15      6   10  54   75    0  296  -14  296  -14   9  0  0 L3P DC
G17 FF 61154 170200  780 296  182     1203784    120          20     32   29  77  149  -29  582 -107  582 -107  25  0  0 L3P 51
G21 FF 61154 170200  780 409 2707    -4149128     12          11     15   27  54  112    2  445   24  445   24  24  0  0 L3P E5
G22 FF 61154 170200  780 645 3017      133658    -66           0     -3   16  47   81   -4  334  -20  334  -20  13  0  0 L3P CF
G30 FF 61154 170200  780 492 1765    -1990393   -121          -1     13   16  14   97    0  312  -18  312  -18  14  0  0 L3P 0C
G05 FF 61154 171800  780 258 2510     2321602     34          16     29   22  25  168   -5  549  -10  549  -10  19  0  0 L3P 0E
G07 FF 61154 171800  780 292 1202     1770040      6          11    -38   21  25  150   14  409   55  409   55  17  0  0 L3P EA
G09 FF 61154 171800  780 300  467    -7568779     54          14     18   38  66  147   27  533   71  533   71  31  0  0 L3P 1B
G13 FF 61154 171800  780 225 2161    -6781409     37          12     21   32  80  191  -49  499  -76  499  -76  25  0  0 L3P 53
G14 FF 61154 171800  780 754 2130    -7443457    -10          10      3   14  54   76    2  298   -7  298   -7  12  0  0 L3P DD
G17 FF 61154 171800  780 358  227     1203873     94          25      6   29  77  125  -20  505  -75  505  -75  25  0  0 L3P 15
G21 FF 61154 171800  780 394 2809    -4149125      2          17      5   18  54  116    6  481   43  481   43  15  0  0 L3P DD
G22 FF 61154 171800  780 694 2843      133600    -69           2     -7   15  47   79   -2  321   -8  321   -8  12  0  0 L3P C3
G30 FF 61154 171800  780 490 1656    -1990531   -136         -10     -2   16  14   97    1  318    0  318    0  15  0  0 L3P DD
G05 FF 61154 173400  780 260 2592     2321613    -28          22    -32   24  25  167    2  584   72  584   72  21  0  0 L3P 03
G07 FF 61154 173400  780 264 1127     1770099     82          27     37   40  25  165   17  421   -4  421   -4  38  0  0 L3P F7
G09 FF 61154 173400  780 240  419    -7568748     38          11      3   28  66  180   45  626  111  626  111  23  0  0 L3P 17
G13 FF 61154 173400  780 286 2144    -6781401     18           5      2   25  80  153  -32  449  -58  449  -58  24  0  0 L3P 1E
G14 FF 61154 173400  780 700 1925    -7443466     -2          13     11   14  54   78    3  290   -8  290   -8  13  0  0 L3P D6
G17 FF 61154 173400  780 422  278     1203956     76          25    -11   17  77  109  -14  437  -53  437  -53  14  0  0 L3P 2C
G19 FF 61154 173400  780 231   19    -6980125    -48          50    -36   31  96  186  -51  761 -158  761 -158  24  0  0 L3P 68
G20 FF 61154 173400  780 239 2175    -1239548   -191          31     -8   36 127  181  -47  480  -60  480  -60  32  0  0 L3P 66
G21 FF 61154 173400  780 367 2903    -4149125     15          20     18   16  54  123    9  535   49  535   49  12  0  0 L3P 00
G22 FF 61154 173400  780 720 2602      133537    -74          -1    -12   14  47   77   -1  311   -3  311   -3  11  0  0 L3P BC
G30 FF 61154 173400  780 485 1548    -1990639   -172          11    -37   22  14   98    1  296   43  296   43  20  0  0 L3P 26
G05 FF 61154 175000  780 252 2675     2321657     19          62     15   28  25  172    8  604   61  604   61  27  0  0 L3P F1
G07 FF 61154 175000  780 236 1053     1770131     75          17     30   31  25  183   21  446   -1  446   -1  27  0  0 L3P E0
G13 FF 61154 175000  780 350 2134    -6781383     38           8     22   19  80  128  -22  397  -65  397  -65  17  0  0 L3P 39
G14 FF 61154 175000  780 638 1801    -7443476    -25          15    -13   13  54   82    5  284    6  284    6  12  0  0 L3P E1
G17 FF 61154 175000  780 487  342     1204041    101          25     14   15  77   98  -10  384  -57  384  -57  12  0  0 L3P 13
G19 FF 61154 175000  780 299   48    -6980153    -14          33     -2   30  96  147  -32  613 -134  613 -134  24  0  0 L3P 41
G20 FF 61154 175000  780 304 2180    -1239753   -245           2    -62   26 127  145  -29  444    1  444    1  22  0  0 L3P 0F
G21 FF 61154 175000  780 331 2988    -4149126    -14          22    -11   23  54  134   14  612  109  612  109  17  0  0 L3P 3A
G22 FF 61154 175000  780 716 2336      133485    -47           8     15   17  47   78    1  289  -25  289  -25  15  0  0 L3P F4
G30 FF 61154 175000  780 479 1440    -1990764   -139          14     -5   24  14   99    1  294    9  294    9  21  0  0 L3P F2
G05 FF 61154 180600  780 236 2756     2321657   -147          52   -151   42  71  183   16  690  266  690  266  37  0  0 L3P 78
G07 FF 61154 180600  780 207  982     1770190     51          31      6   38  29  206   28  452   18  452   18  34  0  0 L3P E4
G13 FF 61154 180600  780 418 2135    -6781357     -6          12    -22   23  89  110  -15  347  -22  347  -22  20  0  0 L3P 31
G14 FF 61154 180600  780 575 1714    -7443498    -28          -1    -16   17  55   87    6  291   22  291   22  16  0  0 L3P 0F
G17 FF 61154 180600  780 548  427     1204116    106          11     20   13  78   90   -7  347  -50  347  -50  11  0  0 L3P F3
G19 FF 61154 180600  780 371   78    -6980175      3          19     14   24  97  122  -21  508 -113  508 -113  16  0  0 L3P 28
G20 FF 61154 180600  780 370 2198    -1239924   -198          11    -15   20 128  122  -19  404  -16  404  -16  17  0  0 L3P 69
G21 FF 61154 180600  780 290 3064    -4149132    -24          23    -21   48  55  151   21  721  134  721  134  35  0  0 L3P 35
G22 FF 61154 180600  780 685 2114      133422    -60           8      2   13  48   79    2  280  -13  280  -13  12  0  0 L3P B7
G30 FF 61154 180600  780 469 1333    -1990915   -105          -9     29   20  15  101    2  308  -46  308  -46  16  0  0 L3P 2B
G05 FF 61154 182200  780 211 2833     2321617     47           9     42   28  71  202   25  854  108  854  108  22  0  0 L3P 0D
G07 FF 61154 182200  780 178  912     1770221     47          20      3   31  29  238   39  473    6  473    6  25  0  0 L3P BD
G13 FF 61154 182200  780 488 2149    -6781345     22           9      6   14  89   98  -11  317  -38  317  -38  12  0  0 L3P 18
G14 FF 61154 182200  780 514 1643    -7443501      2           7     15   17  55   94    8  280  -18  280  -18  15  0  0 L3P DD
G15 FF 61154 182200  780 197 2221    -4059298    -47          50    -14   35  95  217  -59  510  -57  510  -57  32  0  0 L3P 5C
G17 FF 61154 182200  780 601  544     1204195    104           6     17   14  78   85   -4  313  -47  313  -47  12  0  0 L3P E7
G19 FF 61154 182200  780 447  112    -6980190     -4          17      6   26   4  105  -15  425  -82  425  -82  25  0  0 L3P F9
G20 FF 61154 182200  780 435 2232    -1240094   -191          18     -8   15 128  107  -13  365  -21  365  -21  13  0  0 L3P 47
G21 FF 61154 182200  780 247 3133    -4149139    -17          20    -13   27  55  175   30  854  145  854  145  20  0  0 L3P 48
G22 FF 61154 182200  780 639 1953      133364    -51          11     11   15  48   82    4  268  -22  268  -22  12  0  0 L3P E7
G30 FF 61154 182200  780 456 1228    -1991040   -135          -5     -1   21  15  103    3  299  -11  299  -11  18  0  0 L3P 18
G05 FF 61154 183800  780 182 2906     2321622    -21           9    -25   30  71  233   39  982  140  982  140  25  0  0 L3P 2C
G13 FF 61154 183800  780 559 2185    -6781335     -4           4    -20   10  89   89   -8  291  -16  291  -16   9  0  0 L3P 10
G14 FF 61154 183800  780 456 1581    -7443513      7           7     20   26  55  103   10  272  -27  272  -27  24  0  0 L3P 00
G15 FF 61154 183800  780 251 2253    -4059349    -64          31    -31   27  95  173  -35  465  -34  465  -34  23  0  0 L3P 5D
G17 FF 61154 183800  780 639  703     1204279     46           8    -41   17  78   82   -2  282   -3  282   -3  16  0  0 L3P D6
G19 FF 61154 183800  780 524  154    -6980204    -15          13     -5   21   4   93  -10  361  -63  361  -63  19  0  0 L3P 03
G20 FF 61154 183800  780 498 2288    -1240264   -189          23     -6   15 128   96   -9  328  -25  328  -25  12  0  0 L3P 53
G21 FF 61154 183800  780 203 3195    -4149139     35          23     39   32  55  211   44  958   34  958   34  25  0  0 L3P 21
G22 FF 61154 183800  780 587 1833      133294    -64           1     -1   17  48   86    5  265  -17  265  -17  14  0  0 L3P E9
G30 FF 61154 183800  780 438 1125    -1991154   -167           9    -33   15  15  106    4  280   26  280   26  13  0  0 L3P 12
G13 FF 61154 185400  780 627 2256    -6781322     40           1     24   17  89   83   -5  270  -38  270  -38  15  0  0 L3P 09
G14 FF 61154 185400  780 402 1522    -7443527    -23           6    -11   20  55  114   13  266    6  266    6  16  0  0 L3P E2
G15 FF 61154 185400  780 301 2298    -4059377     11          33     44   31  95  146  -22  411  -82  411  -82  27  0  0 L3P 34
G17 FF 61154 185400  780 650  894     1204360     97           6     10   20  78   81    0  255  -29  255  -29  17  0  0 L3P DD
G19 FF 61154 185400  780 602  215    -6980218     -7           8      3   23   4   85   -7  308  -45  308  -45  18  0  0 L3P D1
G20 FF 61154 185400  780 554 2375    -1240454   -205           9    -22   17 128   89   -6  314    2  314    2  15  0  0 L3P F5
G22 FF 61154 185400  780 533 1739      133230    -35          -3     27   21  48   92    7  256  -34  256  -34  19  0  0 L3P EE
G30 FF 61154 185400  780 416 1027    -1991297   -136          -5     -2   26  15  111    5  291    7  291    7  22  0  0 L3P E7
G13 FF 61154 191000  780 688 2388    -6781308     21           0      5   12  89   79   -3  255  -23  255  -23  10  0  0 L3P F3
G14 FF 61154 191000  780 351 1465    -7443551    -25          -6    -13   21  55  127   16  269    1  269    1  17  0  0 L3P F7
G15 FF 61154 191000  780 345 2357    -4059414    -12          28     21   20  95  130  -14  374  -65  374  -65  17  0  0 L3P 3F
G17 FF 61154 191000  780 632 1079     1204442     98           5     12   13  78   82    2  236  -33  236  -33  12  0  0 L3P D9
G19 FF 61154 191000  780 677  316    -6980225    -11          11      0   11   4   80   -4  265  -39  265  -39   9  0  0 L3P D7
G20 FF 61154 191000  780 597 2500    -1240636   -192           3     -9   21 128   85   -3  301   -7  301   -7  17  0  0 L3P F3
G22 FF 61154 191000  780 481 1658      133180    -62           6      0   21  48   99    8  235  -17  235  -17  20  0  0 L3P C6
G30 FF 61154 191000  780 389  934    -1991419   -129           1      5   18  15  117    8  288   -7  288   -7  16  0  0 L3P F5
G14 FF 61154 192600  780 305 1409    -7443544     27          13     39   29  55  144   20  242  -37  242  -37  24  0  0 L3P 28
G15 FF 61154 192600  780 381 2431    -4059454    -49          20    -16   24  95  119   -9  349  -20  349  -20  21  0  0 L3P 42
G17 FF 61154 192600  780 589 1220     1204520     61           0    -26   22  78   86    5  221    5  221    5  19  0  0 L3P A5
G19 FF 61154 192600  780 738  507    -6980232    -15          14     -4   29   4   77   -2  232  -28  232  -28  21  0  0 L3P FB
G20 FF 61154 192600  780 618 2662    -1240801   -238          14    -55   49 128   83   -1  285   26  285   26  32  0  0 L3P 3C
G22 FF 61154 192600  780 430 1584      133117    -58           3      4   36  48  108   10  225  -20  225  -20  31  0  0 L3P D5
G30 FF 61154 192600  780 358  847    -1991560   -148         -11    -14   26  15  126   11  301   15  301   15  21  0  0 L3P 21
G06 FF 61154 194200  780 207  406     6086529    -99          13    -75   36  22  207  -45  499  -47  499  -47  28  0  0 L3P 5D
G14 FF 61154 194200  780 262 1352    -7443579    -10         -10      2   22  55  166   25  252  -17  252  -17  17  0  0 L3P 24
G15 FF 61154 194200  780 407 2519    -4059484    -26          22      7   18  95  113   -5  326  -17  326  -17  17  0  0 L3P 29
G17 FF 61154 194200  780 531 1315     1204597     86          -6      0   16  78   92    8  209  -18  209  -18  15  0  0 L3P EB
G19 FF 61154 194200  780 764  834    -6980251     11           5     21   18   4   76    0  210  -45  210  -45  15  0  0 L3P C4
G20 FF 61154 194200  780 613 2836    -1240974   -193          16    -10   14 128   84    2  279   10  279   10  11  0  0 L3P 1E
G22 FF 61154 194200  780 383 1515      133046    -66          -7     -4   25  48  119   13  219  -14  219  -14  19  0  0 L3P 07
G30 FF 61154 194200  780 321  768    -1991695   -113         -17     21   24  15  138   15  312  -18  312  -18  22  0  0 L3P 39
G06 FF 61154 195800  780 253  468     6086519     10          25     34   38  22  171  -30  400 -116  400 -116  28  0  0 L3P 31
G14 FF 61154 195800  780 222 1294    -7443561      4          19     16   30  55  193   32  211  -35  211  -35  22  0  0 L3P 09
G15 FF 61154 195800  780 419 2618    -4059513     -2          25     31   29  95  110   -1  314  -27  314  -27  26  0  0 L3P 1D
G17 FF 61154 195800  780 466 1374     1204693     85           7     -2   28  78  101   12  186  -10  186  -10  27  0  0 L3P 0D
G19 FF 61154 195800  780 737 1153    -6980260      6           6     16   13   4   77    2  190  -39  190  -39  11  0  0 L3P DD
G20 FF 61154 195800  780 583 2991    -1241147   -168          19     15   12 128   86    4  282    4  282    4  10  0  0 L3P FE
G22 FF 61154 195800  780 338 1449      132990    -31          -4     32   17  48  132   15  208  -48  208  -48  15  0  0 L3P 18
G24 FF 61154 195800  780 236 2192      205674   -128           5     52   29  53  183  -42  281 -113  281 -113  25  0  0 L3P 47
G30 FF 61154 195800  780 281  695    -1991819    -40         -12     94   26  15  156   22  322  -54  322  -54  23  0  0 L3P 39
G06 FF 61154 201400  780 299  535     6086491     10          26     34   26  23  147  -21  316 -112  316 -112  22  0  0 L3P 25
G12 FF 61154 201400  780 202 2621     6079154    -10         -24     -8   38  14  211  -29  606 -187  606 -187  31  0  0 L3P 53
G14 FF 61154 201400  780 185 1236    -7443604     -1         -13     11   32  56  229   43  219  -40  219  -40  26  0  0 L3P 18
G15 FF 61154 201400  780 417 2720    -4059546    -23          23     10   32  96  110    2  313   -7  313   -7  26  0  0 L3P E2
G17 FF 61154 201400  780 397 1408     1204787     93          16      7   17  79  115   17  167  -27  167  -27  16  0  0 L3P 1E
G19 FF 61154 201400  780 677 1329    -6980264      2          13     13   15   5   79    4  162  -37  162  -37  13  0  0 L3P E3
G20 FF 61154 201400  780 536 3113    -1241325   -176          16      7   17 129   91    7  290    2  290    2  14  0  0 L3P CD
G22 FF 61154 201400  780 296 1383      132951    -72          14    -10   20  66  148   19  174  -15  174  -15  16  0  0 L3P 15
G24 FF 61154 201400  780 293 2170      205506   -237          12    -58   25  54  150  -28  215  -14  215  -14  21  0  0 L3P 23
G30 FF 61154 201400  780 237  631    -1991924   -156          14    -22   36  16  182   34  323   49  323   49  29  0  0 L3P 28
G06 FF 61154 203000  780 343  611     6086464    -87          22    -63   27  23  130  -14  244  -12  244  -12  22  0  0 L3P 13
G11 FF 61154 203000  780 219  164     3620938   -227          43   -100   22 137  196  -49  577 -168  577 -168  21  0  0 L3P 96
G12 FF 61154 203000  780 230 2550     6079196    -51          19    -50   38  14  187  -21  411  -82  411  -82  33  0  0 L3P 30
G15 FF 61154 203000  780 402 2821    -4059582    -40          19     -7   24  96  114    5  322   12  322   12  19  0  0 L3P EB
G17 FF 61154 203000  780 328 1425     1204877    129          23     43   14  79  135   26  142  -61  142  -61  11  0  0 L3P 1B
G19 FF 61154 203000  780 606 1413    -6980268      3          18     13   13   5   84    6  138  -31  138  -31  11  0  0 L3P D1
G20 FF 61154 203000  780 479 3205    -1241508   -171           9     12   18 129   99   10  314   13  314   13  14  0  0 L3P 00
G22 FF 61154 203000  780 258 1318      132870   -109          -7    -47   23  66  168   23  171   28  171   28  16  0  0 L3P 11
G24 FF 61154 203000  780 354 2156      205310   -138         -12     42   22  54  127  -20  186  -72  186  -72  18  0  0 L3P 2A
G30 FF 61154 203000  780 189  574    -1992046   -171          22    -37   42  16  225   57  340   77  340   77  42  0  0 L3P 2B
G06 FF 61154 204600  780 380  697     6086437     20          17     44   26  23  119   -9  189 -100  189 -100  21  0  0 L3P 2A
G11 FF 61154 204600  780 277  210     3620793   -100          19     27   36 137  158  -32  401 -176  401 -176  30  0  0 L3P 59
G12 FF 61154 204600  780 257 2478     6079183     -4           7     -3   24  14  169  -17  311 -100  311 -100  20  0  0 L3P 16
G15 FF 61154 204600  780 375 2916    -4059618    -34          15     -1   25  96  121    9  342   26  342   26  21  0  0 L3P 03
G17 FF 61154 204600  780 261 1428     1204952     49          15    -37   26  79  167   41  128  -13  128  -13  22  0  0 L3P 26
G19 FF 61154 204600  780 532 1452    -6980287     -8           9      3   20   5   92    9  124  -18  124  -18  18  0  0 L3P D2
G20 FF 61154 204600  780 417 3276    -1241691   -206           2    -23   17 129  110   14  348   57  348   57  15  0  0 L3P 33
G22 FF 61154 204600  780 221 1252      132818     22           1     85   24  66  194   30  147 -102  147 -102  19  0  0 L3P FF
G24 FF 61154 204600  780 418 2149      205155   -168           6     12   19  54  110  -15  147  -37  147  -37  16  0  0 L3P 1D
G06 FF 61154 210200  780 410  793     6086411    -21          14      3   20  23  112   -5  152  -34  152  -34  18  0  0 L3P D5
G11 FF 61154 210200  780 338  259     3620669   -119          17      7   28 137  132  -22  271 -121  271 -121  22  0  0 L3P 44
G12 FF 61154 210200  780 283 2404     6079186     -5          12     -4   19  14  154  -14  225  -76  225  -76  16  0  0 L3P 14
G15 FF 61154 210200  780 340 3001    -4059640      3          24     36   27  96  131   14  381   31  381   31  22  0  0 L3P D9
G17 FF 61154 210200  780 196 1422     1205050    147          30     61   41  79  218   70  102  -61  102  -61  33  0  0 L3P 06
G19 FF 61154 210200  780 460 1467    -6980292    -47          14    -37   24   5  102   13  105   12  105   12  22  0  0 L3P FA
G20 FF 61154 210200  780 354 3334    -1241875   -169          -6     14   41 129  127   20  405   57  405   57  41  0  0 L3P 2C
G22 FF 61154 210200  780 187 1187      132772    -64          15     -1   27  66  227   40  117   -7  117   -7  22  0  0 L3P DF
G24 FF 61154 210200  780 485 2154      204970   -146          -8     34   15  54   98  -11  137  -50  137  -50  13  0  0 L3P 11
G06 FF 61154 211800  780 426  898     6086370      3          -4     27   28  23  108   -2  133  -60  133  -60  24  0  0 L3P E5
G11 FF 61154 211800  780 401  316     3620531   -115           0     11   16 137  114  -15  197  -88  197  -88  16  0  0 L3P 27
G12 FF 61154 211800  780 310 2331     6079181     45           8     46   23  14  142  -11  165  -88  165  -88  21  0  0 L3P 0E
G15 FF 61154 211800  780 299 3078    -4059670    -59          26    -26   40  96  147   20  443   92  443   92  30  0  0 L3P 3E
G19 FF 61154 211800  780 390 1466    -6980307     18           8     28   19   5  117   18   92  -36   92  -36  18  0  0 L3P FA
G20 FF 61154 211800  780 293 3384    -1242035   -175          10      8   47 129  150   29  473   98  473   98  43  0  0 L3P 3E
G24 FF 61154 211800  780 554 2175      204804   -189          -1    -10   10  54   89   -8  113   -8  113   -8   9  0  0 L3P DB
G06 FF 61154 213400  780 428 1006     6086353    -53           2    -29   28  23  108    1  100   12  100   12  25  0  0 L3P CD
G11 FF 61154 213400  780 463  385     3620410   -133           0     -7   19 137  102  -11  147  -36  147  -36  16  0  0 L3P 15
G12 FF 61154 213400  780 337 2256     6079170      8          -2      9   25  14  132  -10  130  -50  130  -50  21  0  0 L3P D8
G15 FF 61154 213400  780 255 3147    -4059705    -70          23    -37   27  96  170   28  531  139  531  139  22  0  0 L3P 52
G19 FF 61154 213400  780 324 1455    -6980312     56          13     66   18   5  137   25   71  -61   71  -61  15  0  0 L3P F1
G20 FF 61154 213400  780 234 3430    -1242223   -160          -3     23   32 129  184   43  600  114  600  114  26  0  0 L3P 2C
G24 FF 61154 213400  780 623 2223      204636   -185           4     -5   20  54   83   -5   94  -10   94  -10  18  0  0 L3P C3
G06 FF 61154 215000  780 414 1110     6086332    -26           4     -2   29  23  111    5   84  -20   84  -20  25  0  0 L3P B5
G11 FF 61154 215000  780 521  473     3620287   -149          -3    -23   17 137   93   -7  116   -8  116   -8  15  0  0 L3P FE
G12 FF 61154 215000  780 365 2181     6079173     18           2     19   24  14  123   -9  104  -43  104  -43  20  0  0 L3P E8
G15 FF 61154 215000  780 211 3212    -4059766    -30          -7      3   29  96  202   41  662   74  662   74  23  0  0 L3P FF
G19 FF 61154 215000  780 261 1437    -6980331      4           4     14   26   5  167   37   73  -24   73  -24  21  0  0 L3P C6
G24 FF 61154 215000  780 688 2322      204458   -187          -2     -8   11  54   79   -3   90    2   90    2  10  0  0 L3P 99
G06 FF 61154 220600  780 385 1202     6086307    -27           3     -3   25  97  118    9   73   -9   73   -9  23  0  0 L3P BD
G11 FF 61154 220600  780 571  588     3620155   -148          -9    -22   16 138   88   -4   98   -8   98   -8  14  0  0 L3P FC
G12 FF 61154 220600  780 395 2104     6079168     -5          -6     -4   19  19  115   -8   91   -6   91   -6  17  0  0 L3P C4
G19 FF 61154 220600  780 203 1412    -6980331     28          19     38   37   8  211   58   65  -10   65  -10  28  0  0 L3P EC
G24 FF 61154 220600  780 740 2515      204275   -173         -16      7   19  59   77   -2   94   -4   94   -4  16  0  0 L3P C9
G06 FF 61154 223400  780 308 1324     6086272    -24           8      0   31  97  143   22   66    5   66    5  26  0  0 L3P 9C
G11 FF 61154 223400  780 614  864     3619932    -99         -20     28   17 138   84    0   86  -29   86  -29  15  0  0 L3P 07
G12 FF 61154 223400  780 452 1963     6079160     28         -12     30   20  19  104   -6   82  -34   82  -34  18  0  0 L3P F1
G24 FF 61154 223400  780 737 3055      203976   -175         -13      5   22  59   77    2   94    1   94    1  15  0  0 L3P A0
G29 FF 61154 223400  780 225 2894     3339338    -77         -22     -5   30  76  191  -34  411 -157  411 -157  27  0  0 L3P 6E
G06 FF 61154 225000  780 254 1372     6086249    -18           7      6   22  97  171   36   70   -1   70   -1  17  0  0 L3P B7
G11 FF 61154 225000  780 604 1033     3619828   -102          -3     24   18 138   85    2   71  -23   71  -23  16  0  0 L3P E8
G12 FF 61154 225000  780 486 1876     6079162    -10          -8     -9   17  19   98   -5   75   11   75   11  15  0  0 L3P D5
G24 FF 61154 225000  780 683 3255      203810   -152          -7     28   14  59   79    4   95  -14   95  -14  12  0  0 L3P DC
G25 FF 61154 225000  780 227 2238    -4276009     28          25      0   41  17  189  -36  116  -27  116  -27  35  0  0 L3P 1F
G29 FF 61154 225000  780 265 2823     3339272    -60         -19     12   30  76  164  -22  294 -105  294 -105  26  0  0 L3P 64
G06 FF 61154 230600  780 196 1406     6086224    -84           5    -60   43  97  218   64   71   63   71   63  36  0  0 L3P F2
G11 FF 61154 230600  780 570 1175     3619707   -157          -3    -30   17 138   88    4   69   24   69   24  14  0  0 L3P FB
G12 FF 61154 230600  780 522 1782     6079173     -6           3     -5   16  19   93   -5   64    8   64    8  15  0  0 L3P 8D
G24 FF 61154 230600  780 612 3367      203635   -158          -9     22   23  59   84    6  104  -15  104  -15  23  0  0 L3P F1
G25 FF 61154 230600  780 273 2191    -4275996     31          10      3   35  17  160  -26  113  -20  113  -20  33  0  0 L3P 06
G29 FF 61154 230600  780 300 2747     3339208   -121         -13    -48   28  76  147  -15  221  -15  221  -15  25  0  0 L3P 53
G05 FF 61154 232200  780 194  370     2321700      5           5      1   34  74  220  -51  197  -94  197  -94  28  0  0 L3P DB
G11 FF 61154 232200  780 519 1278     3619583   -111          -6     15   29 138   93    7   66  -16   66  -16  26  0  0 L3P 0C
G12 FF 61154 232200  780 556 1676     6079159     -1          -9      0   13  19   89   -4   74    9   74    9  11  0  0 L3P 95
G21 FF 61154 232200  780 191  644    -4149203     63          24     66   44  57  223  -37  114  -78  114  -78  40  0  0 L3P 20
G24 FF 61154 232200  780 537 3435      203453   -181         -18     -1   29  59   91    9  123   26  123   26  28  0  0 L3P ED
G25 FF 61154 232200  780 323 2146    -4275985    -12          -7    -41   21  17  137  -20  112   36  112   36  18  0  0 L3P 1A
G29 FF 61154 232200  780 331 2664     3339139    -42         -12     31   15  76  134  -11  176  -61  176  -61  14  0  0 L3P 38
G05 FF 61154 233800  780 240  431     2321709    -17          10    -21   36  74  180  -34  135  -33  135  -33  29  0  0 L3P 17
G11 FF 61154 233800  780 459 1347     3619458   -148         -10    -22   39 138  102   11   66   11   66   11  35  0  0 L3P 23
G12 FF 61154 233800  780 588 1553     6079168     27           0     28   12  19   86   -3   68  -27   68  -27   9  0  0 L3P DC
G21 FF 61154 233800  780 222  716    -4149229     -9           1     -5   26  57  194  -25  117    3  117    3  24  0  0 L3P C2
G24 FF 61154 233800  780 461 3482      203285   -212         -15    -33   34  59  102   13  144   61  144   61  31  0  0 L3P 10
G25 FF 61154 233800  780 376 2104    -4275943     -2           8    -30   19  17  120  -16   92   26   92   26  16  0  0 L3P EC
G29 FF 61154 233800  780 359 2577     3339065    -34         -17     39   18  76  125   -8  157  -51  157  -51  16  0  0 L3P 4F
