CGGTTS     GENERIC DATA FORMAT VERSION = 2E
REV DATE = 2025-11-01
RCVR = PolaRx5TR (5.6.0)     sbf2cggtts-1.5.0
CH = 80
IMS = PolaRx5TR
LAB = LRTE
X = 3967035.920 m
Y = -4390028.540 m
Z = -2375644.640 m
FRAME = ITRF
COMMENTS = LS=18; ElMask=10deg; 'Generated from the SBF in 2026-04-14 at 23:46:01'
INT DLY = 24.9 ns (GPS P1),  15.7 ns (GPS P2)     CAL_ID = 1201-2025
CAB DLY = 103.1 ns
REF DLY = 47.2 ns
REF = UTC(LRTE)
CKSUM = fe

SAT CL  MJD  STTIME TRKL ELV AZTH   REFSV      SRSV     REFSYS    SRSYS  DSG IOE MDTR SMDT MDIO SMDI MSIO SMSI ISG FR HC FRC CK
             hhmmss  s  .1dg .1dg    .1ns     .1ps/s     .1ns    .1ps/s .1ns     .1ns.1ps/s.1ns.1ps/s.1ns.1ps/s.1ns
G05 FF 61144 000600  780 192  370     2316990     78           0     73   36 110  222  -52  230 -193  230 -193  29  0  0 L3P 27
G11 FF 61144 000600  780 527 1270     3739942    -83           3     44   16 237   92    7   47  -29   47  -29  13  0  0 L3P E8
G12 FF 61144 000600  780 555 1675     6079767    -14           4    -14   14  88   89   -4   52   17   52   17  12  0  0 L3P D6
G21 FF 61144 000600  780 189  647    -4142201     31          35     42   41 157  225  -38   86  -60   86  -60  41  0  0 L3P 04
G24 FF 61144 000600  780 543 3428      372041   -164          -6     13   37 101   91    9  109    0  109    0  35  0  0 L3P B5
G25 FF 61144 000600  780 321 2148    -4302485    -48           5    -75   21  53  138  -20   75   53   75   53  18  0  0 L3P F8
G29 FF 61144 000600  780 332 2667     3407079    -38          13     34   28 100  134  -11  125  -54  125  -54  22  0  0 L3P 32
G05 FF 61144 002200  780 238  430     2316999     13           5      8   36 110  181  -35  134  -69  134  -69  25  0  0 L3P FF
G11 FF 61144 002200  780 467 1342     3739828   -141          10    -13   30 237  101   11   40   -4   40   -4  28  0  0 L3P E6
G12 FF 61144 002200  780 587 1553     6079762     36           0     36   13  88   86   -3   53  -34   53  -34  10  0  0 L3P CC
G21 FF 61144 002200  780 219  718    -4142234     17          13     29   29 157  196  -25   88  -40   88  -40  22  0  0 L3P 0E
G24 FF 61144 002200  780 467 3477      371869   -128          -9     48   29 101  101   13  134  -10  134  -10  28  0  0 L3P 26
G25 FF 61144 002200  780 374 2105    -4302455    -23           9    -50   15  53  121  -16   62   49   62   49  14  0  0 L3P E8
G29 FF 61144 002200  780 359 2580     3406992    -84          -5    -13   20 100  125   -8  113  -16  113  -16  16  0  0 L3P 26
G05 FF 61144 003800  780 285  496     2316998    -26           0    -31   33 110  153  -24  100    7  100    7  28  0  0 L3P DD
G11 FF 61144 003800  780 403 1387     3739691   -142          -4    -14   31 237  114   16   45   10   45   10  29  0  0 L3P 01
G12 FF 61144 003800  780 612 1411     6079758     43          -5     43   13  88   84   -2   55  -36   55  -36  12  0  0 L3P DB
G21 FF 61144 003800  780 246  794    -4142238    -74          19    -62   37 157  176  -16   69   61   69   61  33  0  0 L3P 26
G24 FF 61144 003800  780 392 3514      371690   -143         -18     33   18 101  116   19  177   21  177   21  13  0  0 L3P 1D
G25 FF 61144 003800  780 432 2064    -4302427     84          11     56   17  53  107  -12   53  -49   53  -49  15  0  0 L3P 06
G29 FF 61144 003800  780 383 2489     3406930    -77           1     -5   17 100  118   -6   91  -12   91  -12  14  0  0 L3P F2
G05 FF 61144 005400  780 331  569     2317003      5           0      0   31 110  135  -16   87  -18   87  -18  27  0  0 L3P B5
G11 FF 61144 005400  780 336 1413     3739552   -123         -21      4   23 237  133   24   57   -9   57   -9  18  0  0 L3P F5
G12 FF 61144 005400  780 627 1249     6079764     14           2     14   15  88   83   -1   54  -14   54  -14  13  0  0 L3P C8
G18 FF 61144 005400  780 198 3227     3773664    -34           1     60   24 201  216  -68  451 -205  451 -205  17  0  0 L3P 53
G21 FF 61144 005400  780 265  875    -4142276    -20          -7     -9   32 157  164   -9   91   -1   91   -1  26  0  0 L3P D9
G24 FF 61144 005400  780 320 3547      371555   -131          16     45   26 101  138   28  200   18  200   18  23  0  0 L3P FF
G25 FF 61144 005400  780 493 2024    -4302399     11          13    -17   17  53   97  -10   47   11   47   11  15  0  0 L3P DD
G29 FF 61144 005400  780 402 2395     3406868    -65           8      7   19 100  114   -4   79   -8   79   -8  16  0  0 L3P DB
G05 FF 61144 011000  780 372  651     2317006    -20          -1    -25   22 110  122  -11   79   10   79   10  19  0  0 L3P CA
G11 FF 61144 011000  780 271 1425     3739431    -98         -19     29   20 237  161   37   53  -15   53  -15  16  0  0 L3P 16
G12 FF 61144 011000  780 628 1075     6079770     14           8     14   14  88   83    1   52   -3   52   -3  12  0  0 L3P 8B
G18 FF 61144 011000  780 262 3189     3773602   -101          29     -6   25 201  166  -39  279 -129  279 -129  17  0  0 L3P 82
G21 FF 61144 011000  780 277  958    -4142297    -68         -17    -57   29 157  158   -3   92   47   92   47  23  0  0 L3P 26
G24 FF 61144 011000  780 252 3579      371394   -205          24    -29   26 101  172   44  273  122  273  122  21  0  0 L3P 38
G25 FF 61144 011000  780 559 1984    -4302384     46           1     19   15  53   89   -7   52  -24   52  -24  12  0  0 L3P D7
G29 FF 61144 011000  780 419 2300     3406803    -88          12    -17   19 100  110   -3   68    6   68    6  17  0  0 L3P CB
G05 FF 61144 012600  780 405  744     2317017     -3           5     -8   31 110  113   -7   67    8   67    8  28  0  0 L3P 89
G11 FF 61144 012600  780 207 1425     3739308   -128         -20      0   30 237  207   62   61   13   61   13  26  0  0 L3P E7
G12 FF 61144 012600  780 611  906     6079773    -13          10    -13   19  88   84    2   58   14   58   14  14  0  0 L3P BF
G18 FF 61144 012600  780 324 3139     3773495   -103          13     -9   23 201  137  -24  200  -60  200  -60  17  0  0 L3P 35
G21 FF 61144 012600  780 278 1042    -4142262    -30          28    -18   27 157  157    2   55   -1   55   -1  21  0  0 L3P DF
G24 FF 61144 012600  780 187   10      371239    -86          38     90   25 101  227   71  362   28  362   28  18  0  0 L3P E8
G25 FF 61144 012600  780 629 1942    -4302364     25          -5     -2   16  53   83   -5   55   -6   55   -6  13  0  0 L3P B7
G29 FF 61144 012600  780 433 2202     3406740    -94          17    -22   14 100  107   -3   64   16   64   16  12  0  0 L3P E3
G05 FF 61144 014200  780 428  847     2317014    -22          -1    -26   25 110  108   -3   67   16   67   16  23  0  0 L3P D3
G12 FF 61144 014200  780 578  758     6079764     55           2     55   17  88   87    4   67  -36   67  -36  15  0  0 L3P D7
G18 FF 61144 014200  780 384 3077     3773414    -83          22     11   26 201  118  -16  142  -56  142  -56  19  0  0 L3P 3D
G21 FF 61144 014200  780 267 1124    -4142269     27          32     39   35 157  163    9   50  -43   50  -43  33  0  0 L3P F5
G25 FF 61144 014200  780 702 1892    -4302334     44          -1     17   12  53   78   -4   50  -17   50  -17  10  0  0 L3P CA
G28 FF 61144 014200  780 215 2388     5557824    -71          21     21   33  18  199  -23  121   -9  121   -9  25  0  0 L3P 0D
G29 FF 61144 014200  780 446 2104     3406673    -56          19     15   27 100  105   -2   56  -15   56  -15  23  0  0 L3P FD
G05 FF 61144 015800  780 436  956     2317022    -33           2    -38   23 110  106    0   57   26   57   26  24  0  0 L3P BF
G12 FF 61144 015800  780 532  638     6079782    -60          20    -60   23  88   92    6   54   35   54   35  17  0  0 L3P CC
G18 FF 61144 015800  780 441 3000     3773319    -97          18     -3   51 201  106  -11  112  -27  112  -27  32  0  0 L3P 23
G21 FF 61144 015800  780 247 1199    -4142281    -21          31     -9   25 157  175   18   49    8   49    8  19  0  0 L3P EE
G25 FF 61144 015800  780 778 1811    -4302304     56           2     29   14  53   75   -2   45  -32   45  -32  12  0  0 L3P CD
G28 FF 61144 015800  780 236 2460     5557730   -129          15    -37   27  18  183  -12  131   49  131   49  25  0  0 L3P 3F
G29 FF 61144 015800  780 458 2005     3406593    -68           8      4   19 100  102   -2   59   -7   59   -7  16  0  0 L3P CF
G05 FF 61144 021400  780 429 1063     2317030     19           1     14   19 111  108    3   60   -5   60   -5  19  0  0 L3P 99
G12 FF 61144 021400  780 477  543     6079780     -5          18     -5   19  89   99   10   58    4   58    4  16  0  0 L3P A2
G18 FF 61144 021400  780 491 2904     3773229   -110          15    -15   18 202   97   -7   86   -8   86   -8  15  0  0 L3P 04
G21 FF 61144 021400  780 216 1266    -4142298     51          22     62   29 158  199   31   57  -41   57  -41  25  0  0 L3P 13
G25 FF 61144 021400  780 852 1539    -4302295     59         -18     32   42  54   74   -1   57  -35   57  -35  41  0  0 L3P FE
G28 FF 61144 021400  780 246 2538     5557651    -65          22     27   29  19  175   -4  143  -11  143  -11  25  0  0 L3P 1F
G29 FF 61144 021400  780 468 1904     3406530    -94          11    -22   20 101  101   -2   52   11   52   11  17  0  0 L3P D4
G05 FF 61144 023000  780 406 1161     2317040    -10          11    -15   28   1  113    7   50   16   50   16  26  0  0 L3P 99
G12 FF 61144 023000  780 416  469     6079782     13          19     13   17  89  111   14   62    1   62    1  12  0  0 L3P 96
G18 FF 61144 023000  780 532 2789     3773136   -110          13    -15   22 202   92   -4   79    8   79    8  19  0  0 L3P E5
G23 FF 61144 023000  780 210 3520    -6358870    -83          25    -39   26 175  204  -66  238  -80  238  -80  23  0  0 L3P 5F
G25 FF 61144 023000  780 845  468    -4302262     51         -11     23   13  54   74    1   52   -9   52   -9  12  0  0 L3P A0
G28 FF 61144 023000  780 247 2619     5557566   -190          25    -98   30  19  175    3  161  120  161  120  28  0  0 L3P 3F
G29 FF 61144 023000  780 478 1801     3406464    -70          13      2   17 101   99   -2   48    5   48    5  15  0  0 L3P A6
G05 FF 61144 024600  780 371 1244     2317045     17          12     12   22   1  122   12   47  -10   47  -10  19  0  0 L3P B5
G12 FF 61144 024600  780 352  412     6079772     11           9     11   20  89  128   21   77    2   77    2  16  0  0 L3P 8C
G18 FF 61144 024600  780 562 2654     3773056    -83          23     11   14 202   88   -3   64  -11   64  -11  13  0  0 L3P F1
G23 FF 61144 024600  780 281 3530    -6358903    -33          35     12   24 175  156  -39  148  -75  148  -75  21  0  0 L3P 5C
G25 FF 61144 024600  780 766  245    -4302232     39          -7     12   16  54   76    3   55   -2   55   -2  15  0  0 L3P 9A
G28 FF 61144 024600  780 237 2700     5557394    -26         -58     66   35  19  182   10  274  -34  274  -34  32  0  0 L3P 42
G29 FF 61144 024600  780 487 1696     3406390    -72           8      0   13 101   98   -1   56    5   56    5  11  0  0 L3P 9F
G05 FF 61144 030200  780 325 1310     2317033     14          -4      9   24   1  137   19   57   -9   57   -9  21  0  0 L3P 8F
G12 FF 61144 030200  780 286  368     6079790     34          28     34   29  89  153   34   72  -19   72  -19  25  0  0 L3P FB
G18 FF 61144 030200  780 579 2506     3772957    -65          14     30   13 202   87   -1   62  -26   62  -26   9  0  0 L3P F1
G23 FF 61144 030200  780 356 3536    -6358948    -36          33      9   23 175  126  -25  103  -55  103  -55  17  0  0 L3P 44
G25 FF 61144 030200  780 683  182    -4302197     25           2     -3   17  54   79    5   53   10   53   10  13  0  0 L3P 85
G28 FF 61144 030200  780 219 2778     5557410   -258          46   -166   66  19  195   18  196  202  196  202  63  0  0 L3P 7E
G29 FF 61144 030200  780 495 1587     3406329   -101          16    -29   18 101   97   -1   44   22   44   22  15  0  0 L3P F8
G05 FF 61144 031800  780 273 1361     2317048    -39           6    -44   18   1  160   31   50   43   50   43  15  0  0 L3P B9
G12 FF 61144 031800  780 219  335     6079765     18           3     18   24  89  196   58  116   28  116   28  20  0  0 L3P EE
G18 FF 61144 031800  780 581 2352     3772864    -83          12     11   14 202   87    0   57  -17   57  -17  13  0  0 L3P F0
G23 FF 61144 031800  780 435 3539    -6359009    -10          14     34   25 175  107  -16   89  -60   89  -60  19  0  0 L3P 3B
G25 FF 61144 031800  780 600  151    -4302178     -6          -6    -33   21  54   85    7   62   30   62   30  20  0  0 L3P 98
G26 FF 61144 031800  780 228 2238     3534044     66          39     19   41  83  189  -46   64  -13   64  -13  38  0  0 L3P 13
G28 FF 61144 031800  780 195 2853     5557279   -117           4    -25   37  19  218   29  283   75  283   75  29  0  0 L3P 45
G29 FF 61144 031800  780 500 1475     3406268    -50          23     22   12 101   96    0   38  -18   38  -18  11  0  0 L3P DE
G05 FF 61144 033400  780 216 1396     2317058    -40          11    -44   43   1  199   52   42   37   42   37  37  0  0 L3P DA
G15 FF 61144 033400  780 205  769    -4029162    -39          13     -6   28  12  209  -24   72   14   72   14  23  0  0 L3P DF
G18 FF 61144 033400  780 572 2204     3772774    -78          12     16   18 202   87    2   48  -17   48  -17  15  0  0 L3P FB
G23 FF 61144 033400  780 517 3537    -6359050    -54          16     -9   23 175   94  -11   67   -1   67   -1  17  0  0 L3P F7
G25 FF 61144 033400  780 517  134    -4302142     38           4     10   19  54   94   11   54   -7   54   -7  17  0  0 L3P 98
G26 FF 61144 033400  780 283 2273     3534068     65          18     18   24  83  155  -28   71  -27   71  -27  21  0  0 L3P 0A
G29 FF 61144 033400  780 501 1360     3406180    -48           4     24   18 101   96    0   55  -24   55  -24  15  0  0 L3P C9
G10 FF 61144 035000  780 221 3370     5894015     59           8     70   55  50  195  -60  218 -125  218 -125  51  0  0 L3P 30
G15 FF 61144 035000  780 226  844    -4029203    -85           4    -52   35  12  190  -15   71   37   71   37  28  0  0 L3P E2
G18 FF 61144 035000  780 553 2069     3772670    -69          -1     26   22 202   89    2   55  -27   55  -27  17  0  0 L3P F5
G23 FF 61144 035000  780 602 3532    -6359099    -41          10      3   25 175   85   -8   63  -14   63  -14  22  0  0 L3P EF
G25 FF 61144 035000  780 436  124    -4302120     34           0      7   43  54  107   16   67    6   67    6  38  0  0 L3P 7B
G26 FF 61144 035000  780 334 2323     3534111     29          16    -17   18  83  133  -18   67   15   67   15  15  0  0 L3P EB
G29 FF 61144 035000  780 497 1243     3406109   -120           2    -48   21 101   96    1   54   38   54   38  17  0  0 L3P D9
G10 FF 61144 040600  780 292 3351     5893992    -44          -5    -34   21  78  150  -35  154  -29  154  -29  16  0  0 L3P 45
G15 FF 61144 040600  780 240  922    -4029230     34           9     67   40  18  180   -8   54  -60   54  -60  38  0  0 L3P D0
G18 FF 61144 040600  780 528 1947     3772585    -80           0     14   27 203   92    3   50  -10   50  -10  23  0  0 L3P CE
G23 FF 61144 040600  780 689 3521    -6359158    -58          -5    -14   19 176   79   -5   67   15   67   15  18  0  0 L3P 1B
G25 FF 61144 040600  780 358  121    -4302094      1           0    -27   28  55  126   24   86   48   86   48  22  0  0 L3P BB
G26 FF 61144 040600  780 380 2389     3534154      4          10    -43   18 138  119  -11   60   22   60   22  17  0  0 L3P E1
G29 FF 61144 040600  780 487 1127     3406047   -106           5    -34   21 102   98    2   46   28   46   28  18  0  0 L3P E3
G10 FF 61144 042200  780 365 3322     5893976     42         -10     52   66  78  124  -22  114  -82  114  -82  62  0  0 L3P 31
G15 FF 61144 042200  780 247 1000    -4029253    -14          18     19   27  18  175   -1   48   -4   48   -4  23  0  0 L3P D4
G18 FF 61144 042200  780 501 1837     3772502    -78           8     16   26 203   96    4   42  -14   42  -14  23  0  0 L3P D5
G23 FF 61144 042200  780 777 3503    -6359192    -81           4    -36   24 176   75   -3   56   31   56   31  24  0  0 L3P F2
G25 FF 61144 042200  780 283  123    -4302054     58          14     31   19  55  155   38  107   18  107   18  17  0  0 L3P EC
G26 FF 61144 042200  780 416 2472     3534183     28          -5    -18   24 138  111   -7   67   16   67   16  21  0  0 L3P EC
G29 FF 61144 042200  780 469 1015     3405983    -68          10      3   21 102  101    4   50   15   50   15  19  0  0 L3P B9
G10 FF 61144 043800  780 438 3280     5893972    -32          -5    -22   19  78  106  -15   86    6   86    6  18  0  0 L3P F1
G15 FF 61144 043800  780 244 1078    -4029274    -27          28      6   36  18  177    5   33    1   33    1  29  0  0 L3P AE
G16 FF 61144 043800  780 238 2257    -2446245   -114          -2    -44   39  95  181  -37   72   22   72   22  34  0  0 L3P 1F
G18 FF 61144 043800  780 472 1737     3772417   -104          13    -10   21 203  100    5   35   -3   35   -3  17  0  0 L3P E1
G23 FF 61144 043800  780 865 3441    -6359212    -47          26     -3   17 176   74   -1   27   -2   27   -2  16  0  0 L3P E3
G25 FF 61144 043800  780 211  130    -4302029     90          13     62   31  55  203   65  146  -34  146  -34  27  0  0 L3P FA
G26 FF 61144 043800  780 439 2570     3534225     49          -8      3   23 138  106   -3   70    0   70    0  19  0  0 L3P A3
G29 FF 61144 043800  780 445  908     3405923    -52           6     20   21   0  105    5   41  -18   41  -18  18  0  0 L3P AC
G10 FF 61144 045400  780 511 3221     5893971    -11           3     -1   17  78   94  -10   65  -11   65  -11  15  0  0 L3P D4
G15 FF 61144 045400  780 231 1152    -4029326    -27           8      6   25  18  186   13   50   -9   50   -9  20  0  0 L3P B9
G16 FF 61144 045400  780 287 2307    -2446313    -73          -3     -3   31  95  153  -23   65    1   65    1  28  0  0 L3P CC
G18 FF 61144 045400  780 443 1643     3772317   -102           5     -8   21 203  105    5   38    6   38    6  17  0  0 L3P B5
G23 FF 61144 045400  780 848 1739    -6359268    -50          13     -6   13 176   74    1   32   -5   32   -5  11  0  0 L3P D6
G26 FF 61144 045400  780 448 2678     3534279     39           1     -8   24 138  104    0   68   12   68   12  22  0  0 L3P CD
G29 FF 61144 045400  780 413  810     3405866    -54          17     18   24   0  111    8   37  -17   37  -17  20  0  0 L3P C2
G10 FF 61144 051000  780 581 3136     5893961    -25           3    -15   14  78   87   -7   58    9   58    9  13  0  0 L3P BD
G15 FF 61144 051000  780 209 1220    -4029349   -105          16    -72   33  18  204   25   40   59   40   59  26  0  0 L3P 01
G16 FF 61144 051000  780 328 2371    -2446382    -38          -4     33   22  95  135  -14   67  -23   67  -23  20  0  0 L3P 0E
G18 FF 61144 051000  780 416 1555     3772241    -63          19     31   18 203  111    6   28  -24   28  -24  17  0  0 L3P F2
G23 FF 61144 051000  780 763 1692    -6359331    -28          -8     17   18 176   76    3   45  -23   45  -23  15  0  0 L3P 00
G26 FF 61144 051000  780 440 2788     3534322     36           0    -10   17 138  106    3   73    6   73    6  15  0  0 L3P A1
G29 FF 61144 051000  780 374  722     3405789    -90          10    -19   23   0  121   12   46   21   46   21  18  0  0 L3P BC
G10 FF 61144 052600  780 644 3010     5893960    -13          13     -3   12  78   82   -4   45    1   45    1  10  0  0 L3P 90
G15 FF 61144 052600  780 179 1280    -4029383     -9          14     24   39  18  236   42   39   -5   39   -5  29  0  0 L3P E8
G16 FF 61144 052600  780 361 2449    -2446449    -88          -2    -18   18  95  125   -8   69   21   69   21  16  0  0 L3P 11
G18 FF 61144 052600  780 390 1470     3772138    -63           7     31   20 203  117    7   42  -26   42  -26  16  0  0 L3P E3
G23 FF 61144 052600  780 680 1663    -6359377    -46         -11     -2   12 176   79    5   45   -5   45   -5  11  0  0 L3P E9
G26 FF 61144 052600  780 419 2893     3534380     55          12      9   24 138  110    6   67   -8   67   -8  20  0  0 L3P CA
G29 FF 61144 052600  780 330  644     3405727    -56          17     16   33   0  135   17   44  -13   44  -13  27  0  0 L3P D2
G10 FF 61144 054200  780 692 2821     5893945      2           7     12   13  78   79   -2   47  -13   47  -13  11  0  0 L3P BE
G16 FF 61144 054200  780 381 2540    -2446506    -93           8    -22   30  95  119   -4   66   21   66   21  25  0  0 L3P E6
G18 FF 61144 054200  780 364 1387     3772071    -89          30      5   18 203  124    7   26   -9   26   -9  15  0  0 L3P D4
G23 FF 61144 054200  780 601 1635    -6359414    -57          -6    -13   13 176   85    7   38   12   38   12  11  0  0 L3P E5
G26 FF 61144 054200  780 387 2989     3534418     51           5      5   24 138  117   10   74   -6   74   -6  18  0  0 L3P CF
G27 FF 61144 054200  780 237 2175     1061720     98          24    -64   38  51  182  -45   39   51   39   51  34  0  0 L3P FC
G29 FF 61144 054200  780 281  577     3405660    -33          18     38   30   0  156   27   44  -33   44  -33  25  0  0 L3P D9
G32 FF 61144 054200  780 217   34      -13951   -227         -16    -32   28  11  198  -56  115  -14  115  -14  24  0  0 L3P 0E
G10 FF 61144 055800  780 715 2568     5893934    -11           6     -1   13  78   78    0   45   -5   45   -5  12  0  0 L3P AD
G16 FF 61144 055800  780 389 2638    -2446571    -58          10     13   24  95  117    0   66  -10   66  -10  21  0  0 L3P FE
G18 FF 61144 055800  780 340 1306     3771965   -119          15    -24   19 203  131    8   42   22   42   22  15  0  0 L3P FA
G23 FF 61144 055800  780 526 1605    -6359452    -29          -1     15   20 176   93    9   35  -11   35  -11  18  0  0 L3P F8
G26 FF 61144 055800  780 347 3073     3534458     52           1      5   33 138  129   14   78   -3   78   -3  22  0  0 L3P C8
G27 FF 61144 055800  780 299 2167     1061858    163           6      0   30  51  147  -29   47   -2   47   -2  25  0  0 L3P D5
G29 FF 61144 055800  780 229  519     3405604    -52          31     20   31   0  188   43   40   -6   40   -6  26  0  0 L3P AC
G32 FF 61144 055800  780 282   63      -14121   -126           1     69   26  11  155  -35   67  -82   67  -82  22  0  0 L3P CF
G10 FF 61144 061400  780 703 2304     5893935     16          13     26   13  90   78    1   33  -24   33  -24  11  0  0 L3P BE
G16 FF 61144 061400  780 382 2738    -2446639    -64          10      7   27 147  119    4   64   -7   64   -7  23  0  0 L3P E7
G18 FF 61144 061400  780 316 1227     3771876    -71          12     23   18 204  140   10   39  -22   39  -22  14  0  0 L3P 03
G23 FF 61144 061400  780 455 1572    -6359498    -43          -2      1   21 177  103   12   35   -1   35   -1  20  0  0 L3P D2
G26 FF 61144 061400  780 302 3147     3534507     72           5     26   20 139  146   21   78  -27   78  -27  16  0  0 L3P F7
G27 FF 61144 061400  780 363 2167     1062013    143           7    -20   18  53  124  -20   43    9   43    9  16  0  0 L3P BA
G32 FF 61144 061400  780 351   94      -14310   -194          -4      2   21  12  128  -23   49   -8   49   -8  17  0  0 L3P 9A
G10 FF 61144 063000  780 667 2095     5893923    -24          11    -14   14  90   80    3   33    9   33    9  14  0  0 L3P A8
G16 FF 61144 063000  780 363 2835    -2446713    -72           3     -2   24 147  124    8   70    2   70    2  20  0  0 L3P A4
G18 FF 61144 063000  780 292 1148     3771804   -131          31    -37   25 204  150   12   29   47   29   47  24  0  0 L3P 11
G23 FF 61144 063000  780 389 1537    -6359540    -64          -1    -20   27 177  117   17   35   16   35   16  23  0  0 L3P 10
G26 FF 61144 063000  780 256 3214     3534550     20           4    -26   26 139  169   29   77   16   77   16  20  0  0 L3P E9
G27 FF 61144 063000  780 430 2180     1062165    158           3     -5   25  53  108  -14   41    5   41    5  23  0  0 L3P A0
G32 FF 61144 063000  780 423  127      -14489   -208           4    -13   34  12  109  -16   38   11   38   11  29  0  0 L3P C2
G10 FF 61144 064600  780 616 1945     5893904    -44           2    -33   17  90   84    4   36   23   36   23  15  0  0 L3P C5
G16 FF 61144 064600  780 334 2925    -2446774    -62          11      9   22 147  133   12   66   -5   66   -5  19  0  0 L3P F3
G18 FF 61144 064600  780 268 1071     3771714    -88          31      6   43 204  162   15   31  -13   31  -13  42  0  0 L3P F4
G23 FF 61144 064600  780 328 1499    -6359570    -55          11    -11   23 177  135   22   25    6   25    6  21  0  0 L3P F0
G26 FF 61144 064600  780 211 3276     3534595    -87           4   -133   48 139  203   42   72  115   72  115  38  0  0 L3P 34
G27 FF 61144 064600  780 497 2211     1062329    168          10      6   17  53   96  -10   32  -13   32  -13  15  0  0 L3P E0
G32 FF 61144 064600  780 498  167      -14680   -188           0      7   13  12   96  -11   38   -5   38   -5  12  0  0 L3P A0
G08 FF 61144 070200  780 241 2212    -4618364     78          16     12   34  42  180  -44   53    5   53    5  27  0  0 L3P C4
G10 FF 61144 070200  780 562 1833     5893895      9           3     19   14  90   88    6   34  -10   34  -10  13  0  0 L3P AE
G16 FF 61144 070200  780 297 3007    -2446824    -52          28     18   21 147  148   18   57   -1   57   -1  19  0  0 L3P 02
G18 FF 61144 070200  780 242  995     3771632    -56          39     39   36 204  178   19   36  -28   36  -28  29  0  0 L3P 23
G23 FF 61144 070200  780 271 1458    -6359625    -69          -1    -24   28 177  161   31   44   25   44   25  21  0  0 L3P 0F
G27 FF 61144 070200  780 563 2267     1062494    166          19      4   16  53   88   -7   28    2   28    2  15  0  0 L3P A8
G32 FF 61144 070200  780 574  223      -14853   -201          16     -5   10  12   87   -8   30   13   30   13   9  0  0 L3P 80
G08 FF 61144 071800  780 300 2238    -4618298     63          19     -2   29  42  147  -27   44    6   44    6  26  0  0 L3P D7
G10 FF 61144 071800  780 507 1742     5893889    -37           6    -27   18  90   95    8   33   19   33   19  15  0  0 L3P DF
G16 FF 61144 071800  780 256 3081    -2446886   -104          33    -34   31 147  169   27   61   22   61   22  23  0  0 L3P 24
G18 FF 61144 071800  780 214  922     3771543    -65          42     29   41 204  200   26   36  -19   36  -19  36  0  0 L3P 03
G23 FF 61144 071800  780 219 1415    -6359649    -20          17     25   36 177  196   44   27  -13   27  -13  26  0  0 L3P 2E
G27 FF 61144 071800  780 623 2363     1062647    168          16      5   15  53   83   -4   34   -5   34   -5  14  0  0 L3P B9
G32 FF 61144 071800  780 648  310      -15038   -205          18     -9   16  12   81   -5   30    8   30    8  14  0  0 L3P 7D
G08 FF 61144 073400  780 358 2280    -4618231     12          22    -54   23  42  125  -18   36   46   36   46  20  0  0 L3P F7
G10 FF 61144 073400  780 454 1664     5893873    -30           1    -20   16  90  103   10   37   11   37   11  14  0  0 L3P CB
G16 FF 61144 073400  780 214 3150    -2446972   -134          16    -64   20 147  200   39   74   51   74   51  18  0  0 L3P 1F
G18 FF 61144 073400  780 184  851     3771430    -70          19     24   35 204  230   38   52  -32   52  -32  28  0  0 L3P FA
G27 FF 61144 073400  780 668 2518     1062796    137           9    -25   13  53   80   -2   37   18   37   18  11  0  0 L3P DE
G32 FF 61144 073400  780 713  465      -15237   -214           7    -19   14  12   78   -3   34   10   34   10  13  0  0 L3P 9A
G08 FF 61144 075000  780 412 2339    -4618182     51           8    -15   23  42  112  -12   45    9   45    9  20  0  0 L3P BE
G10 FF 61144 075000  780 403 1593     5893859    -51          -4    -40   26  90  113   12   43   42   43   42  23  0  0 L3P E3
G27 FF 61144 075000  780 687 2733     1062954    163          11      1   17  53   79    0   36   -1   36   -1  16  0  0 L3P A7
G32 FF 61144 075000  780 751  738      -15416   -150          15     45   35  12   76   -1   29  -30   29  -30  23  0  0 L3P C2
G02 FF 61144 080600  780 229 2187     -784558     -6          17     71   36  10  188  -44   38  -68   38  -68  34  0  0 L3P 18
G08 FF 61144 080600  780 457 2419    -4618123     56           6    -11   22  54  103   -7   44    7   44    7  18  0  0 L3P B9
G10 FF 61144 080600  780 357 1525     5893843    -35         -13    -25   19  91  126   14   42   20   42   20  16  0  0 L3P F7
G27 FF 61144 080600  780 672 2956     1063106    175           4     13   16 100   80    2   34  -14   34  -14  14  0  0 L3P CC
G32 FF 61144 080600  780 741 1063      -15617   -234           1    -39   24  13   77    1   36   29   36   29  16  0  0 L3P B3
G02 FF 61144 082200  780 286 2149     -784643    -80           7     -3   29  10  153  -30   46   -5   46   -5  25  0  0 L3P CC
G08 FF 61144 082200  780 491 2522    -4618062     82           2     15   16  54   97   -4   41  -10   41  -10  15  0  0 L3P C5
G10 FF 61144 082200  780 313 1459     5893850     16           2     26   23  91  141   17   27  -24   27  -24  19  0  0 L3P DE
G27 FF 61144 082200  780 627 3128     1063259    158           1     -5   11 100   83    4   36    3   36    3  10  0  0 L3P 89
G28 FF 61144 082200  780 228  382     5555612    -84          21      8   34  23  189  -38   41    0   41    0  27  0  0 L3P AA
G32 FF 61144 082200  780 690 1278      -15810   -205          -5     -9   14  13   79    3   39   10   39   10  12  0  0 L3P A4
G02 FF 61144 083800  780 347 2115     -784714   -120          10    -43   20  10  129  -21   38   46   38   46  16  0  0 L3P FE
G08 FF 61144 083800  780 508 2643    -4617996     83           4     16   20  54   95   -1   44   -6   44   -6  17  0  0 L3P CA
G10 FF 61144 083800  780 274 1393     5893826     20         -11     30   25  91  159   21   51   -8   51   -8  21  0  0 L3P DB
G27 FF 61144 083800  780 566 3246     1063423    159           9     -3   14 100   88    7   36   14   36   14  13  0  0 L3P C5
G28 FF 61144 083800  780 274  445     5555518   -121          15    -28   39  23  159  -26   50   34   50   34  34  0  0 L3P 0C
G32 FF 61144 083800  780 621 1388      -15989   -176           4     19   11  13   83    6   34  -13   34  -13   9  0  0 L3P BC
G02 FF 61144 085400  780 414 2085     -784799    -70          -1      8   18  10  111  -16   46  -14   46  -14  14  0  0 L3P ED
G08 FF 61144 085400  780 506 2771    -4617938     56          -2    -11   15  54   95    2   50   12   50   12  13  0  0 L3P C5
G10 FF 61144 085400  780 237 1328     5893833     17           6     27   22  91  181   26   54    7   54    7  17  0  0 L3P B3
G27 FF 61144 085400  780 498 3327     1063578    165           8      3   30 100   96   10   43    4   43    4  27  0  0 L3P A7
G28 FF 61144 085400  780 321  513     5555422    -87           7      5   40  23  138  -18   60   -4   60   -4  30  0  0 L3P AB
G31 FF 61144 085400  780 224  228     1554915    -46          -4    -22   31  15  192  -44   70   31   70   31  24  0  0 L3P D8
G32 FF 61144 085400  780 547 1441      -16172   -191           9      4   26  13   90    9   35   -6   35   -6  26  0  0 L3P 90
G01 FF 61144 091000  780 196 2194    -2979452     63          10    -19   33 147  218  -61   47   13   47   13  33  0  0 L3P 15
G02 FF 61144 091000  780 485 2059     -784868    -60           4     17   18  10   98  -12   43  -10   43  -10  15  0  0 L3P DE
G08 FF 61144 091000  780 486 2894    -4617865     45           6    -22   19  54   98    4   48   20   48   20  16  0  0 L3P D9
G10 FF 61144 091000  780 204 1263     5893806    -76         -12    -66   25  91  209   32   94  100   94  100  20  0  0 L3P 17
G27 FF 61144 091000  780 427 3387     1063736    162           9      0   26 100  108   15   52   19   52   19  25  0  0 L3P D3
G28 FF 61144 091000  780 364  591     5555333    -72           7     20   25  23  124  -12   66  -14   66  -14  21  0  0 L3P DF
G31 FF 61144 091000  780 278  280     1554896    -25           0     -1   26  15  157  -30   81   14   81   14  22  0  0 L3P BD
G32 FF 61144 091000  780 473 1464      -16365   -195           4      1   23  13  100   12   45    7   45    7  21  0  0 L3P 80
G01 FF 61144 092600  780 254 2166    -2979388     58          -5    -24   40 147  171  -39   63   32   63   32  36  0  0 L3P 21
G02 FF 61144 092600  780 560 2040     -784947    -73          -1      4   12  10   89   -8   50    2   50    2  11  0  0 L3P 7C
G08 FF 61144 092600  780 452 3003    -4617797     52          10    -15   49  54  104    8   55   23   55   23  33  0  0 L3P E3
G27 FF 61144 092600  780 357 3436     1063900    155          18     -8   42 100  126   22   60   24   60   24  40  0  0 L3P E6
G28 FF 61144 092600  780 402  679     5555237    -86          -1      6   31  23  114   -8   81   -1   81   -1  26  0  0 L3P B1
G31 FF 61144 092600  780 335  336     1554876    -14           3     10   19  15  133  -21   90   -2   90   -2  17  0  0 L3P B6
G32 FF 61144 092600  780 401 1469      -16552   -197           5     -1   21  13  114   17   59   17   59   17  18  0  0 L3P CB
G01 FF 61144 094200  780 316 2143    -2979339     47         -34    -35   17 147  140  -26  101   37  101   37  14  0  0 L3P 3B
G02 FF 61144 094200  780 640 2030     -785017    -82           3     -5    9  10   82   -6   57   18   57   18   8  0  0 L3P 8F
G03 FF 61144 094200  780 188 2459    -5038691     72          -1    -70   39  19  226  -32   86   73   86   73  35  0  0 L3P 1A
G08 FF 61144 094200  780 407 3096    -4617742     55           1    -12   16  54  113   11   79   29   79   29  12  0  0 L3P EC
G27 FF 61144 094200  780 290 3478     1064055    170          16      8   25 100  152   32   85    7   85    7  22  0  0 L3P C7
G28 FF 61144 094200  780 430  779     5555160    -98          10     -6   25  23  108   -5   83   10   83   10  22  0  0 L3P C8
G31 FF 61144 094200  780 391  401     1554860    -26          10     -3   18  15  117  -14   91   12   91   12  15  0  0 L3P C3
G32 FF 61144 094200  780 331 1462      -16742   -151           2     44   22  13  134   25   84  -15   84  -15  19  0  0 L3P D7
G01 FF 61144 095800  780 381 2128    -2979231     90          -5      8   26 147  119  -18   86    5   86    5  23  0  0 L3P E2
G02 FF 61144 095800  780 723 2038     -785094    -74           0      4   12  10   77   -4   65    3   65    3  11  0  0 L3P 7D
G03 FF 61144 095800  780 215 2390    -5038547    179           7     37   25  19  199  -25   95  -14   95  -14  23  0  0 L3P 2C
G04 FF 61144 095800  780 212 3086     -532472     39          16     55   47 181  202  -51  111  -40  111  -40  34  0  0 L3P 1D
G08 FF 61144 095800  780 357 3175    -4617681     69          -3      2   19  54  126   16   98   15   98   15  14  0  0 L3P F3
G27 FF 61144 095800  780 226 3517     1064195    166           1      3   23 100  191   51  131   39  131   39  19  0  0 L3P F8
G28 FF 61144 095800  780 445  888     5555064    -90           3      2   18  23  105   -2   93    7   93    7  18  0  0 L3P A1
G31 FF 61144 095800  780 445  476     1554830    -43           3    -19   17  15  105  -10   97   12   97   12  14  0  0 L3P DE
G32 FF 61144 095800  780 265 1446      -16941   -161          -9     34   22  13  164   38  121    8  121    8  16  0  0 L3P D9
G01 FF 61144 101400  780 450 2121    -2979151     34           4    -48   17 148  104  -13   81   35   81   35  14  0  0 L3P EC
G02 FF 61144 101400  780 807 2106     -785174    -83          -3     -6   10  14   75   -2   73    8   73    8   9  0  0 L3P 87
G03 FF 61144 101400  780 244 2322    -5038408    148          13      6   32  27  177  -21   97  -12   97  -12  30  0  0 L3P FD
G04 FF 61144 101400  780 265 3029     -532488    -73          12    -57   31 182  164  -31  113   50  113   50  27  0  0 L3P 1C
G08 FF 61144 101400  780 304 3242    -4617612     85           6     18   21  59  145   23  114    7  114    7  17  0  0 L3P C7
G28 FF 61144 101400  780 445  998     5554977   -140           8    -48   32  24  105    2   93   44   93   44  27  0  0 L3P E9
G31 FF 61144 101400  780 493  569     1554821    -40          18    -17   15  16   97   -7   96   19   96   19  13  0  0 L3P DF
G32 FF 61144 101400  780 203 1424      -17113   -257           5    -61   40  23  211   61  139   87  139   87  32  0  0 L3P EB
G01 FF 61144 103000  780 522 2127    -2979075     82           1      0   18 148   93  -10   89   15   89   15  15  0  0 L3P CE
G02 FF 61144 103000  780 871 2810     -785254    -61          -9     16   15  14   74    0   90    4   90    4  13  0  0 L3P 83
G03 FF 61144 103000  780 274 2253    -5038279    111           5    -31   28  27  159  -17  110   46  110   46  26  0  0 L3P 10
G04 FF 61144 103000  780 315 2962     -532506      9          10     25   24 182  140  -20  120   -5  120   -5  19  0  0 L3P D1
G08 FF 61144 103000  780 252 3303    -4617543     51           9    -16   50  59  172   34  141   42  141   42  42  0  0 L3P EF
G28 FF 61144 103000  780 429 1103     5554875   -119          -6    -27   23  24  108    5  114   38  114   38  20  0  0 L3P 08
G31 FF 61144 103000  780 532  682     1554804      1          23     25   24  16   92   -4   94  -11   94  -11  20  0  0 L3P 9E
G01 FF 61144 104600  780 596 2152    -2978985     79          13     -2   17 148   85   -7   90   14   90   14  15  0  0 L3P F3
G02 FF 61144 104600  780 806 3516     -785313   -115           6    -38   36  14   75    2   88   36   88   36  37  0  0 L3P DD
G03 FF 61144 104600  780 307 2185    -5038126    150          22      8   26  27  144  -15  103    9  103    9  21  0  0 L3P DB
G04 FF 61144 104600  780 360 2885     -532509    -16          23     -1   30 182  125  -13  116    0  116    0  25  0  0 L3P DA
G08 FF 61144 104600  780 201 3359    -4617480     84           8     17   43  59  212   51  178   31  178   31  36  0  0 L3P 03
G28 FF 61144 104600  780 398 1195     5554795   -109           2    -17   18  24  115    9  121   40  121   40  17  0  0 L3P 07
G31 FF 61144 104600  780 555  814     1554781    -28          23     -4   16  16   89   -2  100   10  100   10  14  0  0 L3P BF
G01 FF 61144 110200  780 669 2214    -2978901     59          18    -23   14 148   80   -4   95   29   95   29  13  0  0 L3P FF
G02 FF 61144 110200  780 719 3593     -785390    -59           3     18   12  14   77    4  102   -5  102   -5  10  0  0 L3P B5
G03 FF 61144 110200  780 342 2117    -5038001    160          11     18   23  27  130  -13  123   -5  123   -5  22  0  0 L3P E3
G04 FF 61144 110200  780 400 2797     -532536    -17          11     -1   25 182  114   -9  127   10  127   10  22  0  0 L3P E8
G28 FF 61144 110200  780 356 1270     5554719    -74          14     18   26  24  126   15  131   17  131   17  23  0  0 L3P FD
G31 FF 61144 110200  780 558  955     1554744    -17           9      6   20  16   89    1  115    6  115    6  18  0  0 L3P 8E
G01 FF 61144 111800  780 736 2353    -2978820     54          20    -28   13 148   77   -2  102   27  102   27  10  0  0 L3P 04
G02 FF 61144 111800  780 632   16     -785456    -58          12     19   26  14   82    7  110    3  110    3  22  0  0 L3P 83
G03 FF 61144 111800  780 380 2047    -5037856    123          19    -20   29  27  119  -11  124   23  124   23  25  0  0 L3P 22
G04 FF 61144 111800  780 433 2699     -532539      0          22     16   24 182  107   -6  124  -20  124  -20  19  0  0 L3P F9
G28 FF 61144 111800  780 305 1328     5554637   -119          20    -27   26  24  145   24  150   48  150   48  23  0  0 L3P 26
G31 FF 61144 111800  780 540 1088     1554727      4          15     27   22  16   91    3  119  -13  119  -13  19  0  0 L3P D6
G01 FF 61144 113400  780 778 2649    -2978748     61          14    -21   17 148   75   -1  112   27  112   27  15  0  0 L3P 1B
G02 FF 61144 113400  780 547   27     -785537    -86           5     -9   18  14   90   10  133   26  133   26  15  0  0 L3P B7
G03 FF 61144 113400  780 422 1976    -5037712    124          27    -18   18  27  109   -9  119    9  119    9  15  0  0 L3P 08
G04 FF 61144 113400  780 459 2592     -532567    -22          10     -6   15 182  102   -4  135   -6  135   -6  14  0  0 L3P F2
G09 FF 61144 113400  780 186 2805    -7598221     -1           9    -32   81 103  228  -42  216   10  216   10  76  0  0 L3P 16
G28 FF 61144 113400  780 249 1370     5554536    -85           8      7   22  24  174   38  191   33  191   33  19  0  0 L3P F5
G31 FF 61144 113400  780 505 1198     1554702    -51          13    -27   23  16   95    6  135   35  135   35  20  0  0 L3P E4
G01 FF 61144 115000  780 766 3035    -2978678     62           6    -20   14 148   76    1  127   29  127   29  12  0  0 L3P FD
G02 FF 61144 115000  780 464   36     -785616    -84           0     -7   14  14  102   14  160   33  160   33  11  0  0 L3P AA
G03 FF 61144 115000  780 466 1900    -5037581    148          22      6   18  27  101   -8  132    1  132    1  16  0  0 L3P C4
G04 FF 61144 115000  780 477 2480     -532589    -14           4      1   20 182   99   -2  140   10  140   10  18  0  0 L3P C3
G09 FF 61144 115000  780 220 2735    -7598270   -220         -69   -250   41 103  195  -28  288  252  288  252  38  0  0 L3P AA
G26 FF 61144 115000  780 197  817     3535430    101         -11     55   30  19  216  -21  299  -33  299  -33  24  0  0 L3P 2D
G28 FF 61144 115000  780 191 1399     5554468    -57          28     35   31  24  223   65  230   66  230   66  24  0  0 L3P 17
G31 FF 61144 115000  780 457 1281     1554686     18          20     42   27  16  103    9  153   -7  153   -7  28  0  0 L3P DD
G01 FF 61144 120600  780 710 3270    -2978587     93          20     11   17 149   78    3  131    9  131    9  14  0  0 L3P D3
G02 FF 61144 120600  780 385   44     -785694    -75          -2      2   19  15  118   21  192   35  192   35  15  0  0 L3P CD
G03 FF 61144 120600  780 512 1817    -5037445    169          19     27   14  29   94   -6  134  -21  134  -21  13  0  0 L3P 16
G04 FF 61144 120600  780 488 2363     -532608     -3          -3     12   20 183   98   -1  146   -2  146   -2  18  0  0 L3P D2
G09 FF 61144 120600  780 251 2661    -7598188    181         -19    151   29 108  173  -19  227 -149  227 -149  26  0  0 L3P B7
G26 FF 61144 120600  780 214  891     3535514      0          28    -46   27  22  200  -12  269   42  269   42  25  0  0 L3P EA
G31 FF 61144 120600  780 402 1340     1554652    -59          10    -35   20  75  114   14  181   48  181   48  17  0  0 L3P 06
G01 FF 61144 122200  780 637 3384    -2978508     67          21    -15   29 149   82    6  147   29  147   29  27  0  0 L3P 22
G02 FF 61144 122200  780 310   54     -785771    -64          -5     13   24  15  143   31  234   35  234   35  20  0  0 L3P C0
G03 FF 61144 122200  780 560 1721    -5037317    159          11     17   18  29   89   -5  151  -19  151  -19  15  0  0 L3P 1A
G04 FF 61144 122200  780 492 2246     -532622    -32           3    -16   22 184   97    0  151   20  151   20  19  0  0 L3P D0
G09 FF 61144 122200  780 279 2584    -7598138     29           2     -1   25 108  157  -14  205   -5  205   -5  23  0  0 L3P 0D
G16 FF 61144 122200  780 196  644    -2448179    -83          37    -13   43  16  217  -35  309   -8  309   -8  37  0  0 L3P 29
G26 FF 61144 122200  780 223  966     3535554     41          23     -5   33  22  192   -5  280   -3  280   -3  26  0  0 L3P CA
G31 FF 61144 122200  780 342 1379     1554635    -54          15    -30   20  75  131   21  206   55  206   55  16  0  0 L3P 03
G01 FF 61144 123800  780 559 3448    -2978439     68          11    -14   34 149   89    8  174   36  174   36  34  0  0 L3P 2E
G02 FF 61144 123800  780 239   67     -785839    -74           2      3   28  15  181   50  285   62  285   62  24  0  0 L3P D1
G03 FF 61144 123800  780 606 1606    -5037182    157          10     15   17  29   84   -4  154   -4  154   -4  14  0  0 L3P F1
G04 FF 61144 123800  780 492 2131     -532636    -14           4      2   18 184   97    0  156   -2  156   -2  16  0  0 L3P BA
G09 FF 61144 123800  780 304 2505    -7598111     71          -1     40   26 108  145  -11  212  -35  212  -35  21  0  0 L3P 23
G16 FF 61144 123800  780 227  714    -2448281    -73           3     -3   35  16  189  -24  329   -5  329   -5  30  0  0 L3P F8
G26 FF 61144 123800  780 224 1042     3535614    -12          39    -59   33  22  191    3  268   47  268   47  28  0  0 L3P 10
G31 FF 61144 123800  780 281 1403     1554615     -5          18     19   21  75  156   32  244   34  244   34  17  0  0 L3P F0
G01 FF 61144 125400  780 482 3490    -2978358     70          14    -12   36 149   99   12  196   44  196   44  32  0  0 L3P 30
G03 FF 61144 125400  780 647 1460    -5037042    163          13     20   15  29   81   -3  158   -9  158   -9  11  0  0 L3P F2
G04 FF 61144 125400  780 487 2019     -532660     19          -4     35   18 184   98    1  171  -22  171  -22  14  0  0 L3P F7
G07 FF 61144 125400  780 246 3205     1730538     15         -15    -31   17  67  176  -43  274   16  274   16  13  0  0 L3P 22
G09 FF 61144 125400  780 328 2423    -7598080     18           0    -13   24 108  135   -9  214   21  214   21  23  0  0 L3P 01
G16 FF 61144 125400  780 254  789    -2448332   -177          20   -107   30  16  171  -15  299   98  299   98  27  0  0 L3P 6A
G26 FF 61144 125400  780 217 1115     3535623     56           3     10   28  22  198   11  307   -5  307   -5  21  0  0 L3P CE
G31 FF 61144 125400  780 219 1414     1554606   -128          32   -104   28  75  196   53  272  137  272  137  23  0  0 L3P 60
G01 FF 61144 131000  780 406 3522    -2978285     92           8     10   21 149  113   18  235   27  235   27  17  0  0 L3P 04
G03 FF 61144 131000  780 677 1271    -5036913    164           6     22   16  29   80   -1  172  -17  172  -17  13  0  0 L3P FF
G04 FF 61144 131000  780 480 1910     -532673    -14          -2      2   22 184   99    1  178   -4  178   -4  17  0  0 L3P C9
G07 FF 61144 131000  780 309 3162     1730591     48          -5      3   24  67  143  -27  256  -16  256  -16  18  0  0 L3P 0C
G09 FF 61144 131000  780 351 2340    -7598056     25          -5     -6   21 108  128   -7  221   -4  221   -4  18  0  0 L3P F2
G16 FF 61144 131000  780 274  868    -2448432    -36         -13     35   23  16  159   -9  322  -59  322  -59  20  0  0 L3P 2E
G26 FF 61144 131000  780 200 1184     3535676     47          11      0   22  22  213   22  314    3  314    3  17  0  0 L3P 9E
G01 FF 61144 132600  780 333 3550    -2978205     90           9      8   22 149  134   26  275   44  275   44  18  0  0 L3P 03
G03 FF 61144 132600  780 685 1048    -5036773    137           9     -5   13  29   79    0  172   12  172   12  11  0  0 L3P DD
G04 FF 61144 132600  780 472 1804     -532699     -2         -14     14   24 184  100    2  192  -13  192  -13  20  0  0 L3P 02
G06 FF 61144 132600  780 209 2309     6105145      5          16     23   34  34  205  -36  275  -22  275  -22  29  0  0 L3P 07
G07 FF 61144 132600  780 370 3107     1730650     36          10    -10   19  67  122  -18  234   -7  234   -7  14  0  0 L3P F8
G09 FF 61144 132600  780 373 2256    -7598018     36           4      5   27 108  121   -6  210   -7  210   -7  22  0  0 L3P E2
G16 FF 61144 132600  780 287  950    -2448459    -18          28     52   39  16  153   -4  272  -52  272  -52  34  0  0 L3P 2D
G01 FF 61144 134200  780 264 3576    -2978110    122          26     40   20 149  165   40  313   22  313   22  17  0  0 L3P 15
G03 FF 61144 134200  780 668  829    -5036639    141           8     -1   16  29   80    2  177    5  177    5  15  0  0 L3P B8
G04 FF 61144 134200  780 462 1701     -532705     -8          -4      8   20 184  102    2  186   -1  186   -1  17  0  0 L3P BB
G06 FF 61144 134200  780 242 2376     6105135    -11          24      7   36  34  179  -20  270   -1  270   -1  32  0  0 L3P DF
G07 FF 61144 134200  780 429 3038     1730685     50           2      4   33  67  108  -12  226  -25  226  -25  20  0  0 L3P F2
G09 FF 61144 134200  780 395 2171    -7597991     12           1    -19   26 108  115   -6  210    6  210    6  25  0  0 L3P EB
G16 FF 61144 134200  780 289 1033    -2448539   -156          16    -86   23  16  152    1  267   62  267   62  18  0  0 L3P 33
G01 FF 61144 135800  780 199    3    -2978007    160          50     79   36 149  215   66  353    7  353    7  29  0  0 L3P ED
G03 FF 61144 135800  780 627  651    -5036496    134          14     -8   12  29   83    4  182   16  182   16  11  0  0 L3P E3
G04 FF 61144 135800  780 452 1601     -532707     39          10     55   30 184  103    2  178  -50  178  -50  27  0  0 L3P 08
G06 FF 61144 135800  780 265 2452     6105113    -10          19      8   25  34  164  -10  275   -8  275   -8  20  0  0 L3P F2
G07 FF 61144 135800  780 484 2951     1730736     38           9     -8   20  67   98   -8  206  -12  206  -12  16  0  0 L3P FA
G09 FF 61144 135800  780 418 2084    -7597965     66          -2     35   21 108  110   -5  209  -46  209  -46  18  0  0 L3P 43
G16 FF 61144 135800  780 281 1113    -2448613   -108           9    -37   45  16  156    7  263   25  263   25  42  0  0 L3P 16
G03 FF 61144 141400  780 571  521    -5036356    155          16     12   16  31   88    6  184    3  184    3  14  0  0 L3P B7
G04 FF 61144 141400  780 441 1502     -532732      4          -3     20   25 185  105    2  185  -27  185  -27  23  0  0 L3P E3
G06 FF 61144 141400  780 277 2535     6105097    -31          20    -13   23  35  158   -3  275   10  275   10  20  0  0 L3P FB
G07 FF 61144 141400  780 532 2842     1730761     40         -12     -5   10  68   92   -5  199   -7  199   -7   9  0  0 L3P DE
G09 FF 61144 141400  780 441 1994    -7597937     76          -6     45   16 109  106   -5  199  -46  199  -46  14  0  0 L3P 5C
G16 FF 61144 141400  780 262 1187    -2448672    -28          21     42   28  17  166   14  258  -33  258  -33  22  0  0 L3P 37
G30 FF 61144 141400  780 206 3013    -1873526   -142          43     -9   26  33  208  -49  352  -40  352  -40  24  0  0 L3P 39
G03 FF 61144 143000  780 506  429    -5036213    164          23     22   14  31   95   10  193    3  193    3  13  0  0 L3P B7
G04 FF 61144 143000  780 430 1404     -532764     35         -20     51   16 185  108    3  202  -43  202  -43  15  0  0 L3P F9
G06 FF 61144 143000  780 277 2621     6105074    -33          14    -14   20  35  158    3  288   26  288   26  18  0  0 L3P 03
G07 FF 61144 143000  780 569 2710     1730824     64           7     19   14  68   88   -3  175  -28  175  -28  13  0  0 L3P 01
G09 FF 61144 143000  780 464 1901    -7597907     30          -6     -1   20 109  101   -4  188   -2  188   -2  18  0  0 L3P 00
G16 FF 61144 143000  780 233 1254    -2448738   -154          23    -84   29  17  185   25  264   86  264   86  23  0  0 L3P 4B
G30 FF 61144 143000  780 255 2953    -1873655   -105          43     28   23  33  170  -30  311  -67  311  -67  20  0  0 L3P 42
G03 FF 61144 144600  780 437  362    -5036075    155          24     13   14  31  106   14  210    3  210    3  11  0  0 L3P BB
G04 FF 61144 144600  780 416 1307     -532756    -32           3    -16   21 185  110    3  181    4  181    4  16  0  0 L3P C5
G06 FF 61144 144600  780 266 2706     6105040    -55          -2    -37   27  35  164    9  310   26  310   26  26  0  0 L3P F5
G07 FF 61144 144600  780 593 2557     1730856     46          -5      0   18  68   85   -2  172  -10  172  -10  13  0  0 L3P EC
G09 FF 61144 144600  780 488 1803    -7597872    -17           0    -47   12 109   98   -4  176   29  176   29  10  0  0 L3P 32
G16 FF 61144 144600  780 197 1311    -2448810    -73          19     -2   35  17  217   43  280   34  280   34  28  0  0 L3P 13
G30 FF 61144 144600  780 300 2885    -1873788   -108          37     25   18  33  147  -20  269  -72  269  -72  14  0  0 L3P 68
G03 FF 61144 150200  780 365  314    -5035949    131          14    -11   16  31  123   22  241   34  241   34  13  0  0 L3P F0
G04 FF 61144 150200  780 401 1211     -532791    -59         -16    -43   24 185  114    4  198   45  198   45  17  0  0 L3P 1E
G06 FF 61144 150200  780 246 2789     6105049    -40          24    -22   31  35  176   16  285   19  285   19  28  0  0 L3P 23
G07 FF 61144 150200  780 602 2391     1730898     41          -7     -5   13  68   85    0  161  -10  161  -10  12  0  0 L3P D4
G09 FF 61144 150200  780 511 1698    -7597850     32          -8      1   20 109   94   -3  171  -14  171  -14  17  0  0 L3P 09
G30 FF 61144 150200  780 341 2809    -1873921   -143          31    -10   25  33  131  -14  226  -32  226  -32  21  0  0 L3P 39
G03 FF 61144 151800  780 293  280    -5035794    157          32     15   23  31  150   34  256   25  256   25  19  0  0 L3P 09
G04 FF 61144 151800  780 383 1117     -532799    -15          -9      1   23 185  118    5  198    6  198    6  19  0  0 L3P E2
G06 FF 61144 151800  780 219 2866     6105024    -28          17    -10   33  35  196   26  305   26  305   26  29  0  0 L3P 18
G07 FF 61144 151800  780 595 2227     1730947     50          -1      5   12  68   85    1  152   -7  152   -7  10  0  0 L3P B6
G09 FF 61144 151800  780 532 1585    -7597821     74          -8     43   13 109   92   -2  166  -39  166  -39  11  0  0 L3P 37
G30 FF 61144 151800  780 378 2724    -1874045   -107          35     26   18  33  120  -10  194  -53  194  -53  17  0  0 L3P 51
G03 FF 61144 153400  780 223  255    -5035656    188          34     46   22  31  194   60  318   39  318   39  18  0  0 L3P 16
G04 FF 61144 153400  780 361 1026     -532816    -42         -11    -26   19 185  124    7  217   49  217   49  16  0  0 L3P 1D
G06 FF 61144 153400  780 187 2939     6105004      9          14     27   37  35  227   40  333   11  333   11  27  0  0 L3P E2
G07 FF 61144 153400  780 576 2076     1730990     39          -2     -6   15  68   87    2  155   11  155   11  13  0  0 L3P D4
G09 FF 61144 153400  780 550 1461    -7597786     63          -2     32   15 109   90   -2  164  -18  164  -18  13  0  0 L3P 26
G14 FF 61144 153400  780 255 3392    -7432371    -45           0    -31   28 164  170  -45  294  -24  294  -24  22  0  0 L3P 4A
G30 FF 61144 153400  780 409 2632    -1874199   -137           9     -4   14  33  112   -7  203    9  203    9  12  0  0 L3P E3
G04 FF 61144 155000  780 336  938     -532837    -88         -17    -72   29 185  133   10  246   93  246   93  27  0  0 L3P 3B
G07 FF 61144 155000  780 549 1942     1731032     64          -4     19   22  68   90    3  163  -10  163  -10  19  0  0 L3P E3
G09 FF 61144 155000  780 561 1328    -7597762     12          -8    -19   16 109   89   -1  175   35  175   35  15  0  0 L3P 26
G14 FF 61144 155000  780 327 3380    -7432370    -19          15     -5   42 164  136  -28  240  -28  240  -28  38  0  0 L3P 48
G30 FF 61144 155000  780 435 2532    -1874305   -142          31     -9   20  33  107   -5  176   -3  176   -3  18  0  0 L3P 05
G04 FF 61144 160600  780 306  855     -532832    -61           1    -46   36 186  144   14  259   69  259   69  33  0  0 L3P 17
G07 FF 61144 160600  780 517 1824     1731073     30          -5    -16   13  69   94    4  175   27  175   27  13  0  0 L3P E4
G09 FF 61144 160600  780 563 1189    -7597726     14          -4    -17   14 131   88    0  177   21  177   21  13  0  0 L3P 0D
G14 FF 61144 160600  780 401 3360    -7432405    -40          -8    -27   30 165  114  -18  237   14  237   14  29  0  0 L3P 2E
G21 FF 61144 160600  780 233 2235    -4142850    -17          14     -5   44 166  185  -43  235   -6  235   -6  39  0  0 L3P 23
G22 FF 61144 160600  780 233 3357      186879    -13           8     48   49  21  185  -52  303  -65  303  -65  45  0  0 L3P 1F
G30 FF 61144 160600  780 456 2428    -1874442   -140          23     -7   16  34  103   -3  182   -3  182   -3  14  0  0 L3P 03
G04 FF 61144 162200  780 272  778     -532866     65         -17     80   28 186  160   20  308  -36  308  -36  24  0  0 L3P 2E
G07 FF 61144 162200  780 483 1718     1731124     54           3      9   12  69   98    5  184   12  184   12  10  0  0 L3P B4
G08 FF 61144 162200  780 179 1025    -4616128    142          17     75   33   2  237   -4  368  -79  368  -79  27  0  0 L3P 3B
G09 FF 61144 162200  780 554 1048    -7597697     47          -5     17   19 131   89    2  190  -12  190  -12  16  0  0 L3P 21
G14 FF 61144 162200  780 477 3330    -7432405    -22           5     -8   35 165   99  -13  214   -5  214   -5  32  0  0 L3P FB
G21 FF 61144 162200  780 286 2280    -4142870      2           5     13   30 166  153  -26  236   -9  236   -9  27  0  0 L3P F6
G22 FF 61144 162200  780 301 3339      186812    -69          -1     -9   31  21  146  -31  281  -20  281  -20  26  0  0 L3P FF
G30 FF 61144 162200  780 471 2320    -1874576   -138          16     -5   18  34  100   -2  186    6  186    6  15  0  0 L3P F7
G04 FF 61144 163800  780 234  706     -532897     -9         -34      7   45 186  184   30  362   33  362   33  35  0  0 L3P FF
G07 FF 61144 163800  780 449 1622     1731170     32           5    -14   20  69  104    6  194   25  194   25  19  0  0 L3P E6
G08 FF 61144 163800  780 177 1096    -4616051    102          30     35   33   2  239    7  358  -29  358  -29  31  0  0 L3P 1D
G09 FF 61144 163800  780 534  914    -7597664      5          -1    -26   13 131   92    3  200   36  200   36  11  0  0 L3P D6
G14 FF 61144 163800  780 554 3284    -7432414    -47          10    -33   20 165   89   -9  200   20  200   20  18  0  0 L3P 0F
G21 FF 61144 163800  780 333 2340    -4142868     10          18     21   27 166  134  -16  223  -22  223  -22  23  0  0 L3P 2A
G22 FF 61144 163800  780 371 3311      186752   -110          -4    -50   40  21  122  -20  256   33  256   33  39  0  0 L3P 06
G30 FF 61144 163800  780 482 2209    -1874706   -123          14     10   14  34   99   -1  190   -5  190   -5  13  0  0 L3P 00
G04 FF 61144 165400  780 193  641     -532890    -49         -11    -33   42 186  221   49  399  106  399  106  36  0  0 L3P 59
G07 FF 61144 165400  780 416 1533     1731205     35          -4    -11   22  69  111    7  216   30  216   30  18  0  0 L3P D8
G09 FF 61144 165400  780 502  794    -7597642     18          -8    -13   19 131   96    5  228   40  228   40  17  0  0 L3P 04
G14 FF 61144 165400  780 629 3213    -7432428    -25           9    -12   20 165   83   -6  193    8  193    8  17  0  0 L3P F6
G21 FF 61144 165400  780 372 2415    -4142889      6           8     17   24 166  121  -10  231  -17  231  -17  20  0  0 L3P 10
G22 FF 61144 165400  780 441 3272      186689    -88          -9    -28   19  21  106  -14  242   20  242   20  15  0  0 L3P 0C
G30 FF 61144 165400  780 488 2098    -1874823   -126          25      7   14  34   98   -1  184    2  184    2  12  0  0 L3P E9
G05 FF 61144 171000  780 188 2296     2317274     33         -13     29   27  64  226  -44  319  -21  319  -21  25  0  0 L3P 32
G07 FF 61144 171000  780 384 1448     1731252     28          -1    -18   19  69  118    8  232   33  232   33  15  0  0 L3P EF
G09 FF 61144 171000  780 461  689    -7597606     -3          -1    -34   25 131  102    8  247   61  247   61  22  0  0 L3P FF
G14 FF 61144 171000  780 700 3094    -7432448     -9           1      5   17 165   78   -3  194  -10  194  -10  15  0  0 L3P F0
G21 FF 61144 171000  780 400 2504    -4142904     -3           4      8   19 166  114   -5  237   -1  237   -1  15  0  0 L3P C6
G22 FF 61144 171000  780 510 3217      186631    -73          -9    -13   14  21   95  -10  230   -4  230   -4  13  0  0 L3P CC
G30 FF 61144 171000  780 492 1987    -1874959   -165          17    -32   18  34   97    0  198   31  198   31  14  0  0 L3P 31
G05 FF 61144 172600  780 221 2359     2317287     -6          -4    -11   27  64  194  -25  311    6  311    6  20  0  0 L3P DC
G07 FF 61144 172600  780 353 1366     1731297     26           1    -20   18  69  127   10  251   43  251   43  16  0  0 L3P F1
G09 FF 61144 172600  780 412  602    -7597579     33          -5      3   25 131  111   12  276   27  276   27  22  0  0 L3P F8
G14 FF 61144 172600  780 758 2876    -7432459    -13           3      0   14 165   76   -2  193    1  193    1  11  0  0 L3P CF
G17 FF 61144 172600  780 232  137     1127392    139          19     49   31  59  186  -44  385  -88  385  -88  26  0  0 L3P 50
G21 FF 61144 172600  780 413 2604    -4142910    -19           9     -8   26 166  111   -1  240   18  240   18  25  0  0 L3P FA
G22 FF 61144 172600  780 578 3139      186581    -67          -1     -7   17  21   87   -6  215    4  215    4  14  0  0 L3P BC
G30 FF 61144 172600  780 493 1877    -1875089   -151          15    -18   14  34   97    0  203   21  203   21  14  0  0 L3P 0F
G05 FF 61144 174200  780 245 2430     2317289     -5          -6     -9   29  64  176  -13  317    7  317    7  24  0  0 L3P E1
G07 FF 61144 174200  780 324 1287     1731332      0          -8    -45   17  69  137   11  276   42  276   42  14  0  0 L3P F3
G09 FF 61144 174200  780 358  529    -7597543     41           2     10   28 131  125   18  304   20  304   20  23  0  0 L3P EC
G14 FF 61144 174200  780 782 2508    -7432470    -20           6     -6   10 165   75    0  188    2  188    2   9  0  0 L3P BC
G17 FF 61144 174200  780 291  177     1127463    142           3     52   42  59  151  -30  361  -90  361  -90  37  0  0 L3P 10
G21 FF 61144 174200  780 412 2709    -4142927     -8           3      4   17 166  111    2  257    4  257    4  16  0  0 L3P B6
G22 FF 61144 174200  780 639 3026      186531    -53           8      7   14  21   82   -4  203  -11  203  -11  12  0  0 L3P BA
G30 FF 61144 174200  780 492 1768    -1875211   -139          20     -6   15  34   97    0  197    0  197    0  13  0  0 L3P DF
G05 FF 61144 175800  780 259 2509     2317299     25          -1     21   28  64  168   -5  316  -15  316  -15  24  0  0 L3P 19
G07 FF 61144 175800  780 296 1209     1731387      1           3    -44   20  69  148   13  281   50  281   50  15  0  0 L3P E9
G09 FF 61144 175800  780 300  469    -7597514      8           2    -23   37 131  147   27  345   65  345   65  28  0  0 L3P 10
G13 FF 61144 175800  780 221 2162    -6795484     18           9      3   24  24  194  -51  296  -33  296  -33  20  0  0 L3P 1E
G14 FF 61144 175800  780 757 2150    -7432493      0          -4     13   15 165   76    2  192  -15  192  -15  13  0  0 L3P FB
G17 FF 61144 175800  780 353  221     1127562     65          17    -25   30  59  127  -21  313   -5  313   -5  27  0  0 L3P F3
G21 FF 61144 175800  780 396 2811    -4142935    -24           6    -12   26 166  115    6  271   30  271   30  20  0  0 L3P 07
G22 FF 61144 175800  780 689 2858      186470    -64           4     -3   16  21   79   -2  199   -1  199   -1  12  0  0 L3P DB
G30 FF 61144 175800  780 490 1659    -1875356   -151           2    -18   13  34   97    1  206    7  206    7  11  0  0 L3P E3
G05 FF 61144 181400  780 262 2591     2317317    -34           9    -38   32  65  166    2  320   50  320   50  26  0  0 L3P E7
G07 FF 61144 181400  780 268 1134     1731433    100           2     55   29  73  162   16  279  -39  279  -39  28  0  0 L3P 27
G09 FF 61144 181400  780 240  422    -7597465     41          21      9   29 132  180   45  379   46  379   46  23  0  0 L3P 11
G13 FF 61144 181400  780 282 2145    -6795479    -42           1    -58   32  56  155  -33  270    4  270    4  28  0  0 L3P 07
G14 FF 61144 181400  780 703 1936    -7432500    -20           2     -6   18 166   78    3  188    0  188    0  15  0  0 L3P C7
G17 FF 61144 181400  780 417  272     1127646     51          13    -38   17  64  110  -14  279  -10  279  -10  13  0  0 L3P 15
G19 FF 61144 181400  780 230   20    -6970544    -19          44     -7   26  42  188  -52  395  -74  395  -74  19  0  0 L3P 32
G20 FF 61144 181400  780 233 2175    -1077654   -171          23     21   35 234  185  -49  294  -53  294  -53  31  0  0 L3P 66
G21 FF 61144 181400  780 369 2906    -4142944      7          12     18   23 167  122    9  289   11  289   11  19  0  0 L3P 06
G22 FF 61144 181400  780 718 2623      186399    -81         -10    -20   13  31   77   -1  196    7  196    7  11  0  0 L3P DB
G30 FF 61144 181400  780 485 1550    -1875469   -163          19    -30   20  35   98    1  190   30  190   30  19  0  0 L3P 14
G05 FF 61144 183000  780 254 2674     2317351     34          38     29   27  65  171    8  310   -4  310   -4  23  0  0 L3P D7
G07 FF 61144 183000  780 240 1060     1731478     85           4     40   20  73  180   20  285  -12  285  -12  17  0  0 L3P F2
G13 FF 61144 183000  780 346 2135    -6795467     24          -2      8   23  56  129  -22  243  -34  243  -34  19  0  0 L3P 20
G14 FF 61144 183000  780 642 1809    -7432506    -37           9    -24   15 166   82    5  176   16  176   16  13  0  0 L3P 0B
G17 FF 61144 183000  780 482  335     1127741    104          22     14   15  64   99  -10  240  -45  240  -45  11  0  0 L3P FD
G19 FF 61144 183000  780 297   49    -6970569     -8          30      3   21  42  148  -33  336  -69  336  -69  17  0  0 L3P 19
G20 FF 61144 183000  780 298 2180    -1077851   -199          11     -7   30 234  148  -31  268  -23  268  -23  26  0  0 L3P 63
G21 FF 61144 183000  780 333 2991    -4142952      9          13     20   26 167  134   14  317   12  317   12  21  0  0 L3P F7
G22 FF 61144 183000  780 717 2358      186353    -55           2      5   16  31   77    1  181  -20  181  -20  14  0  0 L3P BB
G30 FF 61144 183000  780 478 1443    -1875590   -179          26    -46   21  35   99    1  178   37  178   37  19  0  0 L3P 38
G05 FF 61144 184600  780 237 2755     2317366   -144          48   -149   51  65  182   15  329  182  329  182  50  0  0 L3P 7A
G07 FF 61144 184600  780 212  988     1731526     66           8     21   30  73  202   27  302   -4  302   -4  27  0  0 L3P C8
G13 FF 61144 184600  780 414 2135    -6795430      3          20    -13   23  56  111  -16  203   -4  203   -4  20  0  0 L3P E6
G14 FF 61144 184600  780 579 1720    -7432534    -23          -6    -10   20 166   87    6  185   12  185   12  17  0  0 L3P 12
G17 FF 61144 184600  780 544  417     1127818    114          14     24    8  64   90   -7  221  -41  221  -41   8  0  0 L3P D7
G19 FF 61144 184600  780 369   79    -6970591     25          20     36   21  42  122  -22  293  -84  293  -84  17  0  0 L3P 29
G20 FF 61144 184600  780 364 2196    -1078035   -193          12     -1   25 234  124  -20  242  -17  242  -17  22  0  0 L3P 49
G21 FF 61144 184600  780 292 3067    -4142955    -10          20      0   38 167  150   21  344   39  344   39  27  0  0 L3P 18
G22 FF 61144 184600  780 688 2132      186297    -79           3    -19   18  31   79    2  174   13  174   13  15  0  0 L3P E3
G30 FF 61144 184600  780 468 1336    -1875734   -112           9     21   33  35  101    2  193  -32  193  -32  27  0  0 L3P 1C
G05 FF 61144 190200  780 213 2832     2317326      6           5      2   42  65  201   25  410   36  410   36  34  0  0 L3P AA
G07 FF 61144 190200  780 182  918     1731569     55           7     10   19  73  233   38  327   16  327   16  16  0  0 L3P E7
G13 FF 61144 190200  780 484 2148    -6795412     17          23      1   18  56   98  -11  190  -21  190  -21  16  0  0 L3P 0C
G14 FF 61144 190200  780 518 1648    -7432543    -17          -2     -4   19 166   94    8  178    1  178    1  16  0  0 L3P E6
G15 FF 61144 190200  780 196 2220    -4030970     33          51     66   49  82  218  -60  274 -101  274 -101  43  0  0 L3P 49
G17 FF 61144 190200  780 598  531     1127913     85          22     -5   14  64   85   -4  193  -16  193  -16  13  0  0 L3P F2
G19 FF 61144 190200  780 444  113    -6970606    -14          15     -3   26  42  105  -15  249  -42  249  -42  24  0  0 L3P 20
G20 FF 61144 190200  780 430 2229    -1078222   -189           9      3   22 234  108  -14  225  -26  225  -26  19  0  0 L3P 31
G21 FF 61144 190200  780 248 3135    -4142967    -22          18    -11   27 167  174   30  386   49  386   49  21  0  0 L3P 46
G22 FF 61144 190200  780 643 1966      186244    -51           9     10   18  31   82    4  163  -17  163  -17  16  0  0 L3P DA
G30 FF 61144 190200  780 455 1231    -1875875   -119          -4     14   20  35  103    3  203  -25  203  -25  19  0  0 L3P 16
G05 FF 61144 191800  780 184 2905     2317326     42           0     37   37  65  231   38  443    3  443    3  27  0  0 L3P C9
G13 FF 61144 191800  780 555 2183    -6795407      7          12     -9   14  56   89   -8  179   -5  179   -5  12  0  0 L3P F7
G14 FF 61144 191800  780 460 1585    -7432558     18          -4     32   29 166  102   10  172  -29  172  -29  27  0  0 L3P 3D
G15 FF 61144 191800  780 249 2252    -4031021    -71          32    -38   32  82  174  -35  258  -10  258  -10  28  0  0 L3P 42
G17 FF 61144 191800  780 637  686     1127992     77          15    -13   18  64   82   -2  174  -10  174  -10  15  0  0 L3P 0A
G19 FF 61144 191800  780 522  155    -6970626      2           6     13   18  42   93  -10  211  -45  211  -45  15  0  0 L3P E2
G20 FF 61144 191800  780 493 2283    -1078403   -215          12    -23   14 234   97   -9  204    7  204    7  14  0  0 L3P 06
G21 FF 61144 191800  780 204 3198    -4142979      0          16     10   25 167  209   44  425   36  425   36  20  0  0 L3P 0D
G22 FF 61144 191800  780 591 1844      186179    -48           1     12   17  31   86    5  162  -25  162  -25  16  0  0 L3P E5
G30 FF 61144 191800  780 438 1129    -1875984   -185          14    -52   21  35  106    4  178   49  178   49  19  0  0 L3P 48
G13 FF 61144 193400  780 624 2251    -6795392     24          12      8   19  56   83   -5  165  -22  165  -22  17  0  0 L3P 07
G14 FF 61144 193400  780 405 1526    -7432581    -24         -14    -10   20 166  113   13  175    8  175    8  16  0  0 L3P 15
G15 FF 61144 193400  780 299 2296    -4031061     -9          23     24   26  82  147  -22  234  -47  234  -47  25  0  0 L3P 34
G17 FF 61144 193400  780 652  877     1128072     69           9    -20   16  64   81    0  157   -1  157   -1  16  0  0 L3P C0
G19 FF 61144 193400  780 600  216    -6970637     -9           6      3   17  42   85   -7  182  -25  182  -25  15  0  0 L3P E0
G20 FF 61144 193400  780 549 2368    -1078596   -210           4    -18   16 234   90   -6  195   -3  195   -3  14  0  0 L3P 23
G22 FF 61144 193400  780 538 1747      186123    -81           3    -21   22  31   91    6  152   10  152   10  19  0  0 L3P BB
G30 FF 61144 193400  780 416 1030    -1876133   -174          -6    -41   23  35  111    5  196   46  196   46  21  0  0 L3P 18
G13 FF 61144 195000  780 684 2378    -6795377     22          12      6   13  56   79   -3  152  -16  152  -16  12  0  0 L3P 0A
G14 FF 61144 195000  780 355 1469    -7432587    -30          -7    -16   30 166  126   16  172   16  172   16  25  0  0 L3P 38
G15 FF 61144 195000  780 344 2355    -4031088    -38          28     -5   26  82  130  -14  203  -18  203  -18  23  0  0 L3P 2C
G17 FF 61144 195000  780 636 1065     1128155     98           5      8   16  64   82    2  145  -19  145  -19  13  0  0 L3P DB
G19 FF 61144 195000  780 674  317    -6970646    -12           8      0   13  42   80   -4  159  -20  159  -20  12  0  0 L3P E3
G20 FF 61144 195000  780 593 2490    -1078795   -225         -11    -33   13 234   86   -3  190    9  190    9  11  0  0 L3P 1F
G22 FF 61144 195000  780 485 1665      186065    -61           3     -1   20  31   98    8  145    3  145    3  19  0  0 L3P 99
G30 FF 61144 195000  780 389  937    -1876241   -140          13     -7   19  35  117    8  180   12  180   12  17  0  0 L3P 01
G13 FF 61144 200600  780 724 2598    -6795359     29          13     13   15  88   77   -1  142  -12  142  -12  14  0  0 L3P 13
G14 FF 61144 200600  780 308 1413    -7432593      0          -1     14   25 167  143   19  159  -14  159  -14  21  0  0 L3P 0F
G15 FF 61144 200600  780 381 2428    -4031131    -30          17      3   23  83  119   -9  189  -28  189  -28  21  0  0 L3P 16
G17 FF 61144 200600  780 594 1211     1128243     89           7     -1   16  76   85    5  133   -9  133   -9  16  0  0 L3P BA
G19 FF 61144 200600  780 735  504    -6970651    -16          16     -5   24  94   77   -2  136  -13  136  -13  16  0  0 L3P 04
G20 FF 61144 200600  780 616 2649    -1078959   -149          14     43   53 235   84   -1  169  -34  169  -34  35  0  0 L3P 54
G22 FF 61144 200600  780 435 1591      186010    -60          10      0   29  32  107   10  137   -3  137   -3  27  0  0 L3P B5
G30 FF 61144 200600  780 358  850    -1876376   -126           7      7   18  37  126   11  183   -9  183   -9  16  0  0 L3P F9
G06 FF 61144 202200  780 204  402     6104692    -24          11     -6   36  48  209  -46  236  -52  236  -52  32  0  0 L3P 07
G13 FF 61144 202200  780 724 2883    -6795341     30          16     14   15  88   77    1  130  -26  130  -26  13  0  0 L3P F7
G14 FF 61144 202200  780 265 1356    -7432636    -72         -30    -58   18 167  164   25  173   32  173   32  14  0  0 L3P 42
G15 FF 61144 202200  780 407 2516    -4031163    -20          17     13   26  83  113   -5  171  -25  171  -25  22  0  0 L3P 08
G17 FF 61144 202200  780 537 1310     1128317    104          -5     14   16  76   91    8  128  -29  128  -29  14  0  0 L3P F7
G19 FF 61144 202200  780 763  825    -6970681    -23          -3    -11   20  94   76    0  126  -14  126  -14  15  0  0 L3P FB
G20 FF 61144 202200  780 613 2822    -1079147   -208          10    -15   15 235   84    1  163    8  163    8  11  0  0 L3P E9
G22 FF 61144 202200  780 387 1521      185943    -68           1     -8   22  32  117   12  134    0  134    0  19  0  0 L3P A4
G30 FF 61144 202200  780 321  771    -1876506   -156           5    -23   39  37  138   15  169    2  169    2  37  0  0 L3P F3
G06 FF 61144 203800  780 251  464     6104655     14          -9     32   35  48  173  -31  199  -73  199  -73  25  0  0 L3P 20
G13 FF 61144 203800  780 684 3113    -6795336    -17           1    -33   13  62   79    3  127   15  127   15  12  0  0 L3P EB
G14 FF 61144 203800  780 225 1298    -7432626     17          -7     30   36 167  191   32  136  -43  136  -43  25  0  0 L3P 34
G15 FF 61144 203800  780 420 2614    -4031197    -27          15      6   35  83  110   -1  163   -7  163   -7  32  0  0 L3P E3
G17 FF 61144 203800  780 472 1371     1128405    108          -3     19   26  76  100   11  114  -18  114  -18  26  0  0 L3P 0F
G19 FF 61144 203800  780 737 1145    -6970708      4         -19     16   16  94   77    2  120  -24  120  -24  11  0  0 L3P FA
G20 FF 61144 203800  780 585 2979    -1079338   -193           3     -1   16 235   86    4  158   -8  158   -8  14  0  0 L3P 12
G22 FF 61144 203800  780 342 1454      185871    -78         -14    -18   23  32  130   15  136    0  136    0  20  0  0 L3P D5
G24 FF 61144 203800  780 231 2194      358987   -139          -9     37   34  24  187  -43  187  -81  187  -81  30  0  0 L3P 4C
G30 FF 61144 203800  780 281  698    -1876644    -83          -5     50   28  37  156   22  174  -42  174  -42  21  0  0 L3P 28
G06 FF 61144 205400  780 297  531     6104638    -35          -8    -17   36  48  148  -21  161  -17  161  -17  28  0  0 L3P 2E
G12 FF 61144 205400  780 203 2623     6079703    -65         -22    -65   24  37  210  -29  276   -9  276   -9  21  0  0 L3P 2A
G13 FF 61144 205400  780 621 3255    -6795325      5          -4    -11   14  62   83    5  126    7  126    7  12  0  0 L3P AF
G14 FF 61144 205400  780 188 1240    -7432666    -17         -34     -3   29 167  226   42  142  -16  142  -16  24  0  0 L3P 46
G15 FF 61144 205400  780 418 2717    -4031231    -22          12     11   29  83  110    2  161  -11  161  -11  25  0  0 L3P F0
G17 FF 61144 205400  780 404 1407     1128494     75          -1    -15   17  76  113   17  102    3  102    3  17  0  0 L3P C8
G19 FF 61144 205400  780 678 1324    -6970705     16          -5     28   16  94   79    4   99  -30   99  -30  15  0  0 L3P F9
G20 FF 61144 205400  780 539 3103    -1079522   -178           4     14   17 235   91    6  153  -15  153  -15  14  0  0 L3P 12
G22 FF 61144 205400  780 300 1388      185827    -54           0      6   24  32  146   18  105  -16  105  -16  18  0  0 L3P DE
G24 FF 61144 205400  780 288 2172      358831   -213           5    -37   26  24  152  -29  143    4  143    4  22  0  0 L3P E5
G30 FF 61144 205400  780 237  634    -1876755   -143          12    -10   30  37  182   34  159   21  159   21  25  0  0 L3P 1C
G06 FF 61144 211000  780 340  606     6104632     -6           3     12   28  48  131  -15  122  -35  122  -35  23  0  0 L3P D4
G11 FF 61144 211000  780 214  158     3730307   -218          30    -91   33   8  200  -51  197    6  197    6  26  0  0 L3P DE
G12 FF 61144 211000  780 231 2551     6079727    -23           2    -23   35  37  186  -21  198  -22  198  -22  31  0  0 L3P 22
G13 FF 61144 211000  780 549 3343    -6795310     53          -4     37   18  62   90    8  122  -28  122  -28  17  0  0 L3P F9
G15 FF 61144 211000  780 403 2818    -4031259    -12          15     21   19  83  113    5  155  -19  155  -19  18  0  0 L3P 0F
G17 FF 61144 211000  780 335 1424     1128586    117           5     28   22  76  133   25   85  -30   85  -30  17  0  0 L3P EB
G19 FF 61144 211000  780 607 1410    -6970705    -14           5     -3   13  94   84    6   77  -14   77  -14  11  0  0 L3P CD
G20 FF 61144 211000  780 483 3198    -1079715   -182          -5     10   21 235   99    9  157  -10  157  -10  17  0  0 L3P 27
G22 FF 61144 211000  780 261 1323      185759   -103         -10    -43   20  32  166   23  101   40  101   40  15  0  0 L3P EC
G24 FF 61144 211000  780 348 2157      358658   -169           1      7   17  24  129  -21  116  -35  116  -35  13  0  0 L3P 09
G30 FF 61144 211000  780 190  577    -1876870   -137          24     -4   26  37  224   56  148   22  148   22  24  0  0 L3P 13
G06 FF 61144 212600  780 379  691     6104611     29           0     47   28  48  120  -10  102  -63  102  -63  23  0  0 L3P EC
G11 FF 61144 212600  780 272  204     3730165   -144          11    -17   45   8  160  -33  160  -38  160  -38  37  0  0 L3P 18
G12 FF 61144 212600  780 258 2479     6079717      8          -8      8   21  37  168  -17  162  -52  162  -52  19  0  0 L3P 13
G13 FF 61144 212600  780 474 3402    -6795305     -6         -15    -22   21  62  100   12  131   18  131   18  19  0  0 L3P 04
G15 FF 61144 212600  780 377 2913    -4031288    -36          18     -3   22  83  120    9  148   -9  148   -9  19  0  0 L3P 03
G17 FF 61144 212600  780 267 1429     1128663     64          -4    -26   32  76  163   39   75   -3   75   -3  24  0  0 L3P E4
G19 FF 61144 212600  780 534 1450    -6970720    -15           1     -4   26  94   92    9   69   -4   69   -4  23  0  0 L3P BB
G20 FF 61144 212600  780 421 3270    -1079904   -185          -9      7   27 235  110   14  159   -1  159   -1  23  0  0 L3P 0D
G22 FF 61144 212600  780 225 1257      185696    -33         -15     27   22  32  191   29   98  -40   98  -40  17  0  0 L3P 05
G24 FF 61144 212600  780 412 2150      358497   -160           9     17   20  24  112  -15   93  -28   93  -28  18  0  0 L3P F8
G06 FF 61144 214200  780 408  787     6104584     -3         -11     15   26  48  112   -6   92  -36   92  -36  21  0  0 L3P E3
G11 FF 61144 214200  780 333  252     3730067   -140          34    -13   24   8  134  -23  100  -25  100  -25  18  0  0 L3P FD
G12 FF 61144 214200  780 284 2406     6079716    -20          -9    -20   27  37  154  -13  124  -16  124  -16  24  0  0 L3P 29
G13 FF 61144 214200  780 400 3447    -6795281     21          -6      6   36  62  114   18  124   -5  124   -5  34  0  0 L3P DC
G15 FF 61144 214200  780 342 2999    -4031327    -38          11     -5   27  83  131   13  147   -1  147   -1  24  0  0 L3P FA
G17 FF 61144 214200  780 202 1423     1128755    136           1     46   36  76  212   66   61  -53   61  -53  30  0  0 L3P E4
G19 FF 61144 214200  780 461 1465    -6970733     -9          -1      3   19  94  102   13   59  -10   59  -10  17  0  0 L3P E4
G20 FF 61144 214200  780 359 3329    -1080083   -206          -4    -14   44 235  125   19  154   18  154   18  43  0  0 L3P 38
G22 FF 61144 214200  780 191 1192      185669    -87          16    -26   36  32  223   38   66   29   66   29  28  0  0 L3P F9
G24 FF 61144 214200  780 479 2153      358324   -187           5    -11   17  24   99  -11   75  -15   75  -15  15  0  0 L3P FC
G06 FF 61144 215800  780 426  892     6104550     21         -27     39   24  48  109   -2   89  -58   89  -58  21  0  0 L3P 04
G11 FF 61144 215800  780 396  308     3729928   -140          17    -13   22   8  115  -16   87  -14   87  -14  17  0  0 L3P 14
G12 FF 61144 215800  780 311 2331     6079716     36          -9     36   33  37  142  -11   97  -51   97  -51  29  0  0 L3P 05
G13 FF 61144 215800  780 328 3485    -6795262     32          -2     16   23  62  136   27  124   -7  124   -7  18  0  0 L3P 02
G15 FF 61144 215800  780 301 3076    -4031349    -45          20    -12   31  83  146   19  133    2  133    2  23  0  0 L3P E3
G19 FF 61144 215800  780 391 1466    -6970744     12          -1     23   16  94  116   18   53  -32   53  -32  15  0  0 L3P 00
G20 FF 61144 215800  780 297 3380    -1080270   -192          -6      0   45 235  148   28  157  -11  157  -11  42  0  0 L3P 36
G24 FF 61144 215800  780 547 2173      358143   -212          -7    -35   14  24   90   -8   67    9   67    9  13  0  0 L3P C0
G06 FF 61144 221400  780 429 1000     6104537    -53         -18    -35   27  54  108    1   67   25   67   25  22  0  0 L3P E2
G11 FF 61144 221400  780 458  375     3729800   -129          12     -1   18   9  103  -11   67  -20   67  -20  15  0  0 L3P E6
G12 FF 61144 221400  780 338 2257     6079713    -29          -7    -29   21  38  132  -10   81    7   81    7  18  0  0 L3P DB
G13 FF 61144 221400  780 259 3519    -6795249     -8          -2    -23   35  70  168   42  126   31  126   31  28  0  0 L3P 15
G15 FF 61144 221400  780 258 3146    -4031383    -78          18    -46   26  87  168   28  132   34  132   34  24  0  0 L3P 2C
G19 FF 61144 221400  780 325 1455    -6970753     39           3     50   31  95  137   25   43  -45   43  -45  26  0  0 L3P F9
G20 FF 61144 221400  780 239 3426    -1080455   -149          -7     43   27 236  181   42  156  -21  156  -21  22  0  0 L3P 43
G24 FF 61144 221400  780 617 2219      357982   -174           3      3   17  26   84   -6   57   -4   57   -4  15  0  0 L3P AC
G06 FF 61144 223000  780 415 1104     6104526     -2         -12     17   24  54  111    5   60  -19   60  -19  21  0  0 L3P C1
G11 FF 61144 223000  780 517  461     3729664   -129          -1     -2   17   9   94   -8   65  -16   65  -16  15  0  0 L3P D4
G12 FF 61144 223000  780 366 2181     6079712      9          -8      9   20  38  123   -9   70  -25   70  -25  18  0  0 L3P C5
G13 FF 61144 223000  780 194 3553    -6795236      8          -4     -8   24  70  220   69  148   38  148   38  19  0  0 L3P 05
G15 FF 61144 223000  780 214 3210    -4031430    -54           3    -22   26  87  200   40  153   32  153   32  23  0  0 L3P DF
G19 FF 61144 223000  780 262 1437    -6970755      2           7     14   21   2  166   37   47  -18   47  -18  16  0  0 L3P D2
G20 FF 61144 223000  780 183 3469    -1080656   -213         -24    -21   30 236  232   64  190   44  190   44  19  0  0 L3P 46
G24 FF 61144 223000  780 682 2312      357810   -179           1     -3   15  26   79   -4   56   -8   56   -8  13  0  0 L3P B0
G06 FF 61144 224600  780 387 1197     6104513    -38          -8    -19   29  54  117    9   53   12   53   12  26  0  0 L3P E5
G11 FF 61144 224600  780 568  574     3729543   -114           0     13   16   9   88   -5   59  -14   59  -14  15  0  0 L3P D4
G12 FF 61144 224600  780 396 2104     6079709    -12         -12    -12   23  38  115   -8   63    5   63    5  21  0  0 L3P CC
G19 FF 61144 224600  780 203 1413    -6970762      4          11     15   33   2  210   57   48    5   48    5  26  0  0 L3P 96
G24 FF 61144 224600  780 736 2496      357628   -162         -11     14   17  26   77   -2   60  -17   60  -17  14  0  0 L3P FB
G06 FF 61144 231400  780 311 1321     6104491     -9           1      9   24  54  142   22   41   -9   41   -9  21  0  0 L3P 89
G11 FF 61144 231400  780 616  847     3729331   -144           2    -17   21   9   84   -1   50    7   50    7  19  0  0 L3P 8E
G12 FF 61144 231400  780 452 1963     6079712     24          -9     24   19  38  104   -6   50  -28   50  -28  18  0  0 L3P EC
G24 FF 61144 231400  780 740 3031      357336   -186          -8    -10   17  26   77    2   52    8   52    8  12  0  0 L3P 9E
G29 FF 61144 231400  780 225 2896     3401157   -118          13    -46   24  57  191  -34  110   17  110   17  18  0  0 L3P 2D
G06 FF 61144 233000  780 257 1370     6104457     -5         -16     13   24  54  169   35   55  -16   55  -16  17  0  0 L3P F8
G11 FF 61144 233000  780 608 1018     3729206   -162          -1    -35   18   9   84    2   43   21   43   21  14  0  0 L3P B2
G12 FF 61144 233000  780 486 1876     6079707     -7         -14     -7   18  38   98   -5   47   -3   47   -3  16  0  0 L3P D6
G24 FF 61144 233000  780 687 3241      357162   -160         -13     17   15  26   79    4   54  -17   54  -17  13  0  0 L3P E5
G25 FF 61144 233000  780 226 2240    -4300142    -16          17    -44   32  11  190  -36   59    9   59    9  29  0  0 L3P DE
G29 FF 61144 233000  780 265 2826     3401092    -80          17     -8   32  57  164  -22   87  -13   87  -13  29  0  0 L3P 10
