CGGTTS     GENERIC DATA FORMAT VERSION = 2E
REV DATE = 2025-11-01
RCVR = PolaRx5TR (5.6.0)     sbf2cggtts-1.5.0
CH = 80
IMS = PolaRx5TR
LAB = LRTE
X = 3967035.920 m
Y = -4390028.540 m
Z = -2375644.640 m
FRAME = ITRF
COMMENTS = LS=18; ElMask=10deg; 'Generated from the SBF in 2026-04-08 at 23:57:39'
INT DLY = 24.9 ns (GPS P1),  15.7 ns (GPS P2)     CAL_ID = 1201-2025
CAB DLY = 103.1 ns
REF DLY = 47.2 ns
REF = UTC(LRTE)
CKSUM = 0e

SAT CL  MJD  STTIME TRKL ELV AZTH   REFSV      SRSV     REFSYS    SRSYS  DSG IOE MDTR SMDT MDIO SMDI MSIO SMSI ISG FR HC FRC CK
             hhmmss  s  .1dg .1dg    .1ns     .1ps/s     .1ns    .1ps/s .1ns     .1ns.1ps/s.1ns.1ps/s.1ns.1ps/s.1ns
G06 FF 61138 001400  780 202 1403     6114122   -153          11   -140   42 108  212   60   87  117   87  117  34  0  0 L3P 27
G11 FF 61138 001400  780 580 1156     3806033   -140          17    -13   17 159   87    4   90   -1   90   -1  15  0  0 L3P D5
G12 FF 61138 001400  780 520 1782     6079970    -17          36    -17   13  71   93   -5   81   12   81   12  11  0  0 L3P D2
G24 FF 61138 001400  780 621 3352      462969   -182          21     -8   14  51   83    6  167   17  167   17  13  0  0 L3P E5
G25 FF 61138 001400  780 270 2194    -4316665      3          42    -24   35  25  161  -27  141  -12  141  -12  34  0  0 L3P 11
G29 FF 61138 001400  780 301 2751     3443984    -25          43     47   21  68  146  -15  425 -182  425 -182  19  0  0 L3P 5F
G05 FF 61138 003000  780 191  369     2314475     19          50     13   31  16  223  -52  366 -254  366 -254  25  0  0 L3P 31
G11 FF 61138 003000  780 531 1265     3805915   -131          21     -4   17 159   92    7   77   -5   77   -5  15  0  0 L3P D4
G12 FF 61138 003000  780 555 1676     6079964     -2          29     -2   14  71   89   -4   80    1   80    1  13  0  0 L3P 94
G21 FF 61138 003000  780 187  648    -4135239    -14          49      1   40  79  227  -38  142  -42  142  -42  38  0  0 L3P 1A
G24 FF 61138 003000  780 547 3425      462792   -132          11     41   29  51   90    9  190  -19  190  -19  28  0  0 L3P 02
G25 FF 61138 003000  780 320 2149    -4316650    -33          31    -60   23  25  139  -20  127   31  127   31  19  0  0 L3P 11
G29 FF 61138 003000  780 333 2669     3443921   -118          50    -47   20  68  134  -11  299  -79  299  -79  18  0  0 L3P 72
G05 FF 61138 004600  780 237  430     2314475      8          45      2   35  16  182  -35  203 -109  203 -109  28  0  0 L3P 04
G11 FF 61138 004600  780 472 1339     3805799   -121          27      7   24 159  100   11   68  -12   68  -12  22  0  0 L3P 0F
G12 FF 61138 004600  780 586 1554     6079962     40          27     40   12  71   86   -3   75  -35   75  -35  11  0  0 L3P E8
G21 FF 61138 004600  780 218  719    -4135269    -51          32    -36   29  79  197  -25  126   13  126   13  22  0  0 L3P 24
G24 FF 61138 004600  780 471 3474      462627   -163          13     11   29  51  100   13  209   19  209   19  28  0  0 L3P 04
G25 FF 61138 004600  780 373 2106    -4316606    -44          49    -72   16  25  121  -16   96   58   96   58  14  0  0 L3P 1D
G29 FF 61138 004600  780 360 2582     3443846    -61          44     11   19  68  125   -8  211  -90  211  -90  15  0  0 L3P 20
G05 FF 61138 010200  780 284  495     2314487    -41          52    -47   30  16  154  -24  135   -3  135   -3  24  0  0 L3P F9
G11 FF 61138 010200  780 407 1386     3805672   -109          22     18   39 159  113   16   69  -20   69  -20  34  0  0 L3P 23
G12 FF 61138 010200  780 612 1412     6079959     27          24     27   14  71   84   -2   77  -24   77  -24  12  0  0 L3P DD
G21 FF 61138 010200  780 244  795    -4135249    -47          66    -32   30  79  177  -16   78   16   78   16  27  0  0 L3P 13
G24 FF 61138 010200  780 396 3512      462458   -154          11     20   17  51  115   19  241   27  241   27  15  0  0 L3P F7
G25 FF 61138 010200  780 430 2065    -4316569     70          60     43   20  25  108  -12   73  -49   73  -49  17  0  0 L3P 07
G29 FF 61138 010200  780 383 2491     3443768    -70          34      1   21  68  118   -6  156  -47  156  -47  16  0  0 L3P 1C
G05 FF 61138 011800  780 329  568     2314490     15          49      9   20  16  135  -16  110  -32  110  -32  17  0  0 L3P ED
G11 FF 61138 011800  780 341 1413     3805545   -152          18    -25   18 159  131   23   70   15   70   15  15  0  0 L3P 03
G12 FF 61138 011800  780 627 1250     6079963    -23          28    -23   19  71   83   -1   71   16   71   16  18  0  0 L3P E0
G21 FF 61138 011800  780 264  875    -4135300    -58          29    -43   27  79  165   -9   99   21   99   21  22  0  0 L3P 00
G24 FF 61138 011800  780 323 3545      462307   -185          27    -11   24  51  137   28  278   74  278   74  20  0  0 L3P 21
G25 FF 61138 011800  780 492 2024    -4316551     34          51      7   20  25   97  -10   69  -16   69  -16  18  0  0 L3P EC
G29 FF 61138 011800  780 403 2397     3443702    -56          37     16   18  68  114   -4  122  -39  122  -39  15  0  0 L3P 25
G05 FF 61138 013400  780 370  650     2314499     31          52     25   22  16  122  -11   95  -32   95  -32  17  0  0 L3P DF
G11 FF 61138 013400  780 275 1425     3805427   -101          22     27   18 159  159   36   64  -14   64  -14  15  0  0 L3P 1F
G12 FF 61138 013400  780 627 1076     6079964      8          29      8   14  71   83    1   69   -4   69   -4  11  0  0 L3P 9B
G18 FF 61138 013400  780 258 3190     3822203    -91          49      3   27 122  168  -40  389 -140  389 -140  21  0  0 L3P 59
G21 FF 61138 013400  780 275  959    -4135324    -11          20      4   21  79  159   -3   95   -6   95   -6  18  0  0 L3P C9
G24 FF 61138 013400  780 255 3577      462170   -164          57     10   21  51  171   43  330   87  330   87  16  0  0 L3P 07
G25 FF 61138 013400  780 558 1984    -4316535      7          41    -20   16  25   89   -7   70    7   70    7  14  0  0 L3P B2
G29 FF 61138 013400  780 419 2301     3443638    -81          42     -9   15  68  110   -3  101   -4  101   -4  12  0  0 L3P DB
G05 FF 61138 015000  780 404  743     2314509     17          57     11   24  16  113   -7   78  -17   78  -17  22  0  0 L3P D5
G11 FF 61138 015000  780 211 1426     3805303   -179          20    -52   28 159  203   60   69   63   69   63  22  0  0 L3P 0F
G12 FF 61138 015000  780 610  908     6079971     -9          36     -9   22  71   84    2   69   12   69   12  18  0  0 L3P A8
G18 FF 61138 015000  780 321 3141     3822096    -96          33     -1   22 122  138  -25  290 -103  290 -103  17  0  0 L3P 49
G21 FF 61138 015000  780 276 1043    -4135317      0          41     15   23  79  158    2   65  -26   65  -26  17  0  0 L3P D1
G24 FF 61138 015000  780 190    8      462001   -111          55     63   24  51  224   71  417   43  417   43  19  0  0 L3P BE
G25 FF 61138 015000  780 627 1942    -4316519      5          31    -23   14  25   83   -6   71   10   71   10  11  0  0 L3P B3
G29 FF 61138 015000  780 434 2203     3443570    -92          42    -20   18  68  107   -3   93    5   93    5  15  0  0 L3P C5
G05 FF 61138 020600  780 427  846     2314511      0          58     -6   17  18  108   -3   71   -8   71   -8  15  0  0 L3P 9B
G12 FF 61138 020600  780 577  761     6079962     21          27     21   16  72   87    4   75  -13   75  -13  14  0  0 L3P C8
G18 FF 61138 020600  780 381 3080     3822012    -83          35     12   21 123  119  -16  194  -81  194  -81  15  0  0 L3P 37
G21 FF 61138 020600  780 266 1124    -4135343     41          35     56   32  80  164    9   72  -68   72  -68  30  0  0 L3P ED
G25 FF 61138 020600  780 701 1892    -4316496     21          29     -7   15  39   78   -4   67   -1   67   -1  12  0  0 L3P CA
G28 FF 61138 020600  780 212 2383     5604708    -72          50     18   22 181  202  -24  158   -2  158   -2  18  0  0 L3P 15
G29 FF 61138 020600  780 446 2105     3443513    -48          51     23   21  69  105   -2   72  -38   72  -38  19  0  0 L3P FB
G05 FF 61138 022200  780 435  954     2314503    -18          43    -23   39  18  107    0   70   18   70   18  35  0  0 L3P C3
G12 FF 61138 022200  780 531  640     6079968    -41          34    -41   27  72   92    6   73   33   73   33  19  0  0 L3P C5
G18 FF 61138 022200  780 438 3003     3821917   -112          31    -18   51 123  106  -11  145  -24  145  -24  33  0  0 L3P 44
G21 FF 61138 022200  780 245 1199    -4135352    -62          40    -47   23  80  176   18   65   37   65   37  20  0  0 L3P 01
G25 FF 61138 022200  780 776 1812    -4316472     42          27     15   15  39   75   -2   61  -25   61  -25  13  0  0 L3P E5
G28 FF 61138 022200  780 234 2455     5604612   -111          41    -22   30 181  184  -13  178   41  178   41  26  0  0 L3P 38
G29 FF 61138 022200  780 458 2005     3443428    -69          34      3   18  69  102   -2   74  -11   74  -11  16  0  0 L3P E4
G05 FF 61138 023800  780 428 1061     2314504      8          39      3   27  18  108    3   67   -6   67   -6  25  0  0 L3P 9B
G12 FF 61138 023800  780 477  545     6079965    -31          30    -31   15  72   99   10   76   28   76   28  12  0  0 L3P E6
G18 FF 61138 023800  780 488 2909     3821816    -83          20     12   19 123   98   -7  122  -38  122  -38  14  0  0 L3P 30
G21 FF 61138 023800  780 215 1266    -4135377     -3          29     12   25  80  200   32   71  -19   71  -19  20  0  0 L3P EA
G25 FF 61138 023800  780 850 1550    -4316459     74          14     46   34  39   74   -1   70  -48   70  -48  35  0  0 L3P FB
G28 FF 61138 023800  780 245 2533     5604532    -38          47     52   29 181  177   -4  194  -19  194  -19  26  0  0 L3P 4D
G29 FF 61138 023800  780 468 1904     3443359    -77          34     -6   21  69  101   -2   68   -4   68   -4  19  0  0 L3P EB
G05 FF 61138 025400  780 406 1159     2314502    -22          32    -28   25  18  113    7   69   18   69   18  23  0  0 L3P DD
G12 FF 61138 025400  780 416  471     6079962     11          27     11   17  72  111   14   82   -5   82   -5  15  0  0 L3P B4
G18 FF 61138 025400  780 530 2794     3821723    -94          18      1   18 123   92   -5  106  -15  106  -15  15  0  0 L3P 0A
G23 FF 61138 025400  780 209 3520    -6335699   -144          57    -99   29 100  206  -67  314  -62  314  -62  21  0  0 L3P 7B
G25 FF 61138 025400  780 846  484    -4316433     47          14     20   14  39   74    1   69  -17   69  -17  12  0  0 L3P D7
G28 FF 61138 025400  780 246 2613     5604449   -166          50    -76   40 181  176    3  222  103  222  103  34  0  0 L3P 44
G29 FF 61138 025400  780 478 1802     3443298    -72          42     -1   17  69   99   -2   63    3   63    3  16  0  0 L3P BA
G05 FF 61138 031000  780 371 1242     2314519     46          44     40   18  18  122   12   54  -26   54  -26  16  0  0 L3P DD
G12 FF 61138 031000  780 352  414     6079964     34          30     34   25  72  127   21   85  -19   85  -19  19  0  0 L3P E7
G18 FF 61138 031000  780 561 2661     3821638    -74          24     20   16 123   89   -3   86  -23   86  -23  14  0  0 L3P FE
G23 FF 61138 031000  780 280 3531    -6335767   -101          31    -57   24 100  157  -39  215  -65  215  -65  18  0  0 L3P 67
G25 FF 61138 031000  780 768  250    -4316406     39          14     12   16  39   76    3   68    2   68    2  13  0  0 L3P 8B
G28 FF 61138 031000  780 237 2694     5604270   -110         -43    -20   40 181  182   10  357   56  357   56  35  0  0 L3P 43
G29 FF 61138 031000  780 487 1696     3443228    -45          41     26   11  69   98   -1   63  -17   63  -17  10  0  0 L3P F6
G05 FF 61138 032600  780 325 1309     2314522     14          41      8   24  18  137   19   53  -15   53  -15  20  0  0 L3P CC
G12 FF 61138 032600  780 286  369     6079957     43          23     43   27  72  153   34   97  -33   97  -33  21  0  0 L3P FD
G18 FF 61138 032600  780 578 2513     3821547    -87          23      7   15 123   87   -1   72  -20   72  -20  12  0  0 L3P E9
G23 FF 61138 032600  780 355 3537    -6335809    -75          32    -31   18 100  127  -25  137  -36  137  -36  15  0  0 L3P 61
G25 FF 61138 032600  780 685  184    -4316373     33          21      6   16  39   79    5   62   -5   62   -5  12  0  0 L3P 9C
G28 FF 61138 032600  780 219 2773     5604320   -243          93   -153   68 181  195   18  239  171  239  171  63  0  0 L3P 8B
G29 FF 61138 032600  780 494 1588     3443166    -88          48    -16   15  69   97   -1   48   -6   48   -6  14  0  0 L3P FF
G05 FF 61138 034200  780 273 1360     2314538     -2          52     -8   19  18  160   30   44   15   44   15  16  0  0 L3P BD
G12 FF 61138 034200  780 219  336     6079970     -9          36     -9   32  72  196   58  101   43  101   43  22  0  0 L3P E4
G18 FF 61138 034200  780 581 2359     3821457    -83          24     11   12 123   87    0   63  -15   63  -15  10  0  0 L3P E6
G23 FF 61138 034200  780 434 3540    -6335855     -3          29     42   21 100  107  -17  102  -68  102  -68  17  0  0 L3P 2F
G25 FF 61138 034200  780 602  153    -4316354     10          14    -17   25  39   85    7   68   17   68   17  24  0  0 L3P C0
G26 FF 61138 034200  780 227 2237     3509609     66          59     18   36  91  189  -46   84  -24   84  -24  34  0  0 L3P 22
G28 FF 61138 034200  780 196 2848     5604179    -48          39     42   31 181  217   28  312  -11  312  -11  27  0  0 L3P 3D
G29 FF 61138 034200  780 499 1476     3443112    -61          62     10   14  69   96    0   33  -13   33  -13  12  0  0 L3P D3
G05 FF 61138 035800  780 217 1396     2314539     37          47     31   41  18  198   51   47   -9   47   -9  32  0  0 L3P E7
G15 FF 61138 035800  780 203  767    -4011959    -71          40    -38   41  26  210  -24   65   31   65   31  35  0  0 L3P F7
G18 FF 61138 035800  780 572 2211     3821374    -96          31     -1   14 123   87    1   48   -4   48   -4  12  0  0 L3P C3
G23 FF 61138 035800  780 516 3538    -6335891    -48          35     -3   22 100   94  -11   70  -15   70  -15  18  0  0 L3P 17
G25 FF 61138 035800  780 519  135    -4316321     16          21    -11   20  39   93   11   63   15   63   15  18  0  0 L3P C0
G26 FF 61138 035800  780 283 2272     3509636     75          41     27   23  91  155  -28   77  -40   77  -40  20  0  0 L3P 11
G29 FF 61138 035800  780 500 1361     3443012    -53          30     19   13  69   96    0   58  -25   58  -25  11  0  0 L3P D8
G10 FF 61138 041400  780 218 3370     5898458    -15          30     -8   53 108  197  -61  221  -69  221  -69  48  0  0 L3P 54
G15 FF 61138 041400  780 225  843    -4011998    -91          36    -58   34  27  191  -15   67   34   67   34  28  0  0 L3P 12
G18 FF 61138 041400  780 554 2075     3821270    -85          13      9   16 124   89    2   51  -18   51  -18  13  0  0 L3P DD
G23 FF 61138 041400  780 601 3533    -6335939    -39          37      6   24 101   85   -8   52  -23   52  -23  22  0  0 L3P F3
G25 FF 61138 041400  780 438  125    -4316296     20          15     -7   41  40  106   16   68   13   68   13  37  0  0 L3P C8
G26 FF 61138 041400  780 334 2322     3509671     21          24    -27   28  93  133  -18   70    7   70    7  22  0  0 L3P C9
G29 FF 61138 041400  780 496 1245     3442959    -80          48     -9   13  71   96    1   40   10   40   10  12  0  0 L3P BB
G10 FF 61138 043000  780 289 3351     5898442    -52          21    -46   17 108  152  -36  152  -25  152  -25  15  0  0 L3P 4E
G15 FF 61138 043000  780 239  920    -4012027     47          39     80   27  27  180   -8   54  -80   54  -80  22  0  0 L3P E6
G18 FF 61138 043000  780 529 1953     3821185    -64          19     31   21 124   92    3   40  -29   40  -29  18  0  0 L3P F0
G23 FF 61138 043000  780 687 3523    -6336003    -95          15    -51   19 101   79   -5   59   42   59   42  18  0  0 L3P 07
G25 FF 61138 043000  780 360  121    -4316274      8          11    -19   18  40  125   24   79   32   79   32  14  0  0 L3P C2
G26 FF 61138 043000  780 380 2387     3509716     39          23     -9   19  93  119  -11   61   -6   61   -6  16  0  0 L3P E3
G29 FF 61138 043000  780 486 1129     3442877    -83          22    -11   22   7   98    2   40    6   40    6  19  0  0 L3P 9F
G10 FF 61138 044600  780 362 3323     5898438     25          24     32   58 108  124  -23  101  -75  101  -75  54  0  0 L3P 36
G15 FF 61138 044600  780 246  999    -4012041    -33          57      0   22  27  176   -1   43    0   43    0  16  0  0 L3P 95
G18 FF 61138 044600  780 502 1842     3821098   -108          22    -14   20 124   96    4   39   16   39   16  18  0  0 L3P F7
G23 FF 61138 044600  780 775 3506    -6336046    -80          15    -35   34 101   75   -3   56   32   56   32  31  0  0 L3P FA
G25 FF 61138 044600  780 285  123    -4316235     46          25     19   34  40  154   38   87   11   87   11  27  0  0 L3P D9
G26 FF 61138 044600  780 416 2470     3509749     41          11     -6   18  93  111   -7   67    7   67    7  16  0  0 L3P BC
G29 FF 61138 044600  780 469 1016     3442809    -79          22     -7   23   7  101    4   42   18   42   18  20  0  0 L3P BD
G10 FF 61138 050200  780 435 3282     5898429    -14          21     -7   23 108  107  -15   77   -8   77   -8  22  0  0 L3P 00
G15 FF 61138 050200  780 243 1076    -4012056    -66          74    -33   30  27  177    5   22   33   22   33  26  0  0 L3P DA
G16 FF 61138 050200  780 236 2255    -2409504    -82          27    -10   40 123  183  -38   59    7   59    7  36  0  0 L3P FF
G18 FF 61138 050200  780 473 1742     3821021    -93          36      1   23 124  100    5   30   -5   30   -5  19  0  0 L3P AA
G23 FF 61138 050200  780 863 3454    -6336058    -55          45    -10   17 101   74   -1   24   10   24   10  16  0  0 L3P E3
G25 FF 61138 050200  780 213  130    -4316199     89          34     62   27  40  202   64  106  -17  106  -17  22  0  0 L3P 01
G26 FF 61138 050200  780 440 2568     3509794     57          10      9   21  93  106   -3   67   -6   67   -6  19  0  0 L3P CB
G29 FF 61138 050200  780 444  910     3442745    -83          28    -11   21   7  105    5   40   10   40   10  19  0  0 L3P A3
G10 FF 61138 051800  780 508 3223     5898433    -15          31     -8   14 108   95  -10   59    0   59    0  12  0  0 L3P C7
G15 FF 61138 051800  780 231 1150    -4012106     43          55     76   29  27  186   13   40  -59   40  -59  25  0  0 L3P FA
G16 FF 61138 051800  780 285 2305    -2409581    -39          19     32   32 123  154  -23   65  -22   65  -22  28  0  0 L3P 2D
G18 FF 61138 051800  780 445 1648     3820929    -99          35     -4   18 124  105    5   34   12   34   12  15  0  0 L3P E9
G23 FF 61138 051800  780 849 1735    -6336109    -35          37     10   13 101   74    1   31  -12   31  -12  12  0  0 L3P E2
G26 FF 61138 051800  780 448 2676     3509852     47          22      0   26  93  104    0   60    1   60    1  23  0  0 L3P 8A
G29 FF 61138 051800  780 412  812     3442696    -34          47     38   16   7  111    8   31  -25   31  -25  13  0  0 L3P C8
G10 FF 61138 053400  780 579 3139     5898422    -38          27    -31   12 108   87   -7   54   24   54   24  10  0  0 L3P FC
G15 FF 61138 053400  780 210 1218    -4012142    -82          51    -49   32  27  204   25   42   52   42   52  26  0  0 L3P E4
G16 FF 61138 053400  780 327 2369    -2409647    -49          21     22   20 123  136  -14   64  -16   64  -16  18  0  0 L3P 2E
G18 FF 61138 053400  780 417 1559     3820845   -100          41     -6   19 124  110    6   31   -1   31   -1  17  0  0 L3P D2
G23 FF 61138 053400  780 764 1690    -6336169    -34          19     10   12 101   76    3   45  -17   45  -17  11  0  0 L3P F7
G26 FF 61138 053400  780 441 2787     3509892     48          15      0   21  93  105    3   64   -7   64   -7  18  0  0 L3P BC
G29 FF 61138 053400  780 374  724     3442626    -93          46    -22   27   7  121   12   35   36   35   36  23  0  0 L3P D3
G10 FF 61138 055000  780 642 3015     5898425    -19          37    -12   11 108   82   -4   42    6   42    6   9  0  0 L3P B5
G15 FF 61138 055000  780 180 1278    -4012166    -90          58    -57   32  27  236   42   44   43   44   43  27  0  0 L3P 02
G16 FF 61138 055000  780 359 2446    -2409708    -98          29    -26   28 123  125   -9   62   29   62   29  23  0  0 L3P 28
G18 FF 61138 055000  780 391 1474     3820753    -81          40     13   16 124  116    7   38  -14   38  -14  15  0  0 L3P FB
G23 FF 61138 055000  780 682 1662    -6336213    -33          18     11   15 101   79    5   44  -15   44  -15  14  0  0 L3P ED
G26 FF 61138 055000  780 420 2892     3509949     59          27     11   26  93  110    6   59  -11   59  -11  21  0  0 L3P EA
G29 FF 61138 055000  780 330  646     3442559    -88          48    -16   38   7  135   17   39   17   39   17  32  0  0 L3P EC
G10 FF 61138 060600  780 691 2830     5898400     -8          21     -1   11 109   79   -2   49   -4   49   -4  10  0  0 L3P BE
G16 FF 61138 060600  780 381 2536    -2409773    -80          29     -9   26 124  119   -4   60    6   60    6  22  0  0 L3P DD
G18 FF 61138 060600  780 366 1391     3820668    -92          42      2   18 125  123    7   32   -4   32   -4  15  0  0 L3P C7
G23 FF 61138 060600  780 603 1634    -6336248    -48          28     -3   15 102   85    7   36    6   36    6  14  0  0 L3P BC
G26 FF 61138 060600  780 388 2988     3509984     62          15     15   24 144  117   10   69   -6   69   -6  19  0  0 L3P 07
G27 FF 61138 060600  780 235 2176      979875    102          56    -53   39 178  184  -45   45   42   45   42  34  0  0 L3P 27
G29 FF 61138 060600  780 281  578     3442488    -50          42     22   33   8  156   27   38  -35   38  -35  27  0  0 L3P F3
G32 FF 61138 060600  780 216   35       86491   -224          32    -30   28   5  199  -56  100  -25  100  -25  20  0  0 L3P E2
G10 FF 61138 062200  780 714 2578     5898390     -5          16      2   12 109   78    0   48   -7   48   -7  12  0  0 L3P B5
G16 FF 61138 062200  780 388 2634    -2409840    -69          31      2   25 124  117    0   61   -1   61   -1  21  0  0 L3P C5
G18 FF 61138 062200  780 342 1310     3820569   -130          33    -36   16 125  131    8   40   31   40   31  13  0  0 L3P E3
G23 FF 61138 062200  780 527 1605    -6336291    -42          27      2   17 102   92    9   34   -7   34   -7  15  0  0 L3P C1
G26 FF 61138 062200  780 348 3072     3510027     32          12    -15   35 144  129   14   73   13   73   13  25  0  0 L3P E3
G27 FF 61138 062200  780 297 2167      980003    123          36    -31   30 178  148  -30   50   17   50   17  26  0  0 L3P FF
G29 FF 61138 062200  780 229  521     3442422     -4          45     68   31   8  188   43   42  -49   42  -49  25  0  0 L3P D6
G32 FF 61138 062200  780 281   64       86297   -269          23    -76   24   5  156  -35   65   31   65   31  19  0  0 L3P C9
G10 FF 61138 063800  780 704 2314     5898391     -7          25     -1   11 109   78    1   34   -1   34   -1  10  0  0 L3P A6
G16 FF 61138 063800  780 382 2734    -2409903    -63          37      9   27 124  119    3   59   -2   59   -2  23  0  0 L3P E7
G18 FF 61138 063800  780 318 1230     3820478    -68          32     26   23 125  139   10   42  -23   42  -23  18  0  0 L3P 0C
G23 FF 61138 063800  780 457 1573    -6336344    -63          17    -19   19 102  103   12   39   16   39   16  17  0  0 L3P 1B
G26 FF 61138 063800  780 304 3147     3510072     62          11     14   20 144  145   20   77   -6   77   -6  16  0  0 L3P D4
G27 FF 61138 063800  780 361 2167      980146    178          31     24   16 178  125  -20   49  -29   49  -29  13  0  0 L3P 2A
G32 FF 61138 063800  780 350   94       86110   -176          22     18   21   5  128  -23   51  -30   51  -30  17  0  0 L3P B0
G10 FF 61138 065400  780 668 2103     5898389     10          29     16   13 109   80    3   32  -15   32  -15  12  0  0 L3P DF
G16 FF 61138 065400  780 364 2831    -2409977    -63          32      8   19 124  124    7   68    0   68    0  16  0  0 L3P CD
G18 FF 61138 065400  780 294 1151     3820411   -110          56    -15   24 125  149   11   29   26   29   26  21  0  0 L3P 0A
G23 FF 61138 065400  780 390 1538    -6336380    -69          23    -24   23 102  117   17   37   25   37   25  20  0  0 L3P 10
G26 FF 61138 065400  780 258 3214     3510130     58          24     10   22 144  168   29   76    3   76    3  19  0  0 L3P C6
G27 FF 61138 065400  780 427 2180      980300    142          36    -13   24 178  108  -14   43   16   43   16  21  0  0 L3P F9
G32 FF 61138 065400  780 422  128       85928   -198          26     -5   40   5  109  -16   47    4   47    4  37  0  0 L3P A3
G10 FF 61138 071000  780 618 1950     5898371    -25          18    -18   11 109   83    4   41   14   41   14  10  0  0 L3P D7
G16 FF 61138 071000  780 335 2922    -2410043    -71          34      0   31 124  133   12   69    1   69    1  24  0  0 L3P AF
G18 FF 61138 071000  780 269 1074     3820310    -72          46     23   49 125  162   14   42  -21   42  -21  43  0  0 L3P FE
G23 FF 61138 071000  780 329 1500    -6336418    -63          28    -18   23 102  135   22   34   14   34   14  20  0  0 L3P F6
G26 FF 61138 071000  780 212 3276     3510173    -14          21    -62   35 144  202   42   86   59   86   59  31  0  0 L3P 00
G27 FF 61138 071000  780 495 2209      980453    150          41     -5   21 178   97  -10   35   -4   35   -4  19  0  0 L3P DB
G32 FF 61138 071000  780 497  168       85752   -202          35     -9   12   5   96  -11   36    8   36    8  12  0  0 L3P 89
G08 FF 61138 072600  780 239 2211    -4652322     48          33    -17   31  57  181  -44   62   10   62   10  28  0  0 L3P F6
G10 FF 61138 072600  780 564 1837     5898375     -4          28      3   13 109   88    6   31    5   31    5  11  0  0 L3P 99
G16 FF 61138 072600  780 298 3004    -2410099    -49          47     22   23 124  147   18   63  -11   63  -11  19  0  0 L3P 1E
G18 FF 61138 072600  780 244  998     3820226    -52          52     43   34 125  177   19   45  -25   45  -25  28  0  0 L3P 15
G23 FF 61138 072600  780 272 1459    -6336466    -24          22     21   22 102  160   31   47   -7   47   -7  18  0  0 L3P F8
G27 FF 61138 072600  780 561 2264      980604    148          43     -7   11 178   89   -7   32   10   32   10  12  0  0 L3P CF
G32 FF 61138 072600  780 573  224       85569   -201          38     -7   12   5   87   -8   33   10   33   10  11  0  0 L3P 8B
G08 FF 61138 074200  780 299 2237    -4652259     63          35     -2   29  57  147  -27   46   -7   46   -7  26  0  0 L3P 06
G10 FF 61138 074200  780 509 1746     5898365     -7          25      0   17 109   95    8   36    1   36    1  15  0  0 L3P 9B
G16 FF 61138 074200  780 258 3078    -2410152    -89          63    -17   35 124  168   26   55   15   55   15  25  0  0 L3P 1E
G18 FF 61138 074200  780 216  925     3820144    -49          61     45   34 125  198   26   40  -37   40  -37  32  0  0 L3P 07
G23 FF 61138 074200  780 219 1415    -6336485     -5          46     40   36 102  196   44   27  -29   27  -29  27  0  0 L3P 1C
G27 FF 61138 074200  780 621 2359      980744    156          35      1   12 178   83   -4   36   -7   36   -7  10  0  0 L3P C5
G32 FF 61138 074200  780 647  312       85385   -196          39     -3   13   5   81   -5   29    0   29    0  12  0  0 L3P 70
G08 FF 61138 075800  780 357 2278    -4652204     24          27    -41   23  57  126  -18   43   35   43   35  19  0  0 L3P 0F
G10 FF 61138 075800  780 456 1667     5898355     -9          21     -2   15 109  103    9   39    5   39    5  15  0  0 L3P C4
G16 FF 61138 075800  780 216 3147    -2410229    -39          55     32   34 124  199   38   63   -2   63   -2  25  0  0 L3P 03
G18 FF 61138 075800  780 186  854     3820040    -96          42     -2   35 126  228   37   50    6   50    6  31  0  0 L3P C4
G27 FF 61138 075800  780 667 2511      980889    152          31     -2   11 178   80   -2   38   12   38   12   9  0  0 L3P D0
G32 FF 61138 075800  780 711  466       85192   -203          31    -10   14   5   78   -3   33    9   33    9  12  0  0 L3P 7D
G08 FF 61138 081400  780 411 2337    -4652146     68          19      3   22  58  112  -12   44   -3   44   -3  20  0  0 L3P C9
G10 FF 61138 081400  780 405 1595     5898344    -41          19    -35   25 110  113   12   45   31   45   31  21  0  0 L3P F7
G27 FF 61138 081400  780 687 2724      981039    144          38    -11   12 179   79    0   35   10   35   10  12  0  0 L3P D8
G32 FF 61138 081400  780 750  736       85019    -97          45     96   38  10   76   -1   26  -54   26  -54  25  0  0 L3P C8
G02 FF 61138 083000  780 228 2188     -744297     -2          26     76   28  28  189  -44   51  -83   51  -83  28  0  0 L3P 13
G08 FF 61138 083000  780 457 2417    -4652086     63          17     -2   16  58  103   -7   46   -4   46   -4  13  0  0 L3P D7
G10 FF 61138 083000  780 359 1527     5898343    -24          25    -17   20 110  125   14   41   20   41   20  17  0  0 L3P EE
G27 FF 61138 083000  780 673 2948      981191    181          41     26   14 179   80    2   34  -24   34  -24  12  0  0 L3P EA
G32 FF 61138 083000  780 740 1059       84798   -323           9   -129   27  10   77    1   50   79   50   79  18  0  0 L3P D5
G02 FF 61138 084600  780 285 2150     -744384    -79          13     -2   30  28  154  -30   59  -15   59  -15  27  0  0 L3P 0C
G08 FF 61138 084600  780 490 2519    -4652025     59          15     -5   16  58   97   -4   43    1   43    1  14  0  0 L3P B1
G10 FF 61138 084600  780 315 1461     5898350     -1          38      5   20 110  140   17   39   10   39   10  16  0  0 L3P C2
G27 FF 61138 084600  780 629 3123      981340    161          42      6   10 179   83    4   37    3   37    3   9  0  0 L3P 8A
G28 FF 61138 084600  780 225  377     5602564    -74          40     16   32 185  191  -38   61   18   61   18  24  0  0 L3P 05
G32 FF 61138 084600  780 690 1275       84610   -195           7     -2   12  10   79    3   53    8   53    8  11  0  0 L3P 77
G02 FF 61138 090200  780 347 2115     -744453    -99          18    -22   16  28  129  -22   43   27   43   27  13  0  0 L3P FB
G08 FF 61138 090200  780 508 2639    -4651963     68          15      3   18  58   95   -1   44    2   44    2  15  0  0 L3P AA
G10 FF 61138 090200  780 276 1396     5898328     47          22     54   24 110  158   21   78  -12   78  -12  19  0  0 L3P 16
G27 FF 61138 090200  780 568 3242      981494    163          48      8   15 179   88    7   43   11   43   11  14  0  0 L3P CC
G28 FF 61138 090200  780 272  439     5602471    -46          34     44   40 185  160  -26   77  -15   77  -15  38  0  0 L3P 1E
G32 FF 61138 090200  780 621 1385       84438   -177          21     17   13  10   83    6   49   -6   49   -6  11  0  0 L3P A8
G02 FF 61138 091800  780 413 2085     -744530    -84          16     -7   15  28  111  -16   53    1   53    1  12  0  0 L3P B3
G08 FF 61138 091800  780 507 2768    -4651914     58           2     -6   17  58   95    2   61   18   61   18  15  0  0 L3P C9
G10 FF 61138 091800  780 239 1331     5898335    -22          36    -15   17 110  180   25   98   53   98   53  13  0  0 L3P 13
G27 FF 61138 091800  780 500 3325      981638    149          44     -5   26 179   96   10   61   21   61   21  23  0  0 L3P DE
G28 FF 61138 091800  780 319  507     5602391    -52          40     38   33 185  139  -18   89  -21   89  -21  24  0  0 L3P 25
G31 FF 61138 091800  780 221  224     1567245    -27          28     -4   30 112  194  -45   98   16   98   16  25  0  0 L3P F8
G32 FF 61138 091800  780 548 1439       84262   -170          30     23   25  10   90    9   56   -4   56   -4  24  0  0 L3P A8
G02 FF 61138 093400  780 484 2059     -744604    -44          16     33   15  28   98  -12   63  -20   63  -20  13  0  0 L3P F3
G08 FF 61138 093400  780 487 2891    -4651839     27          15    -38   17  58   98    4   70   49   70   49  14  0  0 L3P 02
G10 FF 61138 093400  780 205 1265     5898314    -27          21    -20   23 110  208   32  150   70  150   70  18  0  0 L3P 11
G27 FF 61138 093400  780 430 3385      981797    181          53     27   30 179  108   15   78    4   78    4  28  0  0 L3P EE
G28 FF 61138 093400  780 363  584     5602308    -85          43      5   28 185  124  -13  100   15  100   15  23  0  0 L3P FC
G31 FF 61138 093400  780 276  276     1567215    -46          19    -23   25 112  158  -30  117   35  117   35  21  0  0 L3P 22
G32 FF 61138 093400  780 473 1463       84083   -177          37     16   23  10  100   12   72   11   72   11  21  0  0 L3P BC
G01 FF 61138 095000  780 251 2167    -3020613     70          35     -8   29  69  173  -40  102   17  102   17  29  0  0 L3P 02
G02 FF 61138 095000  780 559 2039     -744676    -67          18     10   14  28   89   -8   70    0   70    0  12  0  0 L3P AE
G08 FF 61138 095000  780 453 3001    -4651765     71          27      7   43  58  103    7   82   18   82   18  28  0  0 L3P D0
G27 FF 61138 095000  780 360 3434      981957    163          66      9   44 179  125   21   92   22   92   22  44  0  0 L3P F2
G28 FF 61138 095000  780 401  672     5602216    -80          38      9   21 185  114   -8  116    1  116    1  18  0  0 L3P C6
G31 FF 61138 095000  780 332  332     1567191     27          17     50   30 112  134  -21  128  -23  128  -23  25  0  0 L3P 0A
G32 FF 61138 095000  780 401 1468       83896   -192          35      1   19  10  114   17   96   24   96   24  16  0  0 L3P CD
G01 FF 61138 100600  780 312 2145    -3020562     41           8    -37   19  70  142  -27  125   32  125   32  16  0  0 L3P F0
G02 FF 61138 100600  780 639 2029     -744758    -69          17      8   10  29   82   -6   84    5   84    5   8  0  0 L3P 9B
G03 FF 61138 100600  780 186 2462    -5111594     63          37    -79   40  23  228  -32  128   85  128   85  32  0  0 L3P 2E
G08 FF 61138 100600  780 409 3094    -4651711     45          15    -20   20  60  112   11  107   31  107   31  15  0  0 L3P F0
G27 FF 61138 100600  780 292 3476      982104    181          64     26   21 185  150   32  125   16  125   16  15  0  0 L3P 09
G28 FF 61138 100600  780 430  771     5602141    -60          44     30   18 186  108   -5  117  -23  117  -23  17  0  0 L3P 0D
G31 FF 61138 100600  780 388  395     1567176     -2          29     21   15 113  117  -15  128  -10  128  -10  14  0  0 L3P 0F
G32 FF 61138 100600  780 331 1462       83713   -168          39     25   17  43  134   25  121    0  121    0  13  0  0 L3P B3
G01 FF 61138 102200  780 377 2129    -3020473     67          21    -12   19  70  120  -19  116   16  116   16  17  0  0 L3P 0A
G02 FF 61138 102200  780 722 2035     -744827    -96          22    -19   14  29   77   -4   87   19   87   19  13  0  0 L3P E9
G03 FF 61138 102200  780 213 2394    -5111465    146          29      4   20  23  201  -26  141   -4  141   -4  17  0  0 L3P E7
G04 FF 61138 102200  780 212 3088     -524231      0          63     16   47 103  203  -51  142  -22  142  -22  32  0  0 L3P EF
G08 FF 61138 102200  780 359 3173    -4651654     60          10     -5   19  60  125   16  132   29  132   29  13  0  0 L3P FA
G27 FF 61138 102200  780 228 3516      982253    195          64     40   21 185  189   50  174   21  174   21  14  0  0 L3P 12
G28 FF 61138 102200  780 446  880     5602047   -126          37    -36   21 186  105   -2  130   28  130   28  18  0  0 L3P 1B
G31 FF 61138 102200  780 443  470     1567150    -36          24    -13   13 113  105  -10  132    7  132    7  10  0  0 L3P D1
G32 FF 61138 102200  780 265 1446       83520   -161          31     32   22  43  164   38  166   17  166   17  20  0  0 L3P E7
G01 FF 61138 103800  780 446 2122    -3020403     73          16     -6   22  70  105  -14  117    1  117    1  18  0  0 L3P C3
G02 FF 61138 103800  780 806 2099     -744907    -84          17     -7   14  29   75   -2   98   12   98   12  12  0  0 L3P DB
G03 FF 61138 103800  780 242 2325    -5111316    101          42    -41   40  23  179  -21  130   31  130   31  36  0  0 L3P 03
G04 FF 61138 103800  780 265 3031     -524274    -29          35    -13   32 103  164  -31  159   16  159   16  23  0  0 L3P 24
G08 FF 61138 103800  780 306 3241    -4651579    110          22     46   21  60  144   23  154   -2  154   -2  19  0  0 L3P 00
G28 FF 61138 103800  780 447  991     5601956    -75          32     15   29 186  104    1  137   -2  137   -2  26  0  0 L3P FC
G31 FF 61138 103800  780 492  561     1567128    -26          24     -3   19 113   97   -7  131    7  131    7  17  0  0 L3P CB
G32 FF 61138 103800  780 203 1424       83352   -220          49    -27   41  43  211   61  191   85  191   85  32  0  0 L3P FA
G01 FF 61138 105400  780 518 2127    -3020327     90          17     12   14  70   94  -10  115   -7  115   -7  14  0  0 L3P DD
G02 FF 61138 105400  780 872 2782     -744990    -45           7     32   13  29   74    0  116  -19  116  -19  12  0  0 L3P EF
G03 FF 61138 105400  780 272 2257    -5111199    123          22    -19   38  23  160  -18  147   20  147   20  35  0  0 L3P 26
G04 FF 61138 105400  780 315 2964     -524291    -29          34    -13   25 103  141  -20  162   14  162   14  19  0  0 L3P 1A
G08 FF 61138 105400  780 253 3302    -4651510     39          30    -26   43  60  171   34  192   69  192   69  39  0  0 L3P 1E
G28 FF 61138 105400  780 432 1097     5601861   -104          23    -14   23 186  107    5  155   24  155   24  18  0  0 L3P 22
G31 FF 61138 105400  780 531  673     1567105    -35          23    -12   23 113   92   -4  134    6  134    6  20  0  0 L3P C2
G01 FF 61138 111000  780 592 2151    -3020259     69           9    -10   16  70   86   -7  122   15  122   15  15  0  0 L3P D5
G02 FF 61138 111000  780 808 3519     -745051   -123          21    -45   40  29   75    2  113   54  113   54  39  0  0 L3P EF
G03 FF 61138 111000  780 304 2189    -5111065    182          20     40   30  23  145  -15  148  -38  148  -38  27  0  0 L3P 2E
G04 FF 61138 111000  780 360 2887     -524300     30          40     46   26 103  125  -13  155  -36  155  -36  20  0  0 L3P 12
G08 FF 61138 111000  780 203 3358    -4651448     69          29      4   47  60  211   50  246   60  246   60  41  0  0 L3P F5
G28 FF 61138 111000  780 402 1190     5601770    -64          19     26   23 186  114    9  169    1  169    1  19  0  0 L3P E4
G31 FF 61138 111000  780 555  805     1567081    -23          21      0   17 113   89   -2  140   13  140   13  15  0  0 L3P BD
G01 FF 61138 112600  780 665 2210    -3020182     74          11     -4   14  70   80   -5  127   11  127   11  12  0  0 L3P C1
G02 FF 61138 112600  780 721 3595     -745132    -65          15     12   14  29   77    4  138    7  138    7  12  0  0 L3P BF
G03 FF 61138 112600  780 340 2121    -5110935    193          13     51   27  23  131  -13  160  -42  160  -42  25  0  0 L3P 19
G04 FF 61138 112600  780 400 2799     -524341    -24          15     -8   23 103  114   -9  177   15  177   15  20  0  0 L3P 00
G28 FF 61138 112600  780 360 1266     5601688    -90          23      0   29 186  125   14  191   38  191   38  26  0  0 L3P 18
G31 FF 61138 112600  780 560  947     1567048     -8           9     15   14 113   89    1  159   -9  159   -9  13  0  0 L3P CE
G01 FF 61138 114200  780 732 2344    -3020105     66          12    -12   14  70   77   -3  136   25  136   25  12  0  0 L3P DC
G02 FF 61138 114200  780 633   18     -745201    -95          20    -17   20  29   82    6  155   45  155   45  17  0  0 L3P C2
G03 FF 61138 114200  780 378 2051    -5110802    162          10     20   32  23  120  -11  168   -8  168   -8  28  0  0 L3P 01
G04 FF 61138 114200  780 433 2701     -524344    -31          26    -15   25 103  107   -6  171    8  171    8  19  0  0 L3P E5
G28 FF 61138 114200  780 310 1325     5601607   -103          28    -13   26 186  143   23  220   51  220   51  21  0  0 L3P 15
G31 FF 61138 114200  780 543 1080     1567023     -6           6     17   20 113   91    3  173   -3  173   -3  17  0  0 L3P B0
G01 FF 61138 115800  780 776 2630    -3020035     75           8     -3   16  70   75   -1  150   19  150   19  14  0  0 L3P CE
G02 FF 61138 115800  780 548   29     -745276   -109          19    -32   16  29   90   10  184   55  184   55  14  0  0 L3P FF
G03 FF 61138 115800  780 419 1980    -5110664    122          12    -20   18  23  110   -9  172   11  172   11  15  0  0 L3P 05
G04 FF 61138 115800  780 459 2595     -524363    -23          23     -7   17 103  102   -4  179   -4  179   -4  14  0  0 L3P 06
G09 FF 61138 115800  780 187 2806    -7613708     53           9     25   55  63  227  -42  302  -38  302  -38  52  0  0 L3P 33
G28 FF 61138 115800  780 254 1368     5601508    -42          16     47   22 186  171   37  274   10  274   10  17  0  0 L3P 22
G31 FF 61138 115800  780 509 1192     1567010    -56          15    -34   23 113   95    6  183   40  183   40  19  0  0 L3P 00
G01 FF 61138 121400  780 767 3017    -3019967     68           1    -10   15  71   76    1  169   30  169   30  13  0  0 L3P DF
G02 FF 61138 121400  780 466   37     -745357    -70          14      8   18  30  101   14  228   35  228   35  15  0  0 L3P C6
G03 FF 61138 121400  780 463 1905    -5110536    163           6     21   16  73  102   -8  181  -11  181  -11  15  0  0 L3P 01
G04 FF 61138 121400  780 477 2482     -524388    -14          15      2   17 105   99   -2  190   12  190   12  15  0  0 L3P E6
G09 FF 61138 121400  780 221 2736    -7613709   -265         -25   -293   33  64  194  -28  330  292  330  292  30  0  0 L3P 91
G26 FF 61138 121400  780 196  817     3511037    120          16     72   39  30  217  -21  406  -60  406  -60  32  0  0 L3P 13
G28 FF 61138 121400  780 196 1397     5601432   -144          25    -54   39 187  218   63  333  139  333  139  30  0  0 L3P 71
G31 FF 61138 121400  780 462 1277     1566992    -12          23     11   36 114  102    9  204   24  204   24  34  0  0 L3P F4
G01 FF 61138 123000  780 713 3259    -3019884     93           9     15   22  71   78    3  182   12  182   12  18  0  0 L3P D5
G02 FF 61138 123000  780 386   45     -745444    -75           1      3   21  30  118   21  286   59  286   59  16  0  0 L3P C2
G03 FF 61138 123000  780 510 1822    -5110399    158           7     16   14  73   95   -7  184   -2  184   -2  14  0  0 L3P E3
G04 FF 61138 123000  780 488 2365     -524406      4          12     20   17 105   98   -1  200   -6  200   -6  15  0  0 L3P BA
G09 FF 61138 123000  780 252 2662    -7613644    147          14    118   37  64  172  -19  290 -121  290 -121  37  0  0 L3P 7A
G26 FF 61138 123000  780 213  890     3511101     47          34      0   32  30  201  -12  382    0  382    0  28  0  0 L3P 96
G31 FF 61138 123000  780 406 1337     1566968    -22          21      1   26 114  113   14  234   24  234   24  25  0  0 L3P F1
G01 FF 61138 124600  780 640 3379    -3019813     33           5    -45   25  71   82    5  213   74  213   74  23  0  0 L3P DE
G02 FF 61138 124600  780 311   55     -745513    -15           6     62   30  30  142   31  351   26  351   26  24  0  0 L3P B2
G03 FF 61138 124600  780 557 1728    -5110269    174           1     32   11  73   89   -5  204  -23  204  -23  10  0  0 L3P FE
G04 FF 61138 124600  780 493 2248     -524416    -11          17      5   22 105   97    0  207    5  207    5  18  0  0 L3P B3
G09 FF 61138 124600  780 279 2585    -7613616     36          14      7   27  64  156  -14  291   -7  291   -7  22  0  0 L3P 15
G16 FF 61138 124600  780 195  641    -2411482    -12          20     60   48   9  218  -35  472  -82  472  -82  40  0  0 L3P 1E
G26 FF 61138 124600  780 222  965     3511141     35          29    -13   26  30  193   -5  391   22  391   22  22  0  0 L3P E7
G31 FF 61138 124600  780 347 1378     1566937    -35          11    -13   19 114  129   21  278   51  278   51  14  0  0 L3P 35
G01 FF 61138 130200  780 563 3444    -3019741     92           1     14   36  71   88    8  253   28  253   28  36  0  0 L3P D9
G02 FF 61138 130200  780 240   68     -745597   -110          -4    -33   34  30  180   50  467  167  467  167  29  0  0 L3P 26
G03 FF 61138 130200  780 604 1614    -5110127    135           6     -7   12  73   85   -4  211   24  211   24  10  0  0 L3P C4
G04 FF 61138 130200  780 492 2133     -524434     15          15     31   18 105   97    0  225   -3  225   -3  16  0  0 L3P C1
G09 FF 61138 130200  780 305 2505    -7613591     68          12     40   24  64  144  -11  299  -30  299  -30  21  0  0 L3P 2C
G16 FF 61138 130200  780 226  712    -2411562    -81           8     -9   37   9  190  -24  470   -5  470   -5  32  0  0 L3P DA
G26 FF 61138 130200  780 224 1040     3511206    -12          47    -60   34  30  192    2  377   69  377   69  36  0  0 L3P 00
G31 FF 61138 130200  780 285 1402     1566916    -65          12    -42   26 114  154   31  324   90  324   90  21  0  0 L3P 17
G01 FF 61138 131800  780 485 3487    -3019656     52          11    -26   40  71   98   12  290   75  290   75  36  0  0 L3P 19
G03 FF 61138 131800  780 646 1470    -5109993    149           4      7   11  73   81   -3  225    3  225    3   9  0  0 L3P B0
G04 FF 61138 131800  780 488 2020     -524446      4          18     20   17 105   98    1  241   -5  241   -5  14  0  0 L3P B9
G07 FF 61138 131800  780 243 3207     1706838     77           1     32   31   8  178  -45  432  -52  432  -52  24  0  0 L3P 04
G09 FF 61138 131800  780 329 2424    -7613557     27          18     -2   32  64  135   -9  298   11  298   11  28  0  0 L3P 16
G16 FF 61138 131800  780 253  786    -2411602   -148          37    -77   33   9  171  -16  427   70  427   70  30  0  0 L3P 2A
G26 FF 61138 131800  780 216 1114     3511226     63          22     15   27  30  198   11  424   14  424   14  21  0  0 L3P E1
G31 FF 61138 131800  780 224 1414     1566906    -75          25    -53   36 114  193   51  371  116  371  116  29  0  0 L3P 50
G01 FF 61138 133400  780 410 3520    -3019594     86          -2      8   17  71  112   17  361   65  361   65  13  0  0 L3P EA
G03 FF 61138 133400  780 676 1283    -5109867    141          -7     -1   16  73   80   -1  244    7  244    7  13  0  0 L3P D9
G04 FF 61138 133400  780 481 1911     -524468     -6          12     10   22 105   99    1  260    3  260    3  18  0  0 L3P A9
G07 FF 61138 133400  780 305 3164     1706885     70           4     25   23   8  145  -28  399  -46  399  -46  18  0  0 L3P 20
G09 FF 61138 133400  780 352 2341    -7613531     43          18     15   30  64  127   -7  309   -1  309   -1  26  0  0 L3P F0
G16 FF 61138 133400  780 274  865    -2411711    -57          -4     15   27   9  159   -9  454  -18  454  -18  22  0  0 L3P 15
G26 FF 61138 133400  780 200 1183     3511260     75          10     27   32  30  214   22  460    5  460    5  26  0  0 L3P B7
G01 FF 61138 135000  780 337 3547    -3019506     71          10     -7   16  71  132   26  432  116  432  116  15  0  0 L3P 15
G03 FF 61138 135000  780 686 1060    -5109732    132          -8    -10   11  73   79    0  256   30  256   30  10  0  0 L3P E9
G04 FF 61138 135000  780 472 1806     -524488     -4           6     11   22 105  100    2  283    8  283    8  18  0  0 L3P B2
G06 FF 61138 135000  780 208 2307     6113454     54          32     68   32  19  206  -37  399  -41  399  -41  29  0  0 L3P 34
G07 FF 61138 135000  780 367 3110     1706929     62           4     17   22   8  123  -18  379  -27  379  -27  16  0  0 L3P 10
G09 FF 61138 135000  780 374 2257    -7613498     20          23     -9   20  64  121   -6  316   14  316   14  16  0  0 L3P FC
G16 FF 61138 135000  780 286  947    -2411746    -12          30     60   40   9  153   -4  421  -36  421  -36  34  0  0 L3P FF
G01 FF 61138 140600  780 268 3574    -3019413     67          25    -11   23  72  163   39  530  148  530  148  17  0  0 L3P 3E
G03 FF 61138 140600  780 670  839    -5109596    154          -5     12   16  89   80    2  281   13  281   13  14  0  0 L3P E7
G04 FF 61138 140600  780 462 1703     -524497      3          10     19   22 106  102    2  299    7  299    7  19  0  0 L3P C4
G06 FF 61138 140600  780 241 2374     6113438      2          33     16   34  20  179  -21  413   -5  413   -5  27  0  0 L3P DC
G07 FF 61138 140600  780 426 3041     1706962     38          -9     -7   32   9  109  -12  369  -21  369  -21  19  0  0 L3P 14
G09 FF 61138 140600  780 396 2171    -7613470     16          24    -12   28  65  115   -6  324    9  324    9  26  0  0 L3P F6
G16 FF 61138 140600  780 289 1030    -2411816   -174          26   -102   27  36  152    1  431  108  431  108  22  0  0 L3P 43
G01 FF 61138 142200  780 202    1    -3019348     87          15      9   23  72  211   64  697  188  697  188  19  0  0 L3P FE
G03 FF 61138 142200  780 631  658    -5109465    144         -11      2   15  89   83    4  303   12  303   12  14  0  0 L3P CF
G04 FF 61138 142200  780 452 1602     -524508     22          15     38   26 106  103    2  313  -13  313  -13  23  0  0 L3P E9
G06 FF 61138 142200  780 264 2450     6113416    -16          23     -3   27  20  165  -11  432   29  432   29  22  0  0 L3P FB
G07 FF 61138 142200  780 481 2955     1707011     45          -3      0   13   9   99   -8  345  -15  345  -15  10  0  0 L3P D3
G09 FF 61138 142200  780 418 2084    -7613452     78          14     50   25  65  110   -5  338  -36  338  -36  23  0  0 L3P 26
G16 FF 61138 142200  780 281 1110    -2411893    -80          17     -8   44  36  155    7  447   28  447   28  41  0  0 L3P 07
G03 FF 61138 143800  780 575  526    -5109325    129          -7    -13   14  89   87    6  317   29  317   29  13  0  0 L3P 07
G04 FF 61138 143800  780 441 1503     -524530    -38           7    -22   24 106  105    2  329   11  329   11  21  0  0 L3P E2
G06 FF 61138 143800  780 276 2532     6113408     -2          29     11   27  20  158   -3  447   -3  447   -3  20  0  0 L3P E1
G07 FF 61138 143800  780 529 2848     1707052     43          -7     -2   12   9   92   -6  332  -18  332  -18  10  0  0 L3P E8
G09 FF 61138 143800  780 441 1994    -7613428     31          11      3   21  65  106   -5  336  -15  336  -15  18  0  0 L3P 10
G16 FF 61138 143800  780 263 1185    -2411964    -39          15     33   25  36  165   14  472  -14  472  -14  21  0  0 L3P 34
G30 FF 61138 143800  780 206 3015    -1804822   -161           2    -28   26  13  208  -49  626  -60  626  -60  20  0  0 L3P 40
G03 FF 61138 145400  780 511  432    -5109202    130         -20    -12   16  89   95    9  353   46  353   46  14  0  0 L3P F6
G04 FF 61138 145400  780 429 1405     -524565    -34         -12    -18   15 106  108    3  353   25  353   25  12  0  0 L3P 11
G06 FF 61138 145400  780 277 2618     6113386    -48          20    -34   23  20  158    3  475   60  475   60  19  0  0 L3P 12
G07 FF 61138 145400  780 567 2718     1707112     61          10     15   13   9   88   -3  307  -20  307  -20  11  0  0 L3P DF
G09 FF 61138 145400  780 464 1901    -7613400      8          11    -20   16  65  101   -4  329   14  329   14  15  0  0 L3P F0
G16 FF 61138 145400  780 235 1252    -2412027   -144          21    -73   29  36  184   25  489   96  489   96  22  0  0 L3P 50
G30 FF 61138 145400  780 255 2955    -1804956   -106          -3     27   15  13  170  -30  559  -92  559  -92  13  0  0 L3P 5D
G03 FF 61138 151000  780 441  364    -5109081    126         -36    -16   21  89  106   14  403   65  403   65  17  0  0 L3P 18
G04 FF 61138 151000  780 416 1308     -524562    -22           6     -6   22 106  111    3  343   16  343   16  17  0  0 L3P D0
G06 FF 61138 151000  780 266 2703     6113340     10         -13     24   21  20  163    9  545   31  545   31  20  0  0 L3P D3
G07 FF 61138 151000  780 592 2566     1707142     16          -3    -29   21   9   86   -2  303   21  303   21  15  0  0 L3P CB
G09 FF 61138 151000  780 488 1802    -7613375    -14           9    -42   19  65   98   -4  320   27  320   27  14  0  0 L3P 06
G16 FF 61138 151000  780 199 1309    -2412104    -85          12    -13   33  36  215   42  532   66  532   66  23  0  0 L3P 19
G30 FF 61138 151000  780 300 2887    -1805079   -118           1     15   12  13  147  -20  493  -64  493  -64  12  0  0 L3P 36
G03 FF 61138 152600  780 370  315    -5108938    139         -29     -3   19  89  122   21  466   91  466   91  15  0  0 L3P 29
G04 FF 61138 152600  780 401 1213     -524610    -52         -27    -36   19 106  114    4  386   55  386   55  14  0  0 L3P 17
G06 FF 61138 152600  780 247 2786     6113368    -16          28     -2   32  20  175   16  554   49  554   49  29  0  0 L3P 21
G07 FF 61138 152600  780 601 2400     1707176     23         -13    -23   15   9   85    0  308   17  308   17  14  0  0 L3P D2
G09 FF 61138 152600  780 511 1698    -7613351     38           6     10   18  65   94   -3  321  -17  321  -17  15  0  0 L3P 00
G30 FF 61138 152600  780 342 2810    -1805214   -118          -6     15   21  13  131  -14  453  -50  453  -50  17  0  0 L3P 2D
G03 FF 61138 154200  780 298  280    -5108800    158         -27     16   23  89  148   33  573  122  573  122  20  0  0 L3P 41
G04 FF 61138 154200  780 383 1119     -524609    -49         -10    -33   23 106  118    5  398   45  398   45  19  0  0 L3P 2F
G06 FF 61138 154200  780 220 2864     6113344    -16          17     -2   37  20  195   25  623   77  623   77  33  0  0 L3P 09
G07 FF 61138 154200  780 595 2236     1707217     40         -16     -6   13   9   85    1  312    5  312    5  12  0  0 L3P 9F
G09 FF 61138 154200  780 532 1584    -7613321     57           9     28   14  65   92   -2  319  -27  319  -27  12  0  0 L3P 0B
G30 FF 61138 154200  780 378 2726    -1805343    -50          -8     83   19  13  120  -10  426  -96  426  -96  17  0  0 L3P 44
G03 FF 61138 155800  780 227  256    -5108652    215         -17     73   26  89  190   57  738  155  738  155  21  0  0 L3P 5D
G04 FF 61138 155800  780 361 1028     -524631    -33         -17    -17   18 106  124    7  437   68  437   68  18  0  0 L3P 2E
G06 FF 61138 155800  780 188 2937     6113335    -17          21     -4   27  20  226   39  702  105  702  105  21  0  0 L3P 24
G07 FF 61138 155800  780 577 2084     1707268     51          -8      5   11   9   87    2  309    2  309    2  10  0  0 L3P 97
G09 FF 61138 155800  780 549 1461    -7613297     40           5     11   11  65   90   -2  326   -1  326   -1  10  0  0 L3P D1
G14 FF 61138 155800  780 252 3392    -7425228    -67         -18    -54   27  88  172  -46  683  -96  683  -96  24  0  0 L3P 91
G30 FF 61138 155800  780 410 2633    -1805475   -165         -12    -32   11  13  112   -7  403   11  403   11  10  0  0 L3P 14
G04 FF 61138 161400  780 336  940     -524639    -66          -8    -50   25 107  133   10  472   87  472   87  21  0  0 L3P 19
G07 FF 61138 161400  780 551 1949     1707306     66         -17     21   16  14   90    3  330   -6  330   -6  14  0  0 L3P D4
G09 FF 61138 161400  780 560 1329    -7613268     13           3    -15   13  66   89   -1  337   28  337   28  12  0  0 L3P FB
G14 FF 61138 161400  780 324 3381    -7425238     -1         -10     13   38  89  137  -29  573 -115  573 -115  36  0  0 L3P 67
G30 FF 61138 161400  780 436 2534    -1805593   -143          -5    -10   16  14  107   -5  381  -12  381  -12  13  0  0 L3P 31
G04 FF 61138 163000  780 306  857     -524637      1           9     17   30 107  144   14  506   52  506   52  27  0  0 L3P CF
G07 FF 61138 163000  780 519 1830     1707356     23         -11    -23   18  14   93    4  335   30  335   30  17  0  0 L3P E5
G09 FF 61138 163000  780 562 1189    -7613235     26           8     -3   12  66   88    0  345   17  345   17   9  0  0 L3P CF
G14 FF 61138 163000  780 398 3361    -7425249    -12          -8      2   24  89  115  -19  503  -57  503  -57  22  0  0 L3P 34
G21 FF 61138 163000  780 234 2235    -4136154    -19           8     -4   40  88  185  -43  497  -29  497  -29  36  0  0 L3P 42
G22 FF 61138 163000  780 230 3357      217845    -72           3    -13   41  22  188  -53  766 -125  766 -125  38  0  0 L3P 48
G30 FF 61138 163000  780 456 2429    -1805719   -114          -3     19   17  14  103   -3  375  -25  375  -25  15  0  0 L3P 37
G04 FF 61138 164600  780 273  780     -524680     72         -18     88   37 107  160   20  592   14  592   14  30  0  0 L3P 11
G07 FF 61138 164600  780 485 1724     1707397     59         -14     13   15  14   98    5  356   14  356   14  13  0  0 L3P FC
G08 FF 61138 164600  780 178 1023    -4650160    111           7     46   34   5  238   -4  665  -57  665  -57  31  0  0 L3P 1C
G09 FF 61138 164600  780 553 1049    -7613210     31           5      3   19  66   89    2  361   15  361   15  19  0  0 L3P C9
G14 FF 61138 164600  780 474 3331    -7425250    -54           4    -40   43  89  100  -13  446    2  446    2  40  0  0 L3P F2
G21 FF 61138 164600  780 287 2280    -4136171    -25           6    -10   26  88  153  -26  475   -2  475   -2  24  0  0 L3P 1B
G22 FF 61138 164600  780 297 3339      217789    -48           4     12   24  22  148  -32  655 -100  655 -100  21  0  0 L3P 37
G30 FF 61138 164600  780 472 2321    -1805848   -143          -5    -10   18  14  100   -2  369    9  369    9  16  0  0 L3P 0C
G04 FF 61138 170200  780 235  708     -524704     31         -27     47   39 107  184   30  691   57  691   57  32  0  0 L3P 14
G07 FF 61138 170200  780 451 1628     1707446     33          -9    -12   17  14  104    6  368   32  368   32  15  0  0 L3P F3
G08 FF 61138 170200  780 177 1094    -4650094     79          11     14   31   5  239    7  643  -26  643  -26  27  0  0 L3P 0E
G09 FF 61138 170200  780 533  916    -7613181     22           7     -6   17  66   92    3  384   31  384   31  15  0  0 L3P C6
G14 FF 61138 170200  780 550 3286    -7425272    -20          -4     -6   16  89   90   -9  420  -25  420  -25  14  0  0 L3P 0D
G21 FF 61138 170200  780 335 2340    -4136184     -6           7      9   23  88  133  -16  462  -20  462  -20  23  0  0 L3P FB
G22 FF 61138 170200  780 367 3312      217730    -91           2    -32   33  22  123  -21  571  -44  571  -44  34  0  0 L3P 05
G30 FF 61138 170200  780 482 2210    -1805985   -155         -14    -22   14  14   99   -1  372   14  372   14  13  0  0 L3P 20
G04 FF 61138 171800  780 193  643     -524703    -96         -11    -80   49 107  221   49  774  173  774  173  39  0  0 L3P 62
G07 FF 61138 171800  780 418 1538     1707476     59         -22     14   20  14  110    7  401    8  401    8  17  0  0 L3P D0
G09 FF 61138 171800  780 502  795    -7613163     33          -2      5   17  66   96    5  418   29  418   29  14  0  0 L3P D9
G14 FF 61138 171800  780 626 3216    -7425292    -23         -12     -9   15  89   83   -6  395  -17  395  -17  12  0  0 L3P 3C
G21 FF 61138 171800  780 374 2415    -4136207     10          -2     25   24  88  121  -10  458  -28  458  -28  19  0  0 L3P 2F
G22 FF 61138 171800  780 437 3273      217663    -79          -9    -20   16  22  106  -14  519  -32  519  -32  13  0  0 L3P 2B
G30 FF 61138 171800  780 489 2099    -1806113   -135         -15     -2   19  14   97   -1  366   -3  366   -3  17  0  0 L3P 1D
G05 FF 61138 173400  780 188 2295     2314771     44          26     38   27  76  226  -44  590  -49  590  -49  22  0  0 L3P 48
G07 FF 61138 173400  780 386 1453     1707521     81         -20     36   13  14  118    8  425   -3  425   -3  12  0  0 L3P E4
G09 FF 61138 173400  780 460  691    -7613133      3           1    -25   23  66  102    8  460   87  460   87  19  0  0 L3P DB
G14 FF 61138 173400  780 697 3100    -7425307      8         -14     22   13  89   78   -4  382  -37  382  -37  10  0  0 L3P 17
G21 FF 61138 173400  780 401 2504    -4136218     -7           1      8   15  88  114   -5  461    5  461    5  12  0  0 L3P AA
G22 FF 61138 173400  780 506 3219      217603    -57         -12      2   11  22   95  -10  481  -33  481  -33   9  0  0 L3P EA
G30 FF 61138 173400  780 492 1988    -1806247   -152         -21    -19   17  14   97    0  372   17  372   17  13  0  0 L3P 2D
G05 FF 61138 175000  780 221 2358     2314771     -5          21    -11   35  76  194  -25  582   13  582   13  27  0  0 L3P 10
G07 FF 61138 175000  780 356 1371     1707582     17          -3    -29   20  14  126   10  432   39  432   39  16  0  0 L3P 02
G09 FF 61138 175000  780 412  603    -7613097     51           9     23   23  66  112   12  514   49  514   49  22  0  0 L3P E6
G14 FF 61138 175000  780 756 2888    -7425319    -16         -12     -2   16  89   76   -2  371  -10  371  -10  12  0  0 L3P 2A
G17 FF 61138 175000  780 229  134     1080461    118          14     26   37  77  188  -46  994 -164  994 -164  31  0  0 L3P 69
G21 FF 61138 175000  780 415 2605    -4136228    -55           6    -40   24  88  111   -1  473   53  473   53  22  0  0 L3P 07
G22 FF 61138 175000  780 574 3143      217553    -90          -5    -31   15  22   87   -7  445   -3  445   -3  12  0  0 L3P DA
G30 FF 61138 175000  780 493 1878    -1806372   -138         -18     -5   11  14   97    0  370    3  370    3  10  0  0 L3P E7
G05 FF 61138 180600  780 246 2429     2314761    -23          10    -28   33  77  176  -13  606   50  606   50  26  0  0 L3P 24
G07 FF 61138 180600  780 326 1291     1707619     41         -13     -4   21  16  136   11  453   11  453   11  17  0  0 L3P F2
G09 FF 61138 180600  780 358  530    -7613079      6          -4    -23   20  69  126   18  602  111  602  111  15  0  0 L3P 0A
G14 FF 61138 180600  780 782 2526    -7425327    -10          -3      3   16  90   75    0  360    6  360    6  13  0  0 L3P B2
G17 FF 61138 180600  780 288  174     1080525     50          -8    -42   38  78  152  -30  865 -127  865 -127  35  0  0 L3P 59
G21 FF 61138 180600  780 414 2710    -4136243     -6           6      8   21  89  111    2  512   45  512   45  19  0  0 L3P C3
G22 FF 61138 180600  780 636 3032      217498    -48          -2     11   11  23   82   -4  415  -39  415  -39   9  0  0 L3P E8
G30 FF 61138 180600  780 492 1768    -1806492   -119         -14     14   15  15   97    0  371   -2  371   -2  13  0  0 L3P 09
G05 FF 61138 182200  780 259 2507     2314787     10          30      4   26  77  167   -5  618   27  618   27  23  0  0 L3P F7
G07 FF 61138 182200  780 298 1214     1707658     19         -17    -27   24  16  147   13  472   32  472   32  18  0  0 L3P 24
G09 FF 61138 182200  780 300  471    -7613044     62           3     34   31  69  147   27  713  122  713  122  24  0  0 L3P FF
G13 FF 61138 182200  780 219 2163    -6803597    -31           2    -47   35 178  196  -51  560  -17  560  -17  28  0  0 L3P 60
G14 FF 61138 182200  780 758 2162    -7425346      3          -9     16   11  90   76    1  363  -16  363  -16   9  0  0 L3P E3
G17 FF 61138 182200  780 350  218     1080617     79          -5    -13   34  78  128  -21  725 -109  725 -109  31  0  0 L3P 45
G21 FF 61138 182200  780 398 2812    -4136256     -7           7      8   17  89  115    5  568   62  568   62  15  0  0 L3P F1
G22 FF 61138 182200  780 686 2867      217435    -45          -8     14   16  23   79   -2  399  -29  399  -29  13  0  0 L3P 1F
G30 FF 61138 182200  780 489 1659    -1806630   -144         -24    -11   15  15   97    1  379   14  379   14  14  0  0 L3P 2D
G05 FF 61138 183800  780 262 2590     2314785     14          22      8   32  77  166    1  668   43  668   43  28  0  0 L3P F7
G07 FF 61138 183800  780 270 1138     1707717     50          -2      4   26  16  161   16  475    8  475    8  21  0  0 L3P CC
G09 FF 61138 183800  780 239  423    -7612993     38          27      9   27  69  181   45  858  199  858  199  21  0  0 L3P 55
G13 FF 61138 183800  780 280 2145    -6803571    -48          12    -63   27 178  156  -33  502    8  502    8  22  0  0 L3P 29
G14 FF 61138 183800  780 706 1944    -7425355    -29          -5    -15   18  90   78    3  362   15  362   15  15  0  0 L3P 11
G17 FF 61138 183800  780 414  268     1080705     71          -6    -21   17  78  111  -15  621  -88  621  -88  14  0  0 L3P 27
G19 FF 61138 183800  780 229   20    -6964454     -7          41      5   21  86  189  -53 1006  -54 1006  -54  17  0  0 L3P 2C
G20 FF 61138 183800  780 234 2175     -976503   -141          36     58   32 156  185  -49  554  -94  554  -94  27  0  0 L3P 78
G21 FF 61138 183800  780 371 2907    -4136271    -21           6     -6   21  89  122    9  645   93  645   93  18  0  0 L3P 07
G22 FF 61138 183800  780 716 2637      217383    -60          -3     -1   16  23   78   -1  383   -5  383   -5  13  0  0 L3P D2
G30 FF 61138 183800  780 485 1551    -1806745   -200         -11    -67   16  15   98    1  370   66  370   66  15  0  0 L3P 2D
G05 FF 61138 185400  780 255 2673     2314824     43          56     37   22  77  170    8  693   40  693   40  21  0  0 L3P FE
G07 FF 61138 185400  780 242 1064     1707765    107           2     62   39  16  178   20  477  -33  477  -33  31  0  0 L3P 26
G13 FF 61138 185400  780 344 2135    -6803564     15           4      0   18 178  130  -23  463  -49  463  -49  15  0  0 L3P 2A
G14 FF 61138 185400  780 644 1814    -7425366      2          -3     15   15  90   82    4  351  -21  351  -21  14  0  0 L3P E1
G17 FF 61138 185400  780 479  330     1080803    118           4     26   15  78   99  -10  535  -98  535  -98  14  0  0 L3P 22
G19 FF 61138 185400  780 296   49    -6964477    -39          29    -28   22  86  149  -33  915 -109  915 -109  18  0  0 L3P 89
G20 FF 61138 185400  780 298 2179     -976695   -207          36     -8   33 156  148  -30  499  -45  499  -45  27  0  0 L3P 89
G21 FF 61138 185400  780 335 2992    -4136286    -23           5     -8   23  89  133   14  749  122  749  122  17  0  0 L3P 3D
G22 FF 61138 185400  780 717 2372      217328    -28          -1     31   18  23   77    1  365  -43  365  -43  15  0  0 L3P EE
G30 FF 61138 185400  780 478 1444    -1806860   -151           1    -18   28  15   99    1  349    2  349    2  26  0  0 L3P ED
G05 FF 61138 191000  780 238 2754     2314838   -176          64   -182   39  77  181   15  788  309  788  309  38  0  0 L3P 98
G07 FF 61138 191000  780 214  992     1707826     60          19     15   32  16  200   26  479   17  479   17  29  0  0 L3P FF
G13 FF 61138 191000  780 412 2135    -6803539      1          14    -15   21 178  112  -16  412  -23  412  -23  19  0  0 L3P 24
G14 FF 61138 191000  780 581 1723    -7425376     16           0     30   26  90   87    6  344  -23  344  -23  23  0  0 L3P ED
G17 FF 61138 191000  780 541  411     1080889    107           1     15   12  78   91   -7  477  -72  477  -72  11  0  0 L3P FA
G19 FF 61138 191000  780 368   80    -6964484     -2          34     10   21  86  123  -22  765 -158  765 -158  15  0  0 L3P 47
G20 FF 61138 191000  780 364 2196     -976887   -211          35    -12   23 156  124  -20  457  -32  457  -32  20  0  0 L3P 60
G21 FF 61138 191000  780 293 3068    -4136290      2          15     17   44  89  150   21  862  102  862  102  32  0  0 L3P 14
G22 FF 61138 191000  780 689 2144      217268    -89          -4    -30   16  23   79    2  356   18  356   18  12  0  0 L3P ED
G30 FF 61138 191000  780 468 1337    -1807003   -100         -14     33   25  15  101    2  355  -38  355  -38  23  0  0 L3P 28
G05 FF 61138 192600  780 214 2831     2314809    -34          30    -40   34  77  200   24  950  172  950  172  28  0  0 L3P 3A
G07 FF 61138 192600  780 185  922     1707855     19           5    -26   33  16  230   36  514   44  514   44  27  0  0 L3P F5
G13 FF 61138 192600  780 481 2148    -6803523      3          15    -12   19 178   99  -11  383  -27  383  -27  17  0  0 L3P 42
G14 FF 61138 192600  780 520 1651    -7425392    -16          -3     -2   21  90   93    8  338  -10  338  -10  18  0  0 L3P 00
G15 FF 61138 192600  780 195 2220    -4013810     10          38     43   42  95  219  -61  556  -99  556  -99  39  0  0 L3P 50
G17 FF 61138 192600  780 596  522     1080970     89          -6     -3   18  78   85   -4  427  -45  427  -45  16  0  0 L3P 0B
G19 FF 61138 192600  780 443  114    -6964498    -12          30     -1   32  86  105  -15  631 -141  631 -141  30  0  0 L3P 46
G20 FF 61138 192600  780 430 2228     -977088   -194          24      5   17 156  108  -14  431  -41  431  -41  14  0  0 L3P 3F
G21 FF 61138 192600  780 249 3137    -4136304     -8          15      7   33  89  174   30  944   42  944   42  25  0  0 L3P 05
G22 FF 61138 192600  780 645 1975      217220    -63           5     -4   13  23   81    3  332  -18  332  -18  11  0  0 L3P CC
G30 FF 61138 192600  780 454 1232    -1807149   -108         -32     25   18  15  103    3  368  -37  368  -37  15  0  0 L3P 44
G05 FF 61138 194200  780 185 2904     2314814     40          29     35   37  77  229   38 1058   47 1058   47  29  0  0 L3P 41
G13 FF 61138 194200  780 552 2181    -6803509      0          14    -16   14 178   90   -8  352  -17  352  -17  13  0  0 L3P 1A
G14 FF 61138 194200  780 462 1588    -7425399    -11           4      3   26  90  102   10  325  -11  325  -11  24  0  0 L3P 02
G15 FF 61138 194200  780 248 2251    -4013853    -24          27      9   38  95  174  -35  503  -76  503  -76  32  0  0 L3P 3F
G17 FF 61138 194200  780 637  676     1081066     87           3     -5   14  78   82   -2  368  -45  368  -45  13  0  0 L3P F8
G19 FF 61138 194200  780 520  156    -6964507    -14          32     -2   18  86   93  -10  517 -104  517 -104  16  0  0 L3P 3F
G20 FF 61138 194200  780 494 2282     -977272   -199          32      0   22 156   97   -9  395  -24  395  -24  19  0  0 L3P 41
G21 FF 61138 194200  780 205 3199    -4136319      3          14     18   27  89  208   43  973   -9  973   -9  20  0  0 L3P 0C
G22 FF 61138 194200  780 594 1851      217153    -38          -6     21   11  23   85    5  324  -41  324  -41  12  0  0 L3P DC
G30 FF 61138 194200  780 437 1130    -1807247   -155          -2    -22   21  15  106    4  340   30  340   30  19  0  0 L3P FE
G13 FF 61138 195800  780 621 2248    -6803493     28          14     12   16 178   83   -5  333  -29  333  -29  15  0  0 L3P 34
G14 FF 61138 195800  780 408 1529    -7425412    -46           4    -33   20  90  112   12  316   10  316   10  17  0  0 L3P 01
G15 FF 61138 195800  780 299 2295    -4013888    -22          24     11   20  95  147  -22  453  -61  453  -61  19  0  0 L3P 54
G17 FF 61138 195800  780 653  866     1081152     88          -1     -4   17  78   81    0  330  -38  330  -38  16  0  0 L3P E9
G19 FF 61138 195800  780 598  217    -6964520     -2          30     10   20  86   85   -7  430  -82  430  -82  16  0  0 L3P 09
G20 FF 61138 195800  780 550 2366     -977465   -199          30     -1   21 156   90   -6  380  -15  380  -15  19  0  0 L3P 3D
G22 FF 61138 195800  780 541 1753      217110    -85           7    -26   20  23   91    6  297   -2  297   -2  18  0  0 L3P CD
G30 FF 61138 195800  780 415 1032    -1807384   -122         -12     11   28  15  111    5  354   -8  354   -8  25  0  0 L3P 0F
G13 FF 61138 201400  780 683 2373    -6803473     13          22     -3   16 180   79   -3  319   -3  319   -3  14  0  0 L3P F2
G14 FF 61138 201400  780 357 1472    -7425425    -37           3    -24   20  91  126   15  296    9  296    9  17  0  0 L3P FB
G15 FF 61138 201400  780 344 2353    -4013915    -38          29     -5   27  96  130  -14  412  -20  412  -20  25  0  0 L3P 23
G17 FF 61138 201400  780 638 1056     1081246     93           7      1   15  79   82    2  292  -33  292  -33  12  0  0 L3P CF
G19 FF 61138 201400  780 672  317    -6964525    -28          38    -16   15 106   80   -4  361  -48  361  -48  13  0  0 L3P 37
G20 FF 61138 201400  780 594 2488     -977650   -212          32    -13   13 157   85   -3  367    6  367    6  11  0  0 L3P 08
G22 FF 61138 201400  780 488 1670      217046    -71           3    -12   17  24   98    8  283  -10  283  -10  15  0  0 L3P E0
G30 FF 61138 201400  780 389  939    -1807500   -125          -3      8   20  16  117    8  341    1  341    1  18  0  0 L3P BB
G13 FF 61138 203000  780 723 2590    -6803474     10          10     -6   15   2   77   -1  315   -7  315   -7  14  0  0 L3P BE
G14 FF 61138 203000  780 310 1415    -7425432      6           9     20   22  91  142   19  267  -54  267  -54  19  0  0 L3P F9
G15 FF 61138 203000  780 381 2427    -4013953    -54          23    -21   25  96  119   -9  390  -10  390  -10  22  0  0 L3P 2A
G17 FF 61138 203000  780 598 1205     1081328     93           1      0   13  79   85    4  268  -36  268  -36  12  0  0 L3P D7
G19 FF 61138 203000  780 734  502    -6964533      3          40     14   27 106   77   -2  307  -56  307  -56  18  0  0 L3P FF
G20 FF 61138 203000  780 618 2647     -977829   -247          45    -48   42 157   83   -1  354   26  354   26  27  0  0 L3P 3D
G22 FF 61138 203000  780 437 1595      216999    -75          13    -16   29  24  106   10  251  -16  251  -16  26  0  0 L3P 1D
G30 FF 61138 203000  780 357  852    -1807631   -171          -6    -38   26  16  126   11  352   42  352   42  22  0  0 L3P 10
G06 FF 61138 204600  780 203  400     6113089    -37          14    -22   39  36  211  -46  831 -227  831 -227  34  0  0 L3P 47
G13 FF 61138 204600  780 725 2873    -6803462     14           6     -2   16   2   77    1  308  -11  308  -11  13  0  0 L3P CA
G14 FF 61138 204600  780 267 1358    -7425468    -21         -14     -8   24  91  163   24  258  -22  258  -22  19  0  0 L3P 47
G15 FF 61138 204600  780 407 2514    -4013992    -34          15     -1   23  96  113   -5  376  -14  376  -14  19  0  0 L3P 27
G17 FF 61138 204600  780 541 1306     1081404     85         -12     -7   21  79   91    7  243  -28  243  -28  19  0  0 L3P FD
G19 FF 61138 204600  780 762  820    -6964569    -31          16    -20   21 106   76    0  270  -40  270  -40  14  0  0 L3P 14
G20 FF 61138 204600  780 615 2822     -978035   -231          30    -32   14 157   84    1  358   27  358   27  11  0  0 L3P 14
G22 FF 61138 204600  780 390 1525      216934    -72           5    -13   22  24  117   12  229  -22  229  -22  19  0  0 L3P FE
G30 FF 61138 204600  780 321  772    -1807752   -120           0     13   33  16  138   15  351    7  351    7  29  0  0 L3P D2
G06 FF 61138 210200  780 249  461     6113073     -5          13     10   45  36  174  -31  628 -207  628 -207  34  0  0 L3P 27
G13 FF 61138 210200  780 686 3107    -6803454    -10           0    -26   14   2   79    3  317   35  317   35  12  0  0 L3P CD
G14 FF 61138 210200  780 227 1301    -7425466     -4           1      9   35  91  190   31  201  -63  201  -63  26  0  0 L3P E2
G15 FF 61138 210200  780 420 2612    -4014027    -16          11     17   36  96  110   -1  374  -18  374  -18  31  0  0 L3P 11
G17 FF 61138 210200  780 476 1369     1081492     93         -12      1   27  79  100   11  207  -39  207  -39  26  0  0 L3P 13
G19 FF 61138 210200  780 737 1139    -6964600     16          -5     27   14 106   77    2  240  -57  240  -57  11  0  0 L3P 0C
G20 FF 61138 210200  780 587 2979     -978232   -178          23     21   11 157   86    4  373    3  373    3   9  0  0 L3P E5
G22 FF 61138 210200  780 345 1458      216862    -83         -10    -24   16  24  130   15  208  -23  208  -23  14  0  0 L3P 11
G24 FF 61138 210200  780 228 2195      449878   -107           5     68   33  61  189  -44  286 -130  286 -130  28  0  0 L3P 5C
G30 FF 61138 210200  780 281  700    -1807881    -68          -2     65   25  16  156   22  379  -25  379  -25  22  0  0 L3P 21
G06 FF 61138 211800  780 295  528     6113061    -10          14      4   36  36  149  -21  459 -148  459 -148  28  0  0 L3P 40
G12 FF 61138 211800  780 204 2624     6079919    -33          -6    -33   30  14  209  -29  631 -162  631 -162  25  0  0 L3P 5B
G13 FF 61138 211800  780 624 3252    -6803440     -6          -2    -22   11   2   83    5  337   45  337   45  10  0  0 L3P C6
G14 FF 61138 211800  780 190 1242    -7425506    -52         -25    -39   23  91  224   42  191    9  191    9  17  0  0 L3P 10
G15 FF 61138 211800  780 419 2715    -4014058    -32          12      1   30  96  110    2  381   10  381   10  25  0  0 L3P D3
G17 FF 61138 211800  780 408 1406     1081587     93          -6      1   24  79  112   16  171  -27  171  -27  21  0  0 L3P FF
G19 FF 61138 211800  780 679 1321    -6964596      9          11     20   15 106   79    4  194  -49  194  -49  14  0  0 L3P 24
G20 FF 61138 211800  780 540 3104     -978419   -195          28      4   13 157   91    6  397   31  397   31  10  0  0 L3P 00
G22 FF 61138 211800  780 303 1392      216824    -45           9     15   19  24  145   18  163  -36  163  -36  15  0  0 L3P FE
G24 FF 61138 211800  780 285 2173      449706   -231           1    -56   29  61  154  -30  237    1  237    1  25  0  0 L3P E9
G30 FF 61138 211800  780 237  635    -1807993   -100          15     33   36  16  182   34  414   47  414   47  33  0  0 L3P 19
G06 FF 61138 213400  780 339  603     6113055     13          23     28   31  36  132  -15  332 -153  332 -153  24  0  0 L3P 1C
G11 FF 61138 213400  780 211  155     3796259   -192          51    -64   30 170  203  -52  825 -153  825 -153  21  0  0 L3P 6F
G12 FF 61138 213400  780 232 2552     6079935     -2          10     -2   23  14  186  -21  448 -159  448 -159  18  0  0 L3P 46
G13 FF 61138 213400  780 552 3341    -6803417     36           6     20   19   2   90    8  361   19  361   19  17  0  0 L3P C1
G15 FF 61138 213400  780 404 2816    -4014089    -25          13      8   27  96  113    5  410   25  410   25  23  0  0 L3P E3
G17 FF 61138 213400  780 339 1424     1081676     76          -5    -16   25  79  132   24  146  -15  146  -15  21  0  0 L3P 22
G19 FF 61138 213400  780 608 1408    -6964590     11          27     22   17 106   84    6  158  -42  158  -42  14  0  0 L3P 1E
G20 FF 61138 213400  780 484 3199     -978610   -193          27      6   27 157   98    9  437   36  437   36  22  0  0 L3P 1D
G22 FF 61138 213400  780 264 1326      216760    -62           1     -3   19  24  165   22  151  -14  151  -14  14  0  0 L3P DD
G24 FF 61138 213400  780 345 2157      449543   -164           6     11   20  61  130  -21  197  -40  197  -40  15  0  0 L3P 13
G30 FF 61138 213400  780 190  578    -1808114   -119          21     14   41  16  224   56  491  104  491  104  36  0  0 L3P 31
G06 FF 61138 215000  780 377  688     6113031      6          13     20   32  36  120  -10  255  -98  255  -98  27  0  0 L3P 00
G11 FF 61138 215000  780 269  200     3796125   -126          39      1   40 170  162  -34  625 -229  625 -229  35  0  0 L3P 54
G12 FF 61138 215000  780 259 2480     6079929    -36           3    -36   28  14  168  -16  333  -63  333  -63  22  0  0 L3P 3A
G13 FF 61138 215000  780 477 3401    -6803404    -22           4    -38   21   2   99   12  409   89  409   89  20  0  0 L3P F5
G15 FF 61138 215000  780 378 2911    -4014117    -40          17     -7   21  96  120    9  450   51  450   51  17  0  0 L3P F1
G17 FF 61138 215000  780 271 1429     1081779     68           9    -25   22  79  161   38  112  -13  112  -13  16  0  0 L3P 12
G19 FF 61138 215000  780 534 1449    -6964600     -3          28      8   18 106   92    9  137  -23  137  -23  17  0  0 L3P 08
G20 FF 61138 215000  780 422 3271     -978803   -181          25     18   22 157  109   14  487   40  487   40  20  0  0 L3P 2A
G22 FF 61138 215000  780 227 1261      216704    -21           1     38   21  24  189   29  136  -59  136  -59  16  0  0 L3P FC
G24 FF 61138 215000  780 409 2150      449371   -143           2     32   16  61  112  -15  181  -50  181  -50  15  0  0 L3P 02
G06 FF 61138 220600  780 408  784     6113014    -17          11     -2   25  61  112   -6  192  -51  192  -51  21  0  0 L3P EF
G11 FF 61138 220600  780 330  248     3796012   -136          49     -9   31 171  135  -23  450 -140  450 -140  22  0  0 L3P 4C
G12 FF 61138 220600  780 285 2406     6079924    -40          -1    -40   31  19  153  -13  252  -39  252  -39  27  0  0 L3P 36
G13 FF 61138 220600  780 402 3446    -6803403     49          -8     33   43   3  114   18  471   37  471   37  39  0  0 L3P F7
G15 FF 61138 220600  780 343 2997    -4014150    -37          16     -4   25  98  130   13  501   68  501   68  21  0  0 L3P 0F
G17 FF 61138 220600  780 206 1423     1081863    131           7     39   31  86  208   64   98  -47   98  -47  22  0  0 L3P 07
G19 FF 61138 220600  780 462 1465    -6964611    -20          35     -9   17 107  102   13  114  -17  114  -17  15  0  0 L3P 32
G20 FF 61138 220600  780 360 3330     -979002   -232          17    -34   42 158  125   19  545   89  545   89  39  0  0 L3P 4A
G22 FF 61138 220600  780 193 1195      216671    -46          24     13   27  39  221   37   96  -18   96  -18  24  0  0 L3P FB
G24 FF 61138 220600  780 475 2153      449198   -180          -6     -5   16  73  100  -11  152  -24  152  -24  13  0  0 L3P 18
G06 FF 61138 222200  780 426  888     6112988      1           0     16   25  61  109   -2  155  -59  155  -59  22  0  0 L3P E8
G11 FF 61138 222200  780 393  303     3795867   -137          26    -10   24 171  116  -16  327 -127  327 -127  20  0  0 L3P 71
G12 FF 61138 222200  780 311 2332     6079934      3           9      3   28  19  142  -11  181  -54  181  -54  26  0  0 L3P E5
G13 FF 61138 222200  780 330 3484    -6803369     50          10     34   21   3  135   26  523   58  523   58  16  0  0 L3P F2
G15 FF 61138 222200  780 303 3075    -4014171    -32          26      1   41  98  145   19  554   61  554   61  28  0  0 L3P FF
G19 FF 61138 222200  780 392 1465    -6964621     12          36     24   21 107  116   18   95  -41   95  -41  20  0  0 L3P 13
G20 FF 61138 222200  780 298 3381     -979176   -174          33     23   53 158  147   28  607   64  607   64  48  0  0 L3P 4E
G24 FF 61138 222200  780 544 2172      449031   -176          -5     -1   16  73   90   -8  129  -26  129  -26  15  0  0 L3P 02
G06 FF 61138 223800  780 429  996     6112976    -28           1    -13   19  61  108    1  115  -13  115  -13  15  0  0 L3P FA
G11 FF 61138 223800  780 455  370     3795742   -114          23     14   16 171  103  -11  220 -111  220 -111  14  0  0 L3P 3F
G12 FF 61138 223800  780 338 2257     6079925     -9           0     -9   27  19  132  -10  139  -34  139  -34  24  0  0 L3P 15
G13 FF 61138 223800  780 261 3518    -6803366      5          -2    -11   26   3  167   41  632  152  632  152  22  0  0 L3P 09
G15 FF 61138 223800  780 259 3145    -4014206    -32          18      1   29   5  167   27  634   98  634   98  24  0  0 L3P 09
G19 FF 61138 223800  780 325 1455    -6964620     -5          25      6   33   4  136   25   73  -18   73  -18  27  0  0 L3P E7
G20 FF 61138 223800  780 239 3426     -979374   -193          24      4   21 158  181   42  721  140  721  140  14  0  0 L3P 3E
G24 FF 61138 223800  780 613 2217      448862   -180          -6     -5   14  73   84   -6  108   -7  108   -7  13  0  0 L3P E6
G06 FF 61138 225400  780 416 1101     6112966      6           6     21   24  61  111    5   92  -32   92  -32  21  0  0 L3P A5
G11 FF 61138 225400  780 515  454     3795611   -145          15    -18   12 171   94   -8  149  -48  149  -48   9  0  0 L3P 33
G12 FF 61138 225400  780 366 2182     6079927     14           2     14   16  19  123   -9  110  -42  110  -42  15  0  0 L3P F1
G13 FF 61138 225400  780 196 3552    -6803347    -25           3    -41   32   3  218   68  785  209  785  209  24  0  0 L3P 3E
G15 FF 61138 225400  780 215 3209    -4014251    -46           6    -13   31   5  199   40  749  137  749  137  28  0  0 L3P 31
G19 FF 61138 225400  780 263 1438    -6964629     31          27     42   27   4  166   37   70  -34   70  -34  21  0  0 L3P FD
G20 FF 61138 225400  780 184 3470     -979562   -142          27     56   19 158  231   64  861  111  861  111  12  0  0 L3P 58
G24 FF 61138 225400  780 679 2307      448695   -198          -5    -23   16  73   79   -4   97   10   97   10  15  0  0 L3P FA
G06 FF 61138 231000  780 389 1194     6112956    -38          10    -23   28  61  117    9   80   20   80   20  24  0  0 L3P D9
G11 FF 61138 231000  780 566  565     3795484   -143          10    -15   16 171   88   -5  110  -14  110  -14  15  0  0 L3P 1E
G12 FF 61138 231000  780 396 2104     6079929     -6           4     -6   31  19  115   -8   94   -1   94   -1  28  0  0 L3P B4
G19 FF 61138 231000  780 204 1414    -6964642    -43          25    -31   36   4  210   57   75   35   75   35  28  0  0 L3P F0
G24 FF 61138 231000  780 733 2485      448525   -179          -7     -4   19  73   77   -2   94    0   94    0  16  0  0 L3P B1
G06 FF 61138 233800  780 313 1319     6112941    -18          20     -3   29  61  141   21   70   -1   70   -1  24  0  0 L3P BA
G11 FF 61138 233800  780 616  836     3795274   -115          13     12   18 171   84   -1   77  -24   77  -24  18  0  0 L3P 0B
G12 FF 61138 233800  780 452 1963     6079933     33           8     33   16  19  104   -6   76  -35   76  -35  15  0  0 L3P F1
G24 FF 61138 233800  780 741 3018      448241   -167           3      8   21  73   76    1   88    3   88    3  16  0  0 L3P 87
G29 FF 61138 233800  780 226 2898     3437955    -68          15      3   30  76  191  -34  459 -218  459 -218  27  0  0 L3P 78
