CGGTTS     GENERIC DATA FORMAT VERSION = 2E
REV DATE = 2025-11-01
RCVR = PolaRx5TR (5.6.0)     sbf2cggtts-1.5.0
CH = 80
IMS = PolaRx5TR
LAB = LRTE
X = 3967035.920 m
Y = -4390028.540 m
Z = -2375644.640 m
FRAME = ITRF
COMMENTS = LS=18; ElMask=10deg; 'Generated from the SBF in 2026-04-05 at 23:53:50'
INT DLY = 24.9 ns (GPS P1),  15.7 ns (GPS P2)     CAL_ID = 1201-2025
CAB DLY = 103.1 ns
REF DLY = 47.2 ns
REF = UTC(LRTE)
CKSUM = 00

SAT CL  MJD  STTIME TRKL ELV AZTH   REFSV      SRSV     REFSYS    SRSYS  DSG IOE MDTR SMDT MDIO SMDI MSIO SMSI ISG FR HC FRC CK
             hhmmss  s  .1dg .1dg    .1ns     .1ps/s     .1ns    .1ps/s .1ns     .1ns.1ps/s.1ns.1ps/s.1ns.1ps/s.1ns
G06 FF 61135 001000  780 261 1367     6117380    -26         -13    -15   18  53  167   34   79    6   79    6  13  0  0 L3P DB
G11 FF 61135 001000  780 612 1002     3839151   -136           5     -8   16 121   84    2   91   -3   91   -3  13  0  0 L3P A0
G12 FF 61135 001000  780 486 1876     6079898      3          -4      3   20  29   98   -5   91  -19   91  -19  16  0  0 L3P CC
G24 FF 61135 001000  780 691 3227      508088   -155           4     19   17   9   79    3  135  -14  135  -14  14  0  0 L3P D8
G25 FF 61135 001000  780 225 2242    -4323808     20          12     -7   32  72  191  -36  156  -35  156  -35  27  0  0 L3P 18
G29 FF 61135 001000  780 266 2828     3462393   -139          19    -67   23  44  164  -22  565 -237  565 -237  21  0  0 L3P 89
G06 FF 61135 002600  780 203 1403     6117345   -103         -37    -92   34  53  210   60   96   88   96   88  25  0  0 L3P 14
G11 FF 61135 002600  780 582 1152     3839025   -135           1     -7   20 121   87    4   85   -3   85   -3  16  0  0 L3P B6
G12 FF 61135 002600  780 520 1781     6079897    -11          -5    -11   12  29   93   -5   86   11   86   11   9  0  0 L3P C7
G24 FF 61135 002600  780 623 3349      507913   -185          -4    -11   18   9   83    6  153   28  153   28  17  0  0 L3P E2
G25 FF 61135 002600  780 270 2195    -4323797     36          -3      9   36  72  161  -27  135  -37  135  -37  33  0  0 L3P 22
G29 FF 61135 002600  780 301 2752     3462321    -17          16     55   21  44  146  -15  366 -199  366 -199  19  0  0 L3P 64
G05 FF 61135 004200  780 190  369     2313088     -2          29     -8   33   0  224  -53  348 -240  348 -240  25  0  0 L3P 0E
G11 FF 61135 004200  780 533 1263     3838904   -116           3     11   24 121   92    7   76  -12   76  -12  21  0  0 L3P D6
G12 FF 61135 004200  780 554 1675     6079908     19           6     19   14  29   89   -4   80  -14   80  -14  12  0  0 L3P D5
G21 FF 61135 004200  780 187  648    -4131055    -15           5      2   38  40  227  -38  152  -39  152  -39  30  0  0 L3P FD
G24 FF 61135 004200  780 548 3423      507742   -151          -8     23   28   9   90    9  179    7  179    7  28  0  0 L3P C0
G25 FF 61135 004200  780 319 2149    -4323772    -27          -4    -54   26  72  139  -21  116   32  116   32  21  0  0 L3P 1C
G29 FF 61135 004200  780 333 2669     3462251    -52          14     20   19  44  134  -11  255  -90  255  -90  17  0  0 L3P 29
G05 FF 61135 005800  780 236  430     2313097     37          32     31   36   0  182  -35  193 -134  193 -134  30  0  0 L3P 11
G11 FF 61135 005800  780 474 1338     3838779   -144           0    -17   23 121  100   10   67   -3   67   -3  21  0  0 L3P EE
G12 FF 61135 005800  780 586 1553     6079906     17           4     17   19  29   86   -3   72  -26   72  -26  16  0  0 L3P E1
G21 FF 61135 005800  780 217  720    -4131063    -38          13    -21   37  40  197  -25  116  -22  116  -22  30  0  0 L3P 17
G24 FF 61135 005800  780 472 3473      507569   -181         -14     -8   30   9  100   13  211   40  211   40  30  0  0 L3P E4
G25 FF 61135 005800  780 372 2106    -4323732    -75           9   -102   16  72  121  -16   91   79   91   79  15  0  0 L3P 13
G29 FF 61135 005800  780 360 2582     3462188    -68          20      3   17  44  125   -8  181  -69  181  -69  14  0  0 L3P 21
G05 FF 61135 011400  780 283  495     2313089    -49          18    -54   36   0  154  -24  136  -12  136  -12  28  0  0 L3P 12
G11 FF 61135 011400  780 409 1385     3838647   -114         -10     14   36 121  112   15   62  -19   62  -19  32  0  0 L3P 1E
G12 FF 61135 011400  780 611 1412     6079901     17          -1     17   15  29   84   -2   70  -22   70  -22  14  0  0 L3P B9
G21 FF 61135 011400  780 243  796    -4131059    -31          34    -14   36  40  177  -16   65  -14   65  -14  34  0  0 L3P 08
G24 FF 61135 011400  780 397 3511      507393   -131         -23     43   16   9  115   18  256    9  256    9  14  0  0 L3P E1
G25 FF 61135 011400  780 430 2065    -4323696     69          19     42   17  72  108  -12   69  -48   69  -48  15  0  0 L3P 1F
G29 FF 61135 011400  780 384 2491     3462099    -77          -1     -6   19  44  118   -6  150  -34  150  -34  17  0  0 L3P 19
G05 FF 61135 013000  780 329  568     2313091    -15          15    -21   16   0  135  -17   98  -21   98  -21  14  0  0 L3P E3
G11 FF 61135 013000  780 343 1412     3838517   -148         -18    -20   19 121  130   23   58   16   58   16  14  0  0 L3P 0F
G12 FF 61135 013000  780 626 1250     6079893    -22          -9    -22   14  29   83   -1   65   14   65   14  14  0  0 L3P CE
G21 FF 61135 013000  780 263  876    -4131118    -13          -9      4   28  40  165   -9   89  -21   89  -21  23  0  0 L3P DA
G24 FF 61135 013000  780 325 3544      507245   -181          -5     -7   32   9  137   27  303   93  303   93  28  0  0 L3P E9
G25 FF 61135 013000  780 491 2025    -4323685     44           5     16   20  72   97  -10   66  -25   66  -25  18  0  0 L3P E5
G29 FF 61135 013000  780 403 2397     3462038    -33           8     39   27  44  113   -4  110  -64  110  -64  22  0  0 L3P FA
G05 FF 61135 014600  780 370  650     2313089     36           8     30   22   0  122  -11   79  -57   79  -57  18  0  0 L3P C7
G11 FF 61135 014600  780 277 1425     3838394   -150         -19    -22   25 121  158   35   56   25   56   25  19  0  0 L3P 2A
G12 FF 61135 014600  780 626 1077     6079891      9         -11      9   16  29   83    1   58  -13   58  -13  13  0  0 L3P C3
G18 FF 61135 014600  780 257 3191     3846463    -77          14     17   25  85  169  -40  702 -619  702 -619  19  0  0 L3P 76
G21 FF 61135 014600  780 274  959    -4131142      7         -17     24   32  40  159   -3   80  -35   80  -35  25  0  0 L3P DB
G24 FF 61135 014600  780 256 3576      507086   -149           4     25   18   9  170   42  403  128  403  128  14  0  0 L3P 0D
G25 FF 61135 014600  780 557 1985    -4323669     35          -6      8   17  72   89   -7   62  -19   62  -19  14  0  0 L3P F5
G29 FF 61135 014600  780 420 2301     3461964    -65           3      6   16  44  110   -3   90  -17   90  -17  14  0  0 L3P C7
G05 FF 61135 020200  780 403  743     2313101      8          17      2   21  60  113   -7   58    0   58    0  18  0  0 L3P 51
G11 FF 61135 020200  780 213 1426     3838267   -210         -22    -83   31 122  202   58   62  108   62  108  23  0  0 L3P 29
G12 FF 61135 020200  780 609  909     6079896      0          -6      0   22  30   84    2   53   -1   53   -1  18  0  0 L3P 63
G18 FF 61135 020200  780 319 3142     3846362   -111           3    -16   19  86  139  -25  293 -231  293 -231  19  0  0 L3P 61
G21 FF 61135 020200  780 275 1043    -4131141     27           4     44   33  41  158    2   46  -40   46  -40  28  0  0 L3P BA
G24 FF 61135 020200  780 192    7      506937   -143          17     31   21  16  223   70  587  244  587  244  16  0  0 L3P F8
G25 FF 61135 020200  780 626 1942    -4323654     17         -16    -11   12  77   83   -6   58    3   58    3  11  0  0 L3P BE
G29 FF 61135 020200  780 434 2204     3461897    -74           1     -2   15  45  107   -3   77  -14   77  -14  14  0  0 L3P DD
G05 FF 61135 021800  780 426  845     2313109     19          21     13   21  60  108   -3   52  -21   52  -21  17  0  0 L3P BA
G12 FF 61135 021800  780 577  762     6079888      3         -14      3   20  30   87    4   60   -7   60   -7  17  0  0 L3P 8B
G18 FF 61135 021800  780 380 3081     3846263   -113          -5    -18   20  86  119  -16  152  -74  152  -74  15  0  0 L3P 4B
G21 FF 61135 021800  780 265 1124    -4131167     47          -6     64   42  41  164    9   53  -73   53  -73  38  0  0 L3P E8
G25 FF 61135 021800  780 700 1892    -4323623     31         -12      3   11  77   78   -4   50   -5   50   -5   9  0  0 L3P A0
G28 FF 61135 021800  780 211 2381     5627554    -73          17     15   35 142  203  -25  126  -11  126  -11  27  0  0 L3P 30
G29 FF 61135 021800  780 447 2105     3461839    -55          11     17   20  45  104   -2   57  -26   57  -26  18  0  0 L3P FB
G05 FF 61135 023400  780 435  953     2313105    -37          10    -42   35  60  107    0   48   34   48   34  31  0  0 L3P B6
G12 FF 61135 023400  780 531  641     6079904    -55           2    -55   28  30   92    6   51   41   51   41  21  0  0 L3P 9B
G18 FF 61135 023400  780 436 3005     3846176   -133          -1    -38   48  86  106  -11   99   -5   99   -5  30  0  0 L3P 10
G21 FF 61135 023400  780 245 1199    -4131174    -57           4    -40   24  41  177   18   50   37   50   37  20  0  0 L3P DF
G25 FF 61135 023400  780 776 1812    -4323593     44          -8     17   14  77   75   -2   43  -26   43  -26  13  0  0 L3P EA
G28 FF 61135 023400  780 232 2452     5627476   -103          23    -15   30 142  185  -13  121   26  121   26  27  0  0 L3P 30
G29 FF 61135 023400  780 458 2006     3461763    -63           4      9   18  45  102   -2   58  -11   58  -11  16  0  0 L3P D2
G05 FF 61135 025000  780 428 1060     2313108     17           8     11   21  60  108    3   48  -11   48  -11  19  0  0 L3P AB
G12 FF 61135 025000  780 476  546     6079905    -23           3    -23   15  30   99   10   50   27   50   27  12  0  0 L3P B1
G18 FF 61135 025000  780 487 2911     3846082    -84          -5     10   17  86   98   -7   84  -24   84  -24  14  0  0 L3P FA
G21 FF 61135 025000  780 214 1266    -4131189    -12           5      5   26  41  200   32   52  -14   52  -14  22  0  0 L3P BD
G25 FF 61135 025000  780 849 1554    -4323580     64         -21     36   35  77   74   -1   52  -43   52  -43  34  0  0 L3P F8
G28 FF 61135 025000  780 244 2530     5627388    -82          19      6   33 142  177   -4  130   -6  130   -6  29  0  0 L3P FA
G29 FF 61135 025000  780 468 1905     3461700    -87          10    -15   22  45  101   -2   50    1   50    1  20  0  0 L3P A5
G05 FF 61135 030600  780 406 1158     2313107    -23           2    -29   27  60  113    7   48   25   48   25  25  0  0 L3P BD
G12 FF 61135 030600  780 416  472     6079901     -4          -1     -4   15  30  111   14   60    9   60    9  12  0  0 L3P 77
G18 FF 61135 030600  780 529 2797     3845988    -99          -8     -5   19  86   92   -5   77   -5   77   -5  16  0  0 L3P FB
G23 FF 61135 030600  780 208 3520    -6324143    -31          23     15   35  63  206  -67  418 -488  418 -488  36  0  0 L3P 6B
G25 FF 61135 030600  780 847  492    -4323559     49         -26     22   11  77   74    1   50  -15   50  -15   9  0  0 L3P CA
G28 FF 61135 030600  780 245 2610     5627311   -119          26    -31   29 142  176    3  133   46  133   46  26  0  0 L3P 1F
G29 FF 61135 030600  780 478 1802     3461636   -107          14    -35   21  45   99   -2   45   25   45   25  18  0  0 L3P F5
G05 FF 61135 032200  780 371 1242     2313125     45          14     39   24  60  122   12   39  -28   39  -28  20  0  0 L3P D8
G12 FF 61135 032200  780 352  414     6079901     -7          -1     -7   21  30  128   21   72   20   72   20  17  0  0 L3P 96
G18 FF 61135 032200  780 560 2664     3845902    -85          -3      9   17  86   89   -3   69  -13   69  -13  16  0  0 L3P EE
G23 FF 61135 032200  780 279 3531    -6324199    -71          10    -26   27  63  157  -39  198 -113  198 -113  20  0  0 L3P 77
G25 FF 61135 032200  780 769  252    -4323532     40         -25     13   13  77   76    3   54    0   54    0  11  0  0 L3P 83
G28 FF 61135 032200  780 236 2691     5627127   -164         -74    -77   37 142  182   10  258  100  258  100  34  0  0 L3P 6C
G29 FF 61135 032200  780 487 1696     3461565    -73          12     -1   12  45   98   -1   48    1   48    1  10  0  0 L3P A8
G05 FF 61135 033800  780 325 1309     2313126      3          10     -3   22  60  136   19   43   -3   43   -3  19  0  0 L3P 97
G12 FF 61135 033800  780 286  370     6079902     70           0     70   31  30  153   34   91  -34   91  -34  26  0  0 L3P C6
G18 FF 61135 033800  780 577 2516     3845811    -91          -4      4   16  86   87   -1   62   -8   62   -8  12  0  0 L3P C2
G23 FF 61135 033800  780 354 3537    -6324235    -50          19     -4   22  63  127  -25  112  -25  112  -25  18  0  0 L3P 29
G25 FF 61135 033800  780 686  186    -4323497     44         -17     17   20  77   79    5   52   -4   52   -4  16  0  0 L3P C7
G28 FF 61135 033800  780 219 2769     5627182   -248          66   -160   65 142  195   18  155  219  155  219  62  0  0 L3P 97
G29 FF 61135 033800  780 494 1588     3461504    -81          20     -9   15  45   97   -1   37    5   37    5  15  0  0 L3P B7
G05 FF 61135 035400  780 273 1359     2313134    -33          13    -38   22  60  160   30   42   33   42   33  17  0  0 L3P D4
G12 FF 61135 035400  780 219  337     6079921    -32          19    -32   25  30  196   58   91   31   91   31  20  0  0 L3P DE
G18 FF 61135 035400  780 581 2363     3845717    -78          -7     16   13  86   87    0   59  -16   59  -16  11  0  0 L3P F3
G23 FF 61135 035400  780 433 3540    -6324286    -38          11      8   24  63  107  -17   89  -23   89  -23  19  0  0 L3P 12
G25 FF 61135 035400  780 602  153    -4323477     -5         -23    -32   25  77   85    7   66   41   66   41  25  0  0 L3P C8
G26 FF 61135 035400  780 227 2237     3497060     51          35      2   38  21  190  -46   62   11   62   11  34  0  0 L3P C5
G28 FF 61135 035400  780 196 2845     5627043   -103          10    -15   31 142  217   28  268   81  268   81  26  0  0 L3P 43
G29 FF 61135 035400  780 499 1476     3461454    -49          39     23   16  45   96    0   23  -20   23  -20  13  0  0 L3P E1
G05 FF 61135 041000  780 217 1396     2313144     13          21      7   36  61  198   51   44    4   44    4  31  0  0 L3P 8C
G15 FF 61135 041000  780 203  767    -4003411    -94          29    -61   42  69  210  -24   55   59   55   59  35  0  0 L3P FB
G18 FF 61135 041000  780 572 2215     3845633    -88          -5      6   12  87   87    1   51  -10   51  -10  12  0  0 L3P B9
G23 FF 61135 041000  780 515 3539    -6324321    -53          13     -7   23  64   94  -11   74    0   74    0  20  0  0 L3P AC
G25 FF 61135 041000  780 520  135    -4323440     43         -11     16   20  78   93   11   63  -11   63  -11  19  0  0 L3P C4
G26 FF 61135 041000  780 283 2272     3497094     45          20     -4   27  61  155  -28   71   -5   71   -5  24  0  0 L3P D4
G29 FF 61135 041000  780 500 1362     3461357    -51           7     21   13  46   96    0   58  -21   58  -21  12  0  0 L3P B6
G10 FF 61135 042600  780 217 3371     5900100      0         -12      6   50  32  198  -62  275 -169  275 -169  48  0  0 L3P 2E
G15 FF 61135 042600  780 224  842    -4003464    -88           7    -55   33  69  191  -15   70   37   70   37  30  0  0 L3P EE
G18 FF 61135 042600  780 554 2078     3845532    -86         -15      8   17  87   89    2   56  -14   56  -14  14  0  0 L3P F2
G23 FF 61135 042600  780 600 3534    -6324369    -41           9      4   25  64   85   -8   66  -19   66  -19  24  0  0 L3P E3
G25 FF 61135 042600  780 439  125    -4323422     37         -20     10   38  78  106   16   85   11   85   11  34  0  0 L3P D4
G26 FF 61135 042600  780 334 2321     3497136     15          15    -34   22  61  133  -18   68   25   68   25  19  0  0 L3P F4
G29 FF 61135 042600  780 496 1245     3461310    -88          28    -16   17  46   97    1   36   19   36   19  15  0  0 L3P E3
G10 FF 61135 044200  780 288 3352     5900091    -34         -16    -29   25  32  152  -36  162  -24  162  -24  21  0  0 L3P 38
G15 FF 61135 044200  780 239  919    -4003485     57          18     90   29  69  180   -8   53  -90   53  -90  26  0  0 L3P 01
G18 FF 61135 044200  780 530 1956     3845446    -76         -11     18   24  87   92    3   46  -19   46  -19  20  0  0 L3P FC
G23 FF 61135 044200  780 687 3524    -6324437    -94         -15    -48   17  64   79   -5   79   42   79   42  15  0  0 L3P 19
G25 FF 61135 044200  780 361  122    -4323389     43         -12     16   23  78  125   24  104   21  104   21  17  0  0 L3P E6
G26 FF 61135 044200  780 380 2387     3497177     26           9    -23   24  61  119  -11   69    9   69    9  19  0  0 L3P DC
G29 FF 61135 044200  780 486 1130     3461227    -67          -3      4   20  47   98    2   47    3   47    3  18  0  0 L3P 89
G10 FF 61135 045800  780 360 3323     5900088     47         -13     52   50  32  125  -23  124  -67  124  -67  47  0  0 L3P 29
G15 FF 61135 045800  780 246  998    -4003510    -29          25      4   27  69  176   -2   49    4   49    4  22  0  0 L3P B6
G18 FF 61135 045800  780 502 1845     3845358    -97          -8     -3   23  87   96    4   43    7   43    7  20  0  0 L3P AF
G23 FF 61135 045800  780 774 3508    -6324482    -75         -17    -30   29  64   75   -3   72   25   72   25  28  0  0 L3P 0C
G25 FF 61135 045800  780 285  123    -4323355     45          -5     17   26  78  154   37  130   25  130   25  21  0  0 L3P EB
G26 FF 61135 045800  780 416 2469     3497215     42           0     -7   27  61  111   -7   78   14   78   14  24  0  0 L3P C8
G29 FF 61135 045800  780 468 1017     3461161    -68          -1      2   22  47  101    4   53   17   53   17  19  0  0 L3P B8
G10 FF 61135 051400  780 434 3282     5900082     31         -13     37   18  32  107  -15  107  -38  107  -38  16  0  0 L3P 1D
G15 FF 61135 051400  780 243 1075    -4003523    -69          43    -36   22  69  178    5   31   41   31   41  19  0  0 L3P E2
G16 FF 61135 051400  780 235 2254    -2391127   -105           1    -33   39  74  183  -38   73   34   73   34  35  0  0 L3P 0B
G18 FF 61135 051400  780 474 1744     3845277   -102           1     -8   20  87  100    5   39   11   39   11  16  0  0 L3P C7
G23 FF 61135 051400  780 862 3460    -6324493    -52          16     -6   19  64   74   -1   37    5   37    5  19  0  0 L3P BC
G25 FF 61135 051400  780 214  130    -4323308     46          16     19   35  78  201   64  153   25  153   25  33  0  0 L3P E6
G26 FF 61135 051400  780 440 2567     3497264     64           2     15   27  61  106   -3   80   -2   80   -2  24  0  0 L3P AF
G29 FF 61135 051400  780 444  911     3461108    -81          13    -10   25  47  105    5   51   19   51   19  22  0  0 L3P BD
G10 FF 61135 053000  780 507 3224     5900090    -13           0     -7   15  32   95  -10   86   -3   86   -3  13  0  0 L3P A4
G15 FF 61135 053000  780 231 1149    -4003571    -12          27     21   23  69  186   13   50  -22   50  -22  21  0  0 L3P E7
G16 FF 61135 053000  780 284 2304    -2391196    -43           1     29   29  74  154  -23   82  -15   82  -15  27  0  0 L3P 08
G18 FF 61135 053000  780 446 1650     3845183   -106          -2    -12   19  87  105    5   46   19   46   19  17  0  0 L3P F3
G23 FF 61135 053000  780 850 1732    -6324545    -30           8     16   16  64   74    1   45  -14   45  -14  14  0  0 L3P C9
G26 FF 61135 053000  780 449 2675     3497320     54          11      5   25  61  104    0   81    6   81    6  23  0  0 L3P 88
G29 FF 61135 053000  780 412  813     3461058    -77          32     -6   16  47  111    8   47   16   47   16  14  0  0 L3P BB
G10 FF 61135 054600  780 577 3141     5900078    -31          -7    -25   15  32   87   -7   79   12   79   12  14  0  0 L3P DC
G15 FF 61135 054600  780 210 1217    -4003594    -99          36    -66   29  69  204   25   44   59   44   59  24  0  0 L3P 14
G16 FF 61135 054600  780 326 2367    -2391269    -45          -4     27   18  74  136  -15   89  -20   89  -20  18  0  0 L3P 2B
G18 FF 61135 054600  780 418 1562     3845099    -98           5     -4   17  87  110    6   43   -3   43   -3  14  0  0 L3P C0
G23 FF 61135 054600  780 765 1689    -6324608    -35         -12     10   15  64   76    3   60  -14   60  -14  14  0  0 L3P F4
G26 FF 61135 054600  780 442 2786     3497361     48           6     -1   23  61  105    3   89    0   89    0  21  0  0 L3P 94
G29 FF 61135 054600  780 374  724     3460983    -86          24    -15   29  47  121   12   59   16   59   16  25  0  0 L3P F9
G10 FF 61135 060200  780 641 3018     5900075    -13          -3     -8   10  34   82   -4   67    1   67    1   9  0  0 L3P 79
G15 FF 61135 060200  780 180 1278    -4003631    -77          31    -44   25  72  236   42   48   27   48   27  21  0  0 L3P FA
G16 FF 61135 060200  780 359 2445    -2391330    -94           0    -23   21  75  125   -9   87   31   87   31  19  0  0 L3P EB
G18 FF 61135 060200  780 392 1476     3845009    -92           5      2   17  88  116    7   47   -7   47   -7  16  0  0 L3P BA
G23 FF 61135 060200  780 682 1662    -6324652    -41         -13      4   15  65   79    5   59  -11   59  -11  13  0  0 L3P E1
G26 FF 61135 060200  780 421 2892     3497414     61          14     12   21  62  110    6   90   -8   90   -8  19  0  0 L3P B5
G29 FF 61135 060200  780 330  647     3460920   -103          34    -33   34  48  135   17   57   30   57   30  30  0  0 L3P E3
G10 FF 61135 061800  780 690 2834     5900064    -10          -9     -4   11  34   79   -2   62  -11   62  -11  10  0  0 L3P C5
G16 FF 61135 061800  780 380 2534    -2391389    -73          11     -2   24  75  119   -4   77  -11   77  -11  20  0  0 L3P 02
G18 FF 61135 061800  780 366 1393     3844918   -103           5     -8   21  88  123    7   38   -5   38   -5  16  0  0 L3P D9
G23 FF 61135 061800  780 603 1634    -6324689    -49          -7     -3   18  65   85    7   45   -5   45   -5  16  0  0 L3P D2
G26 FF 61135 061800  780 389 2987     3497449     57           2      8   31  62  117   10   99  -15   99  -15  26  0  0 L3P FC
G27 FF 61135 061800  780 234 2176      940478    118          24    -33   35  48  184  -46   63   11   63   11  32  0  0 L3P F8
G29 FF 61135 061800  780 281  579     3460851    -42          32     28   36  48  156   27   58  -31   58  -31  32  0  0 L3P 03
G32 FF 61135 061800  780 216   35      136286   -163          -7     30   31   9  199  -56  156  -99  156  -99  24  0  0 L3P 12
G10 FF 61135 063400  780 714 2583     5900055     -9         -12     -3   12  34   78    0   52   -9   52   -9  10  0  0 L3P 9F
G16 FF 61135 063400  780 388 2632    -2391464    -69           4      2   23  75  117    0   73  -13   73  -13  21  0  0 L3P D4
G18 FF 61135 063400  780 342 1312     3844822   -110           0    -15   22  88  130    8   36   16   36   16  17  0  0 L3P D0
G23 FF 61135 063400  780 528 1605    -6324731    -44          -5      2   16  65   92    9   35  -10   35  -10  15  0  0 L3P C6
G26 FF 61135 063400  780 349 3072     3497498     32           4    -16   30  62  128   14   93    8   93    8  22  0  0 L3P C2
G27 FF 61135 063400  780 295 2167      940609    154          11      4   25  48  149  -30   54  -22   54  -22  21  0  0 L3P EB
G29 FF 61135 063400  780 229  521     3460789    -34          38     37   39  48  188   43   56  -36   56  -36  35  0  0 L3P 16
G32 FF 61135 063400  780 280   65      136117   -206           8    -14   36   9  156  -35   86  -32   86  -32  30  0  0 L3P D0
G10 FF 61135 065000  780 705 2319     5900061    -14          -1     -8   14  34   78    1   35    0   35    0  13  0  0 L3P 72
G16 FF 61135 065000  780 383 2732    -2391534    -81           3    -10   23  75  119    3   69    4   69    4  21  0  0 L3P B6
G18 FF 61135 065000  780 318 1232     3844736    -77           4     17   17  88  139   10   37  -19   37  -19  14  0  0 L3P 00
G23 FF 61135 065000  780 457 1573    -6324779    -64          -9    -19   21  65  103   12   38   13   38   13  17  0  0 L3P 03
G26 FF 61135 065000  780 304 3147     3497542     42           1     -7   21  62  145   20   95    6   95    6  16  0  0 L3P 9D
G27 FF 61135 065000  780 360 2167      940742    146           0     -4   17  48  125  -20   50  -13   50  -13  16  0  0 L3P D2
G32 FF 61135 065000  780 349   95      135919   -165          -5     27   27   9  128  -23   67  -51   67  -51  19  0  0 L3P E8
G10 FF 61135 070600  780 669 2106     5900055     18          -1     24   15  34   80    3   32  -18   32  -18  13  0  0 L3P B4
G16 FF 61135 070600  780 364 2830    -2391611    -78          -5     -6   22  75  124    7   72   16   72   16  18  0  0 L3P DB
G18 FF 61135 070600  780 295 1153     3844667    -87          26      7   17  88  149   11   20    6   20    6  15  0  0 L3P C0
G23 FF 61135 070600  780 391 1538    -6324813    -77           0    -31   20  65  116   17   29   30   29   30  18  0  0 L3P E7
G26 FF 61135 070600  780 258 3214     3497600     66          12     17   21  62  168   29   84   -2   84   -2  16  0  0 L3P D5
G27 FF 61135 070600  780 426 2179      940880    157          -6      7   31  48  109  -14   42   -8   42   -8  26  0  0 L3P D4
G32 FF 61135 070600  780 422  128      135741   -205           2    -13   38   9  110  -16   45    6   45    6  36  0  0 L3P 93
G10 FF 61135 072200  780 619 1953     5900043     -6          -8      0   15  34   83    4   36   -4   36   -4  13  0  0 L3P 80
G16 FF 61135 072200  780 335 2920    -2391675    -78          -1     -6   18  75  133   12   66   -3   66   -3  15  0  0 L3P E3
G18 FF 61135 072200  780 270 1076     3844560    -59          10     35   52  88  161   14   35  -31   35  -31  46  0  0 L3P FE
G23 FF 61135 072200  780 329 1500    -6324850    -40           7      5   25  65  135   22   21   -6   21   -6  23  0  0 L3P AB
G26 FF 61135 072200  780 212 3275     3497642     49           7      0   38  62  202   42   91   -2   91   -2  34  0  0 L3P A7
G27 FF 61135 072200  780 493 2208      941029    155          -1      5   22  48   97  -10   32  -14   32  -14  20  0  0 L3P C6
G32 FF 61135 072200  780 496  169      135552   -195          -3     -3   15   9   96  -11   39   -9   39   -9  11  0  0 L3P B8
G08 FF 61135 073800  780 239 2211    -4669121     61         -11     -4   32  93  181  -44   55    6   55    6  27  0  0 L3P D9
G10 FF 61135 073800  780 565 1839     5900046      2           1      7   14  34   88    6   27   -5   27   -5  12  0  0 L3P 76
G16 FF 61135 073800  780 299 3002    -2391735    -57           8     15   28  75  147   18   55  -15   55  -15  23  0  0 L3P 0F
G18 FF 61135 073800  780 244 1000     3844471    -65          12     30   29  88  177   18   37  -18   37  -18  27  0  0 L3P 10
G23 FF 61135 073800  780 272 1459    -6324908    -57          -7    -11   21  65  160   31   38   12   38   12  18  0  0 L3P FD
G27 FF 61135 073800  780 559 2263      941176    178           2     28   19  48   89   -7   27  -21   27  -21  17  0  0 L3P E9
G32 FF 61135 073800  780 572  225      135367   -197          -4     -5   13   9   87   -8   34    5   34    5  10  0  0 L3P 83
G08 FF 61135 075400  780 298 2237    -4669053     80          -6     15   30  93  147  -28   39  -19   39  -19  27  0  0 L3P 2A
G10 FF 61135 075400  780 510 1748     5900037    -23          -3    -17   21  34   95    8   30    9   30    9  17  0  0 L3P 9B
G16 FF 61135 075400  780 259 3077    -2391797    -49          15     22   30  75  168   26   52  -19   52  -19  22  0  0 L3P 26
G18 FF 61135 075400  780 217  927     3844393    -60          23     34   33  88  198   25   28  -36   28  -36  30  0  0 L3P 09
G23 FF 61135 075400  780 220 1416    -6324927    -27          17     19   29  65  195   44   14    1   14    1  25  0  0 L3P CC
G27 FF 61135 075400  780 620 2357      941317    150          -1      0   16  48   83   -4   28   -2   28   -2  14  0  0 L3P 96
G32 FF 61135 075400  780 646  312      135190   -195           4     -3   15   9   81   -5   25    0   25    0  13  0  0 L3P 5B
G08 FF 61135 081000  780 357 2277    -4668986     30           0    -35   24  98  126  -18   29   33   29   33  21  0  0 L3P 02
G10 FF 61135 081000  780 457 1669     5900023    -25         -10    -19   16  35  103    9   32    8   32    8  15  0  0 L3P B9
G16 FF 61135 081000  780 216 3146    -2391873    -75           4     -4   34  76  198   38   45    0   45    0  25  0  0 L3P BE
G18 FF 61135 081000  780 187  856     3844306    -77          34     17   41  89  227   37   34  -11   34  -11  35  0  0 L3P FB
G27 FF 61135 081000  780 666 2508      941452    119         -10    -31   13  49   80   -2   31   22   31   22  11  0  0 L3P C1
G32 FF 61135 081000  780 710  466      134993   -191          -4      1   15  54   78   -3   32    1   32    1  13  0  0 L3P 6C
G08 FF 61135 082600  780 410 2336    -4668931     50          -7    -15   19  98  112  -12   35   13   35   13  17  0  0 L3P F9
G10 FF 61135 082600  780 406 1597     5900015    -46         -13    -41   27  35  113   12   37   39   37   39  23  0  0 L3P FA
G27 FF 61135 082600  780 687 2720      941596    154         -11      4   15  49   79    0   31    6   31    6  14  0  0 L3P 95
G32 FF 61135 082600  780 749  735      134818   -145           5     47   33  54   76   -1   26  -26   26  -26  21  0  0 L3P D0
G02 FF 61135 084200  780 226 2189     -724211    -48           4     30   27  77  190  -45   38  -45   38  -45  28  0  0 L3P 00
G08 FF 61135 084200  780 456 2416    -4668869     71          -7      7   21  98  103   -7   35  -10   35  -10  18  0  0 L3P F3
G10 FF 61135 084200  780 359 1529     5900013      5         -10     11   21  35  125   14   42    4   42    4  19  0  0 L3P 8F
G27 FF 61135 084200  780 673 2944      941747    185          -3     35   17  49   80    2   31  -22   31  -22  15  0  0 L3P D0
G32 FF 61135 084200  780 740 1057      134606   -344         -23   -152   41  54   77    1   47   98   47   98  28  0  0 L3P FE
G02 FF 61135 085800  780 283 2151     -724304    -56         -13     22   28  77  155  -31   52  -25   52  -25  25  0  0 L3P 0D
G08 FF 61135 085800  780 490 2518    -4668816     53         -17    -12   18  98   97   -4   41   21   41   21  15  0  0 L3P FD
G10 FF 61135 085800  780 316 1463     5900020     24           3     30   21  35  140   17   48    8   48    8  18  0  0 L3P 94
G27 FF 61135 085800  780 630 3120      941895    141           1     -9   14  49   83    4   39   28   39   28  11  0  0 L3P AE
G28 FF 61135 085800  780 224  374     5625446    -99          11    -10   42 146  192  -39   67   36   67   36  36  0  0 L3P 20
G32 FF 61135 085800  780 690 1273      134415   -190         -29      2   16  54   79    3   58   18   58   18  15  0  0 L3P CF
G02 FF 61135 091400  780 344 2116     -724361   -131           5    -52   24  77  130  -22   49   73   49   73  20  0  0 L3P EE
G08 FF 61135 091400  780 508 2638    -4668745     85          -7     20   15  98   95   -1   50    2   50    2  13  0  0 L3P B4
G10 FF 61135 091400  780 276 1397     5900008     66          -4     71   25  35  158   21   98   -7   98   -7  21  0  0 L3P DB
G27 FF 61135 091400  780 569 3241      942057    172          19     22   15  49   88    7   49   15   49   15  13  0  0 L3P CD
G28 FF 61135 091400  780 271  436     5625348    -48          -2     41   41 146  161  -27  101   -5  101   -5  33  0  0 L3P FA
G32 FF 61135 091400  780 622 1384      134255   -176          -4     17   19  54   83    6   59   10   59   10  17  0  0 L3P C0
G02 FF 61135 093000  780 410 2086     -724441    -21           0     58   16  77  112  -16   75  -34   75  -34  13  0  0 L3P E5
G08 FF 61135 093000  780 507 2766    -4668690     63         -14     -1   17  98   95    1   77   27   77   27  15  0  0 L3P EF
G10 FF 61135 093000  780 240 1332     5900024    -37          17    -32   26  35  180   25  129   80  129   80  20  0  0 L3P FC
G27 FF 61135 093000  780 501 3323      942205    145          23     -5   27  49   96   10   73   32   73   32  24  0  0 L3P B8
G28 FF 61135 093000  780 318  504     5625282    -52          17     37   30 146  139  -19  113  -15  113  -15  21  0  0 L3P 25
G31 FF 61135 093000  780 220  222     1573208     19          40     43   26  73  195  -46  120  -12  120  -12  20  0  0 L3P EA
G32 FF 61135 093000  780 548 1438      134083   -178           8     15   18  54   90    9   75   15   75   15  18  0  0 L3P C2
G02 FF 61135 094600  780 481 2060     -724512    -67           5     12   18  77   99  -12   89    6   89    6  15  0  0 L3P BC
G08 FF 61135 094600  780 488 2890    -4668612     31           1    -34   19  98   98    4   91   48   91   48  17  0  0 L3P EE
G10 FF 61135 094600  780 206 1267     5900000    -49          -1    -43   25  35  207   32  196  105  196  105  20  0  0 L3P 22
G27 FF 61135 094600  780 431 3384      942350    182          23     32   34  49  108   15  100    5  100    5  32  0  0 L3P C7
G28 FF 61135 094600  780 362  581     5625189    -96           9     -7   32 146  124  -13  134   25  134   25  27  0  0 L3P 13
G31 FF 61135 094600  780 274  273     1573166    -10          21     14   28  73  159  -31  149   -8  149   -8  23  0  0 L3P 03
G32 FF 61135 094600  780 473 1462      133908   -173          17     19   23  54  100   12   95   13   95   13  21  0  0 L3P DF
G01 FF 61135 100200  780 249 2168    -3040763     83          18      6   34  30  174  -40  132   22  132   22  32  0  0 L3P E3
G02 FF 61135 100200  780 557 2041     -724587    -67          -1     12   16  83   89   -9   97   24   97   24  14  0  0 L3P D1
G08 FF 61135 100200  780 454 3000    -4668543     63          13     -2   49  99  103    7  109   28  109   28  34  0  0 L3P F2
G27 FF 61135 100200  780 361 3433      942501    183          26     33   49  50  125   21  124   13  124   13  48  0  0 L3P E2
G28 FF 61135 100200  780 400  668     5625109    -88          13      0   26 147  114   -9  144   20  144   20  22  0  0 L3P DD
G31 FF 61135 100200  780 330  329     1573161      2          40     26   30  74  135  -21  148   -2  148   -2  24  0  0 L3P B7
G32 FF 61135 100200  780 401 1468      133723   -169          21     23   20  58  114   17  130   30  130   30  19  0  0 L3P DE
G01 FF 61135 101800  780 310 2145    -3040719     40         -12    -38   22  30  142  -27  170   39  170   39  17  0  0 L3P 11
G02 FF 61135 101800  780 636 2030     -724653    -61           8     18   10  83   82   -6  111    6  111    6   9  0  0 L3P 92
G03 FF 61135 101800  780 185 2464    -5148022    129          13    -10   36  14  229  -33  168   44  168   44  31  0  0 L3P 2D
G08 FF 61135 101800  780 410 3093    -4668488     65           7      0   21  99  112   11  144   40  144   40  16  0  0 L3P DE
G27 FF 61135 101800  780 293 3476      942663    230          44     80   26  50  150   32  158  -23  158  -23  21  0  0 L3P 14
G28 FF 61135 101800  780 430  767     5625035    -57          25     32   19 147  108   -5  153  -14  153  -14  16  0  0 L3P 1D
G31 FF 61135 101800  780 387  392     1573140     -7          42     17   22  74  118  -15  159    0  159    0  18  0  0 L3P C9
G32 FF 61135 101800  780 331 1462      133549   -141          31     51   25  58  134   25  170    2  170    2  20  0  0 L3P C3
G01 FF 61135 103400  780 375 2129    -3040620     84          12      7   27  30  121  -19  163   13  163   13  24  0  0 L3P E2
G02 FF 61135 103400  780 719 2036     -724722    -77          14      2   13  83   77   -4  121   16  121   16  11  0  0 L3P C4
G03 FF 61135 103400  780 212 2395    -5147895    139           7      1   29  14  202  -26  191   26  191   26  25  0  0 L3P 03
G04 FF 61135 103400  780 211 3088     -520099     12          49     28   45  64  203  -52  185   -8  185   -8  34  0  0 L3P FD
G08 FF 61135 103400  780 359 3172    -4668417     46          15    -19   15  99  125   16  174   60  174   60  12  0  0 L3P 25
G27 FF 61135 103400  780 229 3515      942811    216          48     66   30  50  188   50  204    7  204    7  23  0  0 L3P D4
G28 FF 61135 103400  780 447  875     5624944   -102          19    -13   21 147  105   -2  175   35  175   35  18  0  0 L3P 2A
G31 FF 61135 103400  780 441  467     1573105    -12          30     12   18  74  106  -10  177    7  177    7  14  0  0 L3P CD
G32 FF 61135 103400  780 265 1446      133355   -148          22     44   23  58  164   38  241   36  241   36  17  0  0 L3P 04
G01 FF 61135 105000  780 444 2122    -3040537     84          21      6   22  30  105  -14  163    1  163    1  17  0  0 L3P B0
G02 FF 61135 105000  780 803 2098     -724798    -84          14     -6   13  83   75   -2  136   16  136   16  12  0  0 L3P E9
G03 FF 61135 105000  780 241 2327    -5147748    116          21    -22   33  14  179  -21  201   23  201   23  31  0  0 L3P 0C
G04 FF 61135 105000  780 264 3031     -520134    -29          28    -13   33  64  165  -31  209   21  209   21  27  0  0 L3P FF
G08 FF 61135 105000  780 307 3241    -4668345    106          25     41   23  99  144   23  209   12  209   12  19  0  0 L3P 12
G28 FF 61135 105000  780 448  987     5624863   -118          23    -30   30 147  104    1  191   54  191   54  27  0  0 L3P 1D
G31 FF 61135 105000  780 491  557     1573088    -21          36      3   21  74   97   -7  182    8  182    8  18  0  0 L3P B7
G32 FF 61135 105000  780 203 1424      133165   -252          16    -60   36  58  211   61  322  158  322  158  29  0  0 L3P 25
G01 FF 61135 110600  780 516 2127    -3040467     78          17      1   19  30   94  -10  178   11  178   11  17  0  0 L3P E3
G02 FF 61135 110600  780 871 2724     -724882    -62           5     17   16  83   74    0  160    2  160    2  14  0  0 L3P 9C
G03 FF 61135 110600  780 271 2259    -5147627    159           8     20   40  14  161  -18  232    5  232    5  35  0  0 L3P E5
G04 FF 61135 110600  780 314 2965     -520148    -44          29    -28   22  64  141  -20  218   34  218   34  16  0  0 L3P 11
G08 FF 61135 110600  780 254 3301    -4668265     61          42     -4   47  99  171   33  246   58  246   58  40  0  0 L3P 15
G28 FF 61135 110600  780 433 1093     5624764    -92           9     -3   21 147  107    5  227   31  227   31  17  0  0 L3P EF
G31 FF 61135 110600  780 531  669     1573070     -4          40     20   24  74   92   -4  190   -2  190   -2  20  0  0 L3P AA
G01 FF 61135 112200  780 590 2150    -3040383     67          27    -11   16  30   86   -7  182   14  182   14  14  0  0 L3P E6
G02 FF 61135 112200  780 810 3509     -724936   -102          27    -24   39  83   75    2  160   38  160   38  39  0  0 L3P 00
G03 FF 61135 112200  780 303 2191    -5147479    152          24     13   30  14  145  -15  241    9  241    9  28  0  0 L3P F0
G04 FF 61135 112200  780 360 2888     -520155     -5          38     11   31  64  125  -13  219   -8  219   -8  23  0  0 L3P EA
G08 FF 61135 112200  780 203 3357    -4668212     86          33     21   43  99  210   50  312   49  312   49  35  0  0 L3P 06
G28 FF 61135 112200  780 404 1187     5624695    -42          25     47   20 147  113    9  249    7  249    7  17  0  0 L3P F4
G31 FF 61135 112200  780 556  800     1573054    -16          47      8   20  74   89   -2  201   12  201   12  17  0  0 L3P B4
G01 FF 61135 113800  780 663 2209    -3040309     66          26    -11   14  30   80   -5  183   11  183   11  12  0  0 L3P DF
G02 FF 61135 113800  780 723 3592     -725018    -86          19     -8   14  83   77    4  184   23  184   23  14  0  0 L3P E8
G03 FF 61135 113800  780 339 2123    -5147358    158          11     19   22  14  132  -13  263  -17  263  -17  18  0  0 L3P 39
G04 FF 61135 113800  780 400 2800     -520189    -14          19      1   26  64  114   -9  237    7  237    7  23  0  0 L3P BC
G28 FF 61135 113800  780 362 1264     5624610    -65          25     23   17 147  124   14  287   26  287   26  15  0  0 L3P 24
G31 FF 61135 113800  780 561  942     1573026    -20          43      4   20  74   89    1  217    7  217    7  19  0  0 L3P 9A
G01 FF 61135 115400  780 730 2340    -3040246     72          16     -5   15  30   77   -3  192    9  192    9  12  0  0 L3P B6
G02 FF 61135 115400  780 636   16     -725089    -87          24     -9   17  83   82    6  199   39  199   39  14  0  0 L3P DE
G03 FF 61135 115400  780 377 2053    -5147228    105           9    -33   25  14  120  -11  261   28  261   28  23  0  0 L3P 0F
G04 FF 61135 115400  780 433 2702     -520200    -39          31    -23   30  65  107   -6  234   22  234   22  23  0  0 L3P E2
G28 FF 61135 115400  780 312 1323     5624523    -57          24     32   28 147  142   22  332   28  332   28  23  0  0 L3P 0E
G31 FF 61135 115400  780 545 1076     1573001    -20          40      4   16  74   90    3  232   15  232   15  14  0  0 L3P B1
G01 FF 61135 121000  780 775 2621    -3040169     73          21     -5   13  31   75   -1  201   23  201   23  12  0  0 L3P BC
G02 FF 61135 121000  780 551   27     -725170    -70          12      9   19  85   90   10  233   29  233   29  15  0  0 L3P AB
G03 FF 61135 121000  780 418 1982    -5147098    138           7      0   19  15  110  -10  260   -5  260   -5  17  0  0 L3P E7
G04 FF 61135 121000  780 459 2596     -520227      8          18     24   19  66  102   -4  249  -19  249  -19  15  0  0 L3P 03
G09 FF 61135 121000  780 188 2807    -7621016     -5          17    -33   46  81  227  -42  379   14  379   14  43  0  0 L3P 29
G28 FF 61135 121000  780 257 1367     5624435    -79          15     10   25 148  169   36  401   64  401   64  20  0  0 L3P 1C
G31 FF 61135 121000  780 511 1189     1572983    -32          46     -8   21  78   94    6  253   38  253   38  19  0  0 L3P F0
G01 FF 61135 122600  780 768 3007    -3040098     63          18    -14   13  31   76    1  217   23  217   23  12  0  0 L3P DC
G02 FF 61135 122600  780 468   35     -725252   -108           6    -30   19  85  101   14  277   68  277   68  15  0  0 L3P F8
G03 FF 61135 122600  780 462 1907    -5146961    154          11     15   16  15  102   -8  261  -15  261  -15  15  0  0 L3P 1E
G04 FF 61135 122600  780 477 2483     -520238    -12          23      4   20  66   99   -2  255   10  255   10  17  0  0 L3P CE
G09 FF 61135 122600  780 221 2736    -7621032   -284         -26   -312   46  81  194  -28  419  312  419  312  41  0  0 L3P 86
G26 FF 61135 122600  780 196  816     3498537     56          14      7   37  10  218  -21  510  -12  510  -12  30  0  0 L3P F6
G28 FF 61135 122600  780 199 1397     5624365    -89          31      0   37 148  215   62  478  111  478  111  28  0  0 L3P 4B
G31 FF 61135 122600  780 464 1275     1572958    -26          43     -2   31  78  102    9  287   35  287   35  31  0  0 L3P 02
G01 FF 61135 124200  780 714 3254    -3040013     97          29     20   24  31   78    3  225   -1  225   -1  19  0  0 L3P BE
G02 FF 61135 124200  780 389   44     -725324   -111           9    -32   18  85  117   20  320   86  320   86  13  0  0 L3P E2
G03 FF 61135 124200  780 508 1825    -5146815    163          24     24   16  15   95   -7  250  -14  250  -14  14  0  0 L3P 11
G04 FF 61135 124200  780 488 2366     -520248      6          28     22   18  66   98   -1  260  -11  260  -11  16  0  0 L3P E2
G09 FF 61135 124200  780 252 2662    -7620954    177          26    150   45  81  172  -19  371 -152  371 -152  40  0  0 L3P 7E
G26 FF 61135 124200  780 212  890     3498618     76          49     27   33  10  202  -12  482  -16  482  -16  27  0  0 L3P 1A
G31 FF 61135 124200  780 409 1336     1572950    -13          58     11   29  78  112   14  315   29  315   29  24  0  0 L3P 06
G01 FF 61135 125800  780 642 3375    -3039941     63          26    -14   25  31   82    5  250   47  250   47  23  0  0 L3P F0
G02 FF 61135 125800  780 314   54     -725403   -114           5    -36   23  85  141   31  390  123  390  123  18  0  0 L3P FD
G03 FF 61135 125800  780 556 1731    -5146692    150          14     11   15  15   89   -5  261   -9  261   -9  12  0  0 L3P FB
G04 FF 61135 125800  780 493 2249     -520264    -12          27      4   18  66   97    0  265    1  265    1  15  0  0 L3P AA
G09 FF 61135 125800  780 280 2585    -7620936     39          18     12   21  81  156  -14  374  -21  374  -21  18  0  0 L3P 3D
G16 FF 61135 125800  780 195  640    -2393075    -33          37     39   56   5  219  -36  528  -46  528  -46  52  0  0 L3P 39
G26 FF 61135 125800  780 222  965     3498648     51          31      2   32  10  193   -5  502   14  502   14  27  0  0 L3P CF
G31 FF 61135 125800  780 349 1377     1572923    -55          55    -31   22  78  128   20  366   88  366   88  18  0  0 L3P 3D
G01 FF 61135 131400  780 565 3442    -3039875    121          18     44   39  31   88    8  291   -7  291   -7  39  0  0 L3P 01
G02 FF 61135 131400  780 243   67     -725475    -97           9    -18   35  85  178   49  487  153  487  153  29  0  0 L3P 2E
G03 FF 61135 131400  780 603 1618    -5146553    124          19    -15   12  15   85   -4  259   15  259   15  10  0  0 L3P 08
G04 FF 61135 131400  780 492 2134     -520275    -22          32     -6   21  66   97    0  270   13  270   13  19  0  0 L3P C5
G09 FF 61135 131400  780 306 2506    -7620903     43          25     15   26  81  144  -11  364  -22  364  -22  22  0  0 L3P 1E
G16 FF 61135 131400  780 226  710    -2393170   -144          12    -72   27   5  190  -24  537   22  537   22  24  0  0 L3P 0F
G26 FF 61135 131400  780 223 1040     3498724     24          60    -25   35  10  192    2  478   27  478   27  34  0  0 L3P F9
G31 FF 61135 131400  780 288 1402     1572901    -16          55      8   23  78  152   31  424   63  424   63  18  0  0 L3P F5
G01 FF 61135 133000  780 487 3486    -3039791     86          28      8   35  31   98   12  322   45  322   45  32  0  0 L3P F3
G03 FF 61135 133000  780 645 1474    -5146421    134          19     -4   11  15   81   -3  261    2  261    2  10  0  0 L3P B9
G04 FF 61135 133000  780 488 2021     -520299     -2          23     13   20  66   98    1  285   -7  285   -7  16  0  0 L3P C2
G07 FF 61135 133000  780 241 3207     1694926     58          57     13   21  99  180  -45  469  -38  469  -38  16  0  0 L3P 45
G09 FF 61135 133000  780 329 2424    -7620874     57          28     30   30  81  135   -9  354  -26  354  -26  25  0  0 L3P 27
G16 FF 61135 133000  780 253  785    -2393217   -144          33    -73   40   5  171  -16  499   59  499   59  37  0  0 L3P 40
G26 FF 61135 133000  780 216 1113     3498744     38          34    -11   27  10  198   11  524   31  524   31  20  0  0 L3P F5
G31 FF 61135 133000  780 226 1414     1572889    -99          34    -75   35   1  191   50  482  146  482  146  29  0  0 L3P 3D
G01 FF 61135 134600  780 412 3518    -3039723     82          22      4   20  31  112   17  388   61  388   61  16  0  0 L3P EF
G03 FF 61135 134600  780 676 1289    -5146297    151          10     12   15  15   80   -1  276    4  276    4  12  0  0 L3P DE
G04 FF 61135 134600  780 481 1912     -520313     26          24     42   19  66   99    1  298  -24  298  -24  16  0  0 L3P F8
G07 FF 61135 134600  780 303 3165     1694970     75          58     29   19  99  145  -28  439  -52  439  -52  17  0  0 L3P 50
G09 FF 61135 134600  780 352 2341    -7620850     41          26     14   21  81  127   -7  355  -16  355  -16  18  0  0 L3P 1C
G16 FF 61135 134600  780 274  864    -2393322    -26          -3     45   28   5  159   -9  520  -38  520  -38  23  0  0 L3P 0F
G26 FF 61135 134600  780 199 1182     3498784     76          26     28   20  10  214   22  567   13  567   13  16  0  0 L3P 11
G01 FF 61135 140200  780 339 3546    -3039630     96          39     18   23  32  132   25  458   79  458   79  20  0  0 L3P 1E
G03 FF 61135 140200  780 687 1066    -5146159    130          17     -9   15  17   79    0  286   29  286   29  13  0  0 L3P 03
G04 FF 61135 140200  780 472 1807     -520328     -6          27     10   28  67  100    2  315    9  315    9  22  0  0 L3P A9
G06 FF 61135 140200  780 207 2306     6116840    -43          49    -30   34  85  207  -37  445   16  445   16  29  0  0 L3P 24
G07 FF 61135 140200  780 364 3111     1695016     58          61     12   25 103  124  -18  409  -41  409  -41  18  0  0 L3P 24
G09 FF 61135 140200  780 374 2257    -7620812     32          39      5   19  82  121   -6  341   -4  341   -4  15  0  0 L3P DF
G16 FF 61135 140200  780 286  945    -2393354    -21          31     51   35  86  153   -4  485  -37  485  -37  31  0  0 L3P 29
G01 FF 61135 141800  780 269 3573    -3039550     50          44    -27   23  32  162   39  568  163  568  163  17  0  0 L3P 4D
G03 FF 61135 141800  780 671  844    -5146026    137          16     -1   15  17   80    2  306   21  306   21  14  0  0 L3P CA
G04 FF 61135 141800  780 462 1704     -520337     -7          32      9   24  67  102    2  332   20  332   20  22  0  0 L3P AE
G06 FF 61135 141800  780 240 2372     6116821    -43          42    -30   34  85  180  -21  455   41  455   41  28  0  0 L3P 19
G07 FF 61135 141800  780 424 3043     1695041     15          23    -30   27   4  109  -12  398    7  398    7  19  0  0 L3P E6
G09 FF 61135 141800  780 396 2171    -7620784     62          40     35   34  82  115   -6  346  -25  346  -25  31  0  0 L3P 29
G16 FF 61135 141800  780 289 1028    -2393422   -159          32    -87   26  86  151    1  488   87  488   87  20  0  0 L3P 4D
G01 FF 61135 143400  780 204    0    -3039487     54          33    -23   24  32  210   63  741  210  741  210  16  0  0 L3P E0
G03 FF 61135 143400  780 632  661    -5145897    129          12    -10   20  17   82    4  334   34  334   34  18  0  0 L3P EC
G04 FF 61135 143400  780 452 1603     -520345     26          40     42   27  67  103    2  347  -11  347  -11  25  0  0 L3P E5
G06 FF 61135 143400  780 264 2448     6116812    -25          45    -12   22  85  165  -11  470   35  470   35  19  0  0 L3P 23
G07 FF 61135 143400  780 479 2957     1695098     48          36      3   18   4   99   -8  376  -13  376  -13  13  0  0 L3P 07
G09 FF 61135 143400  780 418 2084    -7620760     83          37     55   25  82  110   -5  360  -41  360  -41  20  0  0 L3P 16
G16 FF 61135 143400  780 282 1108    -2393496    -64          26      8   46  86  155    7  507   16  507   16  41  0  0 L3P 07
G03 FF 61135 145000  780 577  528    -5145761    157          15     18   16  17   87    6  367   37  367   37  14  0  0 L3P 03
G04 FF 61135 145000  780 441 1504     -520375    -26          24    -10   21  67  105    2  384   41  384   41  18  0  0 L3P E7
G06 FF 61135 145000  780 276 2530     6116800    -18          45     -6   20  85  158   -4  500   39  500   39  17  0  0 L3P FA
G07 FF 61135 145000  780 527 2851     1695129     49          24      3   14   4   92   -6  379    2  379    2  11  0  0 L3P AA
G09 FF 61135 145000  780 441 1994    -7620741     64          30     37   19  82  105   -5  375  -12  375  -12  16  0  0 L3P 24
G16 FF 61135 145000  780 263 1183    -2393563    -42          28     29   28  86  165   14  533   22  533   22  23  0  0 L3P 1A
G30 FF 61135 145000  780 206 3015    -1770585   -125          49      7   34  47  208  -50  689  -65  689  -65  29  0  0 L3P 5D
G03 FF 61135 150600  780 512  433    -5145642    138           1     -1   19  17   94    9  430   61  430   61  17  0  0 L3P C1
G04 FF 61135 150600  780 429 1406     -520409    -16           7      0   19  67  108    3  430   28  430   28  14  0  0 L3P C1
G06 FF 61135 150600  780 277 2616     6116779    -26          36    -14   25  85  158    3  552   65  552   65  18  0  0 L3P 23
G07 FF 61135 150600  780 565 2721     1695195     41          45     -5   13   4   88   -3  367    9  367    9  12  0  0 L3P C1
G09 FF 61135 150600  780 464 1900    -7620728      7          18    -20   19  82  101   -4  396   34  396   34  18  0  0 L3P 0C
G16 FF 61135 150600  780 235 1250    -2393637   -153          22    -81   28  86  183   24  585  129  585  129  23  0  0 L3P 6F
G30 FF 61135 150600  780 255 2956    -1770718   -120          42     12   23  47  170  -30  644  -55  644  -55  20  0  0 L3P 4B
G03 FF 61135 152200  780 443  365    -5145514    110          -4    -29   19  17  105   14  500  109  500  109  15  0  0 L3P 19
G04 FF 61135 152200  780 416 1309     -520410    -23          21     -7   23  67  111    3  445   31  445   31  18  0  0 L3P CC
G06 FF 61135 152200  780 267 2702     6116733    -22           2    -10   32  85  163    9  647   78  647   78  28  0  0 L3P 06
G07 FF 61135 152200  780 591 2570     1695228     18          35    -28   17   4   86   -2  381   32  381   32  12  0  0 L3P E6
G09 FF 61135 152200  780 488 1802    -7620700     -3          19    -30   21  82   98   -4  408   29  408   29  17  0  0 L3P 05
G16 FF 61135 152200  780 199 1308    -2393706   -131          23    -59   37  86  214   42  656  139  656  139  26  0  0 L3P 77
G30 FF 61135 152200  780 300 2888    -1770842   -147          45    -15   25  47  147  -20  596  -22  596  -22  22  0  0 L3P 65
G03 FF 61135 153800  780 371  316    -5145374    108           3    -30   22  17  122   21  588  141  588  141  18  0  0 L3P 23
G04 FF 61135 153800  780 401 1214     -520447    -31          -1    -15   17  67  114    4  494   62  494   62  13  0  0 L3P ED
G06 FF 61135 153800  780 247 2784     6116768     32          49     45   33  85  175   16  688   72  688   72  28  0  0 L3P 37
G07 FF 61135 153800  780 601 2405     1695254     25          18    -21   16   4   85    0  401   35  401   35  15  0  0 L3P C3
G09 FF 61135 153800  780 511 1697    -7620681     31          12      3   13  82   94   -3  422    5  422    5  11  0  0 L3P B5
G30 FF 61135 153800  780 342 2811    -1770977   -147          36    -15   20  47  131  -14  572  -18  572  -18  18  0  0 L3P 67
G03 FF 61135 155400  780 300  280    -5145240    137           3     -2   27  17  147   33  726  183  726  183  22  0  0 L3P 0C
G04 FF 61135 155400  780 383 1120     -520449     -1          12     15   18  67  118    5  526   28  526   28  15  0  0 L3P DB
G06 FF 61135 155400  780 220 2862     6116748    -33          40    -20   31  85  195   25  824  173  824  173  26  0  0 L3P 44
G07 FF 61135 155400  780 595 2241     1695306     39          26     -6   13   4   85    1  414   33  414   33  12  0  0 L3P BF
G09 FF 61135 155400  780 532 1584    -7620648     68          19     41   13  82   92   -2  436  -18  436  -18  11  0  0 L3P 20
G30 FF 61135 155400  780 379 2727    -1771110   -115          30     17   23  47  120  -10  571  -21  571  -21  20  0  0 L3P 33
G03 FF 61135 161000  780 228  256    -5145110    255           2    117   30  18  189   57  950  194  950  194  20  0  0 L3P 2E
G04 FF 61135 161000  780 361 1029     -520469    -35           9    -19   22  68  124    7  570   68  570   68  21  0  0 L3P F6
G06 FF 61135 161000  780 189 2935     6116738    -25          42    -12   41  87  225   39  985  181  985  181  31  0  0 L3P 5B
G07 FF 61135 161000  780 578 2089     1695357     54          30      9   16  32   87    2  435   24  435   24  13  0  0 L3P D5
G09 FF 61135 161000  780 549 1461    -7620621     34          16      7   13  83   90   -2  449    4  449    4  11  0  0 L3P BD
G14 FF 61135 161000  780 251 3392    -7421556    -46           1    -31   30  50  173  -47  916  -75  916  -75  22  0  0 L3P 3C
G30 FF 61135 161000  780 410 2634    -1771242   -173          30    -42   14  70  112   -7  573   51  573   51  11  0  0 L3P 13
G04 FF 61135 162600  780 336  941     -520482    -62          11    -46   20  68  133   10  620  103  620  103  18  0  0 L3P 07
G07 FF 61135 162600  780 551 1953     1695397     65          26     20   15  32   90    3  465    4  465    4  14  0  0 L3P C3
G09 FF 61135 162600  780 560 1329    -7620594    -13          16    -40   19  83   89   -1  463   51  463   51  16  0  0 L3P 1B
G14 FF 61135 162600  780 322 3381    -7421547      9          25     24   50  50  138  -29  808 -118  808 -118  43  0  0 L3P 4F
G30 FF 61135 162600  780 436 2535    -1771351   -147          47    -16   23  70  106   -5  559   -1  559   -1  20  0  0 L3P 26
G04 FF 61135 164200  780 306  858     -520479     -3          30     13   29  68  144   14  673   79  673   79  23  0  0 L3P FB
G07 FF 61135 164200  780 520 1834     1695443     50          29      5   14  32   93    4  481    9  481    9  13  0  0 L3P AB
G09 FF 61135 164200  780 562 1189    -7620558     12          26    -15   15  83   88    0  466   24  466   24  14  0  0 L3P 05
G14 FF 61135 164200  780 396 3361    -7421556    -13          30      2   24  50  115  -19  726  -82  726  -82  22  0  0 L3P 2C
G21 FF 61135 164200  780 234 2235    -4132000    -44          43    -27   40  49  184  -42  741  -10  741  -10  37  0  0 L3P 2E
G22 FF 61135 164200  780 228 3357      233053    -92          12    -33   41  96  189  -54 1029    0 1029    0  38  0  0 L3P 0D
G30 FF 61135 164200  780 457 2430    -1771485   -124          40      8   17  70  103   -3  559   -7  559   -7  14  0  0 L3P 0E
G04 FF 61135 165800  780 273  781     -520518      7           6     23   36  68  160   20  769   51  769   51  30  0  0 L3P D4
G07 FF 61135 165800  780 486 1728     1695479     55          21     10   14  32   98    5  502   15  502   15  11  0  0 L3P E3
G08 FF 61135 165800  780 178 1022    -4666911    113          34     49   45   9  238   -4  837  -91  837  -91  37  0  0 L3P 45
G09 FF 61135 165800  780 553 1049    -7620529     30          30      3   19  83   89    2  475    9  475    9  17  0  0 L3P D0
G14 FF 61135 165800  780 472 3332    -7421569    -77          31    -62   42  50  100  -13  652  -13  652  -13  39  0  0 L3P 4A
G21 FF 61135 165800  780 288 2280    -4132031    -47          28    -30   29  49  152  -26  716   -4  716   -4  24  0  0 L3P 2C
G22 FF 61135 165800  780 296 3339      232992    -76           7    -17   22  96  149  -33  951 -122  951 -122  20  0  0 L3P 55
G30 FF 61135 165800  780 472 2322    -1771615   -149          36    -18   20  70  100   -2  554    6  554    6  17  0  0 L3P 0A
G04 FF 61135 171400  780 235  709     -520538     24           2     40   44  68  184   30  869   88  869   88  34  0  0 L3P F7
G07 FF 61135 171400  780 452 1631     1695534     60          32     15   16  32  103    6  511   13  511   13  15  0  0 L3P CF
G08 FF 61135 171400  780 177 1094    -4666840     85          43     20   38   9  239    7  803  -12  803  -12  34  0  0 L3P 0E
G09 FF 61135 171400  780 533  916    -7620508     41          24     13   21  83   92    3  503   16  503   16  18  0  0 L3P CD
G14 FF 61135 171400  780 549 3287    -7421585     -7          29      8   20  50   90   -9  594  -49  594  -49  18  0  0 L3P 24
G21 FF 61135 171400  780 335 2339    -4132054    -17          21      0   25  49  133  -16  701   -9  701   -9  24  0  0 L3P F6
G22 FF 61135 171400  780 365 3312      232949   -111          22    -52   39  96  124  -21  828  -70  828  -70  37  0  0 L3P 46
G30 FF 61135 171400  780 482 2211    -1771746   -140          32     -8   14  70   98   -1  549    1  549    1  13  0  0 L3P E4
G04 FF 61135 173000  780 193  644     -520542    -77          13    -61   35  68  221   49  985  216  985  216  34  0  0 L3P 3A
G07 FF 61135 173000  780 419 1541     1695572     69          27     23   14  32  110    7  539    8  539    8  13  0  0 L3P D5
G09 FF 61135 173000  780 501  796    -7620483     51          22     24   18  83   96    5  542   20  542   20  16  0  0 L3P D5
G14 FF 61135 173000  780 624 3218    -7421604    -28          25    -13   20  50   83   -6  554  -30  554  -30  17  0  0 L3P 18
G21 FF 61135 173000  780 375 2415    -4132073     14          19     31   26  49  121  -10  697  -36  697  -36  22  0  0 L3P 31
G22 FF 61135 173000  780 435 3274      232881    -98          10    -38   22  96  107  -14  737  -51  737  -51  17  0  0 L3P 38
G30 FF 61135 173000  780 489 2100    -1771871   -112          33     20   24  70   97   -1  538  -23  538  -23  21  0  0 L3P 1F
G05 FF 61135 174600  780 188 2295     2313435      0          56     -6   36  75  226  -44  959  -13  959  -13  30  0  0 L3P 25
G07 FF 61135 174600  780 387 1455     1695616     64          27     19   15  32  117    8  564   12  564   12  13  0  0 L3P FE
G09 FF 61135 174600  780 460  692    -7620450      2          29    -25   23  83  102    8  576   74  576   74  20  0  0 L3P F4
G14 FF 61135 174600  780 696 3103    -7421625     -4          18     10   14  50   79   -4  524  -50  524  -50  12  0  0 L3P FF
G21 FF 61135 174600  780 402 2504    -4132085      4          23     21   20  49  114   -5  696  -14  696  -14  16  0  0 L3P 03
G22 FF 61135 174600  780 504 3220      232818    -39           3     20   14  96   95  -10  667  -90  667  -90  12  0  0 L3P 02
G30 FF 61135 174600  780 492 1989    -1772003   -175          28    -43   18  70   97    0  531   20  531   20  14  0  0 L3P 14
G05 FF 61135 180200  780 221 2357     2313444    -12          63    -17   30  79  194  -25  939   14  939   14  24  0  0 L3P 29
G07 FF 61135 180200  780 357 1373     1695669     -3          34    -49   16  53  126    9  575   47  575   47  14  0  0 L3P 19
G09 FF 61135 180200  780 412  604    -7620422     40          28     13   30  84  112   12  631   56  631   56  27  0  0 L3P E5
G14 FF 61135 180200  780 755 2893    -7421630      5          23     20   16  51   76   -2  493  -34  493  -34  13  0  0 L3P FD
G17 FF 61135 180200  780 228  132     1056628    133          46     39   33 110  189  -46 1162 -163 1162 -163  28  0  0 L3P 7C
G21 FF 61135 180200  780 416 2605    -4132099    -35          23    -18   29  50  111   -1  708   40  708   40  25  0  0 L3P 0E
G22 FF 61135 180200  780 572 3144      232768    -68           9     -9   19  98   87   -7  601  -41  601  -41  17  0  0 L3P F8
G30 FF 61135 180200  780 493 1878    -1772130   -129          28      3   12  79   97    0  516  -19  516  -19  11  0  0 L3P 1A
G05 FF 61135 181800  780 246 2429     2313445    -18          58    -24   31  79  176  -13  946   23  946   23  26  0  0 L3P 3C
G07 FF 61135 181800  780 328 1293     1695709     34          31    -12   22  53  135   11  586    5  586    5  16  0  0 L3P F4
G09 FF 61135 181800  780 358  531    -7620402     33          21      6   34  84  126   18  720   92  720   92  25  0  0 L3P EA
G14 FF 61135 181800  780 781 2534    -7421636    -16          31     -1   11  51   75    0  468  -22  468  -22  10  0  0 L3P 01
G17 FF 61135 181800  780 287  173     1056691     95          19      2   46 110  153  -31 1014 -189 1014 -189  39  0  0 L3P 69
G21 FF 61135 181800  780 414 2710    -4132118    -49          21    -32   24  50  111    2  738   60  738   60  21  0  0 L3P FC
G22 FF 61135 181800  780 634 3034      232715    -42          12     17   12  98   82   -4  546  -54  546  -54  11  0  0 L3P FB
G30 FF 61135 181800  780 492 1769    -1772257   -129          28      3   17  79   97    0  503  -15  503  -15  14  0  0 L3P 21
G05 FF 61135 183400  780 260 2507     2313460      9          68      4   30  79  167   -5  950   22  950   22  26  0  0 L3P D9
G07 FF 61135 183400  780 299 1216     1695738     19          16    -27   16  53  147   13  615   38  615   38  13  0  0 L3P 25
G09 FF 61135 183400  780 300  472    -7620373     81          24     53   34  84  147   27  846  134  846  134  29  0  0 L3P 31
G13 FF 61135 183400  780 218 2164    -6807542     -8          54    -23   33  42  197  -52  838 -127  838 -127  26  0  0 L3P 77
G14 FF 61135 183400  780 759 2169    -7421658      4          23     19   11  51   76    1  461  -31  461  -31  11  0  0 L3P EE
G17 FF 61135 183400  780 349  216     1056795     94          34      1   37 110  128  -21  846 -134  846 -134  33  0  0 L3P 43
G21 FF 61135 183400  780 399 2813    -4132133     -9          22      8   27  50  115    5  789   65  789   65  24  0  0 L3P FD
G22 FF 61135 183400  780 685 2872      232664    -54          18      5   17  98   79   -2  509  -34  509  -34  13  0  0 L3P 06
G30 FF 61135 183400  780 489 1660    -1772388   -131          24      1   19  79   97    1  491   -6  491   -6  16  0  0 L3P 04
G05 FF 61135 185000  780 263 2589     2313449    -44          51    -50   25  79  165    1 1008  111 1008  111  22  0  0 L3P 3E
G07 FF 61135 185000  780 271 1140     1695816     39          50     -7   30  53  160   16  604   13  604   13  28  0  0 L3P EE
G09 FF 61135 185000  780 239  423    -7620327     37          44     10   27  84  181   45 1036  241 1036  241  22  0  0 L3P 38
G13 FF 61135 185000  780 279 2146    -6807526     12          56     -3   34  42  157  -33  708 -131  708 -131  27  0  0 L3P 57
G14 FF 61135 185000  780 707 1947    -7421666    -27          29    -12   20  51   78    3  442   -5  442   -5  17  0  0 L3P FF
G17 FF 61135 185000  780 413  266     1056884     82          33    -11   16 110  111  -15  717 -114  717 -114  11  0  0 L3P 41
G19 FF 61135 185000  780 228   20    -6961322    -30          62    -18   23  92  189  -53 1113  -18 1113  -18  19  0  0 L3P 48
G20 FF 61135 185000  780 234 2175     -924797   -205          53     -4   37 117  185  -49  800 -151  800 -151  33  0  0 L3P 72
G21 FF 61135 185000  780 371 2908    -4132141     -8          31      9   22  50  122    9  866   97  866   97  17  0  0 L3P F6
G22 FF 61135 185000  780 716 2643      232614    -45          25     14   15  98   78   -1  478  -35  478  -35  12  0  0 L3P 0B
G30 FF 61135 185000  780 485 1552    -1772506   -170          32    -38   16  79   98    1  467   22  467   22  14  0  0 L3P 23
G05 FF 61135 190600  780 255 2672     2313507     69         104     63   23  79  170    8 1039   44 1039   44  18  0  0 L3P 2D
G07 FF 61135 190600  780 244 1066     1695857    113          47     67   49  53  177   20  620  -30  620  -30  41  0  0 L3P 30
G13 FF 61135 190600  780 343 2135    -6807519    -21          48    -36   16  42  130  -23  611  -73  611  -73  14  0  0 L3P 43
G14 FF 61135 190600  780 645 1816    -7421679      1          30     16   19  51   81    4  425  -39  425  -39  17  0  0 L3P FE
G17 FF 61135 190600  780 477  327     1056966    114          25     21   13 110   99  -10  621 -117  621 -117  11  0  0 L3P 3E
G19 FF 61135 190600  780 296   50    -6961342    -85          54    -72   23  92  149  -33 1021 -113 1021 -113  19  0  0 L3P 6D
G20 FF 61135 190600  780 298 2179     -925016   -170          28     31   28 117  147  -30  694 -134  694 -134  24  0  0 L3P 85
G21 FF 61135 190600  780 335 2993    -4132155    -30          33    -13   18  50  133   14  975  126  975  126  14  0  0 L3P 4A
G22 FF 61135 190600  780 717 2379      232567    -29          35     30   18  98   77    1  443  -61  443  -61  15  0  0 L3P 02
G30 FF 61135 190600  780 477 1444    -1772615   -152          50    -20   28  79   99    1  429    3  429    3  26  0  0 L3P FF
G05 FF 61135 192200  780 239 2753     2313505   -142          96   -148   39  79  181   15 1164  282 1164  282  40  0  0 L3P 93
G07 FF 61135 192200  780 215  993     1695918     16          64    -29   32  53  199   26  623   46  623   46  29  0  0 L3P 20
G13 FF 61135 192200  780 410 2135    -6807490    -11          63    -26   20  42  112  -16  515  -60  515  -60  18  0  0 L3P 34
G14 FF 61135 192200  780 583 1725    -7421698     21          26     36   17  51   86    6  414  -33  414  -33  15  0  0 L3P 09
G17 FF 61135 192200  780 540  408     1057059    107          29     14   16 110   91   -7  534  -84  534  -84  13  0  0 L3P 14
G19 FF 61135 192200  780 367   80    -6961350    -17          58     -5   24  92  123  -22  836 -178  836 -178  19  0  0 L3P 5E
G20 FF 61135 192200  780 365 2196     -925205   -201          32      1   26 117  124  -20  591  -89  591  -89  24  0  0 L3P 42
G21 FF 61135 192200  780 294 3069    -4132168      5          36     22   47  50  149   21 1061   37 1061   37  34  0  0 L3P 17
G22 FF 61135 192200  780 690 2149      232506    -88          30    -29   14  98   79    2  424    1  424    1  12  0  0 L3P BD
G30 FF 61135 192200  780 467 1338    -1772754    -76          37     56   28  79  101    2  424  -77  424  -77  25  0  0 L3P 3E
G05 FF 61135 193800  780 215 2831     2313462      0          48     -5   41  79  199   24 1280  -13 1280  -13  33  0  0 L3P 20
G07 FF 61135 193800  780 186  924     1695945     27          48    -18   44  53  228   36  649   26  649   26  38  0  0 L3P 33
G13 FF 61135 193800  780 480 2147    -6807499      5          40     -9   18  42   99  -11  473  -51  473  -51  16  0  0 L3P 24
G14 FF 61135 193800  780 522 1653    -7421717    -29          21    -14   16  51   93    8  401   -5  401   -5  12  0  0 L3P EC
G15 FF 61135 193800  780 194 2220    -4005218    -18          68     15   46  85  220  -61  773 -195  773 -195  39  0  0 L3P 80
G17 FF 61135 193800  780 595  518     1057136     86          16     -8   16 110   85   -5  470  -56  470  -56  14  0  0 L3P 13
G19 FF 61135 193800  780 442  114    -6961375    -26          45    -14   28  92  105  -15  680 -140  680 -140  27  0  0 L3P 69
G20 FF 61135 193800  780 430 2228     -925413   -189          17     12   22 117  108  -14  533  -76  533  -76  18  0  0 L3P 57
G21 FF 61135 193800  780 250 3137    -4132192    -19          29     -2   30  50  173   30 1085    4 1085    4  24  0  0 L3P 02
G22 FF 61135 193800  780 646 1979      232453    -78          34    -19   17  98   81    3  393  -16  393  -16  15  0  0 L3P 22
G30 FF 61135 193800  780 454 1233    -1772915    -96           2     36   13  79  103    3  442  -50  442  -50  11  0  0 L3P 08
G05 FF 61135 195400  780 186 2904     2313476     53          57     47   32  79  229   37 1229  -88 1229  -88  25  0  0 L3P 69
G13 FF 61135 195400  780 551 2180    -6807477      9          48     -6   15  42   90   -8  421  -38  421  -38  13  0  0 L3P 06
G14 FF 61135 195400  780 463 1589    -7421720      9          32     23   23  51  102   10  382  -34  382  -34  22  0  0 L3P 09
G15 FF 61135 195400  780 248 2251    -4005260    -72          57    -39   34  85  175  -36  671  -50  671  -50  31  0  0 L3P 56
G17 FF 61135 195400  780 636  671     1057234     84          24    -10   13 110   82   -2  406  -41  406  -41  12  0  0 L3P F9
G19 FF 61135 195400  780 520  156    -6961396    -31          36    -19   16  92   93  -10  558 -106  558 -106  14  0  0 L3P 64
G20 FF 61135 195400  780 494 2282     -925592   -206          31     -4   16 117   97   -9  477  -40  477  -40  14  0  0 L3P 3D
G21 FF 61135 195400  780 205 3200    -4132205     28          32     45   32  50  208   43 1093  -43 1093  -43  27  0  0 L3P 2F
G22 FF 61135 195400  780 595 1854      232384    -35          22     25   14  98   85    5  378  -49  378  -49  14  0  0 L3P 18
G30 FF 61135 195400  780 437 1131    -1773012   -153          33    -21   19  79  106    4  396    4  396    4  17  0  0 L3P 02
G13 FF 61135 201000  780 620 2246    -6807459     22          46      7   19  68   83   -5  385  -40  385  -40  17  0  0 L3P 06
G14 FF 61135 201000  780 409 1530    -7421747    -26          20    -12   15  52  112   12  368   -8  368   -8  13  0  0 L3P 07
G15 FF 61135 201000  780 298 2295    -4005308    -13          46     20   24  86  147  -22  611  -83  611  -83  22  0  0 L3P 32
G17 FF 61135 201000  780 653  861     1057322    103          24     10   17 111   81    0  363  -48  363  -48  16  0  0 L3P ED
G19 FF 61135 201000  780 597  217    -6961401      2          41     14   18  93   85   -7  462  -84  462  -84  14  0  0 L3P F6
G20 FF 61135 201000  780 550 2366     -925786   -192          34     10   16 118   90   -6  446  -38  446  -38  15  0  0 L3P 33
G22 FF 61135 201000  780 542 1755      232344    -64          32     -5   14 102   91    6  344  -16  344  -16  13  0  0 L3P DF
G30 FF 61135 201000  780 415 1033    -1773158   -104          18     27   26  81  111    5  400  -31  400  -31  25  0  0 L3P 03
G13 FF 61135 202600  780 682 2370    -6807449     10          42     -5   16  68   79   -3  363  -13  363  -13  15  0  0 L3P 0C
G14 FF 61135 202600  780 358 1473    -7421765    -57          16    -42   24  52  125   15  349   12  349   12  18  0  0 L3P 29
G15 FF 61135 202600  780 343 2353    -4005333    -34          52     -1   24  86  130  -14  545  -47  545  -47  23  0  0 L3P 2B
G17 FF 61135 202600  780 639 1051     1057412     90          25     -3   12 111   82    2  325  -29  325  -29   9  0  0 L3P DF
G19 FF 61135 202600  780 672  317    -6961416    -28          38    -16   18  93   80   -4  394  -61  394  -61  16  0  0 L3P 30
G20 FF 61135 202600  780 594 2488     -925976   -220          37    -19   15 118   85   -3  421    0  421    0  14  0  0 L3P FA
G22 FF 61135 202600  780 489 1672      232285    -89          30    -30   19 102   97    8  323   -7  323   -7  17  0  0 L3P F0
G30 FF 61135 202600  780 389  940    -1773277   -118          25     14   17  81  117    8  388   -7  388   -7  15  0  0 L3P 17
G13 FF 61135 204200  780 723 2585    -6807437     22          40      7   16  68   77   -1  352   -6  352   -6  14  0  0 L3P DC
G14 FF 61135 204200  780 311 1416    -7421771      3          24     18   26  52  142   19  314  -44  314  -44  21  0  0 L3P F8
G15 FF 61135 204200  780 380 2426    -4005370    -31          47      2   15  86  119   -9  505  -30  505  -30  15  0  0 L3P 05
G17 FF 61135 204200  780 600 1202     1057499     90          21     -3   13 111   85    4  296  -27  296  -27  13  0  0 L3P F5
G19 FF 61135 204200  780 733  501    -6961437      7          30     20   28  93   77   -2  339  -66  339  -66  18  0  0 L3P FF
G20 FF 61135 204200  780 618 2647     -926166   -301          41    -99   36 118   83   -1  410   60  410   60  22  0  0 L3P 13
G22 FF 61135 204200  780 439 1597      232230    -82          31    -23   27 102  106   10  293    3  293    3  24  0  0 L3P D8
G30 FF 61135 204200  780 357  853    -1773394   -177          35    -45   23  81  126   11  390   52  390   52  22  0  0 L3P 27
G06 FF 61135 205800  780 202  399     6116513     41          30     54   39  91  211  -47  959 -261  959 -261  31  0  0 L3P 47
G13 FF 61135 205800  780 725 2869    -6807424     18          29      2   12  50   77    1  357   10  357   10   9  0  0 L3P CD
G14 FF 61135 205800  780 268 1360    -7421801    -59           9    -45   26  52  163   24  301    8  301    8  19  0  0 L3P EE
G15 FF 61135 205800  780 407 2513    -4005409    -49          40    -16   17  86  113   -5  498   17  498   17  15  0  0 L3P 2E
G17 FF 61135 205800  780 543 1304     1057577     73          11    -20   21 111   91    7  278  -16  278  -16  19  0  0 L3P 12
G19 FF 61135 205800  780 761  818    -6961468    -83          10    -70   23  93   76    0  302   -1  302   -1  17  0  0 L3P E7
G20 FF 61135 205800  780 615 2822     -926366   -224          34    -23   16 118   84    1  426   40  426   40  15  0  0 L3P 0B
G22 FF 61135 205800  780 391 1527      232170    -52          29      7   17  17  116   12  273  -34  273  -34  16  0  0 L3P F7
G30 FF 61135 205800  780 321  773    -1773537   -120          19     12   22  81  138   15  414    9  414    9  20  0  0 L3P EA
G06 FF 61135 211400  780 248  460     6116512    -39          40    -27   46  91  174  -31  737 -206  737 -206  33  0  0 L3P 53
G13 FF 61135 211400  780 687 3103    -6807411     10          26     -6   13  50   79    3  384   47  384   47  11  0  0 L3P DF
G14 FF 61135 211400  780 228 1302    -7421800    -10          24      5   30  52  189   31  260  -45  260  -45  23  0  0 L3P FD
G15 FF 61135 211400  780 420 2611    -4005440    -10          40     23   29  86  110   -1  526   26  526   26  27  0  0 L3P F0
G17 FF 61135 211400  780 478 1368     1057672     88          15     -5   32 111   99   11  249  -16  249  -16  31  0  0 L3P 20
G19 FF 61135 211400  780 737 1137    -6961505     37         -14     49   13  93   77    2  285  -55  285  -55  11  0  0 L3P 24
G20 FF 61135 211400  780 587 2980     -926564   -194          29      7   13 118   86    4  461   38  461   38  11  0  0 L3P 0A
G22 FF 61135 211400  780 346 1460      232098    -81          14    -22   20  17  129   15  260   -4  260   -4  18  0  0 L3P E0
G24 FF 61135 211400  780 227 2195      494937   -128          33     46   37 161  190  -45  455 -140  455 -140  33  0  0 L3P 6F
G30 FF 61135 211400  780 281  701    -1773657    -60          25     72   29  81  156   22  452   -3  452   -3  25  0  0 L3P F4
G06 FF 61135 213000  780 294  527     6116481     -5          21      8   31  91  149  -22  563 -164  563 -164  24  0  0 L3P 21
G12 FF 61135 213000  780 204 2624     6079935    -70          29    -70   33  84  209  -29 1029 -103 1029 -103  29  0  0 L3P 82
G13 FF 61135 213000  780 625 3250    -6807398     -5          24    -21   14  50   83    5  425   65  425   65  12  0  0 L3P E9
G14 FF 61135 213000  780 190 1244    -7421838    -55           0    -40   33  52  223   41  251    1  251    1  24  0  0 L3P C8
G15 FF 61135 213000  780 419 2714    -4005470    -23          42     10   29  86  110    2  565   37  565   37  26  0  0 L3P FC
G17 FF 61135 213000  780 410 1405     1057764     96          18      2   23 111  112   16  224  -34  224  -34  21  0  0 L3P F4
G19 FF 61135 213000  780 679 1319    -6961497     -2           5     11   14  93   79    4  248  -34  248  -34  13  0  0 L3P FF
G20 FF 61135 213000  780 541 3105     -926754   -201          32      0   16 118   91    6  504   47  504   47  14  0  0 L3P DD
G22 FF 61135 213000  780 304 1394      232060    -53          33      6   23  17  145   18  218  -32  218  -32  18  0  0 L3P E4
G24 FF 61135 213000  780 283 2173      494770   -218          33    -44   29 161  155  -30  373  -25  373  -25  24  0  0 L3P 4F
G30 FF 61135 213000  780 237  636    -1773772    -97          37     35   36  81  182   34  517   74  517   74  31  0  0 L3P 1B
G06 FF 61135 214600  780 338  602     6116481    -10          34      2   24  91  132  -15  417 -118  417 -118  19  0  0 L3P 25
G11 FF 61135 214600  780 210  153     3829267   -189          61    -62   36 131  204  -53  916 -110  916 -110  24  0  0 L3P 69
G12 FF 61135 214600  780 232 2553     6079952      7          46      7   31  84  185  -21  830 -193  830 -193  26  0  0 L3P 35
G13 FF 61135 214600  780 553 3339    -6807373     33          33     17   23  50   89    8  463   34  463   34  19  0  0 L3P F9
G15 FF 61135 214600  780 405 2815    -4005506     12          37     45   25  86  113    5  608    5  608    5  22  0  0 L3P CD
G17 FF 61135 214600  780 341 1424     1057847     64          12    -30   27 111  131   24  202   -5  202   -5  24  0  0 L3P EF
G19 FF 61135 214600  780 608 1407    -6961494      1          20     14   18  93   84    6  215  -38  215  -38  16  0  0 L3P FC
G20 FF 61135 214600  780 484 3199     -926957   -213          22    -12   21 118   98    9  556   51  556   51  17  0  0 L3P 2B
G22 FF 61135 214600  780 265 1328      232004    -78          34    -19   19  17  164   22  197   -4  197   -4  16  0  0 L3P FE
G24 FF 61135 214600  780 343 2158      494594   -192          23    -18   18 161  130  -21  321  -51  321  -51  14  0  0 L3P 41
G30 FF 61135 214600  780 190  579    -1773888   -175          48    -43   41  81  224   56  640  194  640  194  40  0  0 L3P 66
G06 FF 61135 220200  780 377  686     6116464     33          31     45   27 117  120  -10  332 -131  332 -131  24  0  0 L3P 2E
G11 FF 61135 220200  780 268  198     3829150    -87          71     41   34 132  163  -35  735 -210  735 -210  30  0  0 L3P 4D
G12 FF 61135 220200  780 259 2480     6079942    -38          35    -38   35  87  167  -16  662 -138  662 -138  30  0  0 L3P 7F
G13 FF 61135 220200  780 478 3400    -6807367      8          27     -8   27  57   99   12  520   68  520   68  27  0  0 L3P FA
G15 FF 61135 220200  780 379 2910    -4005535    -61          40    -28   17  87  120    9  639   53  639   53  14  0  0 L3P 1A
G17 FF 61135 220200  780 273 1429     1057951     41          31    -52   27 112  160   37  172   11  172   11  21  0  0 L3P FD
G19 FF 61135 220200  780 535 1449    -6961507    -25          18    -13   20  94   92    9  190  -18  190  -18  18  0  0 L3P 29
G20 FF 61135 220200  780 423 3272     -927149   -190          23     11   25 119  109   14  606   57  606   57  22  0  0 L3P 20
G22 FF 61135 220200  780 228 1262      231942    -54          27      5   24  18  188   28  185  -29  185  -29  18  0  0 L3P 0A
G24 FF 61135 220200  780 407 2150      494434   -186          26    -12   19 162  113  -15  272  -21  272  -21  18  0  0 L3P 3A
G06 FF 61135 221800  780 407  782     6116444    -13          24      0   23 117  113   -6  272  -61  272  -61  19  0  0 L3P FF
G11 FF 61135 221800  780 328  246     3829023   -130          66     -2   29 132  135  -23  588 -136  588 -136  23  0  0 L3P 69
G12 FF 61135 221800  780 285 2407     6079945    -29          39    -29   21  87  153  -13  501 -122  501 -122  20  0  0 L3P 5F
G13 FF 61135 221800  780 403 3445    -6807367     46          12     30   42  57  114   18  611   77  611   77  38  0  0 L3P 13
G15 FF 61135 221800  780 344 2997    -4005566    -26          41      7   27  87  130   13  689   67  689   67  24  0  0 L3P 30
G17 FF 61135 221800  780 208 1424     1058049    103          40      9   34 112  206   62  136  -46  136  -46  28  0  0 L3P 1E
G19 FF 61135 221800  780 462 1465    -6961520      2          17     14   14  94  102   13  164  -31  164  -31  13  0  0 L3P 02
G20 FF 61135 221800  780 360 3331     -927348   -263          17    -61   43 119  125   19  695  165  695  165  42  0  0 L3P 6F
G22 FF 61135 221800  780 194 1197      231911    -50          52      9   25  18  219   37  139  -25  139  -25  22  0  0 L3P 01
G24 FF 61135 221800  780 474 2153      494260   -188          19    -14   16 162  100  -11  245  -10  245  -10  14  0  0 L3P 38
G06 FF 61135 223400  780 426  886     6116433    -49          25    -37   28 117  109   -2  221  -13  221  -13  23  0  0 L3P 21
G11 FF 61135 223400  780 391  301     3828879   -127          45      0   22 132  116  -16  482 -121  482 -121  18  0  0 L3P 49
G12 FF 61135 223400  780 311 2332     6079948      2          41      2   27  87  142  -11  387  -88  387  -88  24  0  0 L3P 14
G13 FF 61135 223400  780 331 3483    -6807330     42          34     26   19  57  134   26  730  162  730  162  17  0  0 L3P 2A
G15 FF 61135 223400  780 303 3074    -4005581    -56          57    -23   40  87  145   19  767  132  767  132  27  0  0 L3P 54
G19 FF 61135 223400  780 392 1465    -6961527     23          22     36   22  94  116   18  143  -55  143  -55  21  0  0 L3P 2A
G20 FF 61135 223400  780 299 3381     -927538   -164          20     37   48 119  147   28  826  122  826  122  46  0  0 L3P 65
G24 FF 61135 223400  780 542 2172      494099   -169          26      5   17 162   91   -8  227   -6  227   -6  16  0  0 L3P F9
G06 FF 61135 225000  780 429  994     6116422    -27          26    -15   21 117  108    1  181  -14  181  -14  18  0  0 L3P 13
G11 FF 61135 225000  780 454  367     3828755   -124          43      3   18 132  103  -11  389  -90  389  -90  16  0  0 L3P 3A
G12 FF 61135 225000  780 338 2257     6079941    -26          35    -26   29  87  132  -10  311  -59  311  -59  27  0  0 L3P 48
G13 FF 61135 225000  780 262 3518    -6807314     32          34     16   30  57  166   41  912  185  912  185  26  0  0 L3P 33
G15 FF 61135 225000  780 260 3144    -4005617    -63          49    -30   34   8  167   27  880  137  880  137  30  0  0 L3P 3A
G19 FF 61135 225000  780 326 1455    -6961515     41          46     54   33   1  136   25  109  -65  109  -65  26  0  0 L3P 18
G20 FF 61135 225000  780 240 3427     -927715   -201          37      0   19 119  180   42  954  105  954  105  13  0  0 L3P 30
G24 FF 61135 225000  780 612 2215      493933   -191          26    -17   16 162   84   -6  225   19  225   19  14  0  0 L3P 11
G06 FF 61135 230600  780 417 1099     6116414     -2          30     11   24 117  110    5  154  -29  154  -29  21  0  0 L3P F9
G11 FF 61135 230600  780 513  450     3828637   -131          47     -4   16 132   94   -8  318  -58  318  -58  14  0  0 L3P 23
G12 FF 61135 230600  780 366 2182     6079936     15          29     15   18  87  123   -9  255  -64  255  -64  17  0  0 L3P 2C
G13 FF 61135 230600  780 197 3551    -6807295    -15          38    -31   34  57  217   67 1021   43 1021   43  32  0  0 L3P 45
G15 FF 61135 230600  780 216 3209    -4005657    -25          41      8   22   8  199   39  966   34  966   34  17  0  0 L3P 0D
G19 FF 61135 230600  780 263 1438    -6961517     44          56     57   25   1  165   37   95  -58   95  -58  20  0  0 L3P 10
G20 FF 61135 230600  780 184 3470     -927906    -92          39    109   27 119  231   64  980 -116  980 -116  18  0  0 L3P 7E
G24 FF 61135 230600  780 678 2304      493766   -178          27     -4   13 162   79   -4  237   24  237   24  13  0  0 L3P 10
G06 FF 61135 232200  780 390 1192     6116409    -35          36    -23   27 117  117    9  132   10  132   10  25  0  0 L3P FD
G11 FF 61135 232200  780 565  560     3828507   -124          40      4   15 132   88   -5  265  -56  265  -56  14  0  0 L3P 11
G12 FF 61135 232200  780 396 2104     6079938     -8          32     -8   27  87  115   -8  219  -26  219  -26  24  0  0 L3P 1B
G19 FF 61135 232200  780 204 1414    -6961536    -71          49    -58   30   1  210   57   95   46   95   46  24  0  0 L3P FA
G24 FF 61135 232200  780 732 2480      493604   -180          31     -6   15 162   77   -2  247   17  247   17  13  0  0 L3P FB
