CGGTTS     GENERIC DATA FORMAT VERSION = 2E
REV DATE = 2025-11-01
RCVR = PolaRx5TR (5.6.0)     sbf2cggtts-1.5.0
CH = 80
IMS = PolaRx5TR
LAB = LRTE
X = 3967035.920 m
Y = -4390028.540 m
Z = -2375644.640 m
FRAME = ITRF
COMMENTS = LS=18; ElMask=10deg; 'Generated from the SBF in 2026-04-22 at 23:46:01'
INT DLY = 24.9 ns (GPS P1),  15.7 ns (GPS P2)     CAL_ID = 1201-2025
CAB DLY = 103.1 ns
REF DLY = 47.2 ns
REF = UTC(LRTE)
CKSUM = fd

SAT CL  MJD  STTIME TRKL ELV AZTH   REFSV      SRSV     REFSYS    SRSYS  DSG IOE MDTR SMDT MDIO SMDI MSIO SMSI ISG FR HC FRC CK
             hhmmss  s  .1dg .1dg    .1ns     .1ps/s     .1ns    .1ps/s .1ns     .1ns.1ps/s.1ns.1ps/s.1ns.1ps/s.1ns
G05 FF 61152 000600  780 287  496     2320478     20          29     16   34 109  153  -23   74  -35   74  -35  27  0  0 L3P 02
G11 FF 61152 000600  780 397 1389     3652138   -140           3    -12   25 100  115   17   44    6   44    6  23  0  0 L3P C9
G12 FF 61152 000600  780 614 1411     6079410     35          18     36   16  87   84   -2   48  -39   48  -39  14  0  0 L3P E0
G21 FF 61152 000600  780 247  793    -4147973   -133          32   -127   39  20  175  -16   56  116   56  116  34  0  0 L3P 45
G24 FF 61152 000600  780 388 3518      249432   -147          17     31   24  99  117   19  102  -25  102  -25  20  0  0 L3P 18
G25 FF 61152 000600  780 433 2063    -4283159     58          37     30   14  53  107  -12   53  -34   53  -34  13  0  0 L3P FA
G29 FF 61152 000600  780 382 2487     3357703    -57          13     15   20  87  119   -6   87  -26   87  -26  15  0  0 L3P 0F
G05 FF 61152 002200  780 332  569     2320473    -38          19    -42   26 109  134  -16   67   14   67   14  24  0  0 L3P F7
G11 FF 61152 002200  780 331 1414     3652008    -88          -4     39   19 100  135   25   47  -39   47  -39  14  0  0 L3P 01
G12 FF 61152 002200  780 629 1248     6079405     33          14     34   16  87   83   -1   48  -34   48  -34  14  0  0 L3P DC
G18 FF 61152 002200  780 202 3226     3709195    -22          19     71   23  63  212  -66  373 -281  373 -281  16  0  0 L3P 50
G21 FF 61152 002200  780 267  873    -4148017    -38          -7    -32   24  20  163   -9   81   10   81   10  22  0  0 L3P CC
G24 FF 61152 002200  780 316 3550      249271   -165          27     13   23  99  140   29  109   14  109   14  21  0  0 L3P F8
G25 FF 61152 002200  780 495 2023    -4283134     52          35     24   18  53   97  -10   47  -31   47  -31  16  0  0 L3P ED
G29 FF 61152 002200  780 402 2394     3357635    -58          14     15   18  87  114   -4   74  -25   74  -25  17  0  0 L3P 01
G05 FF 61152 003800  780 373  652     2320470      0          12     -5   24 109  121  -11   66   -9   66   -9  21  0  0 L3P AB
G11 FF 61152 003800  780 265 1425     3651882    -67          -8     60   20 100  164   38   46  -40   46  -40  16  0  0 L3P 02
G12 FF 61152 003800  780 629 1073     6079407      3          17      4   13  87   83    1   45   -5   45   -5  10  0  0 L3P 80
G18 FF 61152 003800  780 266 3187     3709110    -99          23     -6   25  63  164  -37  201 -118  201 -118  20  0  0 L3P 49
G21 FF 61152 003800  780 279  957    -4148011     26           5     31   25  20  157   -3   56  -43   56  -43  21  0  0 L3P CD
G24 FF 61152 003800  780 248 3581      249109   -179          37     -1   22  99  175   45  144   75  144   75  17  0  0 L3P 1D
G25 FF 61152 003800  780 561 1984    -4283119      7          22    -22   14  53   89   -7   46   10   46   10  11  0  0 L3P C3
G29 FF 61152 003800  780 418 2298     3357562   -104          11    -31   22  87  110   -3   62    8   62    8  19  0  0 L3P DB
G05 FF 61152 005400  780 407  745     2320478    -20          15    -24   20 109  113   -7   53   14   53   14  18  0  0 L3P D3
G11 FF 61152 005400  780 201 1425     3651757   -210         -11    -83   31 100  213   65   47   70   47   70  28  0  0 L3P 07
G12 FF 61152 005400  780 612  904     6079414     27          25     29   19  87   84    2   44  -13   44  -13  15  0  0 L3P BB
G18 FF 61152 005400  780 328 3136     3709019    -88          21      5   29  63  135  -23  128  -45  128  -45  21  0  0 L3P 22
G21 FF 61152 005400  780 280 1041    -4148027     -7          -6     -1   33  20  156    2   59   14   59   14  30  0  0 L3P A7
G25 FF 61152 005400  780 631 1942    -4283102     28          12      0   16  53   82   -5   48  -10   48  -10  13  0  0 L3P BB
G28 FF 61152 005400  780 190 2329     5493411    -62          43     34   23 122  225  -39   96  -38   96  -38  22  0  0 L3P 29
G29 FF 61152 005400  780 433 2201     3357482    -80           1     -7   17  87  107   -3   62    1   62    1  15  0  0 L3P 94
G05 FF 61152 011000  780 429  848     2320481     -7          14    -12   24 109  108   -3   50    8   50    8  21  0  0 L3P 9D
G12 FF 61152 011000  780 579  756     6079402     37          14     38   14  87   87    4   53  -23   53  -23  11  0  0 L3P BF
G18 FF 61152 011000  780 389 3073     3708930   -111          22    -18   22  63  117  -15   96  -20   96  -20  17  0  0 L3P 21
G21 FF 61152 011000  780 270 1123    -4148012    -89          14    -83   38  20  162    9   40   74   40   74  34  0  0 L3P D5
G25 FF 61152 011000  780 705 1892    -4283077     43          10     15   12  53   78   -4   43  -20   43  -20  10  0  0 L3P CB
G28 FF 61152 011000  780 219 2394     5493306    -85          29     11   29 122  196  -22  104  -21  104  -21  23  0  0 L3P 2F
G29 FF 61152 011000  780 446 2103     3357414    -80           3     -7   23  87  105   -2   53    4   53    4  21  0  0 L3P 8C
G05 FF 61152 012600  780 437  957     2320479      8           8      3   26 109  106    0   48   -4   48   -4  25  0  0 L3P 89
G12 FF 61152 012600  780 532  635     6079416    -11          29     -9   20  87   92    6   45   12   45   12  15  0  0 L3P A5
G18 FF 61152 012600  780 445 2995     3708839    -51          21     42   40  63  105  -10   80  -46   80  -46  26  0  0 L3P 11
G21 FF 61152 012600  780 249 1199    -4148021     28          10     33   27  20  174   18   41  -29   41  -29  23  0  0 L3P F0
G25 FF 61152 012600  780 781 1811    -4283046     54          13     25   11  53   75   -2   38  -27   38  -27  10  0  0 L3P DF
G28 FF 61152 012600  780 239 2467     5493215    -84          30     11   30 122  180  -11  103   -8  103   -8  27  0  0 L3P 0A
G29 FF 61152 012600  780 457 2004     3357341    -85           0    -12   15  87  103   -2   52   13   52   13  13  0  0 L3P C0
G05 FF 61152 014200  780 430 1065     2320486     30          10     25   24 109  108    3   48  -15   48  -15  23  0  0 L3P D2
G12 FF 61152 014200  780 477  541     6079417    -25          31    -24   15  87   99   10   47   25   47   25  13  0  0 L3P D3
G18 FF 61152 014200  780 494 2898     3708751   -110          23    -17   16  63   97   -7   67    6   67    6  14  0  0 L3P E3
G21 FF 61152 014200  780 218 1266    -4148033     11           4     17   33  20  197   31   48   -6   48   -6  29  0  0 L3P BC
G25 FF 61152 014200  780 854 1526    -4283029     67           3     38   44  53   74   -1   51  -31   51  -31  43  0  0 L3P CF
G28 FF 61152 014200  780 249 2546     5493119    -79          26     16   32 122  174   -3  116    1  116    1  29  0  0 L3P F0
G29 FF 61152 014200  780 468 1903     3357273    -61           2     12   20  87  101   -2   48  -14   48  -14  18  0  0 L3P DF
G05 FF 61152 015800  780 407 1162     2320507    -20          27    -25   20 109  113    7   40   26   40   26  17  0  0 L3P CF
G12 FF 61152 015800  780 416  467     6079415    -17          31    -16   18  87  111   14   52   12   52   12  12  0  0 L3P D1
G18 FF 61152 015800  780 535 2782     3708655    -93          16      1   15  63   91   -4   66  -12   66  -12  12  0  0 L3P DF
G23 FF 61152 015800  780 211 3520    -6389305    -91          56    -46   23  37  203  -65  208  -92  208  -92  20  0  0 L3P 4B
G25 FF 61152 015800  780 843  447    -4282987     36          17      7   10  53   74    1   43   -2   43   -2   9  0  0 L3P 8A
G28 FF 61152 015800  780 248 2627     5493037   -145          36    -50   33 122  174    4  130   86  130   86  29  0  0 L3P 32
G29 FF 61152 015800  780 479 1800     3357210    -70           8      3   17  87   99   -2   43   -8   43   -8  14  0  0 L3P AF
G05 FF 61152 021400  780 371 1245     2320499     10          10      6   22 110  122   12   44   -6   44   -6  17  0  0 L3P A4
G12 FF 61152 021400  780 352  410     6079408     25          21     26   23  88  127   21   58  -23   58  -23  16  0  0 L3P D4
G18 FF 61152 021400  780 564 2646     3708581    -84          35      9   14  64   88   -2   49   -8   49   -8  12  0  0 L3P D0
G23 FF 61152 021400  780 283 3530    -6389354    -29          46     15   20  38  155  -38  132  -78  132  -78  14  0  0 L3P 48
G25 FF 61152 021400  780 764  239    -4282965     36          16      8   18  54   76    3   45   -1   45   -1  16  0  0 L3P 9D
G28 FF 61152 021400  780 238 2708     5492890     64         -23    159   32 123  181   11  224 -109  224 -109  30  0  0 L3P 67
G29 FF 61152 021400  780 488 1694     3357135    -61           1     12   15  95   98   -1   52   -6   52   -6  13  0  0 L3P B8
G05 FF 61152 023000  780 325 1312     2320501    -18          12    -23   28   1  137   19   47   17   47   17  25  0  0 L3P C0
G12 FF 61152 023000  780 286  366     6079423     65          37     66   23  88  153   34   57  -29   57  -29  19  0  0 L3P FE
G18 FF 61152 023000  780 580 2496     3708480   -123          24    -30   18  64   87   -1   52   18   52   18  13  0  0 L3P EB
G23 FF 61152 023000  780 358 3536    -6389416    -23          27     22   19  38  126  -24  103  -66  103  -66  14  0  0 L3P 3C
G25 FF 61152 023000  780 681  179    -4282936     25          19     -3   16  54   79    5   45    9   45    9  14  0  0 L3P 9A
G28 FF 61152 023000  780 219 2786     5492862   -245          40   -150   60 123  195   19  234  243  234  243  59  0  0 L3P 7C
G29 FF 61152 023000  780 495 1586     3357072    -99           8    -26   15  95   97   -1   40   17   40   17  13  0  0 L3P DB
G05 FF 61152 024600  780 273 1362     2320516    -31          23    -36   26   1  160   31   42   40   42   40  21  0  0 L3P B3
G12 FF 61152 024600  780 219  334     6079420    -34          35    -33   35  88  196   58   82   54   82   54  29  0  0 L3P F6
G18 FF 61152 024600  780 582 2342     3708382    -94          15     -1   15  64   87    0   52   -7   52   -7  13  0  0 L3P B5
G23 FF 61152 024600  780 437 3538    -6389460    -25          25     19   21  38  106  -16   78  -43   78  -43  16  0  0 L3P 2E
G25 FF 61152 024600  780 597  149    -4282907     28          20      0   23  54   85    7   51    4   51    4  22  0  0 L3P 79
G26 FF 61152 024600  780 228 2238     3565811     46          44      0   40  87  189  -45   61   -8   61   -8  36  0  0 L3P DA
G28 FF 61152 024600  780 195 2861     5492734   -110           5    -15   35 123  219   30  374  122  374  122  29  0  0 L3P 4D
G29 FF 61152 024600  780 500 1474     3357002    -86           8    -13   16  95   96    0   41    8   41    8  14  0  0 L3P 97
G05 FF 61152 030200  780 216 1397     2320528    -34          31    -38   32   1  199   52   38   39   38   39  28  0  0 L3P E5
G15 FF 61152 030200  780 206  771    -4051821    -44          15    -11   27  12  207  -23   63   14   63   14  22  0  0 L3P D5
G18 FF 61152 030200  780 571 2195     3708289   -105          12    -12   12  64   88    2   46    4   46    4  10  0  0 L3P B3
G23 FF 61152 030200  780 519 3536    -6389501    -48          27     -3   19  38   93  -11   59   -4   59   -4  15  0  0 L3P ED
G25 FF 61152 030200  780 515  132    -4282869     57          30     28   16  54   94   11   49   -9   49   -9  14  0  0 L3P C4
G26 FF 61152 030200  780 283 2274     3565826     61          15     16   25  87  155  -28   76  -12   76  -12  22  0  0 L3P 06
G29 FF 61152 030200  780 502 1358     3356918    -18          -6     54   16  95   96    0   55  -46   55  -46  14  0  0 L3P E8
G10 FF 61152 031800  780 225 3370     5886194    -24          30    -10   48  49  192  -58  345 -162  345 -162  44  0  0 L3P 6B
G15 FF 61152 031800  780 227  846    -4051852   -118          16    -86   32  12  189  -15   53   71   53   71  27  0  0 L3P 14
G18 FF 61152 031800  780 552 2060     3708187    -69           0     24   18  64   89    3   49  -25   49  -25  16  0  0 L3P DD
G23 FF 61152 031800  780 604 3530    -6389565    -49           6     -5   18  38   85   -7   66  -10   66  -10  16  0  0 L3P EF
G25 FF 61152 031800  780 434  123    -4282861     23          12     -5   32  54  107   16   74   21   74   21  31  0  0 L3P B7
G26 FF 61152 031800  780 334 2324     3565880     43          26     -2   22  87  133  -18   63   -5   63   -5  18  0  0 L3P D9
G29 FF 61152 031800  780 498 1242     3356862    -99           8    -26   15  95   96    1   40   25   40   25  12  0  0 L3P CF
G10 FF 61152 033400  780 296 3350     5886175     -9          23      5   20  49  149  -34  204 -124  204 -124  16  0  0 L3P 2B
G15 FF 61152 033400  780 241  924    -4051879     21          21     54   34  12  179   -7   46  -60   46  -60  31  0  0 L3P E1
G18 FF 61152 033400  780 527 1939     3708105    -81           7     12   22  64   92    3   40  -12   40  -12  19  0  0 L3P BD
G23 FF 61152 033400  780 691 3519    -6389609    -64           5    -20   21  38   79   -5   61   13   61   13  20  0  0 L3P DA
G25 FF 61152 033400  780 356  120    -4282831     32          14      4   16  54  126   24   94   18   94   18  14  0  0 L3P B9
G26 FF 61152 033400  780 379 2390     3565916     45          19      0   24  87  119  -11   66   -7   66   -7  22  0  0 L3P DC
G29 FF 61152 033400  780 488 1125     3356805    -97          20    -24   19  95   98    2   32   25   32   25  17  0  0 L3P DD
G10 FF 61152 035000  780 369 3320     5886153      9          15     23   48  49  123  -22  126  -89  126  -89  46  0  0 L3P 23
G15 FF 61152 035000  780 247 1003    -4051893    -46          39    -13   28  12  175   -1   32   17   32   17  23  0  0 L3P E5
G18 FF 61152 035000  780 499 1830     3708013    -65           5     28   18  64   96    4   41  -27   41  -27  15  0  0 L3P D2
G23 FF 61152 035000  780 779 3498    -6389651    -78           5    -33   24  38   75   -3   54   30   54   30  22  0  0 L3P EC
G25 FF 61152 035000  780 281  122    -4282802     40          16     12   21  54  156   38  117   25  117   25  14  0  0 L3P DC
G26 FF 61152 035000  780 415 2473     3565959      3          18    -43   24  87  111   -7   61   31   61   31  21  0  0 L3P C9
G29 FF 61152 035000  780 470 1012     3356737    -74          23     -1   23  95  100    4   37   10   37   10  22  0  0 L3P B1
G10 FF 61152 040600  780 442 3278     5886137    -32           7    -18   18  50  105  -14   87    4   87    4  14  0  0 L3P CF
G15 FF 61152 040600  780 244 1080    -4051923     -7          40     26   19  18  177    6   23   -9   23   -9  17  0  0 L3P BE
G16 FF 61152 040600  780 241 2259    -2494740    -80          -8    -10   40  90  180  -36   70   10   70   10  37  0  0 L3P F3
G18 FF 61152 040600  780 470 1730     3707929   -100           8     -7   21  65  100    5   34   -6   34   -6  17  0  0 L3P B8
G23 FF 61152 040600  780 867 3422    -6389672    -58          24    -14   19  39   74   -1   27   14   27   14  16  0  0 L3P F9
G25 FF 61152 040600  780 209  129    -4282760     33          30      4   22  55  205   66  133   29  133   29  21  0  0 L3P D7
G26 FF 61152 040600  780 438 2571     3565996     41          12     -4   16  94  106   -3   65    2   65    2  15  0  0 L3P AF
G29 FF 61152 040600  780 445  906     3356667    -80          20     -8   27  96  105    5   37   14   37   14  23  0  0 L3P C7
G10 FF 61152 042200  780 515 3218     5886138     -4          21      9   14  50   94  -10   61  -22   61  -22  12  0  0 L3P BE
G15 FF 61152 042200  780 231 1154    -4051972    -15          22     18   23  18  186   14   45   -9   45   -9  20  0  0 L3P DA
G16 FF 61152 042200  780 289 2310    -2494802    -76          -2     -5   25  90  152  -22   62   -1   62   -1  21  0  0 L3P D5
G18 FF 61152 042200  780 442 1637     3707834   -125           3    -32   19  65  105    6   37   26   37   26  15  0  0 L3P E1
G23 FF 61152 042200  780 846 1746    -6389720    -32          19     12   13  39   74    1   29  -16   29  -16  11  0  0 L3P EC
G26 FF 61152 042200  780 446 2679     3566040     38          12     -7   19  94  105    0   65    0   65    0  16  0  0 L3P 9A
G29 FF 61152 042200  780 413  808     3356603    -38          26     35   25  96  111    8   36  -17   36  -17  22  0  0 L3P DE
G10 FF 61152 043800  780 585 3131     5886117    -38          13    -24   13  50   86   -6   55    6   55    6  10  0  0 L3P B8
G15 FF 61152 043800  780 209 1222    -4051983   -127          43    -94   37  18  204   25   29   79   29   79  31  0  0 L3P 24
G16 FF 61152 043800  780 330 2374    -2494882    -61         -15     10   21  90  135  -14   66  -13   66  -13  20  0  0 L3P 19
G18 FF 61152 043800  780 414 1549     3707762   -106          21    -13   18  65  111    6   22   14   22   14  17  0  0 L3P E3
G23 FF 61152 043800  780 761 1694    -6389779    -18           2     26   18  39   76    3   42  -26   42  -26  17  0  0 L3P F7
G26 FF 61152 043800  780 439 2789     3566079     41           8     -4   26  94  106    3   66   -5   66   -5  21  0  0 L3P C1
G29 FF 61152 043800  780 375  719     3356532    -22          21     51   25   0  121   12   37  -28   37  -28  20  0  0 L3P D1
G10 FF 61152 045400  780 647 3002     5886097    -24           7    -10   14  50   81   -4   44   -7   44   -7  12  0  0 L3P B6
G15 FF 61152 045400  780 179 1281    -4052035    -94          23    -61   35  18  237   42   40   41   40   41  27  0  0 L3P F1
G16 FF 61152 045400  780 362 2453    -2494959    -81         -24    -11   19  90  124   -8   66    2   66    2  16  0  0 L3P EE
G18 FF 61152 045400  780 388 1464     3707661    -79           9     14   20  65  117    7   33  -17   33  -17  16  0  0 L3P EB
G23 FF 61152 045400  780 678 1664    -6389825    -68          -1    -24   14  39   79    5   41    6   41    6  12  0  0 L3P C9
G26 FF 61152 045400  780 417 2894     3566127     39          12     -7   18  94  110    6   59   -8   59   -8  15  0  0 L3P D3
G29 FF 61152 045400  780 330  642     3356456    -89          14    -16   33   0  135   18   44    5   44    5  27  0  0 L3P AC
G10 FF 61152 051000  780 695 2811     5886080     -1           2     12   14  50   79   -2   40  -15   40  -15  12  0  0 L3P A7
G16 FF 61152 051000  780 382 2544    -2495017   -103         -14    -32   21  90  119   -4   55   31   55   31  18  0  0 L3P 04
G18 FF 61152 051000  780 362 1382     3707585    -85          22      8   21  65  124    8   24    0   24    0  17  0  0 L3P 92
G23 FF 61152 051000  780 599 1635    -6389867    -40           0      4   12  39   85    7   36    0   36    0  11  0  0 L3P 89
G26 FF 61152 051000  780 385 2989     3566162     61           3     15   21  94  118   10   65  -13   65  -13  17  0  0 L3P E2
G27 FF 61152 051000  780 240 2175     1177952    145          34    -27   40  77  180  -44   32   23   32   23  36  0  0 L3P F8
G29 FF 61152 051000  780 281  575     3356393    -50          22     23   27   0  156   27   41  -13   41  -13  23  0  0 L3P C7
G32 FF 61152 051000  780 218   33     -149027   -236           4    -39   24  11  197  -56  121  -56  121  -56  18  0  0 L3P 07
G10 FF 61152 052600  780 715 2554     5886063     -8          -1      6   14  50   78    0   38   -8   38   -8  11  0  0 L3P 93
G16 FF 61152 052600  780 389 2642    -2495089    -65         -18      5   24  90  117    0   59   -1   59   -1  19  0  0 L3P E5
G18 FF 61152 052600  780 338 1301     3707483   -119          10    -26   19  65  132    9   37   21   37   21  14  0  0 L3P EA
G23 FF 61152 052600  780 525 1605    -6389908    -54           1     -9   22  39   93    9   35    3   35    3  18  0  0 L3P A3
G26 FF 61152 052600  780 345 3073     3566209     28           7    -17   39  94  130   14   63   14   63   14  30  0  0 L3P D4
G27 FF 61152 052600  780 302 2166     1178104    145          21    -27   27  77  146  -29   30   17   30   17  23  0  0 L3P F8
G29 FF 61152 052600  780 229  517     3356329    -77          28     -4   30   0  188   43   44    8   44    8  22  0  0 L3P A6
G32 FF 61152 052600  780 283   63     -149223   -191          -3      6   22  11  155  -35   75  -32   75  -32  18  0  0 L3P D3
G10 FF 61152 054200  780 702 2292     5886061     10           9     24   14  50   78    1   28  -20   28  -20  12  0  0 L3P A5
G16 FF 61152 054200  780 381 2742    -2495152    -43         -14     27   17  90  119    4   62  -16   62  -16  15  0  0 L3P 03
G18 FF 61152 054200  780 314 1221     3707392    -79           9     14   18  65  141   10   40  -11   40  -11  13  0  0 L3P D1
G23 FF 61152 054200  780 454 1572    -6389948    -59           3    -15   21  39  103   13   33   12   33   12  20  0  0 L3P E4
G26 FF 61152 054200  780 301 3147     3566246     65           1     19   17  94  146   21   75   -1   75   -1  14  0  0 L3P B8
G27 FF 61152 054200  780 366 2168     1178254    127           5    -45   17  77  123  -20   48   32   48   32  15  0  0 L3P F8
G32 FF 61152 054200  780 352   93     -149403   -261           6    -64   20  11  127  -23   46   40   46   40  15  0  0 L3P BD
G10 FF 61152 055800  780 664 2086     5886054    -32          16    -18   13  50   80    3   26   14   26   14  11  0  0 L3P C6
G16 FF 61152 055800  780 362 2839    -2495214    -25          -9     46   19  90  124    8   61  -38   61  -38  17  0  0 L3P 0E
G18 FF 61152 055800  780 290 1143     3707312   -128          18    -35   31  65  151   12   30   27   30   27  31  0  0 L3P F1
G23 FF 61152 055800  780 388 1537    -6389988    -63           6    -19   28  39  117   17   31    9   31    9  25  0  0 L3P F5
G26 FF 61152 055800  780 255 3214     3566298     35           9    -11   32  94  170   29   78   15   78   15  25  0  0 L3P ED
G27 FF 61152 055800  780 433 2181     1178416    179           1      6   21  77  107  -14   47   -5   47   -5  19  0  0 L3P D4
G32 FF 61152 055800  780 424  125     -149590   -207           7    -10   34  11  109  -16   40   -3   40   -3  31  0  0 L3P C0
G10 FF 61152 061400  780 614 1938     5886027    -22          -4     -8   14  78   84    4   33    5   33    5  12  0  0 L3P 94
G16 FF 61152 061400  780 332 2929    -2495291    -54         -23     17   20  93  134   12   66  -11   66  -11  17  0  0 L3P 14
G18 FF 61152 061400  780 266 1066     3707240   -142          40    -49   34  66  164   15   23   48   23   48  32  0  0 L3P 03
G23 FF 61152 061400  780 327 1499    -6390017    -36          17      9   21  40  136   23   25    2   25    2  18  0  0 L3P B2
G26 FF 61152 061400  780 209 3276     3566344    -41          12    -87   43 138  204   43   90  107   90  107  38  0  0 L3P 2D
G27 FF 61152 061400  780 500 2213     1178603    189          18     16   18  78   96  -10   31  -20   31  -20  17  0  0 L3P F0
G32 FF 61152 061400  780 500  166     -149781   -197           7     -1   17  12   96  -11   35   -3   35   -3  15  0  0 L3P AF
G08 FF 61152 063000  780 242 2212    -4571733     79           5     10   38  22  179  -43   61   -4   61   -4  32  0  0 L3P CA
G10 FF 61152 063000  780 559 1828     5886021      8           3     22   11  78   89    6   32  -12   32  -12  10  0  0 L3P A0
G16 FF 61152 063000  780 295 3010    -2495344    -65          -7      6   30  93  149   18   59    0   59    0  25  0  0 L3P BB
G18 FF 61152 063000  780 240  991     3707148    -99          38     -5   33  66  180   19   31    2   31    2  26  0  0 L3P AE
G23 FF 61152 063000  780 270 1458    -6390067    -28           9     17   28  40  161   31   44  -11   44  -11  23  0  0 L3P EA
G27 FF 61152 063000  780 566 2270     1178774    156          23    -17   19  78   88   -7   27   15   27   15  18  0  0 L3P FB
G32 FF 61152 063000  780 576  221     -149969   -218           8    -21   15  12   87   -8   32   13   32   13  13  0  0 L3P BB
G08 FF 61152 064600  780 302 2239    -4571660     52          11    -17   25  22  146  -27   46    4   46    4  23  0  0 L3P D2
G10 FF 61152 064600  780 504 1738     5886017    -39          13    -26   17  78   95    8   31   18   31   18  13  0  0 L3P DD
G16 FF 61152 064600  780 255 3084    -2495397    -64           7      7   33  93  170   27   59    3   59    3  27  0  0 L3P C9
G18 FF 61152 064600  780 212  918     3707064     -7          43     86   27  66  202   27   29  -66   29  -66  24  0  0 L3P F4
G23 FF 61152 064600  780 218 1414    -6390080      9          39     54   34  40  197   44   20  -35   20  -35  27  0  0 L3P EA
G27 FF 61152 064600  780 625 2369     1178934    174          18      1   12  78   83   -4   33   -1   33   -1  10  0  0 L3P B8
G32 FF 61152 064600  780 650  309     -150155   -171          10     25   13  12   81   -5   29  -18   29  -18  11  0  0 L3P CE
G08 FF 61152 070200  780 360 2281    -4571595     43          11    -25   20  22  125  -17   40   25   40   25  18  0  0 L3P E7
G10 FF 61152 070200  780 451 1660     5886000    -34           9    -20   16  78  104   10   37   22   37   22  15  0  0 L3P C6
G16 FF 61152 070200  780 212 3152    -2495476    -97          -4    -26   25  93  202   40   76   42   76   42  22  0  0 L3P FA
G18 FF 61152 070200  780 182  847     3706963    -47          32     46   26  66  233   39   38  -57   38  -57  22  0  0 L3P 0D
G27 FF 61152 070200  780 670 2528     1179102    171          20     -1   18  78   80   -2   35    4   35    4  15  0  0 L3P 9B
G32 FF 61152 070200  780 715  465     -150345   -196           9      1   12  12   78   -3   33    1   33    1  11  0  0 L3P 65
G08 FF 61152 071800  780 413 2341    -4571540     68           1     -1   30  22  111  -11   44    4   44    4  27  0  0 L3P 98
G10 FF 61152 071800  780 401 1589     5885986    -43           8    -29   23  78  114   12   39   31   39   31  22  0  0 L3P F3
G27 FF 61152 071800  780 687 2744     1179269    174          21      1   14  78   79    0   35    3   35    3  11  0  0 L3P 9E
G32 FF 61152 071800  780 753  741     -150529   -180          13     17   33  12   76   -1   30   -6   30   -6  22  0  0 L3P A9
G02 FF 61152 073400  780 228 2187     -837859    -15          28     62   44  14  189  -44   31  -69   31  -69  40  0  0 L3P 20
G08 FF 61152 073400  780 458 2423    -4571468     44           7    -25   16  22  103   -7   40   21   40   21  14  0  0 L3P CB
G10 FF 61152 073400  780 354 1521     5885970     -6           5      7   28  78  127   14   39   -7   39   -7  23  0  0 L3P BA
G27 FF 61152 073400  780 670 2965     1179441    207          27     34   13  78   80    2   31  -31   31  -31  11  0  0 L3P D7
G32 FF 61152 073400  780 742 1068     -150697   -216          34    -19   18  12   76    1   17   10   17   10  14  0  0 L3P CD
G02 FF 61152 075000  780 285 2150     -837953    -85           8     -7   26  14  154  -30   46   -4   46   -4  24  0  0 L3P CE
G08 FF 61152 075000  780 491 2526    -4571408     81           2     13   16  22   97   -4   45   -8   45   -8  13  0  0 L3P B6
G10 FF 61152 075000  780 311 1456     5885974      9          22     22   19  78  142   17   22  -27   22  -27  16  0  0 L3P E4
G27 FF 61152 075000  780 624 3135     1179610    176          30      3   13  78   83    4   31   -2   31   -2  12  0  0 L3P 95
G28 FF 61152 075000  780 231  389     5490988    -82           8     14   38 126  187  -36   48  -13   48  -13  27  0  0 L3P 1C
G32 FF 61152 075000  780 690 1283     -150912   -214           8    -18   13  12   79    3   31    9   31    9  12  0  0 L3P 96
G02 FF 61152 080600  780 347 2116     -838035   -137          -2    -60   21  15  129  -22   40   42   40   42  19  0  0 L3P EE
G08 FF 61152 080600  780 507 2647    -4571346     65          -4     -3   17  38   95   -1   42   -6   42   -6  14  0  0 L3P C2
G10 FF 61152 080600  780 272 1390     5885943     62           4     76   28  90  160   21   43  -53   43  -53  23  0  0 L3P E4
G27 FF 61152 080600  780 563 3250     1179770    172          21     -1   21  96   88    7   30   -1   30   -1  19  0  0 L3P AF
G28 FF 61152 080600  780 277  452     5490893   -116           6    -20   23 127  157  -25   37    8   37    8  21  0  0 L3P EA
G32 FF 61152 080600  780 621 1391     -151101   -188          12      8   11  13   83    6   27   -9   27   -9   9  0  0 L3P 97
G02 FF 61152 082200  780 413 2086     -838104    -50           3     27   16  15  111  -16   33  -28   33  -28  13  0  0 L3P DB
G08 FF 61152 082200  780 505 2775    -4571292     80         -16     11   16  38   95    2   50   -3   50   -3  14  0  0 L3P BD
G10 FF 61152 082200  780 235 1325     5885940      4          14     18   19  90  183   26   38   -2   38   -2  15  0  0 L3P BC
G27 FF 61152 082200  780 494 3330     1179940    200          25     28   29  96   97   11   32  -10   32  -10  28  0  0 L3P ED
G28 FF 61152 082200  780 323  522     5490815   -122          20    -26   38 127  137  -18   29   22   29   22  30  0  0 L3P 07
G31 FF 61152 082200  780 228  234     1538500     15         -21     39   27  22  189  -43   60  -24   60  -24  23  0  0 L3P E7
G32 FF 61152 082200  780 547 1443     -151284   -172          18     25   20  13   90    9   27  -20   27  -20  19  0  0 L3P D8
G01 FF 61152 083800  780 201 2192    -2922067     90          16      5   36  11  213  -58   50   -6   50   -6  31  0  0 L3P C2
G02 FF 61152 083800  780 485 2061     -838172    -54           9     24   15  15   98  -12   29  -19   29  -19  13  0  0 L3P F3
G08 FF 61152 083800  780 485 2897    -4571207     58           4    -10   21  38   98    4   41   11   41   11  17  0  0 L3P C5
G10 FF 61152 083800  780 202 1260     5885906    -80          -7    -66   31  90  211   33   61   79   61   79  24  0  0 L3P F7
G27 FF 61152 083800  780 424 3390     1180108    181          27      8   33  96  109   15   36    7   36    7  30  0  0 L3P BB
G28 FF 61152 083800  780 366  600     5490710    -81           7     14   21 127  123  -12   44    0   44    0  16  0  0 L3P A8
G31 FF 61152 083800  780 282  286     1538503    -11           5     12   34  22  155  -29   44    3   44    3  28  0  0 L3P A1
G32 FF 61152 083800  780 473 1465     -151469   -195          22      2   24  13  100   12   27    1   27    1  23  0  0 L3P A6
G01 FF 61152 085400  780 259 2164    -2921991     76          11     -9   38  11  168  -37   48    8   48    8  32  0  0 L3P E2
G02 FF 61152 085400  780 560 2043     -838249    -76           7      1   13  15   89   -8   32    1   32    1  10  0  0 L3P 75
G08 FF 61152 085400  780 450 3006    -4571127     83          18     14   43  38  104    8   38    0   38    0  28  0  0 L3P AB
G27 FF 61152 085400  780 354 3438     1180285    172          38     -1   43  96  127   22   35    9   35    9  40  0  0 L3P CE
G28 FF 61152 085400  780 403  690     5490614    -80           2     15   17 127  114   -8   53    1   53    1  14  0  0 L3P 9F
G31 FF 61152 085400  780 338  343     1538491    -15          15      9   22  22  132  -20   42    1   42    1  19  0  0 L3P 93
G32 FF 61152 085400  780 400 1470     -151666   -174          14     22   24  13  114   17   34  -13   34  -13  21  0  0 L3P E9
G01 FF 61152 091000  780 321 2142    -2921943     75         -23    -10   23  11  138  -25   71    9   71    9  17  0  0 L3P D2
G02 FF 61152 091000  780 640 2034     -838319    -95          11    -17   12  15   82   -6   34   20   34   20  10  0  0 L3P B7
G03 FF 61152 091000  780 191 2454    -4938294    142         -28     -4   38 142  223  -31   72   -8   72   -8  32  0  0 L3P 15
G08 FF 61152 091000  780 405 3098    -4571062     66          18     -2   17  38  113   12   46   13   46   13  13  0  0 L3P D4
G27 FF 61152 091000  780 286 3480     1180458    208          45     35   26  96  153   33   42  -20   42  -20  24  0  0 L3P FE
G28 FF 61152 091000  780 430  790     5490544    -98          24     -3   27 127  108   -4   45    1   45    1  23  0  0 L3P B4
G31 FF 61152 091000  780 394  408     1538463    -30          11     -6   20  22  116  -14   54   13   54   13  18  0  0 L3P C0
G32 FF 61152 091000  780 331 1462     -151863   -181           6     16   23  13  135   25   51  -10   51  -10  21  0  0 L3P D0
G01 FF 61152 092600  780 386 2127    -2921840     54          -2    -31   24  11  118  -18   59   42   59   42  22  0  0 L3P F3
G02 FF 61152 092600  780 722 2044     -838401    -84           4     -7   17  15   77   -4   47   15   47   15  16  0  0 L3P B4
G03 FF 61152 092600  780 218 2385    -4938145    138         -20     -9   42 142  196  -24   63    9   63    9  36  0  0 L3P 0E
G04 FF 61152 092600  780 213 3084     -542889    -27          20    -13   61  42  201  -50   51   22   51   22  44  0  0 L3P E2
G08 FF 61152 092600  780 355 3176    -4570998     83          16     15   23  38  127   17   62    9   62    9  17  0  0 L3P E2
G27 FF 61152 092600  780 223 3519     1180614    200          35     28   26  96  193   52   78    9   78    9  18  0  0 L3P E0
G28 FF 61152 092600  780 444  898     5490441    -96          13      0   24 127  105   -1   62   13   62   13  21  0  0 L3P CA
G31 FF 61152 092600  780 448  485     1538437    -65           7    -41   24  22  104  -10   66   41   66   41  19  0  0 L3P DF
G32 FF 61152 092600  780 265 1447     -152074   -168         -17     29   23  13  164   38   91    7   91    7  16  0  0 L3P E7
G01 FF 61152 094200  780 456 2121    -2921753    108           3     22   17  11  103  -13   65  -13   65  -13  17  0  0 L3P EE
G02 FF 61152 094200  780 806 2118     -838472    -87           6    -10   14  15   75   -2   54   10   54   10  12  0  0 L3P B5
G03 FF 61152 094200  780 247 2317    -4937997    159         -12     12   25 142  175  -20   72    1   72    1  19  0  0 L3P 03
G04 FF 61152 094200  780 266 3027     -542917     -7           6      8   26  42  163  -30   76   18   76   18  24  0  0 L3P C2
G08 FF 61152 094200  780 302 3244    -4570929     83          20     15   26  38  146   24   81    8   81    8  21  0  0 L3P C6
G28 FF 61152 094200  780 442 1009     5490338    -68           1     27   23 127  105    2   81  -16   81  -16  20  0  0 L3P E5
G31 FF 61152 094200  780 496  580     1538417    -35          10    -11   24  22   97   -6   70   12   70   12  18  0  0 L3P BF
G32 FF 61152 094200  780 203 1424     -152246   -207           0    -10   39  13  211   61  105   48  105   48  29  0  0 L3P F3
G01 FF 61152 095800  780 528 2127    -2921660     74          14    -11   18  11   92   -9   61   18   61   18  15  0  0 L3P DA
G02 FF 61152 095800  780 869 2813     -838567    -79         -14     -2   14  15   74    0   76    2   76    2  13  0  0 L3P B5
G03 FF 61152 095800  780 277 2249    -4937861    159         -17     12   31 142  157  -17   85   -4   85   -4  27  0  0 L3P 36
G04 FF 61152 095800  780 316 2959     -542943      7          -6     21   23  42  140  -20   95   -9   95   -9  20  0  0 L3P CB
G08 FF 61152 095800  780 250 3304    -4570870     58          14    -10   52  38  173   34  107   31  107   31  46  0  0 L3P 11
G28 FF 61152 095800  780 424 1112     5490240   -130          -5    -35   26 127  109    5   91   38   91   38  21  0  0 L3P FD
G31 FF 61152 095800  780 533  694     1538393    -12           9     12   19  22   92   -4   73   -4   73   -4  16  0  0 L3P AB
G01 FF 61152 101400  780 602 2154    -2921590     70           1    -15   14  12   85   -7   72   15   72   15  11  0  0 L3P A8
G02 FF 61152 101400  780 805 3504     -838609    -71          20      6   36  16   75    2   63    1   63    1  36  0  0 L3P 78
G03 FF 61152 101400  780 310 2180    -4937718    145         -21     -1   31 143  142  -15   83    8   83    8  26  0  0 L3P E8
G04 FF 61152 101400  780 361 2882     -542966    -41         -14    -26   25  43  125  -13  100   12  100   12  20  0  0 L3P FF
G08 FF 61152 101400  780 199 3360    -4570807    126           8     58   43  39  214   52  151    1  151    1  37  0  0 L3P E2
G28 FF 61152 101400  780 393 1202     5490159    -93           8      2   21 128  116   10   98   22   98   22  20  0  0 L3P CB
G31 FF 61152 101400  780 554  827     1538373    -33          12     -9   19  27   89   -1   78   19   78   19  18  0  0 L3P D0
G01 FF 61152 103000  780 675 2219    -2921502     82           8     -3   13  12   80   -4   75   16   75   16  12  0  0 L3P A2
G02 FF 61152 103000  780 719 3587     -838693    -76          10      1   17  16   77    4   82    5   82    5  14  0  0 L3P 90
G03 FF 61152 103000  780 345 2112    -4937587    173         -31     26   20 143  129  -13  100   -4  100   -4  18  0  0 L3P 19
G04 FF 61152 103000  780 401 2793     -542983    -21         -16     -6   22  43  114   -9  104   12  104   12  17  0  0 L3P E4
G28 FF 61152 103000  780 350 1276     5490070    -95          10      1   25 128  128   16  114   26  114   26  21  0  0 L3P EF
G31 FF 61152 103000  780 556  967     1538348      2          10     26   22  27   89    1   86   -7   86   -7  20  0  0 L3P 8E
G01 FF 61152 104600  780 741 2366    -2921421     60           7    -26   17  12   77   -2   84   34   84   34  15  0  0 L3P C1
G02 FF 61152 104600  780 631   12     -838767    -85          11     -7   18  16   82    7   89   17   89   17  15  0  0 L3P A7
G03 FF 61152 104600  780 383 2042    -4937439    104         -23    -43   24 143  118  -11  102   39  102   39  22  0  0 L3P 3C
G04 FF 61152 104600  780 433 2695     -542983     21          -3     36   23  43  107   -6  103  -26  103  -26  20  0  0 L3P F2
G28 FF 61152 104600  780 299 1332     5489976    -77           8     18   25 128  147   25  136    5  136    5  20  0  0 L3P 03
G31 FF 61152 104600  780 536 1098     1538322    -18           6      6   20  27   91    3   98    8   98    8  17  0  0 L3P 8B
G01 FF 61152 110200  780 780 2677    -2921333     80          13     -5   14  12   75    0   90   18   90   18  13  0  0 L3P A8
G02 FF 61152 110200  780 546   24     -838854    -79          -2     -2   19  16   90   10  113    7  113    7  15  0  0 L3P 90
G03 FF 61152 110200  780 425 1970    -4937275    164          21     17   20   4  109   -9   96  -11   96  -11  17  0  0 L3P F5
G04 FF 61152 110200  780 459 2589     -542996     -9          -1      5   22  43  102   -4  109    1  109    1  19  0  0 L3P AA
G09 FF 61152 110200  780 186 2803    -7575566    109          14     75   90  92  229  -42  179  -84  179  -84  88  0  0 L3P 72
G28 FF 61152 110200  780 243 1373     5489886    -87           9      9   31 128  178   41  158   12  158   12  24  0  0 L3P 0F
G31 FF 61152 110200  780 500 1205     1538292    -44           0    -20   20  27   96    6  113   27  113   27  18  0  0 L3P BC
G01 FF 61152 111800  780 764 3060    -2921253     70          11    -15   13  12   76    1  105   27  105   27  11  0  0 L3P CC
G02 FF 61152 111800  780 464   33     -838926    -94           0    -16   20  16  102   14  135   43  135   43  15  0  0 L3P C7
G03 FF 61152 111800  780 469 1893    -4937133    140          22     -7   21   4  101   -8  109   17  109   17  19  0  0 L3P FA
G04 FF 61152 111800  780 477 2476     -543009    -27           1    -12   19  43   99   -2  115   23  115   23  16  0  0 L3P DE
G09 FF 61152 111800  780 219 2733    -7575633   -171         -85   -205   34  92  196  -28  287  210  287  210  32  0  0 L3P 9A
G26 FF 61152 111800  780 199  818     3567142    105         -13     60   30  22  214  -20  254  -46  254  -46  24  0  0 L3P 27
G31 FF 61152 111800  780 452 1286     1538273      0           4     23   19  27  104   10  128    3  128    3  19  0  0 L3P A0
G01 FF 61152 113400  780 705 3283    -2921161     60          21    -25   21  12   78    3  108   39  108   39  16  0  0 L3P DF
G02 FF 61152 113400  780 385   42     -838993    -81           7     -4   15  16  118   21  159   44  159   44  13  0  0 L3P D0
G03 FF 61152 113400  780 515 1809    -4936993    144          22     -3   15   4   94   -6  112    8  112    8  12  0  0 L3P C3
G04 FF 61152 113400  780 487 2360     -543023    -40           0    -25   24  43   98   -1  119   22  119   22  21  0  0 L3P CB
G09 FF 61152 113400  780 250 2659    -7575535    217         -20    183   32  92  173  -19  222 -192  222 -192  30  0  0 L3P 89
G26 FF 61152 113400  780 215  892     3567226     30          28    -16   35  22  199  -12  217   19  217   19  32  0  0 L3P 08
G31 FF 61152 113400  780 396 1343     1538249    -36           3    -12   27  27  115   15  148   46  148   46  25  0  0 L3P 07
G01 FF 61152 115000  780 632 3392    -2921079     75          21    -10   28  12   82    6  120   20  120   20  28  0  0 L3P CD
G02 FF 61152 115000  780 310   53     -839061    -93          13    -16   17  16  143   31  200   62  200   62  15  0  0 L3P C3
G03 FF 61152 115000  780 562 1712    -4936860    183          14     37   18   4   88   -5  124  -37  124  -37  16  0  0 L3P 10
G04 FF 61152 115000  780 492 2243     -543043    -36           8    -21   19  44   97    0  128   29  128   29  17  0  0 L3P D9
G09 FF 61152 115000  780 278 2582    -7575471     40          11      6   18  92  157  -14  184   -5  184   -5  17  0  0 L3P 08
G16 FF 61152 115000  780 198  647    -2496686   -112          14    -41   47  17  215  -34  270   26  270   26  38  0  0 L3P 3B
G26 FF 61152 115000  780 224  967     3567244     28           2    -17   26  22  191   -4  241   27  241   27  23  0  0 L3P DA
G31 FF 61152 115000  780 336 1381     1538220    -82          -4    -58   27  27  133   22  179   72  179   72  22  0  0 L3P 10
G01 FF 61152 120600  780 554 3454    -2921000    136          22     51   27  13   89    9  150  -16  150  -16  26  0  0 L3P FA
G02 FF 61152 120600  780 239   66     -839140    -85           6     -8   44  53  181   50  256   71  256   71  37  0  0 L3P D3
G03 FF 61152 120600  780 608 1595    -4936720    174          12     27   17  16   84   -4  130   -9  130   -9  15  0  0 L3P F8
G04 FF 61152 120600  780 491 2128     -543055      1          11     15   21  45   97    0  135    5  135    5  18  0  0 L3P 85
G09 FF 61152 120600  780 303 2503    -7575444     59           4     25   23 101  145  -11  185  -21  185  -21  21  0  0 L3P 1B
G16 FF 61152 120600  780 229  718    -2496771    -50          -8     21   27  18  188  -23  290   -9  290   -9  23  0  0 L3P 14
G26 FF 61152 120600  780 226 1043     3567291     34           8    -12   31  23  190    3  261   38  261   38  26  0  0 L3P D9
G31 FF 61152 120600  780 274 1404     1538196    -12           0     12   25  28  159   34  221   40  221   40  20  0  0 L3P D2
G01 FF 61152 122200  780 477 3494    -2920923     91          18      6   35  13   99   13  181   33  181   33  31  0  0 L3P E5
G03 FF 61152 122200  780 649 1446    -4936572    149          19      2   12  16   81   -2  136   14  136   14  10  0  0 L3P E8
G04 FF 61152 122200  780 487 2016     -543067     27          14     41   18  45   98    1  148  -11  148  -11  16  0  0 L3P E3
G07 FF 61152 122200  780 252 3203     1761505     55          -8     11   22  10  172  -41  251  -21  251  -21  18  0  0 L3P F3
G09 FF 61152 122200  780 327 2422    -7575408     63           7     29   20 101  136   -9  191   -6  191   -6  18  0  0 L3P FB
G16 FF 61152 122200  780 255  793    -2496826   -159           4    -89   40  18  170  -15  283  106  283  106  34  0  0 L3P 54
G26 FF 61152 122200  780 218 1116     3567328     87           2     42   32  23  197   11  290   -2  290   -2  26  0  0 L3P D5
G31 FF 61152 122200  780 213 1414     1538188    -71          15    -47   32  28  202   56  265  137  265  137  26  0  0 L3P 36
G01 FF 61152 123800  780 401 3525    -2920838    108          20     23   14  13  114   18  215   23  215   23  11  0  0 L3P F4
G03 FF 61152 123800  780 677 1255    -4936437    142          13     -5   14  16   79   -1  155   14  155   14  11  0  0 L3P FC
G04 FF 61152 123800  780 480 1907     -543082    -32          13    -18   23  45   99    1  165   28  165   28  19  0  0 L3P F5
G07 FF 61152 123800  780 314 3159     1761547     68          -9     24   20  10  141  -26  237  -36  237  -36  17  0  0 L3P 22
G09 FF 61152 123800  780 350 2339    -7575373     28          10     -6   26 101  128   -7  199   22  199   22  22  0  0 L3P 1B
G16 FF 61152 123800  780 275  872    -2496918     -2         -20     69   26  18  159   -9  309  -52  309  -52  19  0  0 L3P 35
G26 FF 61152 123800  780 201 1185     3567381     63          11     17   26  23  213   22  314   30  314   30  21  0  0 L3P DC
G01 FF 61152 125400  780 328 3553    -2920760     88          16      3   20  13  135   27  262   52  262   52  17  0  0 L3P ED
G03 FF 61152 125400  780 684 1032    -4936295    152          14      6   16  16   79    0  167   11  167   11  14  0  0 L3P E0
G04 FF 61152 125400  780 471 1802     -543113    -20          -4     -5   24  45  100    2  195   17  195   17  21  0  0 L3P CA
G06 FF 61152 125400  780 211 2312     6091182    -31           5     -9   35  34  203  -35  271   20  271   20  31  0  0 L3P DA
G07 FF 61152 125400  780 376 3104     1761596     54          -2     10   17  10  120  -17  227  -13  227  -13  12  0  0 L3P 03
G09 FF 61152 125400  780 372 2255    -7575344     54           6     20   29 101  121   -6  217   -6  217   -6  24  0  0 L3P F4
G16 FF 61152 125400  780 287  954    -2496941    -95          24    -25   40  18  153   -4  280   38  280   38  37  0  0 L3P 26
G01 FF 61152 131000  780 260 3579    -2920687     53           8    -33   31  13  168   41  331  111  331  111  27  0  0 L3P 11
G03 FF 61152 131000  780 664  816    -4936162    151           7      4   12  16   80    2  188   16  188   16  11  0  0 L3P BB
G04 FF 61152 131000  780 462 1699     -543126    -46          -3    -31   20  45  102    2  210   47  210   47  18  0  0 L3P DD
G06 FF 61152 131000  780 243 2380     6091171    -31          16     -8   37  34  178  -20  277   29  277   29  32  0  0 L3P 12
G07 FF 61152 131000  780 435 3033     1761648     73           7     29   35  10  107  -12  223  -12  223  -12  22  0  0 L3P F1
G09 FF 61152 131000  780 395 2170    -7575306     31          11     -3   22 101  115   -6  225   16  225   16  21  0  0 L3P F0
G16 FF 61152 131000  780 289 1036    -2497024    -90           9    -20   28  18  152    2  304   32  304   32  21  0  0 L3P E8
G01 FF 61152 132600  780 195    6    -2920561     81          52     -5   28  13  219   69  397  129  397  129  25  0  0 L3P 08
G03 FF 61152 132600  780 623  643    -4936025    126           2    -21   18  16   83    4  211   35  211   35  15  0  0 L3P C9
G04 FF 61152 132600  780 452 1598     -543130     33           7     48   23  45  104    2  217  -30  217  -30  22  0  0 L3P D5
G06 FF 61152 132600  780 266 2456     6091150    -17          17      6   21  34  164  -10  289    8  289    8  17  0  0 L3P EB
G07 FF 61152 132600  780 489 2944     1761691     47           8      3   19  10   98   -8  224    5  224    5  15  0  0 L3P B1
G09 FF 61152 132600  780 417 2083    -7575271     43          14      9   21 101  110   -5  230    0  230    0  18  0  0 L3P BE
G16 FF 61152 132600  780 280 1116    -2497097    -73           4     -2   48  18  156    7  324   27  324   27  44  0  0 L3P F7
G03 FF 61152 134200  780 566  516    -4935879    139           8     -8   15  16   88    6  233   36  233   36  13  0  0 L3P E7
G04 FF 61152 134200  780 441 1499     -543144     18           7     33   27  45  105    2  234  -25  234  -25  25  0  0 L3P E1
G06 FF 61152 134200  780 277 2539     6091123    -38          11    -15   20  34  158   -3  308   23  308   23  17  0  0 L3P 05
G07 FF 61152 134200  780 536 2834     1761730     37           4     -7   15  10   91   -5  228    3  228    3  12  0  0 L3P 9F
G09 FF 61152 134200  780 440 1993    -7575240     87          11     53   16 101  106   -5  242  -40  242  -40  14  0  0 L3P 1E
G16 FF 61152 134200  780 261 1190    -2497172    -52          -4     19   33  18  167   15  349   14  349   14  26  0  0 L3P 16
G30 FF 61152 134200  780 207 3011    -1965573   -144          21    -10   28   9  207  -49  368  -27  368  -27  26  0  0 L3P 4F
G03 FF 61152 135800  780 501  425    -4935739    148           7      1   17  16   96   10  263   35  263   35  15  0  0 L3P DA
G04 FF 61152 135800  780 429 1401     -543176     28         -10     42   17  45  108    3  270  -21  270  -21  16  0  0 L3P F5
G06 FF 61152 135800  780 276 2625     6091090    -37           0    -14   29  34  158    3  335   38  335   38  25  0  0 L3P FD
G07 FF 61152 135800  780 573 2700     1761781     52          13      8   19  10   87   -3  220  -17  220  -17  16  0  0 L3P E5
G09 FF 61152 135800  780 464 1900    -7575215     53           4     19   16 101  101   -4  245  -12  245  -12  15  0  0 L3P 0D
G16 FF 61152 135800  780 232 1257    -2497233   -163           3    -92   29  18  186   26  373   99  373   99  24  0  0 L3P 4A
G30 FF 61152 135800  780 255 2951    -1965715   -128           8      6   22   9  170  -30  352  -32  352  -32  19  0  0 L3P 1D
G03 FF 61152 141400  780 431  360    -4935602    119           4    -28   14  24  108   15  303   76  303   76  12  0  0 L3P F1
G04 FF 61152 141400  780 416 1304     -543177    -29           4    -14   23  46  110    3  260    8  260    8  17  0  0 L3P B3
G06 FF 61152 141400  780 265 2710     6091057    -26          -7     -4   28  35  164    9  374   31  374   31  27  0  0 L3P F0
G07 FF 61152 141400  780 596 2544     1761809     41          -3     -4   18  59   85   -1  222   -1  222   -1  14  0  0 L3P C9
G09 FF 61152 141400  780 488 1803    -7575179    -10           6    -44   15 103   98   -4  245   20  245   20  11  0  0 L3P 0A
G16 FF 61152 141400  780 195 1313    -2497311    -81          -7    -10   33  19  219   44  406   47  406   47  26  0  0 L3P 1E
G30 FF 61152 141400  780 300 2883    -1965847   -178           7    -44   17  33  147  -20  325   -1  325   -1  14  0  0 L3P 21
G03 FF 61152 143000  780 360  313    -4935475    161          -9     15   23  24  125   22  376   58  376   58  19  0  0 L3P 0C
G04 FF 61152 143000  780 401 1208     -543209    -33         -14    -18   21  46  114    4  278   29  278   29  17  0  0 L3P 02
G06 FF 61152 143000  780 245 2792     6091063    -13          20     10   43  35  176   17  377   19  377   19  38  0  0 L3P 10
G07 FF 61152 143000  780 603 2378     1761851     22          -4    -22   17  59   85    0  217    6  217    6  16  0  0 L3P B9
G09 FF 61152 143000  780 512 1698    -7575148     28           4     -6   16 103   94   -3  236  -16  236  -16  12  0  0 L3P 0D
G30 FF 61152 143000  780 341 2806    -1965985   -167          -2    -33   18  33  131  -14  308    7  308    7  15  0  0 L3P 18
G03 FF 61152 144600  780 288  279    -4935329     92          -4    -55   26  24  152   36  471  165  471  165  20  0  0 L3P 3A
G04 FF 61152 144600  780 383 1114     -543225    -26         -16    -11   15  46  118    5  300   33  300   33  13  0  0 L3P E7
G06 FF 61152 144600  780 218 2870     6091037    -41          16    -19   28  35  197   26  415   48  415   48  25  0  0 L3P 29
G07 FF 61152 144600  780 595 2213     1761900     62           2     18   18  59   85    1  208  -17  208  -17  15  0  0 L3P E5
G09 FF 61152 144600  780 533 1584    -7575114     49           5     15   13 103   92   -2  228  -11  228  -11  10  0  0 L3P 01
G30 FF 61152 144600  780 378 2722    -1966094   -129          18      5   17  33  120   -9  266  -21  266  -21  15  0  0 L3P 31
G03 FF 61152 150200  780 217  255    -4935186    209          -1     63   29  24  198   62  616  141  616  141  22  0  0 L3P 29
G04 FF 61152 150200  780 361 1023     -543228    -52          -5    -37   28  46  124    7  319   67  319   67  23  0  0 L3P F9
G06 FF 61152 150200  780 186 2943     6091012    -45          13    -22   33  35  229   40  468   81  468   81  25  0  0 L3P 19
G07 FF 61152 150200  780 575 2063     1761940     39           0     -6   20  59   87    2  211   11  211   11  17  0  0 L3P AB
G09 FF 61152 150200  780 551 1461    -7575081     41           6      7   16 103   90   -2  230    2  230    2  14  0  0 L3P 9E
G14 FF 61152 150200  780 259 3392    -7441222     29           7     42   34  27  168  -44  469 -113  469 -113  30  0  0 L3P 4A
G30 FF 61152 150200  780 409 2629    -1966241    -97           0     37   22  33  112   -7  267  -40  267  -40  19  0  0 L3P 18
G04 FF 61152 151800  780 336  936     -543250    -38         -13    -24   34  46  133   10  348   53  348   53  27  0  0 L3P 0D
G07 FF 61152 151800  780 547 1930     1761975     64          -7     20   17  59   90    4  219   -3  219   -3  16  0  0 L3P D9
G09 FF 61152 151800  780 562 1328    -7575057     41          -3      7   11 103   88   -1  241    8  241    8  10  0  0 L3P C3
G14 FF 61152 151800  780 331 3380    -7441231    -35          10    -22   28  27  135  -27  396  -43  396  -43  25  0  0 L3P 48
G30 FF 61152 151800  780 435 2530    -1966363   -133           7      1   15  33  107   -5  238  -16  238  -16  13  0  0 L3P 0F
G04 FF 61152 153400  780 306  853     -543233    -24          18     -9   40  46  144   14  357   52  357   52  36  0  0 L3P EE
G07 FF 61152 153400  780 515 1814     1762018     47          -7      3   17  59   94    5  233   12  233   12  15  0  0 L3P BC
G09 FF 61152 153400  780 564 1187    -7575020     -1           1    -35   16 103   88    0  252   49  252   49  14  0  0 L3P ED
G14 FF 61152 153400  780 405 3359    -7441261    -25          -8    -13   30  27  113  -18  364  -37  364  -37  28  0  0 L3P 48
G21 FF 61152 153400  780 231 2235    -4148299     10          19     16   35  28  187  -44  310  -36  310  -36  32  0  0 L3P 26
G22 FF 61152 153400  780 238 3357      144741    -64           8     -2   44   3  182  -50  547  -94  547  -94  42  0  0 L3P 05
G30 FF 61152 153400  780 455 2426    -1966500   -116          -2     18   17  33  103   -3  237  -18  237  -18  16  0  0 L3P 2E
G04 FF 61152 155000  780 272  775     -543274     21          -8     35   30  46  160   20  417   -1  417   -1  24  0  0 L3P C3
G07 FF 61152 155000  780 481 1709     1762061     57          -6     13   17  59   99    6  254   13  254   13  15  0  0 L3P DC
G08 FF 61152 155000  780 179 1027    -4569386    140          50     72   37  54  236   -3  455  -69  455  -69  30  0  0 L3P 4C
G09 FF 61152 155000  780 556 1046    -7574986     69           2     35   17 103   89    2  268  -15  268  -15  15  0  0 L3P 1E
G14 FF 61152 155000  780 481 3328    -7441271     10          -6     23   21  27   99  -12  322  -48  322  -48  20  0  0 L3P 0D
G21 FF 61152 155000  780 284 2280    -4148317    -34           7    -29   26  28  154  -26  298    9  298    9  24  0  0 L3P 13
G22 FF 61152 155000  780 306 3338      144673    -82           0    -19   33   3  144  -30  465  -51  465  -51  29  0  0 L3P 01
G30 FF 61152 155000  780 471 2317    -1966638   -118         -11     16   17  33  100   -2  244   -9  244   -9  15  0  0 L3P 1C
G04 FF 61152 160600  780 234  704     -543307    -37         -31    -22   42  47  184   31  486   90  486   90  30  0  0 L3P 0C
G07 FF 61152 160600  780 446 1614     1762101     43         -11     -1   24  65  104    6  276   15  276   15  22  0  0 L3P DE
G08 FF 61152 160600  780 178 1099    -4569332    116          31     47   37  59  238    8  464  -41  464  -41  31  0  0 L3P 3D
G09 FF 61152 160600  780 535  912    -7574962     52         -12     18   17 108   91    3  286    6  286    6  16  0  0 L3P E5
G14 FF 61152 160600  780 558 3282    -7441273    -78           2    -65   14  28   89   -8  295   35  295   35  12  0  0 L3P 1A
G21 FF 61152 160600  780 331 2339    -4148334    -11          -8     -5   19  29  134  -16  296   12  296   12  15  0  0 L3P 15
G22 FF 61152 160600  780 376 3310      144609   -102          -8    -39   36  12  121  -20  406   -7  406   -7  36  0  0 L3P 02
G30 FF 61152 160600  780 481 2207    -1966770   -127         -18      7   21  34   99   -1  250    1  250    1  17  0  0 L3P DF
G04 FF 61152 162200  780 192  639     -543301   -112         -11    -97   35  47  222   50  548  174  548  174  31  0  0 L3P 43
G07 FF 61152 162200  780 413 1525     1762146     55          -9     10   17  65  111    7  298   20  298   20  16  0  0 L3P E1
G09 FF 61152 162200  780 503  791    -7574932     29         -15     -6   25 108   95    5  314   34  314   34  22  0  0 L3P F5
G14 FF 61152 162200  780 633 3209    -7441286    -51           2    -39   16  28   82   -6  279   23  279   23  15  0  0 L3P 07
G21 FF 61152 162200  780 370 2414    -4148329     16           2     21   14  29  122  -10  296   -9  296   -9  13  0  0 L3P F0
G22 FF 61152 162200  780 446 3270      144549    -47          -7     15   15  12  105  -14  365  -46  365  -46  13  0  0 L3P 15
G30 FF 61152 162200  780 488 2096    -1966883   -139          -3     -5   18  34   98   -1  248   11  248   11  17  0  0 L3P 1C
G05 FF 61152 163800  780 188 2297     2320730     32         -12     27   32  62  226  -44  404  -27  404  -27  28  0  0 L3P 2D
G07 FF 61152 163800  780 381 1441     1762193     53          -5      8   14  65  119    9  318   16  318   16  11  0  0 L3P DA
G09 FF 61152 163800  780 462  687    -7574884      0           1    -34   23 108  102    8  333   66  333   66  19  0  0 L3P F6
G14 FF 61152 163800  780 704 3087    -7441301    -14          -1     -1   17  28   78   -3  272   -8  272   -8  15  0  0 L3P EA
G21 FF 61152 163800  780 398 2503    -4148339    -11          -3     -5   22  29  115   -5  309   16  309   16  18  0  0 L3P 08
G22 FF 61152 163800  780 516 3214      144492    -53          -5      9   17  12   94   -9  336  -34  336  -34  14  0  0 L3P E7
G30 FF 61152 163800  780 492 1986    -1967027   -167         -18    -33   21  34   97    0  270   30  270   30  15  0  0 L3P 25
G05 FF 61152 165400  780 221 2360     2320723    -12         -23    -16   33  62  194  -25  409   18  409   18  27  0  0 L3P 23
G07 FF 61152 165400  780 350 1360     1762246     42           5     -2   16  65  128   10  336   32  336   32  14  0  0 L3P D4
G09 FF 61152 165400  780 413  599    -7574861     60          -9     26   28 108  111   12  382   26  382   26  26  0  0 L3P 1A
G14 FF 61152 165400  780 760 2862    -7441315     -1          -4     11   15  28   76   -1  267  -13  267  -13  12  0  0 L3P F9
G17 FF 61152 165400  780 236  140     1188650     88          -3      0   35  64  183  -43  719 -140  719 -140  29  0  0 L3P 28
G21 FF 61152 165400  780 411 2603    -4148341     -2           1      4   29  29  112   -1  326   25  326   25  25  0  0 L3P C1
G22 FF 61152 165400  780 583 3135      144428    -61          -8      1   17  12   86   -6  318  -10  318  -10  13  0  0 L3P D5
G30 FF 61152 165400  780 493 1875    -1967159   -159         -21    -25   19  34   97    0  277   31  277   31  18  0  0 L3P 3D
G05 FF 61152 171000  780 245 2432     2320737     -2         -13     -6   31  62  177  -13  415   31  415   31  26  0  0 L3P EF
G07 FF 61152 171000  780 321 1281     1762264     31         -19    -13   21  65  138   11  374   34  374   34  16  0  0 L3P 07
G09 FF 61152 171000  780 358  527    -7574827     43          -8      9   28 108  125   18  437   54  437   54  23  0  0 L3P 11
G14 FF 61152 171000  780 782 2487    -7441328    -14          -5     -1   13  28   75    0  266    2  266    2  11  0  0 L3P BC
G17 FF 61152 171000  780 295  181     1188724     37         -13    -50   38  64  149  -29  594  -60  594  -60  36  0  0 L3P 45
G21 FF 61152 171000  780 410 2707    -4148361     35         -13     41   27  29  112    2  366    8  366    8  24  0  0 L3P D5
G22 FF 61152 171000  780 644 3018      144374    -65          -2     -3   16  12   82   -4  299   -7  299   -7  14  0  0 L3P CF
G30 FF 61152 171000  780 492 1766    -1967284   -126         -17      8   17  34   97    0  279    3  279    3  14  0  0 L3P F2
G05 FF 61152 172600  780 258 2510     2320743     19         -12     14   25  62  168   -5  438   20  438   20  21  0  0 L3P F5
G07 FF 61152 172600  780 293 1203     1762312      5         -13    -40   26  65  150   14  392   66  392   66  21  0  0 L3P FD
G09 FF 61152 172600  780 300  467    -7574802     56         -15     21   28 108  147   27  518   85  518   85  23  0  0 L3P 2F
G13 FF 61152 172600  780 224 2161    -6784218     -2          -8    -19   34 173  192  -49  410  -20  410  -20  27  0  0 L3P 3B
G14 FF 61152 172600  780 755 2135    -7441353     10         -18     23   15  28   76    2  279  -16  279  -16  13  0  0 L3P 14
G17 FF 61152 172600  780 357  226     1188800     84         -21     -4   27  64  126  -20  514  -72  514  -72  24  0  0 L3P 19
G21 FF 61152 172600  780 394 2809    -4148359    -21          -6    -16   22  29  116    6  408   71  408   71  17  0  0 L3P 19
G22 FF 61152 172600  780 693 2846      144305    -83         -11    -20   16  12   79   -2  301   16  301   16  13  0  0 L3P E4
G30 FF 61152 172600  780 490 1657    -1967429   -135         -33     -1   17  34   97    1  300   10  300   10  14  0  0 L3P FA
G05 FF 61152 174200  780 261 2592     2320748    -15         -12    -19   33  62  167    2  484   75  484   75  28  0  0 L3P 22
G07 FF 61152 174200  780 265 1128     1762370     76           2     31   38  65  164   16  407   -4  407   -4  37  0  0 L3P E5
G09 FF 61152 174200  780 240  420    -7574754     25          -1     -9   28 108  180   45  621  146  621  146  23  0  0 L3P 24
G13 FF 61152 174200  780 285 2144    -6784224     -3         -30    -20   30 173  154  -32  400  -19  400  -19  25  0  0 L3P 40
G14 FF 61152 174200  780 701 1927    -7441356    -12          -9      0   15  28   78    3  277   11  277   11  13  0  0 L3P D9
G17 FF 61152 174200  780 421  277     1188881    104         -24     16   13  64  110  -14  459  -68  459  -68  11  0  0 L3P 3D
G19 FF 61152 174200  780 231   19    -6978268      3          17     14   30  80  187  -52  802 -144  802 -144  22  0  0 L3P 26
G20 FF 61152 174200  780 237 2175    -1207814   -173           1     12   34 101  182  -48  425  -62  425  -62  31  0  0 L3P 3C
G21 FF 61152 174200  780 367 2904    -4148364     11          -6     16   13  29  123    9  479   71  479   71  12  0  0 L3P 00
G22 FF 61152 174200  780 720 2606      144248    -67          -8     -4   14  12   77   -1  297    5  297    5  11  0  0 L3P B4
G30 FF 61152 174200  780 485 1548    -1967534   -169         -10    -35   21  34   98    1  288   45  288   45  20  0  0 L3P 38
G05 FF 61152 175800  780 253 2675     2320803     17          38     12   33  62  171    8  506   70  506   70  29  0  0 L3P EE
G07 FF 61152 175800  780 237 1054     1762407     35          -3    -10   30  65  182   21  436   28  436   28  27  0  0 L3P 06
G13 FF 61152 175800  780 350 2134    -6784201     -2         -24    -19   22 173  128  -22  365  -20  365  -20  18  0  0 L3P 4B
G14 FF 61152 175800  780 638 1803    -7441369    -28          -9    -15   13  28   82    5  282   15  282   15  12  0  0 L3P 0A
G17 FF 61152 175800  780 486  341     1188976    112         -13     24   18  64   98  -10  403  -57  403  -57  16  0  0 L3P 33
G19 FF 61152 175800  780 299   48    -6978291     45           5     57   34  80  147  -32  673 -209  673 -209  26  0  0 L3P 55
G20 FF 61152 175800  780 302 2180    -1208003   -207         -10    -22   30 101  146  -30  399   -7  399   -7  25  0  0 L3P 40
G21 FF 61152 175800  780 332 2989    -4148368     24          -4     30   31  29  134   14  573   94  573   94  23  0  0 L3P 1E
G22 FF 61152 175800  780 716 2340      144196    -54           0      9   15  12   78    1  286  -13  286  -13  14  0  0 L3P C8
G30 FF 61152 175800  780 478 1440    -1967658   -161          -5    -27   25  34   99    1  289   22  289   22  22  0  0 L3P 2B
G05 FF 61152 181400  780 236 2755     2320812   -156          44   -160   35  63  183   16  598  283  598  283  33  0  0 L3P 78
G07 FF 61152 181400  780 208  983     1762467     83          12     39   29  66  205   28  442   -7  442   -7  25  0  0 L3P F9
G13 FF 61152 181400  780 417 2135    -6784176      5         -13    -12   18 174  110  -15  330  -16  330  -16  16  0  0 L3P 38
G14 FF 61152 181400  780 576 1715    -7441383    -29         -13    -16   22  29   87    6  290   25  290   25  18  0  0 L3P 1C
G17 FF 61152 181400  780 547  425     1189051     96         -20      8   15  76   90   -7  363  -40  363  -40  12  0  0 L3P ED
G19 FF 61152 181400  780 371   78    -6978325     -1         -20     11   22  92  122  -22  574 -117  574 -117  19  0  0 L3P 41
G20 FF 61152 181400  780 368 2197    -1208178   -235          -5    -50   23 102  123  -20  375   21  375   21  19  0  0 L3P 42
G21 FF 61152 181400  780 291 3065    -4148366    -30           0    -24   48  30  151   21  691  153  691  153  34  0  0 L3P 2D
G22 FF 61152 181400  780 686 2117      144136    -78          -4    -15   16  13   79    2  282    7  282    7  14  0  0 L3P BC
G30 FF 61152 181400  780 469 1334    -1967813   -115         -29     19   24  35  101    2  306  -31  306  -31  20  0  0 L3P 2D
G05 FF 61152 183000  780 212 2833     2320763     18          -9     14   21  63  202   25  770  122  770  122  20  0  0 L3P 00
G07 FF 61152 183000  780 179  914     1762495     26          -2    -19   34  66  237   38  474   32  474   32  29  0  0 L3P 0F
G13 FF 61152 183000  780 487 2149    -6784164      6         -18    -11   14 174   98  -11  312  -13  312  -13  13  0  0 L3P 32
G14 FF 61152 183000  780 515 1644    -7441394    -10         -13      3   18  29   94    8  286   -8  286   -8  15  0  0 L3P F3
G15 FF 61152 183000  780 197 2221    -4053649    -44          19    -11   35  82  217  -59  446  -31  446  -31  32  0  0 L3P 4E
G17 FF 61152 183000  780 601  541     1189135     95         -21      7   14  76   85   -4  330  -36  330  -36  13  0  0 L3P E2
G19 FF 61152 183000  780 446  112    -6978334    -10          -9      1   25   2  105  -15  474  -81  474  -81  23  0  0 L3P 03
G20 FF 61152 183000  780 434 2231    -1208357   -197          -6    -12   22 102  107  -13  354   -6  354   -6  18  0  0 L3P 30
G21 FF 61152 183000  780 247 3133    -4148379    -18          -8    -13   31  30  175   30  802   88  802   88  24  0  0 L3P 24
G22 FF 61152 183000  780 640 1955      144079    -46          -1     17   12  13   82    4  273  -23  273  -23  10  0  0 L3P D6
G30 FF 61152 183000  780 455 1228    -1967938   -127         -24      7   14  35  103    3  303  -11  303  -11  13  0  0 L3P 15
G05 FF 61152 184600  780 183 2906     2320768      4          -8      0   34  63  232   39  893  100  893  100  27  0  0 L3P 00
G13 FF 61152 184600  780 558 2185    -6784154      0         -25    -17   12 174   89   -8  295  -16  295  -16  10  0  0 L3P 40
G14 FF 61152 184600  780 457 1582    -7441397     10          -4     23   28  29  103   10  269  -30  269  -30  25  0  0 L3P 22
G15 FF 61152 184600  780 250 2253    -4053711    -66         -11    -33   31  82  173  -35  424  -17  424  -17  27  0  0 L3P 4E
G17 FF 61152 184600  780 638  699     1189220     89         -19      1   19  76   82   -2  298  -27  298  -27  16  0  0 L3P 1D
G19 FF 61152 184600  780 524  154    -6978338     -1          -2     10   19   2   93  -10  395  -72  395  -72  16  0  0 L3P 04
G20 FF 61152 184600  780 497 2287    -1208532   -190          -4     -5   18 102   96   -9  329  -19  329  -19  15  0  0 L3P 49
G21 FF 61152 184600  780 203 3196    -4148370     20           6     25   29  30  210   44  822  -10  822  -10  20  0  0 L3P F4
G22 FF 61152 184600  780 588 1835      144005    -57         -16      6   14  13   86    5  273  -19  273  -19  13  0  0 L3P F4
G30 FF 61152 184600  780 438 1126    -1968056   -197         -14    -63   18  35  106    4  286   47  286   47  13  0  0 L3P 4B
G13 FF 61152 190200  780 627 2255    -6784133     41         -20     24   18 174   83   -5  277  -35  277  -35  15  0  0 L3P 36
G14 FF 61152 190200  780 403 1523    -7441416    -13         -10      0   21  29  114   13  259  -18  259  -18  17  0  0 L3P 16
G15 FF 61152 190200  780 300 2298    -4053726     -9           5     24   23  82  146  -22  376  -62  376  -62  21  0  0 L3P 1B
G17 FF 61152 190200  780 651  891     1189308     84         -16     -4   18  76   81    0  270  -25  270  -25  16  0  0 L3P F1
G19 FF 61152 190200  780 602  215    -6978353    -22          -7    -11   22   2   85   -7  337  -53  337  -53  17  0  0 L3P 03
G20 FF 61152 190200  780 553 2373    -1208712   -197          -6    -12   13 102   89   -6  317   -1  317   -1  12  0  0 L3P 0D
G22 FF 61152 190200  780 534 1740      143952    -50          -9     12   19  13   92    7  257  -25  257  -25  17  0  0 L3P E7
G30 FF 61152 190200  780 416 1028    -1968191   -135         -20     -1   25  35  111    5  294   12  294   12  22  0  0 L3P 07
G13 FF 61152 191800  780 687 2386    -6784121     24         -24      7   14 174   79   -3  266  -24  266  -24  11  0  0 L3P 2E
G14 FF 61152 191800  780 352 1466    -7441434    -13         -16      0   28  29  127   16  246  -21  246  -21  23  0  0 L3P 23
G15 FF 61152 191800  780 345 2357    -4053771     -6          -8     27   25  82  130  -14  356  -50  356  -50  21  0  0 L3P 29
G17 FF 61152 191800  780 633 1076     1189391     82         -17     -5   14  76   82    2  242  -28  242  -28  12  0  0 L3P 05
G19 FF 61152 191800  780 676  316    -6978367     -3          -9      9   13   2   80   -4  287  -60  287  -60  11  0  0 L3P ED
G20 FF 61152 191800  780 596 2498    -1208901   -192         -16     -6   15 102   85   -3  314   -5  314   -5  12  0  0 L3P 1F
G22 FF 61152 191800  780 481 1659      143900    -34           0     28   23  13   99    8  229  -39  229  -39  21  0  0 L3P EA
G30 FF 61152 191800  780 389  935    -1968315    -91         -15     43   20  35  117    8  283  -49  283  -49  17  0  0 L3P 3B
G13 FF 61152 193400  780 725 2611    -6784104     27         -23     10   17 174   77   -1  254  -19  254  -19  14  0  0 L3P 2D
G14 FF 61152 193400  780 306 1410    -7441426    -16           4     -3   25  29  144   20  209  -19  209  -19  21  0  0 L3P 0A
G15 FF 61152 193400  780 381 2431    -4053807    -31         -12      2   26  82  119   -9  344  -22  344  -22  23  0  0 L3P 18
G17 FF 61152 193400  780 590 1219     1189472     78         -20    -10   18  76   86    5  214  -14  214  -14  17  0  0 L3P 13
G19 FF 61152 193400  780 738  506    -6978367      7           2     18   26   2   77   -2  235  -51  235  -51  19  0  0 L3P E0
G20 FF 61152 193400  780 617 2659    -1209065   -203          -3    -17   49 102   83   -1  297    8  297    8  32  0  0 L3P 14
G22 FF 61152 193400  780 431 1586      143835    -57          -6      5   28  13  107   10  215  -27  215  -27  26  0  0 L3P F5
G30 FF 61152 193400  780 358  848    -1968447   -148         -19    -14   20  35  126   11  278    2  278    2  19  0  0 L3P 24
G06 FF 61152 195000  780 207  405     6090608    -62           5    -39   42  47  207  -45  546 -174  546 -174  32  0  0 L3P 4C
G13 FF 61152 195000  780 723 2896    -6784088     36         -24     19   16 174   77    1  241  -27  241  -27  14  0  0 L3P 35
G14 FF 61152 195000  780 262 1353    -7441463     -8         -21      4   23  29  166   25  213  -19  213  -19  18  0  0 L3P 14
G15 FF 61152 195000  780 407 2519    -4053830    -32          -4      1   21  82  113   -5  325   -9  325   -9  18  0  0 L3P E6
G17 FF 61152 195000  780 532 1314     1189544     87         -32     -1   17  76   92    8  195  -29  195  -29  15  0  0 L3P 15
G19 FF 61152 195000  780 764  832    -6978388    -15          -8     -4   13   2   76    0  207  -25  207  -25  11  0  0 L3P ED
G20 FF 61152 195000  780 613 2832    -1209241   -187          -1     -2   12 102   84    1  289    0  289    0  10  0  0 L3P CE
G22 FF 61152 195000  780 383 1516      143771    -60         -10      3   24  13  118   12  199  -24  199  -24  20  0  0 L3P FE
G30 FF 61152 195000  780 321  768    -1968582   -158         -25    -24   27  35  138   15  277    6  277    6  21  0  0 L3P 25
G06 FF 61152 200600  780 253  467     6090588     20           7     43   36  48  171  -30  380 -181  380 -181  27  0  0 L3P 28
G13 FF 61152 200600  780 682 3122    -6784070      2         -20    -15   15 175   79    3  239   21  239   21  13  0  0 L3P F1
G14 FF 61152 200600  780 223 1295    -7441444     10           8     23   29  30  193   32  170  -41  170  -41  22  0  0 L3P F4
G15 FF 61152 200600  780 419 2617    -4053859    -26          -5      7   34  83  110   -1  311  -15  311  -15  29  0  0 L3P 06
G17 FF 61152 200600  780 467 1374     1189646    125         -17     37   28  83  101   12  169  -27  169  -27  27  0  0 L3P 49
G19 FF 61152 200600  780 737 1151    -6978403      9         -15     20   15   3   77    2  184  -46  184  -46  13  0  0 L3P F0
G20 FF 61152 200600  780 583 2988    -1209416   -184           0      1   14 103   86    4  288    4  288    4  13  0  0 L3P CF
G22 FF 61152 200600  780 339 1450      143707    -59         -16      4   18  20  132   15  189  -23  189  -23  15  0  0 L3P 03
G24 FF 61152 200600  780 235 2192      236540   -133         -13     45   32  22  184  -42  264  -99  264  -99  28  0  0 L3P 41
G30 FF 61152 200600  780 281  696    -1968704    -91         -20     43   23  37  156   22  279  -25  279  -25  21  0  0 L3P 36
G06 FF 61152 202200  780 299  534     6090551    -14          -8      9   27  48  147  -21  279 -107  279 -107  21  0  0 L3P 38
G12 FF 61152 202200  780 202 2621     6079315    -20         -21    -19   33  37  211  -29  556 -178  556 -178  27  0  0 L3P 6C
G13 FF 61152 202200  780 618 3261    -6784047    -11           3    -27   12  62   83    6  237   24  237   24  11  0  0 L3P E0
G14 FF 61152 202200  780 186 1237    -7441499      2         -35     14   28  30  229   43  181  -43  181  -43  23  0  0 L3P 18
G15 FF 61152 202200  780 417 2720    -4053891    -19          -5     14   31  83  110    2  305  -17  305  -17  26  0  0 L3P 01
G17 FF 61152 202200  780 398 1408     1189731     97         -15      9   18  83  115   17  155  -25  155  -25  17  0  0 L3P 22
G19 FF 61152 202200  780 678 1328    -6978400      8          -1     19   16   3   79    4  155  -34  155  -34  13  0  0 L3P E2
G20 FF 61152 202200  780 536 3110    -1209594   -194           0     -9   17 103   91    6  294    8  294    8  15  0  0 L3P D7
G22 FF 61152 202200  780 297 1384      143676    -53          13     10   22  20  148   19  149  -23  149  -23  15  0  0 L3P 04
G24 FF 61152 202200  780 292 2171      236368   -253         -15    -74   31  22  150  -29  212    1  212    1  25  0  0 L3P EB
G30 FF 61152 202200  780 237  632    -1968802   -120          11     14   30  37  182   34  263    2  263    2  25  0  0 L3P D6
G06 FF 61152 203800  780 342  610     6090532    -49          -5    -27   21  48  131  -14  204  -32  204  -32  19  0  0 L3P 0E
G11 FF 61152 203800  780 218  163     3642796    -96          47     31   34 111  197  -49  522 -315  522 -315  24  0  0 L3P 5D
G12 FF 61152 203800  780 230 2550     6079352    -33          17    -32   31  37  187  -21  363  -87  363  -87  29  0  0 L3P 47
G13 FF 61152 203800  780 546 3347    -6784036     29          -1     14   23  62   90    9  243   -1  243   -1  22  0  0 L3P CF
G15 FF 61152 203800  780 402 2821    -4053919    -23          -2     10   27  83  114    5  305    5  305    5  22  0  0 L3P C1
G17 FF 61152 203800  780 330 1425     1189828    107          -3     19   23  83  135   26  128  -43  128  -43  18  0  0 L3P 26
G19 FF 61152 203800  780 606 1413    -6978399      9          11     20   10   3   84    6  128  -26  128  -26   9  0  0 L3P D8
G20 FF 61152 203800  780 479 3203    -1209774   -187          -3     -2   20 103   99   10  305   11  305   11  15  0  0 L3P 05
G22 FF 61152 203800  780 258 1318      143598   -120          -5    -57   29  20  168   23  146   37  146   37  22  0  0 L3P 15
G24 FF 61152 203800  780 353 2156      236195   -122         -16     56   14  22  127  -20  172  -79  172  -79  13  0  0 L3P 3B
G30 FF 61152 203800  780 189  575    -1968931   -128          11      6   42  37  225   57  270   17  270   17  35  0  0 L3P 14
G06 FF 61152 205400  780 380  696     6090526     26          10     49   24  48  119   -9  148  -88  148  -88  21  0  0 L3P 1D
G11 FF 61152 205400  780 276  208     3642640   -124          13      3   30 111  158  -32  336 -164  336 -164  25  0  0 L3P 3F
G12 FF 61152 205400  780 257 2478     6079353     30          20     32   26  37  169  -17  259 -110  259 -110  22  0  0 L3P 45
G13 FF 61152 205400  780 471 3405    -6784033     45         -13     29   17  62  100   13  262  -14  262  -14  14  0  0 L3P 1A
G15 FF 61152 205400  780 375 2915    -4053949    -50           0    -17   23  83  121    9  319   29  319   29  18  0  0 L3P 0D
G17 FF 61152 205400  780 262 1428     1189894     70         -21    -17   31  83  166   40  118  -22  118  -22  23  0  0 L3P 2B
G19 FF 61152 205400  780 533 1452    -6978405    -17          15     -6   16   3   92    9  108  -14  108  -14  14  0  0 L3P F7
G20 FF 61152 205400  780 418 3275    -1209953   -169          -3     16   22 103  110   14  322   14  322   14  16  0  0 L3P 17
G22 FF 61152 205400  780 222 1253      143543     -3          -1     60   22  20  193   30  128  -87  128  -87  18  0  0 L3P E5
G24 FF 61152 205400  780 417 2149      236039   -167          -1     11   19  22  111  -15  135  -34  135  -34  18  0  0 L3P 16
G06 FF 61152 211000  780 409  792     6090507     -9          13     14   23  48  112   -6  118  -39  118  -39  20  0  0 L3P F3
G11 FF 61152 211000  780 337  258     3642523   -112          19     16   22 111  132  -22  213  -98  213  -98  19  0  0 L3P 2D
G12 FF 61152 211000  780 283 2405     6079346     -3          14     -2   22  37  154  -14  189  -60  189  -60  18  0  0 L3P 13
G13 FF 61152 211000  780 396 3449    -6784006     31          -2     15   42  62  115   18  271   16  271   16  40  0  0 L3P F7
G15 FF 61152 211000  780 340 3001    -4053971    -12          10     21   22  83  131   13  334   12  334   12  16  0  0 L3P DC
G17 FF 61152 211000  780 197 1422     1190010    185          11     97   35  83  217   69   75  -95   75  -95  27  0  0 L3P 15
G19 FF 61152 211000  780 460 1466    -6978411    -39          20    -28   25   3  102   13   87    5   87    5  23  0  0 L3P CA
G20 FF 61152 211000  780 355 3333    -1210130   -185          -3      0   42 103  126   20  349   32  349   32  42  0  0 L3P F4
G22 FF 61152 211000  780 188 1188      143505    -69          22     -6   33  20  226   39   93   -1   93   -1  26  0  0 L3P BA
G24 FF 61152 211000  780 483 2154      235868   -168          -1     11   15  22   98  -11  114  -37  114  -37  13  0  0 L3P 09
G06 FF 61152 212600  780 426  897     6090474    -12           1     10   21  48  108   -2  101  -34  101  -34  18  0  0 L3P E1
G11 FF 61152 212600  780 400  314     3642399   -112          17     15   23 111  114  -15  150  -70  150  -70  19  0  0 L3P 1B
G12 FF 61152 212600  780 310 2331     6079349     41          18     42   23  37  142  -11  137  -78  137  -78  21  0  0 L3P 1B
G13 FF 61152 212600  780 324 3487    -6783981     16           8      0   20  62  137   27  293   41  293   41  15  0  0 L3P EE
G15 FF 61152 212600  780 299 3078    -4053994     -6          18     27   34  83  147   19  356   13  356   13  26  0  0 L3P 1F
G19 FF 61152 212600  780 390 1466    -6978425     17          17     29   20   3  117   18   72  -37   72  -37  19  0  0 L3P 04
G20 FF 61152 212600  780 294 3383    -1210300   -135           5     51   50 103  149   29  380    4  380    4  45  0  0 L3P EB
G24 FF 61152 212600  780 552 2175      235702   -175           5      3   14  22   90   -8   92  -14   92  -14  12  0  0 L3P B5
G06 FF 61152 214200  780 428 1005     6090456    -46           5    -24   27  48  108    1   76   12   76   12  25  0  0 L3P C6
G11 FF 61152 214200  780 462  383     3642291   -110          31     17   13 111  102  -11  102  -48  102  -48  11  0  0 L3P 0E
G12 FF 61152 214200  780 337 2256     6079343     29          13     30   21  37  132  -10  111  -50  111  -50  18  0  0 L3P FE
G13 FF 61152 214200  780 256 3521    -6783960     19          14      3   26  62  170   43  334   46  334   46  22  0  0 L3P F6
G15 FF 61152 214200  780 256 3147    -4054021    -89          23    -56   21  83  170   28  374   60  374   60  18  0  0 L3P 24
G19 FF 61152 214200  780 324 1455    -6978424     23          29     34   22   3  137   25   54  -31   54  -31  18  0  0 L3P ED
G20 FF 61152 214200  780 235 3429    -1210475   -117           9     69   32 103  184   43  415  -10  415  -10  25  0  0 L3P 2A
G24 FF 61152 214200  780 622 2222      235535   -169           9     10   20  22   83   -5   78  -21   78  -21  19  0  0 L3P CA
G06 FF 61152 215800  780 414 1109     6090426      1          -3     24   29  48  111    5   69  -35   69  -35  25  0  0 L3P CA
G11 FF 61152 215800  780 520  470     3642156   -161          18    -33   17 111   93   -7   87   10   87   10  14  0  0 L3P E0
G12 FF 61152 215800  780 365 2181     6079349      0          20      1   25  37  123   -9   86  -31   86  -31  22  0  0 L3P C5
G13 FF 61152 215800  780 191 3555    -6783945    -46          13    -62   33  62  223   70  395  125  395  125  30  0  0 L3P 59
G15 FF 61152 215800  780 212 3211    -4054082    -46          -7    -13   24  83  202   41  422   53  422   53  20  0  0 L3P FE
G19 FF 61152 215800  780 261 1437    -6978452    -20          12     -9   22   3  166   37   63  -16   63  -16  17  0  0 L3P 00
G24 FF 61152 215800  780 687 2320      235358   -192           4    -14   13  22   79   -3   71    1   71    1  11  0  0 L3P 97
G06 FF 61152 221400  780 386 1201     6090413    -13          11     10   26  54  118    9   61  -21   61  -21  23  0  0 L3P C6
G11 FF 61152 221400  780 570  585     3642028   -139           8    -12   16 112   88   -4   75   -3   75   -3  14  0  0 L3P CD
G12 FF 61152 221400  780 395 2104     6079342      3          16      4   18  38  115   -8   77  -12   77  -12  17  0  0 L3P C5
G19 FF 61152 221400  780 203 1413    -6978446     36          26     48   47  16  211   58   53  -22   53  -22  38  0  0 L3P 07
G24 FF 61152 221400  780 739 2512      235178   -178          -4      1   19  23   77   -2   73   -5   73   -5  16  0  0 L3P B0
G06 FF 61152 224200  780 309 1324     6090381    -16          17      7   24  54  143   22   51   -1   51   -1  22  0  0 L3P AB
G11 FF 61152 224200  780 615  861     3641811   -121           6      6   18 112   84    0   66   -7   66   -7  16  0  0 L3P 9C
G12 FF 61152 224200  780 452 1963     6079344     38          20     39   19  38  104   -6   64  -38   64  -38  18  0  0 L3P FF
G24 FF 61152 224200  780 738 3050      234878   -167          -5     11   21  23   77    2   74   -1   74   -1  14  0  0 L3P A8
G29 FF 61152 224200  780 225 2894     3351818    -39           8     34   25  57  191  -34  272 -117  272 -117  23  0  0 L3P 53
G06 FF 61152 225800  780 255 1372     6090344    -67           1    -44   29  54  170   36   64   30   64   30  20  0  0 L3P DB
G11 FF 61152 225800  780 605 1030     3641701   -114          17     13   15 112   85    2   56  -14   56  -14  13  0  0 L3P DE
G12 FF 61152 225800  780 486 1877     6079349      0          25      2   16  38   98   -5   56   -2   56   -2  13  0  0 L3P A9
G24 FF 61152 225800  780 683 3252      234716   -152           5     26   13  23   79    4   71  -17   71  -17  11  0  0 L3P C6
G25 FF 61152 225800  780 227 2239    -4280839     19          42    -10   38  10  189  -36   77  -16   77  -16  33  0  0 L3P 2E
G29 FF 61152 225800  780 265 2824     3351752    -52          12     21   28  57  164  -22  202  -75  202  -75  24  0  0 L3P 2F
G06 FF 61152 231400  780 197 1406     6090334    -35          13    -13   40  54  217   64   57   46   57   46  35  0  0 L3P F4
G11 FF 61152 231400  780 571 1173     3641579   -161          18    -33   14 112   88    4   54   28   54   28  13  0  0 L3P F0
G12 FF 61152 231400  780 521 1782     6079359    -30          37    -29   19  38   93   -5   46   24   46   24  17  0  0 L3P EB
G24 FF 61152 231400  780 613 3365      234545   -157           5     21   24  23   84    6   80   -9   80   -9  24  0  0 L3P A3
G25 FF 61152 231400  780 273 2192    -4280827     22          27     -6   40  10  160  -27   81  -10   81  -10  35  0  0 L3P EF
G29 FF 61152 231400  780 300 2747     3351695    -75          24     -2   25  57  146  -15  155  -24  155  -24  22  0  0 L3P 2B
G05 FF 61152 233000  780 193  370     2320893     35          34     30   34  65  220  -51  110  -66  110  -66  28  0  0 L3P FA
G11 FF 61152 233000  780 521 1276     3641448   -119           9      8   27 112   93    7   49  -18   49  -18  23  0  0 L3P E4
G12 FF 61152 233000  780 556 1676     6079339    -22          17    -21   14  38   89   -4   56   15   56   15  12  0  0 L3P E4
G21 FF 61152 233000  780 190  645    -4148432     81          35     86   44  32  223  -37   75  -84   75  -84  40  0  0 L3P 03
G24 FF 61152 233000  780 538 3433      234365   -197          -4    -18   30  23   91    9   92   27   92   27  29  0  0 L3P D5
G25 FF 61152 233000  780 322 2147    -4280814    -31          13    -59   23  10  138  -20   80   44   80   44  19  0  0 L3P F7
G29 FF 61152 233000  780 332 2665     3351625    -46          24     26   21  57  134  -11  124  -52  124  -52  18  0  0 L3P 21
