CGGTTS     GENERIC DATA FORMAT VERSION = 2E
REV DATE = 2025-11-01
RCVR = PolaRx5TR (5.6.0)     sbf2cggtts-1.5.0
CH = 80
IMS = PolaRx5TR
LAB = LRTE
X = 3967035.920 m
Y = -4390028.540 m
Z = -2375644.640 m
FRAME = ITRF
COMMENTS = LS=18; ElMask=10deg; 'Generated from the SBF in 2026-04-11 at 23:58:01'
INT DLY = 24.9 ns (GPS P1),  15.7 ns (GPS P2)     CAL_ID = 1201-2025
CAB DLY = 103.1 ns
REF DLY = 47.2 ns
REF = UTC(LRTE)
CKSUM = fe

SAT CL  MJD  STTIME TRKL ELV AZTH   REFSV      SRSV     REFSYS    SRSYS  DSG IOE MDTR SMDT MDIO SMDI MSIO SMSI ISG FR HC FRC CK
             hhmmss  s  .1dg .1dg    .1ns     .1ps/s     .1ns    .1ps/s .1ns     .1ns.1ps/s.1ns.1ps/s.1ns.1ps/s.1ns
G06 FF 61141 000200  780 201 1404     6110319   -122          10   -106   36  82  213   61   78  107   78  107  28  0  0 L3P 16
G11 FF 61141 000200  780 578 1159     3773044   -147          26    -19   15 198   87    4   60   12   60   12  13  0  0 L3P EB
G12 FF 61141 000200  780 521 1782     6079901    -26          22    -26   11  48   93   -5   51   22   51   22  10  0  0 L3P BC
G24 FF 61141 000200  780 620 3355      417723   -193          12    -18   18  74   83    6   91   18   91   18  18  0  0 L3P CD
G25 FF 61141 000200  780 271 2194    -4309595     20          21     -7   41  74  161  -27   92  -14   92  -14  35  0  0 L3P FA
G29 FF 61141 000200  780 301 2750     3425564    -21          22     50   20  37  146  -15  196 -105  196 -105  19  0  0 L3P 3D
G05 FF 61141 001800  780 191  370     2315773      2          37     -2   37  86  223  -52  138  -38  138  -38  30  0  0 L3P F6
G11 FF 61141 001800  780 529 1268     3772925   -125          29      2   17 198   92    7   55   -3   55   -3  15  0  0 L3P D5
G12 FF 61141 001800  780 555 1676     6079892     -8          13     -8   12  48   89   -4   57   13   57   13  11  0  0 L3P C7
G21 FF 61141 001800  780 188  647    -4138970     29          43     42   47 118  226  -38   77  -44   77  -44  42  0  0 L3P 24
G24 FF 61141 001800  780 545 3426      417547   -144           3     31   28  74   90    9  106  -15  106  -15  27  0  0 L3P E7
G25 FF 61141 001800  780 320 2149    -4309588    -44           2    -71   22  74  138  -20   93   51   93   51  19  0  0 L3P F9
G29 FF 61141 001800  780 332 2668     3425504    -71          30      1   22  37  134  -11  146  -31  146  -31  18  0  0 L3P 06
G05 FF 61141 003400  780 238  430     2315771    -18          31    -22   37  86  182  -35  110   -3  110   -3  30  0  0 L3P E2
G11 FF 61141 003400  780 469 1340     3772805   -118          32      9   20 198  101   11   50  -18   50  -18  19  0  0 L3P FF
G12 FF 61141 003400  780 586 1554     6079889     37          11     37   14  48   86   -3   60  -32   60  -32  11  0  0 L3P E0
G21 FF 61141 003400  780 219  719    -4139005      7          21     20   23 118  196  -25   91  -21   91  -21  19  0  0 L3P E5
G24 FF 61141 003400  780 469 3475      417382   -142           7     33   30  74  101   13  122  -12  122  -12  29  0  0 L3P F4
G25 FF 61141 003400  780 374 2106    -4309543    -27          21    -55   21  74  121  -16   70   51   70   51  18  0  0 L3P F5
G29 FF 61141 003400  780 360 2581     3425422    -74          17     -2   19  37  125   -8  131  -26  131  -26  17  0  0 L3P 0B
G05 FF 61141 005000  780 285  496     2315767    -30          22    -35   20  86  154  -24  100   11  100   11  16  0  0 L3P EC
G11 FF 61141 005000  780 405 1386     3772677   -105          26     23   35 198  113   16   58  -19   58  -19  32  0  0 L3P 2A
G12 FF 61141 005000  780 612 1412     6079893     48          14     48   15  48   84   -2   60  -43   60  -43  14  0  0 L3P D4
G21 FF 61141 005000  780 245  795    -4138990    -77          50    -63   40 118  177  -16   65   57   65   57  37  0  0 L3P 24
G24 FF 61141 005000  780 394 3513      417211   -105           4     70   15  74  116   19  150  -25  150  -25  13  0  0 L3P EE
G25 FF 61141 005000  780 431 2064    -4309509     60          28     33   18  74  108  -12   59  -33   59  -33  15  0  0 L3P 04
G29 FF 61141 005000  780 383 2490     3425360    -70          24      1   18  37  118   -6  105  -26  105  -26  14  0  0 L3P F8
G05 FF 61141 010600  780 330  569     2315776      5          27      1   26  86  135  -16   86  -12   86  -12  24  0  0 L3P C7
G11 FF 61141 010600  780 339 1413     3772550   -122          21      5   24 198  132   23   61   -1   61   -1  19  0  0 L3P CD
G12 FF 61141 010600  780 627 1249     6079896     -3          17     -3   18  48   83   -1   59    4   59    4  15  0  0 L3P A4
G21 FF 61141 010600  780 265  875    -4139036    -36          16    -22   32 118  164   -9   91   14   91   14  26  0  0 L3P F4
G24 FF 61141 010600  780 322 3546      417067   -119          28     56   20  74  138   28  171    7  171    7  14  0  0 L3P E2
G25 FF 61141 010600  780 493 2024    -4309481     26          30     -1   20  74   97  -10   53    0   53    0  17  0  0 L3P 9A
G29 FF 61141 010600  780 403 2396     3425295    -64          27      7   17  37  114   -4   88  -18   88  -18  16  0  0 L3P FC
G05 FF 61141 012200  780 371  651     2315774    -10          21    -14   21  86  122  -11   81   -4   81   -4  17  0  0 L3P C0
G11 FF 61141 012200  780 273 1425     3772434    -55          27     73   19 198  160   36   55  -50   55  -50  16  0  0 L3P 10
G12 FF 61141 012200  780 627 1075     6079899     -2          20     -2   12  48   83    1   58   -3   58   -3  11  0  0 L3P 99
G18 FF 61141 012200  780 260 3190     3797945   -105          73    -11   17 162  167  -39  286 -188  286 -188  12  0  0 L3P A0
G21 FF 61141 012200  780 276  958    -4139056    -48           9    -34   16 118  158   -3   90   29   90   29  14  0  0 L3P F6
G24 FF 61141 012200  780 253 3578      416903   -162          32     13   21  74  171   43  235   71  235   71  20  0  0 L3P F4
G25 FF 61141 012200  780 558 1984    -4309467     29          18      2   15  74   89   -7   55  -19   55  -19  13  0  0 L3P F2
G29 FF 61141 012200  780 419 2300     3425227   -109          28    -37   18  37  110   -3   70    8   70    8  16  0  0 L3P CC
G05 FF 61141 013800  780 405  744     2315783    -19          25    -23   28  86  113   -7   66   18   66   18  25  0  0 L3P E6
G11 FF 61141 013800  780 209 1426     3772304   -131          20     -3   27 198  205   61   65   18   65   18  21  0  0 L3P F6
G12 FF 61141 013800  780 610  907     6079904     -7          26     -7   24  48   84    2   57   11   57   11  19  0  0 L3P 9D
G18 FF 61141 013800  780 323 3140     3797836   -107          54    -13   20 162  138  -24  175  -79  175  -79  15  0  0 L3P 71
G21 FF 61141 013800  780 277 1042    -4139048     -7          31      7   27 118  158    2   64  -18   64  -18  23  0  0 L3P E5
G24 FF 61141 013800  780 189    9      416774    -29          71    146   23  74  226   71  317   24  317   24  20  0  0 L3P D9
G25 FF 61141 013800  780 628 1942    -4309447     20          12     -8   13  74   83   -6   55    4   55    4  11  0  0 L3P A2
G29 FF 61141 013800  780 434 2203     3425155    -86          25    -15   16  37  107   -3   64    6   64    6  13  0  0 L3P C2
G05 FF 61141 015400  780 427  846     2315790      0          28     -4   21  86  108   -3   60   -1   60   -1  18  0  0 L3P 8D
G12 FF 61141 015400  780 577  760     6079900     23          21     23   15  48   87    4   59  -18   59  -18  14  0  0 L3P C9
G18 FF 61141 015400  780 383 3078     3797741    -90          50      4   28 162  119  -16  116  -58  116  -58  21  0  0 L3P 3F
G21 FF 61141 015400  780 267 1124    -4139054     14          37     28   34 118  163    9   54  -49   54  -49  31  0  0 L3P 00
G25 FF 61141 015400  780 701 1892    -4309418     38          15     10   17  74   78   -4   47  -14   47  -14  14  0  0 L3P E9
G28 FF 61141 015400  780 214 2385     5581450   -108          38    -17   26 220  200  -24  102    7  102    7  20  0  0 L3P 04
G29 FF 61141 015400  780 446 2105     3425086    -33          25     39   21  37  105   -2   55  -31   55  -31  19  0  0 L3P ED
G05 FF 61141 021000  780 436  955     2315790    -27          19    -31   27   7  107    0   52   16   52   16  27  0  0 L3P AF
G12 FF 61141 021000  780 532  639     6079913    -61          35    -61   21  50   92    6   49   48   49   48  17  0  0 L3P C6
G18 FF 61141 021000  780 439 3001     3797648    -93          43      1   50 163  106  -11   84  -17   84  -17  31  0  0 L3P 06
G21 FF 61141 021000  780 246 1199    -4139065    -31          35    -17   23 119  176   18   48   30   48   30  18  0  0 L3P 09
G25 FF 61141 021000  780 777 1812    -4309393     59          15     32   11  95   75   -2   41  -31   41  -31   9  0  0 L3P CE
G28 FF 61141 021000  780 235 2458     5581362   -107          39    -16   26 221  184  -12   95   17   95   17  23  0  0 L3P 26
G29 FF 61141 021000  780 458 2005     3425017    -72          26      0   16  38  102   -2   52    4   52    4  13  0  0 L3P 86
G05 FF 61141 022600  780 429 1062     2315784    -25           9    -30   22   7  108    3   56   22   56   22  21  0  0 L3P A8
G12 FF 61141 022600  780 477  544     6079904    -18          25    -18   16  50   99   10   56   13   56   13  14  0  0 L3P D2
G18 FF 61141 022600  780 490 2906     3797556    -94          42      0   18 163   97   -7   67  -21   67  -21  14  0  0 L3P FF
G21 FF 61141 022600  780 215 1266    -4139086    -16          27     -2   31 119  199   32   59    0   59    0  25  0  0 L3P D4
G25 FF 61141 022600  780 851 1545    -4309375     68           6     41   38  95   74   -1   48  -44   48  -44  38  0  0 L3P F0
G28 FF 61141 022600  780 246 2536     5581279    -79          44     12   28 221  176   -4   86  -23   86  -23  25  0  0 L3P 20
G29 FF 61141 022600  780 468 1904     3424951    -83          29    -12   18  38  101   -2   44    4   44    4  16  0  0 L3P C6
G05 FF 61141 024200  780 406 1160     2315791    -17          11    -21   29   7  113    7   51   19   51   19  27  0  0 L3P B7
G12 FF 61141 024200  780 416  470     6079909     16          30     16   18  50  111   14   55  -17   55  -17  14  0  0 L3P D1
G18 FF 61141 024200  780 531 2792     3797459   -117          35    -23   18 163   92   -5   58    5   58    5  16  0  0 L3P F3
G23 FF 61141 024200  780 209 3520    -6347294    -66          48    -22   18 138  205  -66  203 -165  203 -165  16  0  0 L3P 7E
G25 FF 61141 024200  780 845  476    -4309349     37           6     10   13  95   74    1   46  -10   46  -10  10  0  0 L3P AC
G28 FF 61141 024200  780 246 2616     5581189   -165          40    -74   28 221  176    3   80   68   80   68  27  0  0 L3P 1A
G29 FF 61141 024200  780 478 1801     3424882    -86          28    -14   16  38   99   -2   40    6   40    6  15  0  0 L3P C1
G05 FF 61141 025800  780 371 1243     2315805     31          21     26   20   7  122   12   42  -16   42  -16  17  0  0 L3P BB
G12 FF 61141 025800  780 352  413     6079899     11          21     11   21  50  127   21   66   -8   66   -8  17  0  0 L3P B8
G18 FF 61141 025800  780 561 2658     3797364    -92          30      2   15 163   89   -3   48   -6   48   -6  14  0  0 L3P DF
G23 FF 61141 025800  780 280 3530    -6347338     -4          47     40   22 138  156  -39  103  -93  103  -93  16  0  0 L3P 3C
G25 FF 61141 025800  780 767  247    -4309326     16           4    -11   16  95   76    3   48   15   48   15  14  0  0 L3P B5
G28 FF 61141 025800  780 237 2697     5581002    -98         -59     -7   29 221  182   10  187    9  187    9  27  0  0 L3P 24
G29 FF 61141 025800  780 487 1696     3424798    -60          13     12   16  38   98   -1   52   -2   52   -2  13  0  0 L3P D1
G05 FF 61141 031400  780 325 1310     2315804     -3          16     -7   26   7  137   19   49    5   49    5  22  0  0 L3P 88
G12 FF 61141 031400  780 286  369     6079913     54          34     54   23  50  153   34   64  -21   64  -21  18  0  0 L3P DE
G18 FF 61141 031400  780 578 2509     3797267    -80          24     14   12 163   87   -1   44  -13   44  -13   9  0  0 L3P F1
G23 FF 61141 031400  780 356 3537    -6347391    -29          36     16   19 138  126  -25   77  -43   77  -43  14  0  0 L3P 3D
G25 FF 61141 031400  780 684  183    -4309289     35          14      8   17  95   79    5   45    3   45    3  12  0  0 L3P 86
G28 FF 61141 031400  780 219 2776     5581056   -251          82   -160   64 221  195   18   64  182   64  182  62  0  0 L3P 5C
G29 FF 61141 031400  780 495 1587     3424747    -81          31    -10   20  38   97   -1   38    8   38    8  16  0  0 L3P C7
G05 FF 61141 033000  780 273 1360     2315811     -6          19    -10   22   7  160   30   47   24   47   24  18  0  0 L3P AF
G12 FF 61141 033000  780 219  336     6079906      2          28      2   27  50  196   58   82    9   82    9  23  0  0 L3P 88
G18 FF 61141 033000  780 581 2356     3797166   -112          14    -17   14 163   87    0   45   10   45   10  12  0  0 L3P E2
G23 FF 61141 033000  780 434 3539    -6347446    -45          24      0   20 138  107  -16   67  -26   67  -26  15  0  0 L3P 17
G25 FF 61141 033000  780 601  152    -4309276     -8           0    -35   23  95   85    7   57   35   57   35  22  0  0 L3P A3
G26 FF 61141 033000  780 228 2238     3521918      2          43    -46   42  54  189  -46   46   36   46   36  38  0  0 L3P ED
G28 FF 61141 033000  780 196 2851     5580924   -134          38    -43   25 221  218   29  142   72  142   72  19  0  0 L3P 3F
G29 FF 61141 033000  780 499 1476     3424691    -45          43     26   18  38   96    0   27  -24   27  -24  15  0  0 L3P EA
G05 FF 61141 034600  780 217 1396     2315804    -18           7    -23   36   7  198   52   61   29   61   29  30  0  0 L3P D3
G15 FF 61141 034600  780 204  768    -4020542    -64          33    -31   31   4  209  -24   62   45   62   45  24  0  0 L3P D6
G18 FF 61141 034600  780 572 2208     3797077    -98          15     -4   16 163   87    1   41    5   41    5  14  0  0 L3P B5
G23 FF 61141 034600  780 517 3538    -6347487    -40          25      4   20 138   94  -11   53   -4   53   -4  17  0  0 L3P E4
G25 FF 61141 034600  780 518  134    -4309239     38          12     11   16  95   94   11   48    0   48    0  15  0  0 L3P 95
G26 FF 61141 034600  780 283 2273     3521936     92          16     44   21  54  155  -28   59  -36   59  -36  18  0  0 L3P 14
G29 FF 61141 034600  780 500 1361     3424599    -40          20     31   20  38   96    0   52  -30   52  -30  17  0  0 L3P C3
G10 FF 61141 040200  780 220 3370     5896418    -32          14    -23   50  62  196  -61  133  -52  133  -52  47  0  0 L3P 2A
G15 FF 61141 040200  780 225  843    -4020591   -114          20    -81   38  20  191  -15   68   56   68   56  31  0  0 L3P 00
G18 FF 61141 040200  780 553 2072     3796979    -72           4     23   20 164   89    2   51  -25   51  -25  16  0  0 L3P E1
G23 FF 61141 040200  780 601 3532    -6347534    -35          23     10   24 139   85   -8   51  -16   51  -16  22  0  0 L3P F2
G25 FF 61141 040200  780 437  125    -4309216     48           5     20   34  97  106   16   57  -14   57  -14  31  0  0 L3P CF
G26 FF 61141 040200  780 334 2323     3521986     -7          24    -55   21  57  133  -18   53   39   53   39  16  0  0 L3P EE
G29 FF 61141 040200  780 497 1244     3424530   -110          17    -39   14  84   96    1   49   37   49   37  12  0  0 L3P E5
G10 FF 61141 041800  780 291 3351     5896397    -39           2    -30   22  62  151  -35   84  -12   84  -12  19  0  0 L3P 08
G15 FF 61141 041800  780 240  921    -4020609     28          34     61   35  20  180   -8   50  -61   50  -61  32  0  0 L3P CC
G18 FF 61141 041800  780 529 1950     3796888   -102           4     -7   22 164   92    3   45   -1   45   -1  17  0  0 L3P CF
G23 FF 61141 041800  780 688 3522    -6347591    -87           8    -43   17 139   79   -5   57   38   57   38  15  0  0 L3P 15
G25 FF 61141 041800  780 359  121    -4309188     24           6     -3   22  97  125   24   60   11   60   11  17  0  0 L3P AB
G26 FF 61141 041800  780 380 2388     3522024     38          16    -10   15  57  119  -11   54    2   54    2  13  0  0 L3P BB
G29 FF 61141 041800  780 486 1128     3424469    -78          24     -6   20  84   98    2   43    8   43    8  17  0  0 L3P B0
G10 FF 61141 043400  780 363 3322     5896375     17         -11     26   57  62  124  -22   70  -43   70  -43  54  0  0 L3P 05
G15 FF 61141 043400  780 246 1000    -4020637    -20          38     13   27  20  175   -1   48  -11   48  -11  23  0  0 L3P DE
G18 FF 61141 043400  780 501 1840     3796800    -98           6     -4   24 164   96    4   40    4   40    4  21  0  0 L3P 92
G23 FF 61141 043400  780 776 3505    -6347638    -90           4    -46   26 139   75   -3   52   38   52   38  26  0  0 L3P FF
G25 FF 61141 043400  780 284  123    -4309149     35          20      8   27  97  154   38   56    6   56    6  21  0  0 L3P A4
G26 FF 61141 043400  780 416 2471     3522056     28           2    -20   20  57  111   -7   58   12   58   12  17  0  0 L3P B9
G29 FF 61141 043400  780 469 1016     3424401    -90          25    -19   21  84  101    4   46   28   46   28  19  0  0 L3P DC
G10 FF 61141 045000  780 437 3281     5896365     -9         -12      0   14  62  106  -15   63    5   63    5  13  0  0 L3P AB
G15 FF 61141 045000  780 244 1077    -4020662    -43          44    -10   23  20  177    5   32   19   32   19  22  0  0 L3P CE
G16 FF 61141 045000  780 237 2256    -2427889   -104           2    -34   36  57  182  -38   68   15   68   15  33  0  0 L3P 1C
G18 FF 61141 045000  780 473 1739     3796711   -101           8     -7   19 164  100    5   40   -2   40   -2  16  0  0 L3P C7
G23 FF 61141 045000  780 864 3448    -6347656    -46          28     -1   19 139   74   -1   26    4   26    4  17  0  0 L3P D2
G25 FF 61141 045000  780 212  130    -4309116     68          26     41   31  97  202   65   69  -17   69  -17  23  0  0 L3P E7
G26 FF 61141 045000  780 439 2569     3522096     61          -3     14   24  57  106   -3   60  -10   60  -10  21  0  0 L3P D0
G29 FF 61141 045000  780 444  909     3424331    -61          15     10   20  11  105    5   40   -7   40   -7  18  0  0 L3P 97
G10 FF 61141 050600  780 510 3222     5896362    -15          -7     -6   17  62   95  -10   56    2   56    2  16  0  0 L3P A7
G15 FF 61141 050600  780 231 1151    -4020717    -48          21    -15   18  20  186   13   52   -6   52   -6  16  0  0 L3P D7
G16 FF 61141 050600  780 286 2306    -2427956   -107           3    -36   29  57  153  -23   61   22   61   22  26  0  0 L3P 09
G18 FF 61141 050600  780 444 1646     3796621   -101           9     -7   21 164  105    5   41    7   41    7  17  0  0 L3P B6
G23 FF 61141 050600  780 849 1737    -6347711    -45          16      0   15 139   74    1   35   -8   35   -8  13  0  0 L3P C9
G26 FF 61141 050600  780 448 2677     3522150     39           5     -9   22  57  104    0   54    2   54    2  20  0  0 L3P 7D
G29 FF 61141 050600  780 413  811     3424273    -66          26      6   21  11  111    8   34  -12   34  -12  18  0  0 L3P AD
G10 FF 61141 052200  780 580 3138     5896348    -30         -12    -21   15  62   87   -7   56   20   56   20  14  0  0 L3P DF
G15 FF 61141 052200  780 209 1219    -4020730    -97          39    -64   27  20  204   25   38   57   38   57  23  0  0 L3P FD
G16 FF 61141 052200  780 327 2370    -2428028    -44          -2     26   20  57  136  -14   60  -25   60  -25  18  0  0 L3P 00
G18 FF 61141 052200  780 417 1557     3796541   -103          19     -9   22 164  110    6   32    3   32    3  20  0  0 L3P BB
G23 FF 61141 052200  780 763 1691    -6347776    -15          -6     29   15 139   76    3   51  -30   51  -30  13  0  0 L3P F6
G26 FF 61141 052200  780 441 2787     3522188     26          -3    -21   19  57  106    3   57   11   57   11  17  0  0 L3P C9
G29 FF 61141 052200  780 374  723     3424194   -116          16    -44   21  11  121   12   45   49   45   49  18  0  0 L3P E9
G10 FF 61141 053800  780 643 3012     5896348     -2          -3      7   12  62   82   -4   46   -3   46   -3  10  0  0 L3P 8E
G15 FF 61141 053800  780 180 1279    -4020776    -92          25    -59   33  20  236   42   47   43   47   43  26  0  0 L3P 06
G16 FF 61141 053800  780 360 2448    -2428099    -80          -5    -10   16  57  125   -8   63   24   63   24  13  0  0 L3P F6
G18 FF 61141 053800  780 390 1472     3796441    -71          10     23   17 164  117    7   42  -18   42  -18  15  0  0 L3P FF
G23 FF 61141 053800  780 681 1662    -6347816    -41          -4      3   14 139   79    5   46   -6   46   -6  13  0  0 L3P CC
G26 FF 61141 053800  780 420 2893     3522239     56           2      8   24  57  110    6   54   -7   54   -7  20  0  0 L3P 97
G29 FF 61141 053800  780 330  645     3424129    -93          20    -22   34  11  135   17   43   21   43   21  28  0  0 L3P CB
G10 FF 61141 055400  780 692 2826     5896338     -4          -4      5   17  62   79   -2   50   -1   50   -1  14  0  0 L3P 9B
G16 FF 61141 055400  780 381 2538    -2428156    -56           6     14   25  57  119   -4   61   -4   61   -4  22  0  0 L3P D0
G18 FF 61141 055400  780 365 1389     3796365    -81          24     13   21 164  123    7   32  -14   32  -14  17  0  0 L3P 00
G23 FF 61141 055400  780 602 1634    -6347854    -62           1    -18   18 139   85    7   41   17   41   17  15  0  0 L3P DF
G26 FF 61141 055400  780 387 2988     3522282     67          -1     20   19  57  117   10   58  -15   58  -15  16  0  0 L3P FD
G27 FF 61141 055400  780 236 2175     1020266    118          46    -40   38  85  183  -45   44   33   44   33  33  0  0 L3P 01
G29 FF 61141 055400  780 281  578     3424071      7          31     79   28  11  156   27   43  -52   43  -52  22  0  0 L3P D1
G32 FF 61141 055400  780 216   34       36385   -151          11     43   28  22  199  -56   70  -46   70  -46  23  0  0 L3P D1
G10 FF 61141 061000  780 714 2573     5896329     -6          -6      3   12  65   78    0   49   -9   49   -9  10  0  0 L3P 9A
G16 FF 61141 061000  780 389 2636    -2428216    -61          18     10   25  58  117    0   56   -7   56   -7  21  0  0 L3P D3
G18 FF 61141 061000  780 341 1308     3796267   -121          13    -26   21 165  131    8   40   25   40   25  16  0  0 L3P ED
G23 FF 61141 061000  780 527 1605    -6347892    -10           8     35   19 140   92    9   41  -29   41  -29  16  0  0 L3P EA
G26 FF 61141 061000  780 347 3073     3522329     30           4    -18   29  58  129   14   59   11   59   11  20  0  0 L3P CA
G27 FF 61141 061000  780 298 2167     1020397    128          27    -30   31  87  148  -29   55   18   55   18  25  0  0 L3P 10
G29 FF 61141 061000  780 229  520     3424013    -30          38     42   30  12  188   43   43  -34   43  -34  28  0  0 L3P D4
G32 FF 61141 061000  780 281   64       36203   -107          14     88   26  28  156  -35   54  -82   54  -82  20  0  0 L3P CC
G10 FF 61141 062600  780 704 2309     5896329     12           4     21   13  65   78    1   37  -18   37  -18  11  0  0 L3P BB
G16 FF 61141 062600  780 382 2736    -2428285    -73          16     -3   27  58  119    4   56    3   56    3  24  0  0 L3P C3
G18 FF 61141 062600  780 317 1228     3796173    -78           9     17   20 165  139   10   45  -22   45  -22  16  0  0 L3P 05
G23 FF 61141 062600  780 456 1572    -6347940    -33           2     11   22 140  103   12   44   -5   44   -5  20  0  0 L3P CA
G26 FF 61141 062600  780 303 3147     3522377     53           6      5   21  58  145   20   57   -8   57   -8  15  0  0 L3P AD
G27 FF 61141 062600  780 362 2167     1020554    177          32     19   23  87  124  -20   46  -23   46  -23  18  0  0 L3P 0A
G32 FF 61141 062600  780 350   94       36013   -219          11    -24   20  28  128  -23   50   18   50   18  17  0  0 L3P AE
G10 FF 61141 064200  780 667 2099     5896324     -7           7      2   14  65   80    3   37    4   37    4  13  0  0 L3P 6F
G16 FF 61141 064200  780 363 2833    -2428362    -80           8    -10   23  58  124    7   64   18   64   18  20  0  0 L3P D8
G18 FF 61141 064200  780 293 1150     3796098   -111          25    -16   34 165  150   12   37   33   37   33  30  0  0 L3P 0C
G23 FF 61141 064200  780 390 1537    -6347971    -65          14    -20   26 140  117   17   38   25   38   25  23  0  0 L3P 10
G26 FF 61141 064200  780 257 3214     3522423     40           6     -8   27  58  169   29   61   16   61   16  22  0  0 L3P BF
G27 FF 61141 064200  780 428 2180     1020701    164          27      6   23  87  108  -14   46   -1   46   -1  22  0  0 L3P C4
G32 FF 61141 064200  780 422  127       35840   -212          24    -18   34  28  109  -16   40   22   40   22  30  0  0 L3P B5
G10 FF 61141 065800  780 618 1948     5896316    -37           8    -28   15  65   83    4   41   23   41   23  14  0  0 L3P CC
G16 FF 61141 065800  780 334 2923    -2428418    -78          19     -7   25  58  133   12   59    7   59    7  21  0  0 L3P E1
G18 FF 61141 065800  780 269 1072     3796005    -38          22     56   45 165  162   14   40  -47   40  -47  43  0  0 L3P 1C
G23 FF 61141 065800  780 328 1499    -6348002    -41          25      3   26 140  135   22   31   -8   31   -8  23  0  0 L3P DB
G26 FF 61141 065800  780 211 3276     3522469    -25           6    -73   38  58  203   42   70   67   70   67  34  0  0 L3P F1
G27 FF 61141 065800  780 496 2210     1020863    162          38      4   23  87   97  -10   38   -7   38   -7  21  0  0 L3P D1
G32 FF 61141 065800  780 498  168       35658   -186          29      9   15  28   96  -11   39   -8   39   -8  11  0  0 L3P C7
G08 FF 61141 071400  780 240 2211    -4635444     46           1    -20   36  71  180  -44   58   21   58   21  30  0  0 L3P D5
G10 FF 61141 071400  780 563 1835     5896308     -4           9      5    9  65   88    6   39   -6   39   -6  10  0  0 L3P 89
G16 FF 61141 071400  780 298 3005    -2428473    -45          32     25   23  58  148   18   51  -13   51  -13  21  0  0 L3P 02
G18 FF 61141 071400  780 243  997     3795910    -48          18     47   35 165  178   19   47  -42   47  -42  29  0  0 L3P 29
G23 FF 61141 071400  780 272 1459    -6348062    -80           8    -36   19 140  161   31   49   30   49   30  15  0  0 L3P FB
G27 FF 61141 071400  780 562 2266     1021020    165          43      7   14  87   89   -7   34   -8   34   -8  13  0  0 L3P B5
G32 FF 61141 071400  780 574  224       35476   -229          34    -35   14  28   87   -8   35   31   35   31  12  0  0 L3P B4
G08 FF 61141 073000  780 300 2238    -4635383     52          -1    -14   29  71  147  -27   55   13   55   13  27  0  0 L3P F0
G10 FF 61141 073000  780 508 1744     5896305    -35          14    -25   16  65   95    8   36   18   36   18  13  0  0 L3P D8
G16 FF 61141 073000  780 257 3080    -2428530    -84          42    -13   31  58  169   26   53   19   53   19  23  0  0 L3P FF
G18 FF 61141 073000  780 215  923     3795832    -46          30     48   40 165  199   26   42  -29   42  -29  36  0  0 L3P 12
G23 FF 61141 073000  780 219 1415    -6348077    -26          35     18   30 140  196   44   28   -7   28   -7  22  0  0 L3P FA
G27 FF 61141 073000  780 622 2361     1021166    161          37      3   13  87   83   -4   39   -7   39   -7  11  0  0 L3P AE
G32 FF 61141 073000  780 647  311       35295   -193          39      1   19  28   81   -5   32   -3   32   -3  17  0  0 L3P 83
G08 FF 61141 074600  780 358 2279    -4635311     39           8    -27   26  71  126  -18   44   32   44   32  23  0  0 L3P F7
G10 FF 61141 074600  780 455 1666     5896291    -11           9     -2   15  65  103    9   40    3   40    3  14  0  0 L3P 91
G16 FF 61141 074600  780 215 3148    -2428616    -49          24     22   28  58  200   39   74   13   74   13  22  0  0 L3P F3
G18 FF 61141 074600  780 185  853     3795740    -51          29     43   38 165  229   38   46  -44   46  -44  31  0  0 L3P 1F
G27 FF 61141 074600  780 668 2515     1021316    128          36    -30   11  87   80   -2   39   27   39   27  10  0  0 L3P DE
G32 FF 61141 074600  780 712  466       35098   -204          28     -9   11  28   78   -3   37    6   37    6  10  0  0 L3P 86
G08 FF 61141 080200  780 411 2338    -4635260     45           0    -21   20  72  112  -12   48    7   48    7  18  0  0 L3P B4
G10 FF 61141 080200  780 404 1594     5896279    -60           1    -50   30  66  113   12   45   43   45   43  26  0  0 L3P D7
G27 FF 61141 080200  780 687 2729     1021464    146          29    -12   15  88   79    0   39    6   39    6  13  0  0 L3P C0
G32 FF 61141 080200  780 750  737       34928   -114          47     80   40  29   76   -1   26  -48   26  -48  27  0  0 L3P CF
G02 FF 61141 081800  780 229 2187     -764419     -3          35     75   34  79  188  -44   50  -81   50  -81  31  0  0 L3P 07
G08 FF 61141 081800  780 457 2418    -4635200     67          -3      1   17  72  103   -7   47   -6   47   -6  14  0  0 L3P BF
G10 FF 61141 081800  780 358 1526     5896271    -10           2     -1   22  66  126   14   39    2   39    2  20  0  0 L3P 9E
G27 FF 61141 081800  780 672 2952     1021618    170          31     12   17  88   80    2   35  -18   35  -18  15  0  0 L3P DF
G32 FF 61141 081800  780 741 1061       34708   -287          14    -92   22  29   77    1   45   57   45   57  15  0  0 L3P C7
G02 FF 61141 083400  780 286 2149     -764505    -88          23    -11   28  79  153  -30   53   -3   53   -3  25  0  0 L3P F2
G08 FF 61141 083400  780 491 2520    -4635137     63          -3     -3   18  72   97   -4   44    4   44    4  15  0  0 L3P A0
G10 FF 61141 083400  780 314 1460     5896274     27          14     36   25  66  141   17   31  -21   31  -21  20  0  0 L3P DC
G27 FF 61141 083400  780 628 3125     1021768    163          29      5   13  88   83    4   37    1   37    1  10  0  0 L3P 8E
G28 FF 61141 083400  780 226  380     5579269   -129          33    -38   40 225  190  -38   55   58   55   58  31  0  0 L3P 2F
G32 FF 61141 083400  780 690 1277       34516   -204           8     -9   14  29   79    3   48   13   48   13  12  0  0 L3P 9C
G02 FF 61141 085000  780 348 2115     -764575   -108          28    -31   23  79  129  -21   39   39   39   39  19  0  0 L3P 20
G08 FF 61141 085000  780 508 2641    -4635074     72          -4      6   18  72   95   -1   47   -2   47   -2  15  0  0 L3P AF
G10 FF 61141 085000  780 275 1395     5896255     46           3     55   29  66  159   21   59  -12   59  -12  22  0  0 L3P F4
G27 FF 61141 085000  780 567 3244     1021921    159          30      1   16  88   88    7   43   14   43   14  14  0  0 L3P B1
G28 FF 61141 085000  780 273  442     5579177    -39          28     52   43 225  160  -26   65  -21   65  -21  37  0  0 L3P 1A
G32 FF 61141 085000  780 621 1387       34343   -172          22     22   14  29   83    6   41  -12   41  -12  12  0  0 L3P AA
G02 FF 61141 090600  780 414 2084     -764658    -65          18     12   14  79  111  -16   53   -5   53   -5  11  0  0 L3P DD
G08 FF 61141 090600  780 507 2769    -4635010     44          -4    -22   17  72   95    2   55   28   55   28  15  0  0 L3P D2
G10 FF 61141 090600  780 238 1329     5896253     15          10     24   23  66  181   26   85   24   85   24  18  0  0 L3P DF
G27 FF 61141 090600  780 499 3326     1022074    159          32      1   26  88   96   10   57   20   57   20  24  0  0 L3P C9
G28 FF 61141 090600  780 320  510     5579089    -57          28     34   41 225  139  -18   81  -24   81  -24  32  0  0 L3P 15
G31 FF 61141 090600  780 223  226     1561103    -37          -1    -13   30  71  193  -45  108   27  108   27  24  0  0 L3P F1
G32 FF 61141 090600  780 548 1440       34164   -188          30      7   29  29   90    9   47    5   47    5  29  0  0 L3P 89
G01 FF 61141 092200  780 195 2195    -3000245     59          38    -21   40 108  219  -62   61   21   61   21  37  0  0 L3P FC
G02 FF 61141 092200  780 485 2059     -764731    -45          20     32   19  79   98  -12   58  -18   58  -18  16  0  0 L3P 0C
G08 FF 61141 092200  780 487 2893    -4634944     26           0    -40   18  72   98    4   66   45   66   45  15  0  0 L3P DB
G10 FF 61141 092200  780 205 1264     5896224    -44         -10    -35   26  66  208   32  136   79  136   79  20  0  0 L3P 25
G27 FF 61141 092200  780 428 3386     1022227    181          33     23   28  88  108   15   80   11   80   11  27  0  0 L3P E1
G28 FF 61141 092200  780 363  588     5578996    -60          21     31   25 225  124  -13   96  -13   96  -13  20  0  0 L3P 1B
G31 FF 61141 092200  780 277  278     1561070    -74         -11    -50   32  71  158  -30  123   50  123   50  27  0  0 L3P 07
G32 FF 61141 092200  780 473 1463       33971   -188          24      6   21  29  100   12   66   10   66   10  20  0  0 L3P AB
G01 FF 61141 093800  780 252 2167    -3000180     68          27    -12   37 108  172  -39   87   36   87   36  35  0  0 L3P 1A
G02 FF 61141 093800  780 561 2039     -764809    -81          16     -3   14  79   89   -8   67   15   67   15  12  0  0 L3P DE
G08 FF 61141 093800  780 452 3002    -4634874     26           6    -40   47  72  103    7   85   50   85   50  32  0  0 L3P D2
G27 FF 61141 093800  780 358 3435     1022384    163          38      5   45  88  125   22  104   30  104   30  44  0  0 L3P F5
G28 FF 61141 093800  780 401  676     5578906    -82          20      9   26 225  114   -8  105   -4  105   -4  22  0  0 L3P EC
G31 FF 61141 093800  780 333  334     1561055     -2          -3     22   25  71  134  -21  124  -19  124  -19  22  0  0 L3P EA
G32 FF 61141 093800  780 401 1469       33786   -198          26     -3   18  29  114   17   84   23   84   23  17  0  0 L3P DE
G01 FF 61141 095400  780 314 2144    -3000140     36          -9    -44   22 108  141  -26  123   33  123   33  17  0  0 L3P 05
G02 FF 61141 095400  780 640 2029     -764895    -87           4    -10   10  79   82   -6   75    5   75    5   8  0  0 L3P A3
G03 FF 61141 095400  780 187 2460    -5075212     58          19    -83   35  46  227  -32  124   77  124   77  31  0  0 L3P 2E
G08 FF 61141 095400  780 408 3095    -4634821     59          -5     -7   19  72  112   11  114   28  114   28  14  0  0 L3P 00
G27 FF 61141 095400  780 291 3477     1022544    181          47     23   23  88  151   32  130    1  130    1  18  0  0 L3P DA
G28 FF 61141 095400  780 430  775     5578824   -108          25    -17   26 225  108   -5  104   14  104   14  21  0  0 L3P 20
G31 FF 61141 095400  780 390  398     1561030     -4          -5     20   16  71  117  -15  121  -20  121  -20  15  0  0 L3P E0
G32 FF 61141 095400  780 331 1462       33595   -172          21     22   24  29  134   25  108  -13  108  -13  19  0  0 L3P FE
G01 FF 61141 101000  780 379 2128    -3000044     83          10      3   24 109  120  -19  106    3  106    3  22  0  0 L3P BA
G02 FF 61141 101000  780 723 2036     -764971    -76           5      2   13  80   77   -4   80    8   80    8  11  0  0 L3P 76
G03 FF 61141 101000  780 214 2392    -5075084    154          11     13   24  47  200  -25  132   -6  132   -6  22  0  0 L3P F1
G04 FF 61141 101000  780 212 3087     -528390      4          19     20   64 142  202  -51  176  -43  176  -43  45  0  0 L3P 08
G08 FF 61141 101000  780 358 3174    -4634757     49          -4    -17   19  73  126   16  138   36  138   36  15  0  0 L3P 1F
G27 FF 61141 101000  780 227 3516     1022681    201          33     43   20 110  190   50  176   -4  176   -4  14  0  0 L3P ED
G28 FF 61141 101000  780 446  884     5578718   -124           8    -34   15 226  105   -2  120   32  120   32  13  0  0 L3P FE
G31 FF 61141 101000  780 444  473     1561005     -8          -7     16   11  82  105  -10  125  -14  125  -14   9  0  0 L3P CD
G32 FF 61141 101000  780 265 1446       33396   -156           5     38   23  34  164   38  140    0  140    0  18  0  0 L3P A7
G01 FF 61141 102600  780 448 2121    -2999954     48          24    -32   16 109  104  -13   96   25   96   25  13  0  0 L3P 15
G02 FF 61141 102600  780 807 2102     -765044    -89           6    -12   12  80   75   -2   86   12   86   12  10  0  0 L3P B1
G03 FF 61141 102600  780 243 2324    -5074930    157          30     16   41  47  178  -21  120  -21  120  -21  39  0  0 L3P 20
G04 FF 61141 102600  780 265 3030     -528415    -18           9     -2   31 142  164  -31  162  -13  162  -13  26  0  0 L3P 05
G08 FF 61141 102600  780 305 3242    -4634685     91           4     25   20  73  144   23  153   -1  153   -1  16  0  0 L3P D7
G28 FF 61141 102600  780 446  995     5578643    -84          20      7   28 226  105    2  114    4  114    4  24  0  0 L3P C4
G31 FF 61141 102600  780 493  565     1560988    -25          -1     -1   14  82   97   -7  118   -3  118   -3  12  0  0 L3P CA
G32 FF 61141 102600  780 203 1424       33215   -237          12    -43   33  34  211   61  165   80  165   80  28  0  0 L3P E4
G01 FF 61141 104200  780 520 2127    -2999885     80          16      0   19 109   93  -10  101   -7  101   -7  16  0  0 L3P E8
G02 FF 61141 104200  780 872 2811     -765131    -41          -8     36   15  80   74    0   99  -28   99  -28  13  0  0 L3P D7
G03 FF 61141 104200  780 273 2255    -5074805     99          20    -42   40  47  160  -17  126   31  126   31  37  0  0 L3P 12
G04 FF 61141 104200  780 315 2963     -528432     -9           7      7   22 142  140  -20  152  -14  152  -14  19  0  0 L3P EC
G08 FF 61141 104200  780 253 3302    -4634612     61          15     -5   44  73  172   34  174   34  174   34  38  0  0 L3P F9
G28 FF 61141 104200  780 430 1100     5578540   -141           4    -50   21 226  108    5  133   44  133   44  18  0  0 L3P F5
G31 FF 61141 104200  780 532  678     1560967     10           1     34   20  82   92   -4  111  -29  111  -29  18  0  0 L3P CA
G01 FF 61141 105800  780 594 2152    -2999806     75          20     -5   18 109   85   -7   95    5   95    5  15  0  0 L3P D1
G02 FF 61141 105800  780 806 3521     -765199   -131          -1    -53   39  80   75    2   95   51   95   51  39  0  0 L3P E4
G03 FF 61141 105800  780 306 2187    -5074670    166          19     25   34  47  144  -15  118  -28  118  -28  29  0  0 L3P 4D
G04 FF 61141 105800  780 360 2886     -528435    -15          19      1   26 142  125  -13  134   -8  134   -8  22  0  0 L3P FD
G08 FF 61141 105800  780 202 3358    -4634555    119           9     53   45  73  212   50  225   20  225   20  37  0  0 L3P 01
G28 FF 61141 105800  780 400 1192     5578458   -100          10     -9   19 226  114    9  135   27  135   27  17  0  0 L3P 15
G31 FF 61141 105800  780 555  810     1560945    -38           2    -14   15  82   89   -2  109   13  109   13  13  0  0 L3P D2
G01 FF 61141 111400  780 667 2212    -2999731     64          18    -15   13 109   80   -4   97   18   97   18  11  0  0 L3P F6
G02 FF 61141 111400  780 719 3596     -765274    -55          -2     23   15  80   77    4  110  -10  110  -10  13  0  0 L3P DA
G03 FF 61141 111400  780 341 2119    -5074543    183          11     42   24  47  131  -13  122  -32  122  -32  22  0  0 L3P 13
G04 FF 61141 111400  780 400 2798     -528466     -7           4      9   25 142  114   -9  140    3  140    3  22  0  0 L3P A2
G28 FF 61141 111400  780 358 1268     5578392    -69          31     22   26 226  126   15  135    7  135    7  23  0  0 L3P 01
G31 FF 61141 111400  780 559  951     1560912    -21          -9      3   20  82   89    1  119    0  119    0  18  0  0 L3P 89
G01 FF 61141 113000  780 734 2348    -2999650     65          22    -14   11 109   77   -2  104   27  104   27  10  0  0 L3P FF
G02 FF 61141 113000  780 632   18     -765341    -71           5      6   16  80   82    7  125   26  125   26  14  0  0 L3P 85
G03 FF 61141 113000  780 379 2049    -5074402    129          17    -12   31  47  119  -11  121   19  121   19  26  0  0 L3P 1C
G04 FF 61141 113000  780 433 2700     -528465    -14          20      1   24 142  107   -6  132   -9  132   -9  19  0  0 L3P D4
G28 FF 61141 113000  780 307 1326     5578308    -66          34     25   24 226  144   23  155   13  155   13  21  0  0 L3P 0D
G31 FF 61141 113000  780 542 1084     1560893     -5          -4     19   14  82   91    3  127   -4  127   -4  14  0  0 L3P B3
G01 FF 61141 114600  780 777 2640    -2999572     89          24     10   17 109   75   -1  113    8  113    8  15  0  0 L3P E8
G02 FF 61141 114600  780 547   29     -765413    -78           7      0   16  80   90   10  148   27  148   27  13  0  0 L3P AA
G03 FF 61141 114600  780 420 1978    -5074256    138          27     -3   18  47  110   -9  118    3  118    3  15  0  0 L3P E7
G04 FF 61141 114600  780 459 2594     -528489     12          27     28   14 143  102   -4  140  -26  140  -26  11  0  0 L3P 12
G09 FF 61141 114600  780 187 2806    -7606089     41          26     12   62  34  228  -42  241  -40  241  -40  61  0  0 L3P 29
G28 FF 61141 114600  780 252 1369     5578206    -97          20     -6   27 226  172   38  197   35  197   35  21  0  0 L3P 30
G31 FF 61141 114600  780 507 1195     1560883    -16           9      8   16  82   95    6  134   10  134   10  16  0  0 L3P BC
G01 FF 61141 120200  780 767 3026    -2999503     45          12    -34   14 110   76    1  131   43  131   43  12  0  0 L3P E5
G02 FF 61141 120200  780 464   37     -765499   -105           3    -27   16  81  101   14  182   54  182   54  13  0  0 L3P E1
G03 FF 61141 120200  780 464 1902    -5074130    160          18     19   21  97  101   -8  133  -11  133  -11  19  0  0 L3P 0B
G04 FF 61141 120200  780 477 2481     -528516    -16          15      0   19 144   99   -2  144    7  144    7  16  0  0 L3P C5
G09 FF 61141 120200  780 220 2735    -7606134   -247         -49   -277   37  35  195  -28  290  280  290  280  34  0  0 L3P 93
G26 FF 61141 120200  780 197  817     3523322    176          14    128   33  13  217  -21  307  -78  307  -78  27  0  0 L3P 37
G28 FF 61141 120200  780 193 1398     5578116    -92          19     -1   40 227  220   63  249   95  249   95  29  0  0 L3P 31
G31 FF 61141 120200  780 459 1279     1560852     -7          -4     17   33  87  102    9  156    8  156    8  31  0  0 L3P C1
G01 FF 61141 121800  780 711 3264    -2999425     76          14     -3   18 110   78    3  143   22  143   22  15  0  0 L3P E5
G02 FF 61141 121800  780 385   45     -765582    -72          -6      5   14  81  118   21  223   40  223   40  10  0  0 L3P B3
G03 FF 61141 121800  780 511 1819    -5073999    161          14     20   17  97   94   -7  141   -4  141   -4  13  0  0 L3P F8
G04 FF 61141 121800  780 488 2364     -528524     -1          22     15   18 144   98   -1  145   -7  145   -7  16  0  0 L3P E4
G09 FF 61141 121800  780 251 2662    -7606045    165          11    135   36  35  172  -19  229 -132  229 -132  34  0  0 L3P 74
G26 FF 61141 121800  780 213  891     3523409     28          55    -20   23  13  201  -12  279   27  279   27  21  0  0 L3P FC
G31 FF 61141 121800  780 404 1339     1560833    -23           0      1   26  87  113   14  181   33  181   33  23  0  0 L3P C9
G01 FF 61141 123400  780 639 3382    -2999348     55          15    -24   22 110   82    6  167   52  167   52  20  0  0 L3P 09
G02 FF 61141 123400  780 310   55     -765663     -9         -13     69   25  81  143   31  285   13  285   13  19  0  0 L3P D8
G03 FF 61141 123400  780 558 1725    -5073866    170          12     29   13  97   89   -5  158  -18  158  -18  12  0  0 L3P 34
G04 FF 61141 123400  780 493 2247     -528543    -34          19    -18   19 144   97    0  159   29  159   29  16  0  0 L3P 15
G09 FF 61141 123400  780 279 2584    -7606006     17          23    -12   31  35  156  -14  219    7  219    7  26  0  0 L3P 01
G16 FF 61141 123400  780 196  643    -2429853    -32          23     40   42  14  217  -35  361  -48  361  -48  35  0  0 L3P 2D
G26 FF 61141 123400  780 223  966     3523447     49          47      1   31  13  193   -5  306   34  306   34  26  0  0 L3P D0
G31 FF 61141 123400  780 344 1378     1560810    -36           0    -12   21  87  130   21  219   51  219   51  16  0  0 L3P E9
G01 FF 61141 125000  780 561 3446    -2999271     72          15     -7   32 110   89    8  199   40  199   40  32  0  0 L3P FE
G02 FF 61141 125000  780 239   68     -765730    -90          -6    -13   36  81  181   50  358  108  358  108  31  0  0 L3P 0E
G03 FF 61141 125000  780 605 1610    -5073732    136          10     -5   15  97   84   -4  167   15  167   15  12  0  0 L3P EF
G04 FF 61141 125000  780 492 2132     -528555    -16          22      0   19 144   97    0  172    5  172    5  16  0  0 L3P AC
G09 FF 61141 125000  780 305 2505    -7605984     55          16     25   22  35  144  -11  233  -21  233  -21  18  0  0 L3P 1C
G16 FF 61141 125000  780 227  713    -2429944    -87           1    -16   32  14  189  -24  375    2  375    2  28  0  0 L3P EE
G26 FF 61141 125000  780 224 1041     3523512     28          67    -20   39  13  192    3  296   30  296   30  35  0  0 L3P E6
G31 FF 61141 125000  780 283 1402     1560788     -8           1     16   23  87  155   32  269   45  269   45  17  0  0 L3P EE
G01 FF 61141 130600  780 484 3489    -2999187     76          23     -3   35 110   98   12  234   55  234   55  31  0  0 L3P 15
G03 FF 61141 130600  780 647 1465    -5073597    142           9      1   12  97   81   -3  182   15  182   15  10  0  0 L3P DD
G04 FF 61141 130600  780 487 2019     -528582     13          10     29   15 144   98    1  199   -5  199   -5  12  0  0 L3P E4
G07 FF 61141 130600  780 245 3206     1718719     50           8      5   23  19  177  -44  345  -21  345  -21  18  0  0 L3P FD
G09 FF 61141 130600  780 329 2424    -7605951     26          20     -4   24  35  135   -9  238   23  238   23  22  0  0 L3P F9
G16 FF 61141 130600  780 254  788    -2429984   -132          29    -61   35  14  171  -16  345   65  345   65  32  0  0 L3P 43
G26 FF 61141 130600  780 216 1114     3523510     41          19     -7   22  13  198   11  362   31  362   31  18  0  0 L3P D9
G31 FF 61141 130600  780 221 1414     1560767   -102           3    -78   22  87  194   52  319  145  319  145  22  0  0 L3P 34
G01 FF 61141 132200  780 408 3521    -2999126     90           8     10   20 110  113   18  300   49  300   49  16  0  0 L3P EC
G03 FF 61141 132200  780 677 1277    -5073471    164           0     23   13  97   80   -1  207    0  207    0  11  0  0 L3P B4
G04 FF 61141 132200  780 480 1911     -528595    -10          11      6   22 145   99    1  216    5  216    5  17  0  0 L3P AC
G07 FF 61141 132200  780 307 3163     1718767     45          12     -1   22  19  144  -27  325  -22  325  -22  19  0  0 L3P 10
G09 FF 61141 132200  780 351 2341    -7605934     43          10     13   23  35  127   -7  260    4  260    4  21  0  0 L3P C3
G16 FF 61141 132200  780 274  867    -2430096    -44         -14     28   28  14  159   -9  386  -18  386  -18  24  0  0 L3P 3D
G26 FF 61141 132200  780 200 1183     3523557     67          20     19   21  13  214   22  396   23  396   23  17  0  0 L3P EC
G01 FF 61141 133800  780 335 3549    -2999037    101          20     22   18 110  133   26  354   57  354   57  12  0  0 L3P 27
G03 FF 61141 133800  780 686 1054    -5073336    131           0    -10   12  97   79    0  223   30  223   30  10  0  0 L3P D1
G04 FF 61141 133800  780 472 1805     -528620     -9           1      7   22 145  100    2  246   14  246   14  18  0  0 L3P BA
G06 FF 61141 133800  780 208 2308     6109548     -4          15     12   29  77  205  -36  352    4  352    4  26  0  0 L3P DF
G07 FF 61141 133800  780 369 3108     1718811     59          13     13   22  19  122  -18  309  -24  309  -24  17  0  0 L3P 22
G09 FF 61141 133800  780 373 2257    -7605900     63          15     34   23  35  121   -6  271  -18  271  -18  19  0  0 L3P 1F
G16 FF 61141 133800  780 286  949    -2430125    -26          26     45   35  14  153   -4  359  -21  359  -21  31  0  0 L3P 1B
G01 FF 61141 135400  780 266 3575    -2998960    110          21     31   23 110  164   40  426   54  426   54  17  0  0 L3P 27
G03 FF 61141 135400  780 669  834    -5073203    139          -3     -2   18  97   80    2  243   21  243   21  17  0  0 L3P D2
G04 FF 61141 135400  780 462 1702     -528630     -7           7      9   27 145  102    2  267   29  267   29  23  0  0 L3P CF
G06 FF 61141 135400  780 241 2375     6109538    -17          21     -1   37  77  179  -20  366   24  366   24  32  0  0 L3P 16
G07 FF 61141 135400  780 428 3039     1718848     41           6     -4   27  19  108  -12  304   -3  304   -3  18  0  0 L3P E3
G09 FF 61141 135400  780 395 2171    -7605874     10          13    -20   30  35  115   -6  288   30  288   30  28  0  0 L3P 0F
G16 FF 61141 135400  780 289 1031    -2430207   -178          13   -106   31  14  152    1  389  124  389  124  24  0  0 L3P 4C
G01 FF 61141 141000  780 201    2    -2998865    123          39     44   22 111  213   65  499   53  499   53  20  0  0 L3P F6
G03 FF 61141 141000  780 629  655    -5073067    135          -2     -6   17  98   83    4  266   30  266   30  14  0  0 L3P DB
G04 FF 61141 141000  780 452 1602     -528633     30          17     46   30 146  103    2  280  -21  280  -21  27  0  0 L3P EA
G06 FF 61141 141000  780 264 2451     6109522    -13          22      3   22  80  164  -11  389   21  389   21  18  0  0 L3P F0
G07 FF 61141 141000  780 482 2953     1718896     55           8     10   15  20   99   -8  290  -17  290  -17  13  0  0 L3P FA
G09 FF 61141 141000  780 418 2084    -7605846     77           6     48   19  67  110   -5  299  -38  299  -38  16  0  0 L3P 33
G16 FF 61141 141000  780 281 1111    -2430279    -80           6     -9   42  15  156    7  411   37  411   37  41  0  0 L3P D7
G03 FF 61141 142600  780 573  524    -5072921    149           9      9   13  98   87    6  282   21  282   21  12  0  0 L3P CA
G04 FF 61141 142600  780 441 1502     -528649      4          16     20   25 146  105    2  303   -7  303   -7  22  0  0 L3P BE
G06 FF 61141 142600  780 276 2533     6109513      9          28     25   24  80  158   -3  406  -12  406  -12  20  0  0 L3P F2
G07 FF 61141 142600  780 530 2845     1718934     57           2     12   12  20   92   -5  287  -13  287  -13  10  0  0 L3P E6
G09 FF 61141 142600  780 441 1994    -7605828     86          -4     57   16  67  106   -5  316  -36  316  -36  14  0  0 L3P 32
G16 FF 61141 142600  780 262 1186    -2430340    -38          14     34   26  15  166   14  440    9  440    9  20  0  0 L3P E1
G30 FF 61141 142600  780 206 3014    -1839116   -124          44      9   22  69  208  -49  486  -85  486  -85  17  0  0 L3P 54
G03 FF 61141 144200  780 508  430    -5072798    149          -4      9   11  98   95    9  310   13  310   13  10  0  0 L3P C6
G04 FF 61141 144200  780 429 1404     -528682     23          -1     39   16 146  108    3  340  -10  340  -10  14  0  0 L3P ED
G06 FF 61141 144200  780 277 2619     6109487    -46          17    -30   23  80  158    3  420   35  420   35  19  0  0 L3P 07
G07 FF 61141 144200  780 568 2714     1718991     67          15     22   12  20   88   -3  269  -29  269  -29  11  0  0 L3P 15
G09 FF 61141 144200  780 464 1901    -7605798     11          -2    -18   17  67  101   -4  317   19  317   19  16  0  0 L3P 12
G16 FF 61141 144200  780 234 1253    -2430409   -147          14    -75   31  15  184   25  481  115  481  115  24  0  0 L3P 4A
G30 FF 61141 144200  780 255 2954    -1839266   -133          22      0   24  69  170  -30  436  -66  436  -66  19  0  0 L3P 47
G03 FF 61141 145800  780 439  363    -5072669    136         -10     -5   13  98  106   14  333   25  333   25  10  0  0 L3P 0B
G04 FF 61141 145800  780 416 1308     -528685    -18          11     -2   19 146  110    3  342   10  342   10  14  0  0 L3P E4
G06 FF 61141 145800  780 266 2705     6109435    -51         -19    -35   26  80  163    9  465   40  465   40  25  0  0 L3P 1D
G07 FF 61141 145800  780 593 2561     1719022     35           2    -10   19  20   86   -2  275    6  275    6  13  0  0 L3P B9
G09 FF 61141 145800  780 488 1803    -7605766      3           1    -27   17  67   98   -4  318   22  318   22  14  0  0 L3P F1
G16 FF 61141 145800  780 198 1310    -2430489   -114           2    -42   34  15  216   43  553  122  553  122  25  0  0 L3P 39
G30 FF 61141 145800  780 300 2886    -1839393   -132          22      1   20  69  147  -20  387  -44  387  -44  17  0  0 L3P 49
G03 FF 61141 151400  780 367  315    -5072542    138         -18     -3   27  98  123   21  371   43  371   43  23  0  0 L3P 09
G04 FF 61141 151400  780 401 1212     -528717    -56          -5    -40   20 146  114    4  369   59  369   59  15  0  0 L3P 0B
G06 FF 61141 151400  780 246 2787     6109463     11          24     27   28  80  175   16  441   -5  441   -5  26  0  0 L3P F5
G07 FF 61141 151400  780 602 2396     1719061     28          -2    -17   16  20   85    0  277   10  277   10  15  0  0 L3P D1
G09 FF 61141 151400  780 511 1698    -7605733     44           6     14   17  67   94   -3  312  -25  312  -25  14  0  0 L3P FB
G30 FF 61141 151400  780 342 2810    -1839523   -112          20     21   22  69  131  -14  356  -41  356  -41  19  0  0 L3P 36
G03 FF 61141 153000  780 296  280    -5072392    168          -4     27   27  98  149   34  403   33  403   33  23  0  0 L3P 05
G04 FF 61141 153000  780 383 1118     -528723    -11           4      5   22 146  118    5  371   -3  371   -3  17  0  0 L3P C0
G06 FF 61141 153000  780 219 2865     6109446    -65          23    -49   28  80  195   26  471   76  471   76  24  0  0 L3P 34
G07 FF 61141 153000  780 595 2231     1719104     43          -3     -2   11  20   85    1  279    2  279    2  10  0  0 L3P 91
G09 FF 61141 153000  780 532 1585    -7605705     64           5     34   12  67   92   -2  301  -47  301  -47  10  0  0 L3P F1
G30 FF 61141 153000  780 378 2725    -1839658    -60          13     73   21  69  120  -10  342  -78  342  -78  20  0  0 L3P 41
G03 FF 61141 154600  780 225  256    -5072254    191           0     50   30  98  192   58  484   63  484   63  23  0  0 L3P 01
G04 FF 61141 154600  780 361 1027     -528741    -59           1    -43   27 146  124    7  387   62  387   62  23  0  0 L3P 09
G06 FF 61141 154600  780 188 2938     6109434    -25          26     -9   36  80  226   39  498   41  498   41  29  0  0 L3P 2E
G07 FF 61141 154600  780 577 2080     1719149     53          -2      8   13  20   87    2  280    3  280    3  11  0  0 L3P 94
G09 FF 61141 154600  780 549 1461    -7605678     49           4     19   12  67   90   -2  294  -21  294  -21  11  0  0 L3P 0C
G14 FF 61141 154600  780 254 3392    -7428833    -44           0    -30   28 127  171  -46  430  -18  430  -18  20  0  0 L3P 44
G30 FF 61141 154600  780 410 2632    -1839803   -153          -5    -20   15  69  112   -7  344   19  344   19  14  0  0 L3P 23
G04 FF 61141 160200  780 336  939     -528765    -92          -6    -76   26 147  133   10  419   96  419   96  24  0  0 L3P 2B
G07 FF 61141 160200  780 550 1945     1719188     84          -9     39   19  22   90    3  290  -22  290  -22  16  0  0 L3P F5
G09 FF 61141 160200  780 560 1329    -7605657      0          -5    -30   11  68   89   -1  296   38  296   38  12  0  0 L3P F7
G14 FF 61141 160200  780 325 3380    -7428837     23           8     37   50 128  137  -28  381  -72  381  -72  43  0  0 L3P 3C
G30 FF 61141 160200  780 436 2533    -1839901   -136          26     -3   17  75  107   -5  307  -21  307  -21  16  0  0 L3P 28
G04 FF 61141 161800  780 306  856     -528748    -20          27     -5   29 147  144   14  429   48  429   48  27  0  0 L3P 1B
G07 FF 61141 161800  780 518 1827     1719231     10         -10    -35   14  22   93    4  305   40  305   40  13  0  0 L3P D6
G09 FF 61141 161800  780 563 1189    -7605618     13           6    -16   14  68   88    0  296   17  296   17  12  0  0 L3P FC
G14 FF 61141 161800  780 399 3361    -7428869    -49         -10    -35   30 128  114  -19  363    1  363    1  27  0  0 L3P 39
G21 FF 61141 161800  780 233 2235    -4139755    -14          28     -1   40 127  185  -43  455  -60  455  -60  35  0  0 L3P 48
G22 FF 61141 161800  780 232 3357      202481   -136          23    -76   56   7  186  -52  448   15  448   15  50  0  0 L3P 18
G30 FF 61141 161800  780 456 2429    -1840047   -136           8     -3   18  75  103   -3  312   -9  312   -9  16  0  0 L3P FD
G04 FF 61141 163400  780 273  779     -528787     46           3     62   29 147  160   20  494   -5  494   -5  25  0  0 L3P F7
G07 FF 61141 163400  780 484 1721     1719277     58          -8     13   13  22   98    5  313    5  313    5  11  0  0 L3P AE
G08 FF 61141 163400  780 178 1024    -4633259    150          -8     84   45   7  237   -4  600  -85  600  -85  36  0  0 L3P 25
G09 FF 61141 163400  780 554 1049    -7605598     54          -3     25   15  68   89    2  308  -11  308  -11  14  0  0 L3P 06
G14 FF 61141 163400  780 475 3330    -7428869    -31           3    -17   38 128  100  -13  330    2  330    2  35  0  0 L3P FC
G21 FF 61141 163400  780 287 2280    -4139775    -20          20     -8   28 127  153  -26  414  -27  414  -27  25  0  0 L3P 4A
G22 FF 61141 163400  780 299 3339      202400    -16          -1     44   24   7  147  -32  422  -65  422  -65  22  0  0 L3P F7
G30 FF 61141 163400  780 471 2320    -1840186   -126          -3      7   14  75  100   -2  314   -5  314   -5  11  0  0 L3P DF
G04 FF 61141 165000  780 235  707     -528824     23         -19     39   33 147  184   30  567   30  567   30  27  0  0 L3P 0D
G07 FF 61141 165000  780 450 1625     1719321     26          -8    -20   19  22  104    6  321   26  321   26  17  0  0 L3P D9
G08 FF 61141 165000  780 177 1095    -4633164     86          23     20   31   7  239    7  572  -23  572  -23  30  0  0 L3P 00
G09 FF 61141 165000  780 534  915    -7605570      3          -3    -27   15  68   92    3  325   39  325   39  13  0  0 L3P D4
G14 FF 61141 165000  780 552 3285    -7428880    -33           5    -19   19 128   90   -9  315    5  315    5  18  0  0 L3P F7
G21 FF 61141 165000  780 334 2340    -4139788     -9          19      3   28 127  133  -16  385  -34  385  -34  26  0  0 L3P 37
G22 FF 61141 165000  780 369 3312      202353   -112          10    -52   30   7  122  -21  382   22  382   22  31  0  0 L3P E3
G30 FF 61141 165000  780 482 2210    -1840313   -114          -2     19   15  75   99   -1  313  -15  313  -15  15  0  0 L3P 09
G04 FF 61141 170600  780 193  642     -528815    -80           5    -64   45 147  221   49  625  155  625  155  37  0  0 L3P 35
G07 FF 61141 170600  780 417 1535     1719351     26         -21    -19   19  22  110    7  346   31  346   31  16  0  0 L3P F7
G09 FF 61141 170600  780 502  795    -7605551     39         -13     10   21  68   96    5  352   17  352   17  18  0  0 L3P EB
G14 FF 61141 170600  780 628 3215    -7428898    -36           0    -22   17 128   83   -6  304    6  304    6  15  0  0 L3P EF
G21 FF 61141 170600  780 373 2415    -4139804    -18          15     -6   18 127  121  -10  371  -14  371  -14  15  0  0 L3P 36
G22 FF 61141 170600  780 439 3273      202281   -112          -5    -52   14   7  106  -14  367   23  367   23  12  0  0 L3P F7
G30 FF 61141 170600  780 489 2099    -1840434   -121           5     12   14  75   98   -1  305  -12  305  -12  11  0  0 L3P 08
G05 FF 61141 172200  780 188 2296     2316016     25         -22     21   27  45  226  -44  526  -29  526  -29  25  0  0 L3P 33
G07 FF 61141 172200  780 385 1450     1719397     38         -19     -7   14  22  118    8  364   33  364   33  13  0  0 L3P FB
G09 FF 61141 172200  780 461  690    -7605516    -28          -6    -58   20  68  102    8  377   93  377   93  17  0  0 L3P 19
G14 FF 61141 172200  780 699 3097    -7428920      7          -9     20   16 128   78   -3  302  -25  302  -25  14  0  0 L3P 0E
G21 FF 61141 172200  780 401 2504    -4139817      7          15     20   17 127  114   -5  368   -6  368   -6  15  0  0 L3P F2
G22 FF 61141 172200  780 508 3218      202219    -60          -8      1   15   7   95  -10  353  -15  353  -15  14  0  0 L3P CC
G30 FF 61141 172200  780 492 1988    -1840572   -175          -6    -42   19  75   97    0  315   34  315   34  15  0  0 L3P 1A
G05 FF 61141 173800  780 221 2358     2316037    -44          -5    -48   23  45  194  -25  503   37  503   37  18  0  0 L3P 20
G07 FF 61141 173800  780 355 1368     1719448     12         -11    -33   20  22  126   10  381   48  381   48  17  0  0 L3P 16
G09 FF 61141 173800  780 412  602    -7605489     51          -7     21   27  68  111   12  418   31  418   31  24  0  0 L3P EF
G14 FF 61141 173800  780 757 2882    -7428931    -15          -7     -2   16 128   76   -2  297    1  297    1  13  0  0 L3P FA
G17 FF 61141 173800  780 231  135     1104045    175           3     84   29  80  187  -45  598 -137  598 -137  25  0  0 L3P 4F
G21 FF 61141 173800  780 414 2605    -4139823    -28          20    -16   29 127  111   -1  374   35  374   35  27  0  0 L3P 2D
G22 FF 61141 173800  780 576 3141      202163    -71          -6    -10   17   7   87   -7  336    2  336    2  14  0  0 L3P A7
G30 FF 61141 173800  780 493 1877    -1840701   -138          -8     -5   14  75   97    0  317    8  317    8  13  0  0 L3P E8
G05 FF 61141 175400  780 245 2430     2316038      0          -8     -4   37  45  176  -13  510   13  510   13  29  0  0 L3P D6
G07 FF 61141 175400  780 325 1289     1719486     19         -18    -27   24  22  136   11  412   50  412   50  19  0  0 L3P 16
G09 FF 61141 175400  780 358  530    -7605452     28           1     -2   25  68  126   18  465   62  465   62  21  0  0 L3P EC
G14 FF 61141 175400  780 782 2517    -7428938    -12          -1      1   13 128   75    0  293    4  293    4  12  0  0 L3P CB
G17 FF 61141 175400  780 290  176     1104103    103         -26     12   44  80  151  -30  564  -68  564  -68  38  0  0 L3P 2C
G21 FF 61141 175400  780 413 2709    -4139841    -30          14    -18   20 127  111    2  401   33  401   33  17  0  0 L3P 01
G22 FF 61141 175400  780 638 3029      202115    -52           3      8   18   7   82   -4  320  -12  320  -12  15  0  0 L3P A7
G30 FF 61141 175400  780 492 1768    -1840823   -122          -2     11   15  75   97    0  315   -5  315   -5  13  0  0 L3P ED
G05 FF 61141 181000  780 259 2508     2316044     25         -11     20   33  47  167   -5  520    5  520    5  28  0  0 L3P CB
G07 FF 61141 181000  780 297 1211     1719525     17         -25    -29   20  43  148   13  437   49  437   49  16  0  0 L3P 1F
G09 FF 61141 181000  780 300  470    -7605428     24          -4     -6   36  70  147   27  534   84  534   84  30  0  0 L3P EE
G13 FF 61141 181000  780 220 2163    -6799583      1          13    -15   39  66  195  -51  483  -45  483  -45  29  0  0 L3P 3F
G14 FF 61141 181000  780 758 2156    -7428956     -8          -1      6   11 129   76    1  302    0  302    0  10  0  0 L3P A5
G17 FF 61141 181000  780 352  220     1104207     60          -7    -31   33  85  127  -21  493  -19  493  -19  30  0  0 L3P 06
G21 FF 61141 181000  780 397 2812    -4139854    -28          16    -16   26 128  115    5  430   47  430   47  22  0  0 L3P 23
G22 FF 61141 181000  780 688 2863      202052    -60          -3      0   15   8   79   -2  317   -8  317   -8  12  0  0 L3P A3
G30 FF 61141 181000  780 489 1659    -1840964   -144         -13    -11   16  78   97    1  330   17  330   17  14  0  0 L3P 20
G05 FF 61141 182600  780 262 2590     2316057    -63          -2    -67   27  47  166    1  545   93  545   93  22  0  0 L3P 0F
G07 FF 61141 182600  780 269 1136     1719580     74         -14     28   31  43  162   16  453   10  453   10  29  0  0 L3P 08
G09 FF 61141 182600  780 240  422    -7605399     26          -3     -3   30  70  180   45  622  112  622  112  24  0  0 L3P 00
G13 FF 61141 182600  780 281 2145    -6799578      3           3    -13   23  66  156  -33  450  -34  450  -34  21  0  0 L3P 1E
G14 FF 61141 182600  780 705 1940    -7428971    -14          -4     -1   17 129   78    3  307    9  307    9  15  0  0 L3P E4
G17 FF 61141 182600  780 416  270     1104286     54         -15    -37   21  85  111  -15  451  -18  451  -18  16  0  0 L3P 21
G19 FF 61141 182600  780 229   20    -6967523      6          42     17   27  76  188  -52  645 -117  645 -117  21  0  0 L3P 37
G20 FF 61141 182600  780 233 2175    -1027461   -186           3      9   38 196  185  -49  497  -52  497  -52  32  0  0 L3P 5A
G21 FF 61141 182600  780 370 2906    -4139867    -12          15      0   26 128  122    9  470   41  470   41  21  0  0 L3P FA
G22 FF 61141 182600  780 717 2630      201988    -69         -10     -8   14   8   77   -1  316    6  316    6  12  0  0 L3P B4
G30 FF 61141 182600  780 485 1551    -1841080   -176          -1    -43   21  78   98    1  324   46  324   46  17  0  0 L3P 11
G05 FF 61141 184200  780 254 2673     2316105     74          41     69   24  47  170    8  543  -17  543  -17  21  0  0 L3P 06
G07 FF 61141 184200  780 241 1062     1719638     66           1     21   32  43  179   20  472   18  472   18  28  0  0 L3P EC
G13 FF 61141 184200  780 345 2135    -6799562     24           4      9   18  66  130  -22  415  -36  415  -36  16  0  0 L3P 15
G14 FF 61141 184200  780 643 1811    -7428978    -29           3    -16   14 129   82    4  303   16  303   16  13  0  0 L3P 00
G17 FF 61141 184200  780 480  332     1104382     99          -7      8   18  85   99  -10  407  -43  407  -43  14  0  0 L3P F3
G19 FF 61141 184200  780 297   49    -6967545    -48          31    -37   18  76  148  -33  561  -59  561  -59  15  0  0 L3P 5B
G20 FF 61141 184200  780 298 2180    -1027656   -212          -4    -16   32 196  148  -31  459  -18  459  -18  27  0  0 L3P 78
G21 FF 61141 184200  780 334 2992    -4139871      8          23     21   21 128  133   14  509   31  509   31  17  0  0 L3P 04
G22 FF 61141 184200  780 717 2365      201939    -36          -1     24   17   8   77    1  304  -20  304  -20  14  0  0 L3P C2
G30 FF 61141 184200  780 478 1443    -1841191   -179          15    -46   25  78   99    1  310   37  310   37  23  0  0 L3P 1A
G05 FF 61141 185800  780 238 2754     2316117   -168          49   -173   50  47  181   15  591  226  591  226  49  0  0 L3P 7D
G07 FF 61141 185800  780 213  990     1719694     31          13    -14   42  43  201   26  493   29  493   29  37  0  0 L3P 0A
G13 FF 61141 185800  780 413 2135    -6799521    -12          29    -28   20  66  111  -16  369  -11  369  -11  20  0  0 L3P 4A
G14 FF 61141 185800  780 580 1721    -7428994    -13           0      1   16 129   87    6  317   14  317   14  14  0  0 L3P E8
G17 FF 61141 185800  780 542  414     1104470    115          -6     24   11  85   91   -7  378  -62  378  -62  10  0  0 L3P FD
G19 FF 61141 185800  780 368   79    -6967564     28          23     39   19  76  123  -22  494 -119  494 -119  15  0  0 L3P 68
G20 FF 61141 185800  780 364 2196    -1027833   -223           7    -27   24 196  124  -20  418  -16  418  -16  21  0  0 L3P 5C
G21 FF 61141 185800  780 293 3068    -4139873    -11          33      1   45 128  150   21  556   54  556   54  31  0  0 L3P 1F
G22 FF 61141 185800  780 688 2138      201881    -72          -2    -12   14   8   79    2  307   18  307   18  12  0  0 L3P CD
G30 FF 61141 185800  780 468 1336    -1841343   -116          -9     17   30  78  101    2  339  -15  339  -15  26  0  0 L3P 30
G05 FF 61141 191400  780 214 2832     2316087     32          14     27   37  47  200   25  682   39  682   39  32  0  0 L3P 01
G07 FF 61141 191400  780 184  920     1719725     -9           1    -54   30  43  231   37  531   69  531   69  26  0  0 L3P EB
G13 FF 61141 191400  780 483 2148    -6799513     35          22     19   19  66   99  -11  350  -48  350  -48  17  0  0 L3P 3B
G14 FF 61141 191400  780 519 1650    -7429009     -6          -2      7   21 129   93    8  323   -6  323   -6  17  0  0 L3P D3
G15 FF 61141 191400  780 195 2220    -4022393      4          33     37   42  46  219  -60  533 -113  533 -113  39  0  0 L3P 35
G17 FF 61141 191400  780 597  526     1104560     58          -3    -33   13  85   85   -4  343   -6  343   -6  12  0  0 L3P D4
G19 FF 61141 191400  780 444  113    -6967585      4          13     16   23  76  105  -15  431  -81  431  -81  22  0  0 L3P 0D
G20 FF 61141 191400  780 430 2228    -1028032   -195          -4      1   22 196  108  -14  393  -39  393  -39  18  0  0 L3P 47
G21 FF 61141 191400  780 249 3136    -4139897    -31          22    -18   29 128  174   30  628   90  628   90  21  0  0 L3P 47
G22 FF 61141 191400  780 644 1970      201825    -75           1    -15   18   8   82    3  298   -7  298   -7  16  0  0 L3P C2
G30 FF 61141 191400  780 455 1231    -1841484   -103         -22     30   20  78  103    3  358  -37  358  -37  18  0  0 L3P 34
G05 FF 61141 193000  780 185 2905     2316078     54           2     49   33  47  230   38  754   26  754   26  24  0  0 L3P F8
G13 FF 61141 193000  780 553 2182    -6799506      0          13    -16   12  66   89   -8  318  -20  318  -20  11  0  0 L3P 05
G14 FF 61141 193000  780 461 1587    -7429022     17          -2     30   30 129  102   10  317  -34  317  -34  27  0  0 L3P 1B
G15 FF 61141 193000  780 249 2252    -4022451    -58           6    -25   35  46  174  -35  497  -43  497  -43  30  0  0 L3P 44
G17 FF 61141 193000  780 637  681     1104644     91          -6      0   12  85   82   -2  309  -39  309  -39  11  0  0 L3P D8
G19 FF 61141 193000  780 521  156    -6967600    -14           9     -3   15  76   93  -10  374  -57  374  -57  14  0  0 L3P 13
G20 FF 61141 193000  780 493 2283    -1028218   -217          -2    -22   14 196   97   -9  352  -11  352  -11  13  0  0 L3P 37
G21 FF 61141 193000  780 205 3199    -4139915     42          15     54   38 128  209   44  723   71  723   71  30  0  0 L3P 21
G22 FF 61141 193000  780 592 1847      201758    -10          -9     50   12   8   86    5  295  -54  295  -54  12  0  0 L3P E0
G30 FF 61141 193000  780 437 1129    -1841589   -159           0    -26   21  78  106    4  328   17  328   17  20  0  0 L3P 14
G13 FF 61141 194600  780 622 2249    -6799493     11          11     -5   18  66   83   -5  286  -37  286  -37  17  0  0 L3P 2B
G14 FF 61141 194600  780 407 1528    -7429044    -33         -11    -19   18 129  113   12  313    9  313    9  14  0  0 L3P 18
G15 FF 61141 194600  780 299 2296    -4022488      3           1     36   27  46  147  -22  435  -88  435  -88  24  0  0 L3P 2D
G17 FF 61141 194600  780 652  871     1104720     72         -18    -19   21  85   81    0  280  -22  280  -22  20  0  0 L3P ED
G19 FF 61141 194600  780 599  216    -6967612      2           8     14   22  76   85   -7  319  -56  319  -56  17  0  0 L3P 01
G20 FF 61141 194600  780 550 2367    -1028417   -217         -14    -22   20 196   90   -6  328  -25  328  -25  18  0  0 L3P 57
G22 FF 61141 194600  780 539 1750      201700    -84          -8    -24   22   8   91    6  278    2  278    2  20  0  0 L3P A3
G30 FF 61141 194600  780 415 1031    -1841737   -154         -21    -21   30  78  111    5  336    5  336    5  27  0  0 L3P FC
G13 FF 61141 200200  780 683 2375    -6799481     21          11      5   13  83   79   -3  261  -18  261  -18  13  0  0 L3P FC
G14 FF 61141 200200  780 356 1471    -7429058    -38         -12    -25   24 130  126   15  299    1  299    1  20  0  0 L3P 13
G15 FF 61141 200200  780 344 2354    -4022524    -48           1    -15   24  47  130  -14  374  -54  374  -54  21  0  0 L3P 20
G17 FF 61141 200200  780 637 1060     1104803     84         -19     -6   12 103   82    2  253  -30  253  -30  11  0  0 L3P E1
G19 FF 61141 200200  780 673  317    -6967621    -19          11     -7   11  80   80   -4  273  -42  273  -42  10  0  0 L3P F8
G20 FF 61141 200200  780 594 2489    -1028612   -208         -19    -12   13 197   85   -3  301   -8  301   -8  11  0  0 L3P 22
G22 FF 61141 200200  780 486 1667      201639    -84         -13    -24   23   9   98    8  266   -1  266   -1  22  0  0 L3P D1
G30 FF 61141 200200  780 389  938    -1841844   -145           2    -12   21  90  117    8  302  -10  302  -10  19  0  0 L3P FE
G13 FF 61141 201800  780 724 2594    -6799460     35          17     19   13  83   77   -1  239  -27  239  -27  12  0  0 L3P 24
G14 FF 61141 201800  780 309 1414    -7429066    -19          -8     -5   24 130  143   19  277  -14  277  -14  20  0  0 L3P 33
G15 FF 61141 201800  780 381 2427    -4022565    -27          -8      6   21  47  119   -9  329  -58  329  -58  19  0  0 L3P 29
G17 FF 61141 201800  780 596 1208     1104887     89         -22     -2   15 103   85    5  230  -25  230  -25  14  0  0 L3P 01
G19 FF 61141 201800  780 735  503    -6967629     -6          14      5   22  80   77   -2  232  -34  232  -34  15  0  0 L3P E6
G20 FF 61141 201800  780 617 2648    -1028783   -199          -1     -3   49 197   84   -1  270  -13  270  -13  33  0  0 L3P 37
G22 FF 61141 201800  780 436 1593      201585    -66          -9     -5   26   9  107   10  242  -30  242  -30  24  0  0 L3P E2
G30 FF 61141 201800  780 357  851    -1841987   -161         -13    -28   20  90  126   11  301   22  301   22  17  0  0 L3P 17
G06 FF 61141 203400  780 204  401     6109145    -19          17     -3   45  86  210  -46  479 -154  479 -154  38  0  0 L3P 43
G13 FF 61141 203400  780 725 2878    -6799445     27          -3     11   12   4   77    1  228  -24  228  -24  10  0  0 L3P EB
G14 FF 61141 203400  780 266 1357    -7429104    -54         -32    -41   20 130  164   24  266    0  266    0  15  0  0 L3P 05
G15 FF 61141 203400  780 407 2515    -4022589    -16          -1     17   20  47  113   -5  292  -34  292  -34  19  0  0 L3P 1A
G17 FF 61141 203400  780 539 1308     1104971    111         -25     20   17 103   91    7  212  -39  212  -39  15  0  0 L3P 0B
G19 FF 61141 203400  780 762  822    -6967655    -19          -1     -8   23  80   76    0  213  -23  213  -23  16  0  0 L3P F0
G20 FF 61141 203400  780 614 2822    -1028974   -221          -5    -25   13 197   84    1  262   11  262   11  10  0  0 L3P 01
G22 FF 61141 203400  780 388 1523      201516    -55         -20      5   19   9  117   12  223  -35  223  -35  16  0  0 L3P E1
G30 FF 61141 203400  780 321  771    -1842110   -129          -8      4   34  90  138   15  293  -14  293  -14  33  0  0 L3P 07
G06 FF 61141 205000  780 250  463     6109116    -39           4    -23   33  86  173  -31  382  -79  382  -79  24  0  0 L3P 20
G13 FF 61141 205000  780 685 3110    -6799430    -11          -3    -27   13   4   79    3  218   15  218   15  12  0  0 L3P D9
G14 FF 61141 205000  780 226 1300    -7429094      2          -9     16   31 130  190   32  207  -49  207  -49  24  0  0 L3P 0A
G15 FF 61141 205000  780 420 2613    -4022620    -19           0     14   33  47  110   -1  275  -29  275  -29  30  0  0 L3P F6
G17 FF 61141 205000  780 474 1370     1105060     82         -23     -9   24 103  100   11  187  -19  187  -19  23  0  0 L3P 16
G19 FF 61141 205000  780 737 1142    -6967680     28         -15     39   15  80   77    2  198  -58  198  -58  11  0  0 L3P 30
G20 FF 61141 205000  780 586 2979    -1029162   -201          -5     -6   12 197   86    4  253   -7  253   -7  10  0  0 L3P FF
G22 FF 61141 205000  780 343 1456      201446    -66         -32     -6   20   9  130   15  209  -20  209  -20  17  0  0 L3P E3
G24 FF 61141 205000  780 229 2194      404549    -94         -10     82   37  43  188  -44  296 -141  296 -141  32  0  0 L3P 58
G30 FF 61141 205000  780 281  699    -1842235    -75          -6     58   23  90  156   22  290  -57  290  -57  18  0  0 L3P 29
G06 FF 61141 210600  780 296  530     6109094    -46          -3    -31   32  86  148  -21  295  -71  295  -71  26  0  0 L3P 2D
G12 FF 61141 210600  780 204 2623     6079853    -53           7    -53   24  21  209  -29  443  -67  443  -67  24  0  0 L3P 30
G13 FF 61141 210600  780 623 3253    -6799427     -5         -15    -20   14   4   83    5  224   13  224   13  10  0  0 L3P D2
G14 FF 61141 210600  780 189 1241    -7429137    -24         -39    -10   25 130  225   42  198  -39  198  -39  20  0  0 L3P 60
G15 FF 61141 210600  780 419 2716    -4022661    -56          -9    -24   27  47  110    2  270    6  270    6  23  0  0 L3P D9
G17 FF 61141 210600  780 406 1406     1105149     84         -22     -7   23 103  113   16  163  -31  163  -31  20  0  0 L3P 07
G19 FF 61141 210600  780 678 1322    -6967678    -11          -1      0   15  80   79    4  159  -33  159  -33  13  0  0 L3P 03
G20 FF 61141 210600  780 540 3104    -1029360   -202         -15     -7   16 197   91    6  261    3  261    3  14  0  0 L3P D9
G22 FF 61141 210600  780 302 1390      201409    -54         -11      7   22   9  146   18  163  -34  163  -34  17  0  0 L3P DE
G24 FF 61141 210600  780 286 2172      404389   -216          -1    -40   34  43  153  -30  222  -24  222  -24  28  0  0 L3P 1D
G30 FF 61141 210600  780 237  635    -1842353   -166           4    -33   39  90  182   34  286   33  286   33  34  0  0 L3P 16
G06 FF 61141 212200  780 340  605     6109086    -33           4    -17   24  86  131  -15  215  -53  215  -53  21  0  0 L3P 00
G11 FF 61141 212200  780 213  157     3763247   -200          19    -73   33 209  201  -52  545 -199  545 -199  29  0  0 L3P 79
G12 FF 61141 212200  780 232 2552     6079855    -11           9    -11   30  21  186  -21  338  -85  338  -85  28  0  0 L3P 2B
G13 FF 61141 212200  780 550 3342    -6799410     40         -13     24   17   4   90    8  225  -17  225  -17  16  0  0 L3P EB
G15 FF 61141 212200  780 404 2817    -4022700    -28         -16      5   22  47  113    5  274   -1  274   -1  20  0  0 L3P D2
G17 FF 61141 212200  780 337 1424     1105234     83         -25     -8   24 103  132   25  130  -30  130  -30  19  0  0 L3P 02
G19 FF 61141 212200  780 608 1409    -6967681    -20           6     -8   17  80   84    6  130  -26  130  -26  15  0  0 L3P F7
G20 FF 61141 212200  780 483 3198    -1029560   -204         -28     -8   20 197   98    9  279   19  279   19  16  0  0 L3P 3A
G22 FF 61141 212200  780 263 1325      201347    -99         -16    -39   22   9  165   23  136   -4  136   -4  17  0  0 L3P E8
G24 FF 61141 212200  780 347 2157      404211   -169         -11      7   16  43  129  -21  173  -61  173  -61  12  0  0 L3P 12
G30 FF 61141 212200  780 190  577    -1842475   -128          10      5   41  90  224   56  287   21  287   21  35  0  0 L3P 00
G06 FF 61141 213800  780 378  690     6109058     11          -9     27   29  86  120  -10  169  -84  169  -84  24  0  0 L3P 23
G11 FF 61141 213800  780 271  202     3763114    -94           8     33   40 209  161  -34  372 -181  372 -181  35  0  0 L3P 36
G12 FF 61141 213800  780 258 2479     6079841    -18          -5    -18   29  21  168  -16  270  -63  270  -63  25  0  0 L3P 4B
G13 FF 61141 213800  780 476 3401    -6799409    -11         -28    -27   24   4  100   12  254   64  254   64  23  0  0 L3P 1B
G15 FF 61141 213800  780 378 2912    -4022725    -53         -10    -20   18  47  120    9  279   28  279   28  15  0  0 L3P 25
G17 FF 61141 213800  780 269 1429     1105319     52         -26    -39   27 103  162   38  105    7  105    7  20  0  0 L3P FB
G19 FF 61141 213800  780 534 1450    -6967697     -7           1      5   26  80   92    9  109  -22  109  -22  24  0  0 L3P E5
G20 FF 61141 213800  780 422 3271    -1029747   -191         -27      4   21 197  109   14  307   36  307   36  19  0  0 L3P 33
G22 FF 61141 213800  780 226 1259      201277    -29         -28     31   32   9  190   29  126  -44  126  -44  24  0  0 L3P 06
G24 FF 61141 213800  780 410 2150      404039   -158         -13     18   17  43  112  -15  145  -38  145  -38  17  0  0 L3P 2A
G06 FF 61141 215400  780 408  785     6109035      3         -17     19   25  86  112   -6  135  -51  135  -51  20  0  0 L3P F0
G11 FF 61141 215400  780 331  250     3762999   -127          15      1   17 209  134  -23  248  -93  248  -93  14  0  0 L3P 35
G12 FF 61141 215400  780 285 2406     6079830    -22         -16    -22   33  21  154  -13  208  -45  208  -45  29  0  0 L3P 3E
G13 FF 61141 215400  780 401 3446    -6799382     63         -16     48   43   4  114   18  285   14  285   14  38  0  0 L3P 13
G15 FF 61141 215400  780 343 2998    -4022755    -44          -8    -11   31  47  130   13  308   62  308   62  27  0  0 L3P 1B
G17 FF 61141 215400  780 204 1423     1105412    133         -22     42   29 103  210   65   88  -48   88  -48  25  0  0 L3P 14
G19 FF 61141 215400  780 461 1465    -6967704     -2           5      9   17  80  102   13   86  -19   86  -19  14  0  0 L3P E6
G20 FF 61141 215400  780 359 3330    -1029928   -205         -20     -9   44 197  125   19  351   87  351   87  42  0  0 L3P 4C
G22 FF 61141 215400  780 192 1193      201240    -86          -7    -26   29   9  222   38   91   19   91   19  23  0  0 L3P C7
G24 FF 61141 215400  780 477 2153      403867   -174         -16      2   15  43   99  -11  114  -30  114  -30  13  0  0 L3P 06
G06 FF 61141 221000  780 426  890     6109017     27         -18     43   28  88  109   -2  119  -59  119  -59  24  0  0 L3P 19
G11 FF 61141 221000  780 394  306     3762869   -162          12    -35   22 210  116  -16  175  -42  175  -42  18  0  0 L3P 41
G12 FF 61141 221000  780 311 2332     6079854     37          13     37   29  26  142  -11  140  -70  140  -70  29  0  0 L3P 0A
G13 FF 61141 221000  780 329 3484    -6799361     22          -7      6   20   8  135   27  354  126  354  126  17  0  0 L3P 0A
G15 FF 61141 221000  780 302 3075    -4022768    -58          11    -25   31  71  146   19  357  102  357  102  23  0  0 L3P 31
G19 FF 61141 221000  780 392 1466    -6967707     24          15     36   18  96  116   18   73  -32   73  -32  17  0  0 L3P 11
G20 FF 61141 221000  780 298 3380    -1030104   -165         -10     31   46 198  148   28  447  137  447  137  45  0  0 L3P 67
G24 FF 61141 221000  780 546 2173      403702   -175         -14      1   16  44   90   -8   96  -15   96  -15  14  0  0 L3P D8
G06 FF 61141 222600  780 429  998     6109013    -26          -6    -10   21  88  108    1   86   -1   86   -1  18  0  0 L3P C1
G11 FF 61141 222600  780 457  372     3762743   -116           9     12   16 210  103  -11  130  -45  130  -45  14  0  0 L3P 0F
G12 FF 61141 222600  780 338 2257     6079853     -8          12     -8   21  26  132  -10  111  -21  111  -21  20  0  0 L3P F5
G13 FF 61141 222600  780 260 3519    -6799340     24          -2      8   26   8  167   41  549  326  549  326  19  0  0 L3P 1F
G15 FF 61141 222600  780 259 3145    -4022805    -81           5    -48   26  71  168   27  485  238  485  238  25  0  0 L3P 4E
G19 FF 61141 222600  780 325 1455    -6967707     21          26     32   30  96  137   25   58  -41   58  -41  25  0  0 L3P 0D
G20 FF 61141 222600  780 239 3426    -1030297   -180         -15     16   28 198  181   42  713  383  713  383  27  0  0 L3P 73
G24 FF 61141 222600  780 615 2218      403540   -196          -7    -20   14  44   84   -6   81   12   81   12  13  0  0 L3P C1
G06 FF 61141 224200  780 416 1102     6108994    -19         -10     -3   21  88  111    5   74  -16   74  -16  18  0  0 L3P E9
G11 FF 61141 224200  780 516  457     3762618   -144           6    -17   18 210   94   -8  103  -15  103  -15  15  0  0 L3P 0A
G12 FF 61141 224200  780 366 2181     6079851      4           9      4   20  26  123   -9   89  -26   89  -26  16  0  0 L3P C4
G13 FF 61141 224200  780 195 3553    -6799327    -30          -4    -46   31   8  219   69  924  326  924  326  32  0  0 L3P 4B
G15 FF 61141 224200  780 214 3210    -4022854    -30          -2      3   21  23  200   40  784  361  784  361  17  0  0 L3P 03
G19 FF 61141 224200  780 262 1438    -6967722    -23          13    -12   23   6  166   37   59    0   59    0  18  0  0 L3P CD
G20 FF 61141 224200  780 184 3470    -1030493   -147         -24     49   29 198  231   64 1012   87 1012   87  22  0  0 L3P 66
G24 FF 61141 224200  780 681 2310      403364   -189         -13    -13   15  44   79   -4   78   -2   78   -2  14  0  0 L3P D8
G06 FF 61141 225800  780 388 1195     6108980    -50          -9    -34   31  88  117    9   66   24   66   24  27  0  0 L3P F7
G11 FF 61141 225800  780 567  569     3762492   -157           2    -29   19 210   88   -5   88    6   88    6  17  0  0 L3P DF
G12 FF 61141 225800  780 396 2104     6079852    -25          11    -25   27  26  115   -8   76    8   76    8  24  0  0 L3P D7
G19 FF 61141 225800  780 204 1413    -6967741    -38           4    -27   24   6  210   57   70   34   70   34  19  0  0 L3P E0
G24 FF 61141 225800  780 735 2491      403191   -161         -17     15   16  44   77   -2   79  -13   79  -13  14  0  0 L3P F9
G06 FF 61141 232600  780 312 1320     6108956    -13          -6      3   28  88  142   21   54    0   54    0  24  0  0 L3P 93
G11 FF 61141 232600  780 616  841     3762271   -138          -5    -11   17 210   84   -1   69   -1   69   -1  15  0  0 L3P D2
G12 FF 61141 232600  780 452 1963     6079844     26           3     26   19  26  104   -6   65  -26   65  -26  17  0  0 L3P E7
G24 FF 61141 232600  780 740 3025      402897   -167         -15      9   18  44   77    1   78    7   78    7  14  0  0 L3P AC
G29 FF 61141 232600  780 225 2897     3419527   -101          -6    -29   25  41  191  -34  383 -167  383 -167  22  0  0 L3P 83
G06 FF 61141 234200  780 259 1369     6108928      6         -19     22   25  88  168   35   69  -13   69  -13  18  0  0 L3P 0C
G11 FF 61141 234200  780 609 1014     3762152   -153          -2    -26   17 210   84    2   60   18   60   18  15  0  0 L3P D1
G12 FF 61141 234200  780 486 1876     6079845      6           4      6   19  26   98   -5   63  -16   63  -16  16  0  0 L3P C1
G24 FF 61141 234200  780 688 3237      402730   -145         -13     31   14  44   79    3   87  -16   87  -16  13  0  0 L3P EA
G25 FF 61141 234200  780 226 2241    -4307266     48          22     20   39  31  190  -36   94  -38   94  -38  33  0  0 L3P 0E
G29 FF 61141 234200  780 265 2827     3419476    -94          12    -22   26  41  164  -22  238  -69  238  -69  23  0  0 L3P 54
