CGGTTS     GENERIC DATA FORMAT VERSION = 2E
REV DATE = 2025-11-01
RCVR = PolaRx5TR (5.6.0)     sbf2cggtts-1.5.0
CH = 80
IMS = PolaRx5TR
LAB = LRTE
X = 3967035.920 m
Y = -4390028.540 m
Z = -2375644.640 m
FRAME = ITRF
COMMENTS = LS=18; ElMask=10deg; 'Generated from the SBF in 2026-04-23 at 23:58:01'
INT DLY = 24.9 ns (GPS P1),  15.7 ns (GPS P2)     CAL_ID = 1201-2025
CAB DLY = 103.1 ns
REF DLY = 47.2 ns
REF = UTC(LRTE)
CKSUM = 01

SAT CL  MJD  STTIME TRKL ELV AZTH   REFSV      SRSV     REFSYS    SRSYS  DSG IOE MDTR SMDT MDIO SMDI MSIO SMSI ISG FR HC FRC CK
             hhmmss  s  .1dg .1dg    .1ns     .1ps/s     .1ns    .1ps/s .1ns     .1ns.1ps/s.1ns.1ps/s.1ns.1ps/s.1ns
G05 FF 61153 000200  780 287  496     2320893     11          21      7   34  66  153  -23   81  -24   81  -24  29  0  0 L3P D4
G11 FF 61153 000200  780 396 1389     3641199   -125           0      3   27 113  115   17   52    5   52    5  25  0  0 L3P B1
G12 FF 61153 000200  780 614 1411     6079344     37          21     38   14  39   84   -2   52  -36   52  -36  12  0  0 L3P CA
G21 FF 61153 000200  780 248  793    -4148438    -99          43    -94   38  33  175  -16   60  100   60  100  33  0  0 L3P 1A
G24 FF 61153 000200  780 387 3518      234020   -159          -2     20   18  24  117   19  128   -6  128   -6  15  0  0 L3P E8
G25 FF 61153 000200  780 433 2063    -4280745     56          26     28   16  11  107  -12   57  -30   57  -30  13  0  0 L3P F4
G29 FF 61153 000200  780 382 2487     3351482    -74          18     -1   16  58  119   -6   91  -16   91  -16  13  0  0 L3P FB
G05 FF 61153 001800  780 332  569     2320887     -9          11    -14   29  66  134  -16   79   -1   79   -1  26  0  0 L3P DA
G11 FF 61153 001800  780 330 1414     3641081   -103           5     24   19 113  135   25   52  -26   52  -26  15  0  0 L3P EC
G12 FF 61153 001800  780 629 1248     6079338     32          17     34   16  39   83   -1   55  -35   55  -35  14  0  0 L3P E4
G18 FF 61153 001800  780 203 3226     3701147     -9          28     84   24  75  211  -65  362 -236  362 -236  17  0  0 L3P 44
G21 FF 61153 001800  780 268  873    -4148484    -33           1    -28   28  33  163   -9   93   11   93   11  24  0  0 L3P DA
G24 FF 61153 001800  780 315 3551      233860   -164           9     15   22  24  140   29  149   31  149   31  20  0  0 L3P E4
G25 FF 61153 001800  780 495 2023    -4280720     43          25     14   19  11   97  -10   53  -26   53  -26  16  0  0 L3P EC
G29 FF 61153 001800  780 402 2393     3351414    -67          21      6   21  58  114   -4   79  -21   79  -21  19  0  0 L3P E5
G05 FF 61153 003400  780 373  652     2320890      2          10     -3   24  66  121  -11   75  -11   75  -11  21  0  0 L3P B0
G11 FF 61153 003400  780 264 1425     3640953    -83          -2     44   23 113  165   39   55  -33   55  -33  20  0  0 L3P FD
G12 FF 61153 003400  780 629 1073     6079335      7          14      8   14  39   83    1   55   -5   55   -5  10  0  0 L3P 82
G18 FF 61153 003400  780 266 3186     3701054    -88          24      5   26  75  164  -37  231 -107  231 -107  20  0  0 L3P 3B
G21 FF 61153 003400  780 279  957    -4148477     28          12     32   21  33  157   -3   69  -44   69  -44  18  0  0 L3P FB
G24 FF 61153 003400  780 247 3582      233693   -200          14    -22   24  24  175   45  192   88  192   88  19  0  0 L3P 20
G25 FF 61153 003400  780 561 1983    -4280702      9          15    -20   15  11   89   -7   52   11   52   11  12  0  0 L3P B4
G29 FF 61153 003400  780 418 2298     3351348    -88          24    -15   22  58  110   -3   64   -2   64   -2  19  0  0 L3P E5
G05 FF 61153 005000  780 407  745     2320898     -3          13     -8   19  66  113   -7   64   -2   64   -2  18  0  0 L3P A9
G11 FF 61153 005000  780 200 1425     3640824   -160          -8    -32   42 113  214   66   58   31   58   31  34  0  0 L3P F3
G12 FF 61153 005000  780 612  903     6079343     16          24     17   19  39   84    2   52   -4   52   -4  15  0  0 L3P 8D
G18 FF 61153 005000  780 329 3136     3700967    -73          26     20   23  75  135  -23  154  -68  154  -68  17  0  0 L3P 39
G21 FF 61153 005000  780 280 1041    -4148498     -4          -4      0   31  33  156    2   77    5   77    5  28  0  0 L3P 86
G25 FF 61153 005000  780 631 1942    -4280682     38           8     10   15  11   82   -5   53  -18   53  -18  13  0  0 L3P CA
G28 FF 61153 005000  780 190 2329     5485149    -69          28     27   34 135  224  -39   88  -31   88  -31  29  0  0 L3P 3B
G29 FF 61153 005000  780 433 2201     3351266    -90          13    -17   21  58  107   -3   66    3   66    3  19  0  0 L3P B9
G05 FF 61153 010600  780 429  849     2320900     12          10      7   20  66  108   -3   54  -11   54  -11  18  0  0 L3P AC
G12 FF 61153 010600  780 579  755     6079333     56          14     57   14  39   87    4   56  -34   56  -34  12  0  0 L3P D1
G18 FF 61153 010600  780 389 3073     3700874    -94          23     -1   22  75  117  -15  107  -47  107  -47  17  0  0 L3P 30
G21 FF 61153 010600  780 270 1123    -4148475    -86          24    -82   31  33  161    9   46   66   46   66  28  0  0 L3P F2
G25 FF 61153 010600  780 705 1892    -4280655     41           8     12   13  11   78   -4   45  -19   45  -19  12  0  0 L3P D3
G28 FF 61153 010600  780 219 2395     5485045    -90          16      5   31 135  195  -22   92  -19   92  -19  26  0  0 L3P 1B
G29 FF 61153 010600  780 446 2103     3351202    -47          18     25   21  58  105   -2   50  -19   50  -19  19  0  0 L3P E6
G05 FF 61153 012200  780 437  958     2320901     20           7     16   26  66  106    0   51  -14   51  -14  25  0  0 L3P A2
G12 FF 61153 012200  780 532  635     6079342    -23          25    -22   20  39   92    6   51   14   51   14  15  0  0 L3P A5
G18 FF 61153 012200  780 445 2994     3700792    -49          31     44   41  75  105  -10   74  -56   74  -56  26  0  0 L3P 19
G21 FF 61153 012200  780 249 1199    -4148485     27          18     31   20  33  174   18   46  -30   46  -30  18  0  0 L3P FB
G25 FF 61153 012200  780 781 1810    -4280621     57          14     29   12  11   75   -2   37  -35   37  -35  11  0  0 L3P D7
G28 FF 61153 012200  780 239 2468     5484961    -80          23     15   25 135  180  -11   85  -22   85  -22  25  0  0 L3P 22
G29 FF 61153 012200  780 457 2003     3351133    -80          19     -8   14  58  103   -2   48    6   48    6  12  0  0 L3P A9
G05 FF 61153 013800  780 430 1065     2320905      6           7      2   24  66  108    3   47   -6   47   -6  22  0  0 L3P 77
G12 FF 61153 013800  780 477  540     6079343    -33          26    -32   15  39   99   10   47   16   47   16  13  0  0 L3P D5
G18 FF 61153 013800  780 495 2898     3700704   -109          32    -16   17  75   97   -7   54   -4   54   -4  14  0  0 L3P F9
G21 FF 61153 013800  780 218 1266    -4148495    -29          12    -24   28  33  197   31   47   10   47   10  26  0  0 L3P FD
G25 FF 61153 013800  780 854 1523    -4280609     45          -1     17   42  11   74   -1   47  -28   47  -28  42  0  0 L3P E4
G28 FF 61153 013800  780 249 2547     5484870   -113          24    -17   28 135  174   -3   81    1   81    1  25  0  0 L3P F3
G29 FF 61153 013800  780 468 1903     3351059    -72          15      1   21  58  101   -2   43  -12   43  -12  18  0  0 L3P D6
G05 FF 61153 015400  780 407 1163     2320920    -25          17    -30   23  66  113    7   39   20   39   20  19  0  0 L3P C7
G12 FF 61153 015400  780 416  467     6079335    -28          20    -27   16  39  111   14   49   14   49   14  11  0  0 L3P DB
G18 FF 61153 015400  780 536 2781     3700601    -98          18     -5   11  75   91   -4   54   -9   54   -9   9  0  0 L3P BE
G23 FF 61153 015400  780 212 3520    -6393107   -109          38    -65   23  49  203  -65  195  -64  195  -64  16  0  0 L3P 65
G25 FF 61153 015400  780 843  445    -4280576     26           4     -3   11  11   74    1   39   -1   39   -1   8  0  0 L3P 73
G28 FF 61153 015400  780 248 2628     5484777   -166          23    -71   31 135  174    4   80   71   80   71  27  0  0 L3P 19
G29 FF 61153 015400  780 479 1800     3350989    -83          15    -10   16  58   99   -2   40   -1   40   -1  15  0  0 L3P D3
G05 FF 61153 021000  780 371 1246     2320918     30           6     25   20  68  122   12   39  -20   39  -20  15  0  0 L3P BE
G12 FF 61153 021000  780 352  410     6079332     27          14     28   21  43  127   21   49  -23   49  -23  16  0  0 L3P C8
G18 FF 61153 021000  780 565 2645     3700521    -94          28     -1   13  76   88   -2   36    0   36    0  12  0  0 L3P 97
G23 FF 61153 021000  780 283 3530    -6393153    -54          32     -9   21  50  155  -38  108  -81  108  -81  16  0  0 L3P 2D
G25 FF 61153 021000  780 764  239    -4280549     32           8      4   17  71   76    3   38    0   38    0  15  0  0 L3P 64
G28 FF 61153 021000  780 238 2709     5484624     94         -32    189   43 136  181   11  144 -176  144 -176  40  0  0 L3P 78
G29 FF 61153 021000  780 488 1694     3350917    -68           6      4   15  72   98   -1   46    3   46    3  12  0  0 L3P 93
G05 FF 61153 022600  780 325 1312     2320917     -4           1     -9   29  68  137   19   44    4   44    4  25  0  0 L3P 8E
G12 FF 61153 022600  780 286  366     6079338     58          21     59   20  43  154   34   48  -30   48  -30  16  0  0 L3P E8
G18 FF 61153 022600  780 580 2495     3700423   -115          19    -21   15  76   87   -1   38   12   38   12  11  0  0 L3P E4
G23 FF 61153 022600  780 358 3536    -6393219    -41           9      4   21  50  126  -24   71  -59   71  -59  15  0  0 L3P FE
G25 FF 61153 022600  780 681  178    -4280523     25           8     -3   19  71   79    5   39    3   39    3  15  0  0 L3P 80
G28 FF 61153 022600  780 219 2787     5484593   -221          28   -125   53 136  196   19   99  143   99  143  52  0  0 L3P 77
G29 FF 61153 022600  780 495 1586     3350856   -106          14    -33   16  72   97   -1   35   20   35   20  14  0  0 L3P ED
G05 FF 61153 024200  780 272 1362     2320925    -19          14    -24   28  13  160   31   40   32   40   32  22  0  0 L3P CA
G12 FF 61153 024200  780 219  333     6079333    -23          17    -22   39  43  196   58   60   28   60   28  31  0  0 L3P DF
G18 FF 61153 024200  780 582 2341     3700329    -77          14     16   15  76   87    0   37  -13   37  -13  13  0  0 L3P D6
G23 FF 61153 024200  780 437 3538    -6393262    -26           8     19   21  50  106  -16   52  -27   52  -27  16  0  0 L3P 06
G25 FF 61153 024200  780 597  149    -4280498     37           5      9   20  71   85    8   41   -4   41   -4  19  0  0 L3P 90
G26 FF 61153 024200  780 228 2239     3569673      8          15    -37   44  66  189  -45   49   20   49   20  37  0  0 L3P FD
G28 FF 61153 024200  780 195 2862     5484471    -58          -2     38   30 136  219   30  160   19  160   19  25  0  0 L3P 1E
G29 FF 61153 024200  780 500 1473     3350784    -78          12     -5   16  72   96    0   37   11   37   11  14  0  0 L3P B3
G05 FF 61153 025800  780 216 1397     2320937    -31          21    -36   33  13  199   52   39   37   39   37  30  0  0 L3P F9
G15 FF 61153 025800  780 206  771    -4054665     13          14     46   31  10  207  -23   57  -24   57  -24  25  0  0 L3P F0
G18 FF 61153 025800  780 571 2193     3700240    -97          15     -4   15  76   88    2   33    0   33    0  13  0  0 L3P 8E
G23 FF 61153 025800  780 520 3536    -6393296    -33          16     12   19  50   93  -11   38  -13   38  -13  15  0  0 L3P 05
G25 FF 61153 025800  780 514  132    -4280459     46          17     17   18  71   94   11   34   -7   34   -7  16  0  0 L3P BB
G26 FF 61153 025800  780 283 2274     3569696     60          -6     15   33  66  155  -28   62  -12   62  -12  27  0  0 L3P 0C
G29 FF 61153 025800  780 502 1358     3350700      4          -2     76   15  72   96    0   53  -58   53  -58  13  0  0 L3P BB
G10 FF 61153 031400  780 225 3370     5885041    -57          24    -43   51  79  191  -58  145  -57  145  -57  48  0  0 L3P 4F
G15 FF 61153 031400  780 227  846    -4054695   -163          15   -130   35  10  189  -15   47   95   47   95  30  0  0 L3P 2B
G18 FF 61153 031400  780 552 2059     3700138    -76           2     18   19  76   90    3   39  -19   39  -19  17  0  0 L3P DA
G23 FF 61153 031400  780 604 3529    -6393357    -36          -1      8   18  50   85   -7   48   -8   48   -8  18  0  0 L3P D2
G25 FF 61153 031400  780 434  123    -4280448     22           1     -7   38  71  107   16   52   15   52   15  36  0  0 L3P AA
G26 FF 61153 031400  780 334 2325     3569753     29           7    -17   21  66  133  -18   48    5   48    5  18  0  0 L3P CB
G29 FF 61153 031400  780 498 1241     3350653   -114          21    -41   17  72   96    1   34   39   34   39  15  0  0 L3P DF
G10 FF 61153 033000  780 296 3350     5885014    -26           9    -12   19  79  149  -34   88  -36   88  -36  16  0  0 L3P 20
G15 FF 61153 033000  780 241  924    -4054716     25          26     58   39  10  179   -7   34  -61   34  -61  34  0  0 L3P E6
G18 FF 61153 033000  780 527 1938     3700045    -83          -1     10   18  76   92    3   35  -14   35  -14  17  0  0 L3P CD
G23 FF 61153 033000  780 691 3518    -6393408    -63         -11    -19   22  50   79   -5   49   10   49   10  20  0  0 L3P F0
G25 FF 61153 033000  780 355  120    -4280421     54           1     26   19  71  126   24   59  -16   59  -16  16  0  0 L3P CE
G26 FF 61153 033000  780 379 2391     3569790     42           1     -3   24  66  119  -11   49   -5   49   -5  20  0  0 L3P CB
G29 FF 61153 033000  780 488 1125     3350588   -103          26    -30   18  72   98    2   29   28   29   28  16  0  0 L3P EE
G10 FF 61153 034600  780 369 3320     5884993     31           2     44   52  79  122  -22   70  -53   70  -53  48  0  0 L3P F6
G15 FF 61153 034600  780 248 1003    -4054748    -61          25    -28   29  10  175   -1   33   35   33   35  24  0  0 L3P EE
G18 FF 61153 034600  780 499 1829     3699953    -68          -4     25   15  76   96    4   38  -17   38  -17  14  0  0 L3P 0B
G23 FF 61153 034600  780 779 3498    -6393453    -78         -13    -34   23  50   75   -3   46   36   46   36  20  0  0 L3P 0F
G25 FF 61153 034600  780 281  122    -4280398     77          -4     48   22  71  156   39   74  -15   74  -15  17  0  0 L3P F7
G26 FF 61153 034600  780 415 2474     3569828     28          -5    -17   24  66  111   -7   51   17   51   17  23  0  0 L3P E5
G29 FF 61153 034600  780 470 1012     3350522    -55          30     18   19  72  100    4   32    1   32    1  20  0  0 L3P 85
G10 FF 61153 040200  780 443 3278     5884977    -16          -2     -3   21  81  105  -14   60    8   60    8  16  0  0 L3P C1
G15 FF 61153 040200  780 244 1081    -4054771     17          34     50   20  87  177    6   20  -37   20  -37  19  0  0 L3P E0
G16 FF 61153 040200  780 241 2259    -2500809   -113         -17    -42   33  85  179  -36   68   32   68   32  31  0  0 L3P 2A
G18 FF 61153 040200  780 470 1729     3699876    -99          13     -6   18  77  100    5   31  -10   31  -10  15  0  0 L3P EB
G23 FF 61153 040200  780 867 3419    -6393470    -61          10    -17   18  51   74   -1   23   18   23   18  16  0  0 L3P E4
G25 FF 61153 040200  780 209  129    -4280341     31          30      2   26  73  205   67   64   -2   64   -2  25  0  0 L3P A0
G26 FF 61153 040200  780 438 2572     3569867     29          -3    -16   22  67  106   -3   56    5   56    5  19  0  0 L3P CB
G29 FF 61153 040200  780 445  905     3350455   -103          30    -31   28 102  105    5   35   23   35   23  24  0  0 L3P D3
G10 FF 61153 041800  780 516 3218     5884974     -3           9     11   14  81   94  -10   49  -10   49  -10  12  0  0 L3P D3
G15 FF 61153 041800  780 231 1154    -4054824    -17          13     16   26  87  186   14   41  -10   41  -10  22  0  0 L3P F2
G16 FF 61153 041800  780 289 2310    -2500860    -67           0      3   21  85  152  -22   52   -5   52   -5  19  0  0 L3P C2
G18 FF 61153 041800  780 441 1636     3699776   -126           2    -33   22  77  105    6   36   24   36   24  17  0  0 L3P EE
G23 FF 61153 041800  780 845 1747    -6393526    -35          -3      9   13  51   74    1   31  -13   31  -13  11  0  0 L3P C6
G26 FF 61153 041800  780 446 2680     3569914     38           0     -7   15  67  105    0   55    3   55    3  14  0  0 L3P 90
G29 FF 61153 041800  780 413  807     3350372    -52           4     21   23  56  111    8   38  -12   38  -12  20  0  0 L3P B5
G10 FF 61153 043400  780 585 3131     5884952    -35          -1    -22   12  81   86   -6   52    8   52    8   9  0  0 L3P A8
G15 FF 61153 043400  780 209 1222    -4054847   -115          22    -82   36  87  204   25   34   70   34   70  30  0  0 L3P 04
G16 FF 61153 043400  780 330 2375    -2500944    -49         -17     21   26  85  135  -14   67  -16   67  -16  23  0  0 L3P 28
G18 FF 61153 043400  780 414 1549     3699699   -121          15    -27   19  77  111    6   24   21   24   21  17  0  0 L3P FC
G23 FF 61153 043400  780 760 1694    -6393589    -34         -24     11   17  51   76    3   45  -20   45  -20  16  0  0 L3P F8
G26 FF 61153 043400  780 439 2790     3569947     16         -11    -29   22  67  106    3   62   17   62   17  19  0  0 L3P F4
G29 FF 61153 043400  780 375  719     3350312    -63          14     10   22  56  121   12   35   -6   35   -6  18  0  0 L3P B9
G10 FF 61153 045000  780 648 3002     5884933     -7          -6      7   17  81   81   -4   46  -12   46  -12  14  0  0 L3P BC
G15 FF 61153 045000  780 179 1282    -4054874    -68          26    -35   32  87  237   42   33   35   33   35  26  0  0 L3P 0D
G16 FF 61153 045000  780 362 2454    -2501016    -91         -21    -21   23  85  124   -8   69   16   69   16  19  0  0 L3P 02
G18 FF 61153 045000  780 387 1464     3699598    -70           3     23   17  77  117    7   36  -19   36  -19  14  0  0 L3P FC
G23 FF 61153 045000  780 678 1664    -6393635    -43         -27      2   13  51   79    5   44   -6   44   -6  11  0  0 L3P C8
G26 FF 61153 045000  780 417 2894     3569997     34          -4    -12   17  67  110    6   59    3   59    3  13  0  0 L3P C0
G29 FF 61153 045000  780 330  642     3350234    -84           6    -11   29  56  135   18   46    6   46    6  24  0  0 L3P A7
G10 FF 61153 050600  780 695 2809     5884914    -11         -13      3   15  81   79   -2   45   -6   45   -6  13  0  0 L3P C8
G16 FF 61153 050600  780 382 2544    -2501075    -85         -13    -14   23  85  119   -4   64   20   64   20  20  0  0 L3P F5
G18 FF 61153 050600  780 362 1381     3699521    -90          16      3   21  77  124    8   28    4   28    4  17  0  0 L3P A4
G23 FF 61153 050600  780 599 1635    -6393680    -39         -29      6   14  51   85    7   42    1   42    1  12  0  0 L3P AE
G26 FF 61153 050600  780 385 2989     3570038     57          -7     11   25  67  118   10   63   -4   63   -4  19  0  0 L3P D9
G27 FF 61153 050600  780 241 2174     1192910    126          45    -47   36  72  180  -43   42   38   42   38  32  0  0 L3P 01
G29 FF 61153 050600  780 281  574     3350173    -29          14     44   29  56  156   27   44  -26   44  -26  24  0  0 L3P F8
G32 FF 61153 050600  780 218   33     -166036   -185          -7     13   30  27  197  -56   68  -35   68  -35  24  0  0 L3P F9
G10 FF 61153 052200  780 715 2552     5884900    -21         -14     -7   12  81   78    0   45   -1   45   -1  10  0  0 L3P A8
G16 FF 61153 052200  780 389 2643    -2501132    -60          -2     11   24  85  117    0   63    0   63    0  19  0  0 L3P 9B
G18 FF 61153 052200  780 338 1300     3699420   -109           4    -16   23  77  132    9   42   18   42   18  18  0  0 L3P DE
G23 FF 61153 052200  780 524 1605    -6393720    -54         -27    -10   20  51   93    9   42    7   42    7  16  0  0 L3P B9
G26 FF 61153 052200  780 345 3073     3570081     16          -8    -29   37  67  130   15   67   19   67   19  28  0  0 L3P F0
G27 FF 61153 052200  780 302 2166     1193074    154          43    -18   33  72  146  -28   36   14   36   14  28  0  0 L3P FE
G29 FF 61153 052200  780 229  517     3350116    -47          28     25   27  56  188   43   41  -12   41  -12  23  0  0 L3P E6
G32 FF 61153 052200  780 283   62     -166228   -175         -10     22   22  27  155  -35   61  -26   61  -26  19  0  0 L3P F5
G10 FF 61153 053800  780 702 2290     5884900      5           0     18   11  81   78    1   34  -12   34  -12  11  0  0 L3P 93
G16 FF 61153 053800  780 381 2743    -2501200    -28          -1     42   18  85  119    4   72  -28   72  -28  15  0  0 L3P F1
G18 FF 61153 053800  780 314 1221     3699337    -53          11     40   21  77  141   10   44  -19   44  -19  16  0  0 L3P F8
G23 FF 61153 053800  780 454 1572    -6393758    -56         -22    -11   23  51  103   13   42   15   42   15  21  0  0 L3P FE
G26 FF 61153 053800  780 300 3148     3570129     49          -3      4   23  67  146   21   72   13   72   13  17  0  0 L3P BA
G27 FF 61153 053800  780 367 2168     1193214    142          17    -31   20  72  123  -20   60   25   60   25  17  0  0 L3P F2
G32 FF 61153 053800  780 352   92     -166403   -244           6    -46   25  27  127  -23   43   44   43   44  19  0  0 L3P D4
G10 FF 61153 055400  780 664 2085     5884890    -34           3    -20   14  81   80    3   34   16   34   16  12  0  0 L3P B7
G16 FF 61153 055400  780 362 2840    -2501260    -24           6     47   21  85  124    8   71  -36   71  -36  18  0  0 L3P E4
G18 FF 61153 055400  780 290 1142     3699262   -106          25    -12   42  77  151   12   34   14   34   14  39  0  0 L3P FD
G23 FF 61153 055400  780 388 1537    -6393792    -46         -13     -2   27  51  117   17   38    2   38    2  25  0  0 L3P E3
G26 FF 61153 055400  780 255 3214     3570180     35           4    -10   25  67  170   29   73   12   73   12  19  0  0 L3P CA
G27 FF 61153 055400  780 433 2181     1193382    177          19      4   22  72  107  -14   52  -11   52  -11  19  0  0 L3P F3
G32 FF 61153 055400  780 425  125     -166594   -194           4      4   34  27  109  -16   43   -9   43   -9  31  0  0 L3P C2
G10 FF 61153 061000  780 614 1937     5884863    -28         -11    -14   13  82   84    4   39    4   39    4  11  0  0 L3P BA
G16 FF 61153 061000  780 332 2929    -2501334    -78          -5     -7   19  91  134   12   77    3   77    3  18  0  0 L3P C8
G18 FF 61153 061000  780 265 1065     3699166   -152          18    -58   41  78  164   15   36   51   36   51  36  0  0 L3P 16
G23 FF 61153 061000  780 327 1499    -6393830    -42         -12      2   18  52  136   23   34    5   34    5  16  0  0 L3P C0
G26 FF 61153 061000  780 209 3276     3570218    -45           0    -91   38  98  205   43   82  101   82  101  35  0  0 L3P FE
G27 FF 61153 061000  780 501 2213     1193563    175          30      2   21  73   96  -10   39  -13   39  -13  19  0  0 L3P DB
G32 FF 61153 061000  780 500  165     -166792   -224          -6    -26   18  30   96  -11   42   13   42   13  15  0  0 L3P CB
G08 FF 61153 062600  780 242 2213    -4565722     85          12     15   36  53  179  -43   76   -4   76   -4  32  0  0 L3P F0
G10 FF 61153 062600  780 559 1827     5884851     12         -10     25   12  82   89    6   38  -18   38  -18  11  0  0 L3P EC
G16 FF 61153 062600  780 295 3011    -2501388    -43           8     28   28  91  149   19   69  -11   69  -11  23  0  0 L3P 06
G18 FF 61153 062600  780 239  990     3699080    -66          22     27   27  78  180   20   34  -22   34  -22  21  0  0 L3P F7
G23 FF 61153 062600  780 270 1457    -6393881      4         -20     49   24  52  161   31   53  -34   53  -34  21  0  0 L3P F5
G27 FF 61153 062600  780 566 2271     1193729    163          30    -10   20  73   88   -7   35    4   35    4  18  0  0 L3P C1
G32 FF 61153 062600  780 576  221     -166981   -209          -6    -11   18  30   87   -8   37    3   37    3  15  0  0 L3P B1
G08 FF 61153 064200  780 302 2240    -4565651     64          16     -5   30  53  146  -27   64   -4   64   -4  27  0  0 L3P DD
G10 FF 61153 064200  780 504 1737     5884845    -29          -3    -15   13  82   95    8   37   13   37   13  10  0  0 L3P CF
G16 FF 61153 064200  780 254 3085    -2501444    -96          20    -26   35  91  170   27   72   20   72   20  29  0  0 L3P F7
G18 FF 61153 064200  780 212  917     3699000    -13          31     81   34  78  202   27   34  -56   34  -56  27  0  0 L3P EF
G23 FF 61153 064200  780 218 1413    -6393890     31          14     76   34  52  197   44   23  -46   23  -46  26  0  0 L3P 06
G27 FF 61153 064200  780 626 2370     1193889    174          25      1   13  73   83   -4   38   -3   38   -3  10  0  0 L3P BC
G32 FF 61153 064200  780 650  309     -167169   -174          -4     24   14  30   81   -5   35  -18   35  -18  11  0  0 L3P D5
G08 FF 61153 065800  780 360 2282    -4565576     30          25    -40   21  53  125  -17   48   33   48   33  19  0  0 L3P 07
G10 FF 61153 065800  780 451 1660     5884830    -36          -5    -22   18  82  104   10   43   26   43   26  16  0  0 L3P E7
G16 FF 61153 065800  780 212 3153    -2501531    -87           1    -17   26  91  202   40   94   35   94   35  23  0  0 L3P E5
G18 FF 61153 065800  780 181  847     3698903    -20          24     73   32  78  234   39   43  -74   43  -74  27  0  0 L3P 0F
G27 FF 61153 065800  780 670 2529     1194048    174          17      1   16  73   80   -2   43    0   43    0  14  0  0 L3P 97
G32 FF 61153 065800  780 715  465     -167358   -204          -3     -6   13  30   78   -3   37    8   37    8  11  0  0 L3P A2
G08 FF 61153 071400  780 413 2342    -4565520     68          14     -2   26  53  111  -11   51    5   51    5  25  0  0 L3P B1
G10 FF 61153 071400  780 400 1589     5884819    -46          -2    -33   25  82  114   12   44   35   44   35  22  0  0 L3P EB
G27 FF 61153 071400  780 687 2745     1194220    177          23      4   13  73   79    0   39    4   39    4  11  0  0 L3P 98
G32 FF 61153 071400  780 753  741     -167542   -181           3     16   37  30   76   -1   35   -3   35   -3  24  0  0 L3P A2
G02 FF 61153 073000  780 228 2187     -844518    -35          33     42   38  96  189  -44   36  -65   36  -65  36  0  0 L3P 23
G08 FF 61153 073000  780 458 2423    -4565446     47          22    -22   17  53  103   -7   46   20   46   20  15  0  0 L3P E4
G10 FF 61153 073000  780 354 1521     5884801    -16          -8     -2   26  82  127   14   46   -1   46   -1  21  0  0 L3P BF
G27 FF 61153 073000  780 670 2966     1194392    207          30     34   14  73   80    2   35  -32   35  -32  12  0  0 L3P D8
G32 FF 61153 073000  780 742 1069     -167709   -198          26      0   16  30   76    1   20   -3   20   -3  13  0  0 L3P 9F
G02 FF 61153 074600  780 285 2150     -844615    -71          10      6   33  96  154  -30   51  -13   51  -13  28  0  0 L3P E7
G08 FF 61153 074600  780 491 2526    -4565379     76          22      7   16  53   97   -4   49   -1   49   -1  14  0  0 L3P CE
G10 FF 61153 074600  780 311 1455     5884809     18          13     32   27  82  142   17   29  -31   29  -31  20  0  0 L3P EF
G27 FF 61153 074600  780 624 3136     1194558    170          30     -3   12  73   83    4   39    2   39    2  12  0  0 L3P 9B
G28 FF 61153 074600  780 231  390     5482718    -84          -2     13   34 139  186  -36   60   -6   60   -6  25  0  0 L3P EF
G32 FF 61153 074600  780 690 1283     -167918   -221           7    -23   15  30   79    3   33   15   33   15  13  0  0 L3P C4
G02 FF 61153 080200  780 347 2116     -844690   -123           6    -46   23  97  129  -22   44   45   44   45  21  0  0 L3P F8
G08 FF 61153 080200  780 507 2647    -4565305     75          31      6   16  61   95   -1   45   -5   45   -5  13  0  0 L3P B5
G10 FF 61153 080200  780 271 1390     5884784     68           1     82   26  83  160   21   45  -55   45  -55  21  0  0 L3P E8
G27 FF 61153 080200  780 562 3251     1194728    177          30      4   19  88   88    7   35   -3   35   -3  17  0  0 L3P BB
G28 FF 61153 080200  780 278  453     5482643   -113          10    -16   35 140  157  -25   42    9   42    9  27  0  0 L3P EE
G32 FF 61153 080200  780 621 1391     -168110   -169           1     29   11  31   83    6   33  -16   33  -16   9  0  0 L3P B2
G02 FF 61153 081800  780 413 2086     -844757    -59          14     18   14  97  111  -16   38  -21   38  -21  12  0  0 L3P 0A
G08 FF 61153 081800  780 505 2775    -4565255     80          14     10   14  61   95    2   55   -4   55   -4  12  0  0 L3P B9
G10 FF 61153 081800  780 235 1325     5884779     -4           9     10   23  83  183   26   38    0   38    0  17  0  0 L3P A5
G27 FF 61153 081800  780 494 3331     1194888    184          24     11   27  88   97   11   40   -3   40   -3  27  0  0 L3P DE
G28 FF 61153 081800  780 324  523     5482556   -139          15    -43   43 140  137  -18   36   25   36   25  32  0  0 L3P 18
G31 FF 61153 081800  780 229  235     1536454     12           4     36   29 107  188  -42   68  -28   68  -28  23  0  0 L3P FF
G32 FF 61153 081800  780 547 1443     -168294   -190           7      8   20  31   90    9   31  -11   31  -11  18  0  0 L3P BB
G01 FF 61153 083400  780 201 2192    -2914709     67          23    -19   32  24  212  -58   52    3   52    3  29  0  0 L3P D1
G02 FF 61153 083400  780 484 2061     -844827    -64          18     13   14  97   98  -12   32  -15   32  -15  12  0  0 L3P F6
G08 FF 61153 083400  780 484 2898    -4565176     51          26    -18   19  61   98    4   48   13   48   13  16  0  0 L3P F3
G10 FF 61153 083400  780 202 1259     5884747    -94         -10    -80   29  83  211   33   58   82   58   82  23  0  0 L3P 11
G27 FF 61153 083400  780 423 3390     1195055    162          26    -10   33  88  109   15   43   15   43   15  30  0  0 L3P ED
G28 FF 61153 083400  780 366  601     5482444   -113          -3    -16   21 140  123  -12   51   13   51   13  16  0  0 L3P EE
G31 FF 61153 083400  780 283  287     1536455    -24          27     -1   32 107  155  -29   53    9   53    9  27  0  0 L3P D4
G32 FF 61153 083400  780 473 1465     -168485   -201           6     -3   25  31  100   12   32    3   32    3  24  0  0 L3P 9B
G01 FF 61153 085000  780 259 2164    -2914647     79           4     -6   36  24  168  -37   58   -1   58   -1  31  0  0 L3P E0
G02 FF 61153 085000  780 560 2043     -844906    -84          14     -6   14  97   89   -8   36    6   36    6  11  0  0 L3P AC
G08 FF 61153 085000  780 450 3006    -4565094     78          42      9   42  61  104    8   44    1   44    1  27  0  0 L3P 99
G27 FF 61153 085000  780 353 3438     1195231    169          35     -4   45  88  127   22   45   10   45   10  41  0  0 L3P E3
G28 FF 61153 085000  780 403  691     5482352   -102          -3     -5   19 140  114   -8   56   17   56   17  14  0  0 L3P E3
G31 FF 61153 085000  780 339  344     1536446    -26          41     -2   22 107  132  -20   47    8   47    8  19  0  0 L3P C3
G32 FF 61153 085000  780 400 1470     -168679   -172           2     26   22  31  114   17   38  -17   38  -17  20  0  0 L3P EE
G01 FF 61153 090600  780 321 2142    -2914599     62         -31    -23   21  24  138  -25   75   14   75   14  15  0  0 L3P 00
G02 FF 61153 090600  780 640 2034     -844978    -72          16      5   16  97   82   -6   37    9   37    9  13  0  0 L3P AA
G03 FF 61153 090600  780 191 2453    -4925646    141         -24     -5   32  22  222  -31   74  -13   74  -13  27  0  0 L3P 19
G08 FF 61153 090600  780 405 3098    -4565028     66          42     -3   17  61  113   12   50   12   50   12  12  0  0 L3P CC
G27 FF 61153 090600  780 286 3480     1195404    196          42     23   28  88  153   33   52  -12   52  -12  25  0  0 L3P 09
G28 FF 61153 090600  780 430  791     5482272   -120          10    -24   25 140  108   -4   51   16   51   16  23  0  0 L3P E9
G31 FF 61153 090600  780 395  409     1536414    -32          32     -9   21 107  116  -14   57   12   57   12  18  0  0 L3P E3
G32 FF 61153 090600  780 331 1463     -168873   -182          -3     15   23  31  135   25   50  -11   50  -11  20  0  0 L3P E9
G01 FF 61153 092200  780 387 2127    -2914503     75         -17    -10   26  24  118  -18   62   21   62   21  24  0  0 L3P FB
G02 FF 61153 092200  780 722 2044     -845057    -85          10     -8   18  97   77   -4   47   14   47   14  16  0  0 L3P CE
G03 FF 61153 092200  780 219 2385    -4925496    142         -15     -5   36  22  196  -24   60    1   60    1  33  0  0 L3P E3
G04 FF 61153 092200  780 214 3084     -544173    -38          22    -24   55  55  201  -50   74   17   74   17  40  0  0 L3P EF
G08 FF 61153 092200  780 354 3176    -4564969     60          34     -9   26  61  127   17   70   26   70   26  19  0  0 L3P F7
G27 FF 61153 092200  780 222 3519     1195554    226          26     53   23  88  194   52   91   -9   91   -9  16  0  0 L3P F8
G28 FF 61153 092200  780 443  900     5482167   -112          -2    -16   26 140  105   -1   66   19   66   19  22  0  0 L3P F2
G31 FF 61153 092200  780 448  487     1536386    -75          27    -52   20 107  104  -10   69   48   69   48  17  0  0 L3P 16
G32 FF 61153 092200  780 265 1447     -169095   -158         -35     40   26  31  164   38   93   -5   93   -5  19  0  0 L3P 07
G01 FF 61153 093800  780 456 2120    -2914413    111          -8     26   19  24  103  -13   65  -11   65  -11  18  0  0 L3P 01
G02 FF 61153 093800  780 806 2119     -845130    -79          12     -1   13  97   75   -2   56   12   56   12  11  0  0 L3P BF
G03 FF 61153 093800  780 247 2316    -4925367    144         -27     -3   23  22  175  -20   79   12   79   12  18  0  0 L3P 15
G04 FF 61153 093800  780 267 3026     -544196    -41          14    -26   28  55  163  -30   87   34   87   34  25  0  0 L3P 0A
G08 FF 61153 093800  780 302 3244    -4564905     90          32     20   25  61  146   24   96   11   96   11  19  0  0 L3P E8
G28 FF 61153 093800  780 442 1010     5482063    -76         -13     20   24 140  105    2   85   -9   85   -9  20  0  0 L3P DF
G31 FF 61153 093800  780 496  581     1536362    -24          26      0   21 107   97   -6   75   11   75   11  17  0  0 L3P C1
G32 FF 61153 093800  780 203 1424     -169270   -175         -19     23   34  31  211   61  108   34  108   34  27  0  0 L3P 15
G01 FF 61153 095400  780 528 2127    -2914319     93           4      7   17  24   92   -9   65    8   65    8  15  0  0 L3P 9B
G02 FF 61153 095400  780 869 2813     -845217    -64          -1     14   17  97   74    0   79   -2   79   -2  14  0  0 L3P C2
G03 FF 61153 095400  780 277 2248    -4925229    156         -29      9   31  22  157  -17   93    1   93    1  28  0  0 L3P EF
G04 FF 61153 095400  780 316 2959     -544227     29          -4     44   22  55  140  -20  108  -23  108  -23  18  0  0 L3P 14
G08 FF 61153 095400  780 249 3304    -4564830     63          39     -6   51  61  174   35  120   35  120   35  45  0  0 L3P 07
G28 FF 61153 095400  780 424 1113     5481965   -123         -19    -27   24 140  109    5   97   29   97   29  20  0  0 L3P 25
G31 FF 61153 095400  780 533  695     1536341    -10          28     14   18 107   92   -4   80   -7   80   -7  15  0  0 L3P C5
G01 FF 61153 101000  780 602 2154    -2914248     88          -7      3   16  25   85   -7   78    6   78    6  12  0  0 L3P 96
G02 FF 61153 101000  780 805 3503     -845268    -68          24      9   37  99   75    2   71    6   71    6  36  0  0 L3P 94
G03 FF 61153 101000  780 310 2180    -4925075    152         -15      4   31  43  142  -14   88    6   88    6  25  0  0 L3P C8
G04 FF 61153 101000  780 361 2881     -544247    -38          -9    -23   26  56  125  -13  113   12  113   12  22  0  0 L3P FB
G08 FF 61153 101000  780 199 3360    -4564780     94          25     24   44  62  214   52  176   33  176   33  38  0  0 L3P 14
G28 FF 61153 101000  780 392 1203     5481883    -97         -10     -1   22 141  116   10  106   30  106   30  21  0  0 L3P F9
G31 FF 61153 101000  780 554  829     1536321    -39          31    -16   21 108   89   -1   87   24   87   24  19  0  0 L3P DD
G01 FF 61153 102600  780 675 2220    -2914166     67          -7    -18   13  25   80   -4   86   23   86   23  11  0  0 L3P D0
G02 FF 61153 102600  780 718 3586     -845351    -85          15     -7   14  99   77    4   97   14   97   14  13  0  0 L3P D4
G03 FF 61153 102600  780 346 2111    -4924949    160         -31     12   20  43  129  -12  108    1  108    1  17  0  0 L3P F1
G04 FF 61153 102600  780 401 2793     -544267    -36         -14    -21   22  56  114   -9  119   16  119   16  18  0  0 L3P 11
G28 FF 61153 102600  780 349 1276     5481793   -122          -7    -25   26 141  128   16  125   43  125   43  21  0  0 L3P 34
G31 FF 61153 102600  780 555  969     1536299    -15          32      8   22 108   89    1   95    5   95    5  20  0  0 L3P 9F
G01 FF 61153 104200  780 741 2367    -2914080     66          -3    -19   14  25   76   -2   97   34   97   34  12  0  0 L3P D8
G02 FF 61153 104200  780 631   11     -845418    -79          23     -2   18  99   82    7  108   21  108   21  15  0  0 L3P AC
G03 FF 61153 104200  780 384 2041    -4924799    130         -23    -18   22  43  118  -11  112   25  112   25  21  0  0 L3P 23
G04 FF 61153 104200  780 433 2695     -544271     29          -4     44   22  56  107   -6  122  -28  122  -28  19  0  0 L3P 00
G28 FF 61153 104200  780 298 1332     5481699    -42          -8     54   22 141  148   25  152  -16  152  -16  19  0  0 L3P 39
G31 FF 61153 104200  780 536 1099     1536268    -13          24     11   21 108   91    3  116    6  116    6  18  0  0 L3P C3
G01 FF 61153 105800  780 780 2680    -2913991     94           4      9   14  25   75    0  108   20  108   20  13  0  0 L3P BA
G02 FF 61153 105800  780 546   23     -845497    -47          18     31   19  99   90   10  136   -3  136   -3  15  0  0 L3P CC
G03 FF 61153 105800  780 425 1969    -4924652    180         -18     33   17  43  109   -9  121  -11  121  -11  16  0  0 L3P 34
G04 FF 61153 105800  780 459 2588     -544280     -4           1     11   18  56  102   -4  129    4  129    4  15  0  0 L3P B2
G09 FF 61153 105800  780 186 2803    -7572594    129          18     94   92  48  229  -43  213 -100  213 -100  89  0  0 L3P 7B
G28 FF 61153 105800  780 242 1373     5481614    -66           0     31   32 141  179   41  177   14  177   14  24  0  0 L3P 08
G31 FF 61153 105800  780 499 1206     1536237    -36         -16    -12   20  17   96    6  133   26  133   26  19  0  0 L3P FE
G01 FF 61153 111400  780 764 3063    -2913909     87           4      2   15  25   76    1  128   19  128   19  13  0  0 L3P C2
G02 FF 61153 111400  780 464   33     -845573    -97          16    -19   20  99  102   14  171   49  171   49  15  0  0 L3P F4
G03 FF 61153 111400  780 469 1892    -4924507    135         -15    -12   23  43  101   -8  135   22  135   22  20  0  0 L3P 19
G04 FF 61153 111400  780 477 2476     -544298    -29          -3    -14   16  56   99   -2  141   24  141   24  13  0  0 L3P F7
G09 FF 61153 111400  780 219 2733    -7572679   -171        -100   -206   33  48  196  -28  326  198  326  198  30  0  0 L3P B3
G26 FF 61153 111400  780 199  818     3571003     75         -28     29   28   2  214  -20  307  -19  307  -19  25  0  0 L3P 10
G31 FF 61153 111400  780 451 1287     1536214     12         -17     36   21  17  104   10  155   -3  155   -3  19  0  0 L3P E0
G01 FF 61153 113000  780 705 3285    -2913813     59          18    -26   21  25   78    3  138   46  138   46  16  0  0 L3P F8
G02 FF 61153 113000  780 385   42     -845642    -64          21     13   14  99  118   21  211   46  211   46  12  0  0 L3P C9
G03 FF 61153 113000  780 516 1808    -4924358    132          -7    -15   16  43   94   -6  140   25  140   25  13  0  0 L3P FD
G04 FF 61153 113000  780 487 2359     -544319    -32          -6    -17   20  57   98   -1  150   29  150   29  18  0  0 L3P F9
G09 FF 61153 113000  780 250 2659    -7572577    240         -32    205   30  48  173  -20  257 -199  257 -199  28  0  0 L3P 9F
G26 FF 61153 113000  780 215  892     3571080     51           5      5   30   2  199  -12  286   17  286   17  28  0  0 L3P C3
G31 FF 61153 113000  780 395 1344     1536195    -44         -12    -20   32  17  116   15  180   62  180   62  29  0  0 L3P 11
G01 FF 61153 114600  780 631 3393    -2913731    100          18     15   33  25   82    6  158   17  158   17  32  0  0 L3P EF
G02 FF 61153 114600  780 310   52     -845703    -62          35     15   25  99  143   31  262   58  262   58  19  0  0 L3P E2
G03 FF 61153 114600  780 563 1711    -4924223    180         -14     32   18  43   88   -5  158  -23  158  -23  16  0  0 L3P 28
G04 FF 61153 114600  780 492 2243     -544332    -25          -4    -10   20  57   97    0  162   29  162   29  17  0  0 L3P DE
G09 FF 61153 114600  780 278 2582    -7572504     33           7     -3   25  48  157  -14  218    4  218    4  22  0  0 L3P E4
G16 FF 61153 114600  780 198  647    -2502749    -74           1     -4   42  94  215  -34  353    5  353    5  35  0  0 L3P E2
G26 FF 61153 114600  780 225  967     3571119     71           0     25   27   2  191   -4  305    7  305    7  23  0  0 L3P 98
G31 FF 61153 114600  780 335 1381     1536168    -59         -16    -35   23  17  133   22  223   78  223   78  20  0  0 L3P 21
G01 FF 61153 120200  780 554 3454    -2913655    149           7     63   27  26   89    9  193  -17  193  -17  25  0  0 L3P 15
G02 FF 61153 120200  780 239   66     -845779    -90          30    -13   36 100  181   50  336   90  336   90  30  0  0 L3P F7
G03 FF 61153 120200  780 609 1594    -4924083    166         -10     19   14  51   84   -4  165    0  165    0  14  0  0 L3P E0
G04 FF 61153 120200  780 491 2127     -544348     -4          -9     10   18  58   97    0  173   11  173   11  17  0  0 L3P BD
G09 FF 61153 120200  780 303 2503    -7572477     56           2     20   20  49  145  -11  227  -24  227  -24  19  0  0 L3P 10
G16 FF 61153 120200  780 229  718    -2502836    -84         -23    -13   31  95  188  -23  368   10  368   10  26  0  0 L3P 2E
G26 FF 61153 120200  780 226 1043     3571157     44          -4     -1   32  68  190    3  336   30  336   30  26  0  0 L3P CA
G31 FF 61153 120200  780 274 1404     1536144    -21         -18      3   25  57  160   34  275   58  275   58  19  0  0 L3P 02
G01 FF 61153 121800  780 476 3495    -2913566     83          15     -2   32  26  100   13  222   36  222   36  29  0  0 L3P FC
G03 FF 61153 121800  780 649 1444    -4923934    153          -3      5   11  51   81   -2  171    3  171    3   9  0  0 L3P AE
G04 FF 61153 121800  780 487 2015     -544354      2          -1     16   19  58   98    1  184   -4  184   -4  16  0  0 L3P B5
G07 FF 61153 121800  780 253 3203     1765349     64         -18     20   16   8  172  -41  298  -46  298  -46  13  0  0 L3P 2E
G09 FF 61153 121800  780 327 2422    -7572442     40           4      4   16  49  136   -9  227   -8  227   -8  14  0  0 L3P DD
G16 FF 61153 121800  780 255  793    -2502881   -185           0   -115   30  95  170  -15  349  110  349  110  27  0  0 L3P 52
G26 FF 61153 121800  780 218 1116     3571192     85         -13     40   29  68  197   11  369    1  369    1  24  0  0 L3P EF
G31 FF 61153 121800  780 212 1414     1536141    -81           2    -57   43  57  202   57  331  146  331  146  32  0  0 L3P 12
G01 FF 61153 123400  780 400 3526    -2913491    103           7     18   14  26  114   18  268   32  268   32  11  0  0 L3P F6
G03 FF 61153 123400  780 677 1253    -4923793    144          -3     -4   10  51   79   -1  184   16  184   16   9  0  0 L3P EF
G04 FF 61153 123400  780 480 1907     -544370    -17          -3     -2   17  58   99    1  198   14  198   14  14  0  0 L3P DF
G07 FF 61153 123400  780 315 3159     1765398     56         -12     12   18   8  140  -26  271  -31  271  -31  16  0  0 L3P 1A
G09 FF 61153 123400  780 350 2339    -7572410     26           1    -10   26  49  128   -7  231   20  231   20  22  0  0 L3P E3
G16 FF 61153 123400  780 275  872    -2502965    -19         -17     51   33  95  159   -9  369  -35  369  -35  26  0  0 L3P 4C
G26 FF 61153 123400  780 201 1185     3571250     77           1     31   24  68  213   22  394   18  394   18  20  0  0 L3P E1
G01 FF 61153 125000  780 328 3553    -2913414     74           3    -11   19  26  136   27  325   73  325   73  16  0  0 L3P FD
G03 FF 61153 125000  780 683 1030    -4923653    139          -5     -8   14  51   79    0  197   19  197   19  12  0  0 L3P F6
G04 FF 61153 125000  780 471 1801     -544398     -8         -17      7   24  58  100    2  221    5  221    5  20  0  0 L3P 9E
G06 FF 61153 125000  780 211 2313     6089176      2           1     26   34  69  203  -35  289  -12  289  -12  31  0  0 L3P F6
G07 FF 61153 125000  780 377 3103     1765436     49         -17      5   17   8  120  -17  263  -13  263  -13  13  0  0 L3P 03
G09 FF 61153 125000  780 372 2255    -7572382     60          -4     25   23  49  121   -6  244  -16  244  -16  20  0  0 L3P 10
G16 FF 61153 125000  780 287  954    -2503007   -133           9    -62   35  95  153   -3  350   57  350   57  31  0  0 L3P 0E
G01 FF 61153 130600  780 259 3579    -2913332     49           3    -36   31  26  168   41  407  120  407  120  25  0  0 L3P 21
G03 FF 61153 130600  780 664  814    -4923515    155          -9      7   13  51   80    2  217   10  217   10  11  0  0 L3P B9
G04 FF 61153 130600  780 462 1699     -544409    -32         -14    -18   22  58  102    2  231   27  231   27  19  0  0 L3P 03
G06 FF 61153 130600  780 243 2380     6089166    -31          13     -7   34  69  178  -20  290   20  290   20  32  0  0 L3P 08
G07 FF 61153 130600  780 436 3032     1765494     71          -1     27   43   8  107  -12  248  -20  248  -20  28  0  0 L3P 05
G09 FF 61153 130600  780 394 2170    -7572340     36           4      1   22  49  115   -6  244    1  244    1  22  0  0 L3P AA
G16 FF 61153 130600  780 289 1037    -2503087   -108          -4    -38   25  95  152    2  375   35  375   35  21  0  0 L3P 25
G01 FF 61153 132200  780 194    6    -2913210     87          43      2   31  26  220   69  484  127  484  127  24  0  0 L3P DE
G03 FF 61153 132200  780 622  641    -4923373    143          -9     -5   17  51   83    4  236   25  236   25  15  0  0 L3P D4
G04 FF 61153 132200  780 452 1598     -544415     42          -5     56   23  58  104    2  239  -25  239  -25  22  0  0 L3P F7
G06 FF 61153 132200  780 266 2457     6089141     -9          12     14   19  69  164  -10  303    4  303    4  17  0  0 L3P D8
G07 FF 61153 132200  780 490 2944     1765541     43           3     -2   23   8   97   -8  242    3  242    3  18  0  0 L3P 97
G09 FF 61153 132200  780 417 2083    -7572298     64          12     28   21  49  110   -5  245  -21  245  -21  17  0  0 L3P 19
G16 FF 61153 132200  780 280 1117    -2503154    -96          -2    -25   46  95  156    7  382   43  382   43  42  0  0 L3P 0D
G03 FF 61153 133800  780 565  515    -4923227    150          -4      2   14  51   88    7  259   28  259   28  12  0  0 L3P DA
G04 FF 61153 133800  780 441 1499     -544427      2          -3     17   22  58  105    2  256  -17  256  -17  21  0  0 L3P E5
G06 FF 61153 133800  780 277 2539     6089118    -50          12    -26   22  69  158   -3  318   34  318   34  18  0  0 L3P 24
G07 FF 61153 133800  780 537 2833     1765576     59          -4     15   10   8   91   -5  243   -8  243   -8   7  0  0 L3P C8
G09 FF 61153 133800  780 440 1993    -7572271     69           5     33   16  49  106   -5  254  -32  254  -32  14  0  0 L3P 19
G16 FF 61153 133800  780 261 1191    -2503218    -61           1      9   24  95  167   15  400   13  400   13  20  0  0 L3P D6
G30 FF 61153 133800  780 207 3011    -1977135   -172          17    -37   31  10  207  -49  386   -7  386   -7  26  0  0 L3P 3F
G03 FF 61153 135400  780 500  425    -4923088    148          -7      1   17  51   96   10  294   42  294   42  14  0  0 L3P DF
G04 FF 61153 135400  780 429 1401     -544450     53         -12     67   19  58  108    3  286  -31  286  -31  18  0  0 L3P 0D
G06 FF 61153 135400  780 276 2625     6089090    -33           6     -9   25  69  158    3  343   37  343   37  21  0  0 L3P F3
G07 FF 61153 135400  780 574 2699     1765631     62           9     17   17   8   87   -3  234  -14  234  -14  15  0  0 L3P F0
G09 FF 61153 135400  780 464 1900    -7572238     60           5     24   19  49  101   -4  254   -7  254   -7  18  0  0 L3P F0
G16 FF 61153 135400  780 232 1257    -2503283   -124           4    -53   27  95  186   26  430   90  430   90  22  0  0 L3P 1E
G30 FF 61153 135400  780 255 2951    -1977275   -124           6     10   28  10  170  -30  369  -23  369  -23  23  0  0 L3P 3C
G03 FF 61153 141000  780 431  360    -4922939    143           2     -4   23  59  108   15  324   56  324   56  21  0  0 L3P E6
G04 FF 61153 141000  780 416 1304     -544454    -42          -1    -27   23  59  110    3  291   39  291   39  16  0  0 L3P EB
G06 FF 61153 141000  780 265 2711     6089047    -12         -13     11   32  95  164   10  389   21  389   21  27  0  0 L3P 10
G07 FF 61153 141000  780 596 2543     1765659     43          -8     -1   18   9   85   -1  241   14  241   14  14  0  0 L3P CB
G09 FF 61153 141000  780 488 1803    -7572203     -9          12    -44   14  50   98   -4  264   42  264   42  10  0  0 L3P F6
G16 FF 61153 141000  780 195 1313    -2503353    -92           1    -22   30 108  219   44  470   83  470   83  25  0  0 L3P 14
G30 FF 61153 141000  780 300 2883    -1977410   -155          -2    -21   14  11  147  -20  345    2  345    2  11  0  0 L3P F3
G03 FF 61153 142600  780 359  313    -4922802    159          -3     11   18  59  125   22  380   46  380   46  15  0  0 L3P 05
G04 FF 61153 142600  780 401 1208     -544489    -22         -22     -7   28  59  114    4  326   29  326   29  21  0  0 L3P F8
G06 FF 61153 142600  780 245 2793     6089057    -24          19     -1   38  95  177   17  397   44  397   44  35  0  0 L3P 30
G07 FF 61153 142600  780 603 2376     1765708     39          -1     -6   14   9   85    0  244    3  244    3  13  0  0 L3P 98
G09 FF 61153 142600  780 512 1698    -7572168     30          13     -6   20  50   94   -3  266   -1  266   -1  15  0  0 L3P E4
G30 FF 61153 142600  780 341 2806    -1977543   -179          -7    -45   20  11  131  -14  337   26  337   26  17  0  0 L3P 3F
G03 FF 61153 144200  780 287  279    -4922663     89          -6    -58   26  59  153   36  452  127  452  127  22  0  0 L3P 43
G04 FF 61153 144200  780 383 1114     -544493    -28         -12    -13   15  59  118    5  345   34  345   34  11  0  0 L3P 02
G06 FF 61153 144200  780 218 2870     6089038    -49          24    -25   21  95  197   26  447   72  447   72  19  0  0 L3P 38
G07 FF 61153 144200  780 595 2212     1765756     63           4     19   16   9   85    1  244  -16  244  -16  15  0  0 L3P D9
G09 FF 61153 144200  780 533 1584    -7572136     54          11     19   13  50   92   -2  268  -14  268  -14  10  0  0 L3P 0B
G30 FF 61153 144200  780 378 2721    -1977656   -142           9     -8   15  11  120   -9  312  -10  312  -10  14  0  0 L3P 13
G03 FF 61153 145800  780 217  255    -4922523    170          -8     22   24  59  199   63  569  140  569  140  20  0  0 L3P 39
G04 FF 61153 145800  780 361 1023     -544506    -53         -11    -38   18  59  124    7  370   66  370   66  16  0  0 L3P 10
G06 FF 61153 145800  780 186 2943     6089003    -23          12      0   31  95  229   40  520   81  520   81  23  0  0 L3P F1
G07 FF 61153 145800  780 575 2062     1765789     33          -6    -11   12   9   87    2  255   15  255   15  12  0  0 L3P DC
G09 FF 61153 145800  780 551 1461    -7572103     39          11      4   15  50   90   -2  269    4  269    4  12  0  0 L3P BB
G14 FF 61153 145800  780 259 3392    -7442299      8           2     21   26  40  168  -44  531 -118  531 -118  24  0  0 L3P 3E
G30 FF 61153 145800  780 409 2629    -1977806    -87         -11     47   16  11  112   -7  321  -40  321  -40  14  0  0 L3P 33
G04 FF 61153 151400  780 336  935     -544528    -45         -19    -30   25  59  133   10  406   66  406   66  21  0  0 L3P 0F
G07 FF 61153 151400  780 547 1929     1765823     35         -14     -9   21   9   90    4  271   20  271   20  19  0  0 L3P D3
G09 FF 61153 151400  780 562 1328    -7572085     36          -5      1   12  50   88   -1  285   12  285   12  10  0  0 L3P D6
G14 FF 61153 151400  780 331 3380    -7442298    -40          16    -27   35  40  134  -27  443  -42  443  -42  30  0  0 L3P 3E
G30 FF 61153 151400  780 435 2530    -1977926   -128          -3      6   17  11  107   -5  306  -10  306  -10  15  0  0 L3P 11
G04 FF 61153 153000  780 306  853     -544510    -24          13     -9   37  59  144   14  419   62  419   62  33  0  0 L3P EC
G07 FF 61153 153000  780 515 1812     1765875     61          -5     16   18   9   94    5  283    2  283    2  16  0  0 L3P A8
G09 FF 61153 153000  780 564 1187    -7572043     34           3     -1   19  50   88    0  292   25  292   25  15  0  0 L3P D1
G14 FF 61153 153000  780 405 3359    -7442328    -33          -3    -20   26  40  113  -18  412  -11  412  -11  26  0  0 L3P 24
G21 FF 61153 153000  780 231 2235    -4148727    -12          29     -7   43  41  187  -44  403  -13  403  -13  37  0  0 L3P 27
G22 FF 61153 153000  780 239 3357      139402    -65          13     -2   34  35  181  -49  604  -92  604  -92  35  0  0 L3P 1B
G30 FF 61153 153000  780 455 2425    -1978055   -104          -4     30   18  11  103   -3  310  -21  310  -21  15  0  0 L3P 0B
G04 FF 61153 154600  780 272  775     -544540     20          -2     35   33  59  160   20  487   22  487   22  26  0  0 L3P E2
G07 FF 61153 154600  780 480 1708     1765912     61         -10     17   17   9   99    6  311   12  311   12  16  0  0 L3P D0
G08 FF 61153 154600  780 179 1027    -4563347    139           1     68   32  57  236   -3  574  -70  574  -70  26  0  0 L3P 39
G09 FF 61153 154600  780 556 1046    -7572004     68           8     32   14  50   89    2  308  -16  308  -16  13  0  0 L3P F5
G14 FF 61153 154600  780 482 3328    -7442339      9          -2     22   22  40   99  -12  374  -62  374  -62  20  0  0 L3P 0F
G21 FF 61153 154600  780 284 2280    -4148742    -16          18    -11   24  41  154  -26  395   -2  395   -2  23  0  0 L3P 24
G22 FF 61153 154600  780 307 3338      139327    -83          -1    -20   28  35  144  -30  523  -60  523  -60  25  0  0 L3P 1A
G30 FF 61153 154600  780 471 2317    -1978193   -119         -12     15   21  11  100   -2  319  -14  319  -14  18  0  0 L3P 3A
G04 FF 61153 160200  780 234  704     -544569    -15         -16      0   38  60  184   31  564   97  564   97  30  0  0 L3P FA
G07 FF 61153 160200  780 446 1613     1765965     41          -2     -4   27  11  105    7  328   31  328   31  24  0  0 L3P D6
G08 FF 61153 160200  780 178 1099    -4563277    119           4     48   30  58  238    8  578  -34  578  -34  25  0  0 L3P 3B
G09 FF 61153 160200  780 535  912    -7571975     45           5     10   21  87   91    3  327   12  327   12  20  0  0 L3P C0
G14 FF 61153 160200  780 558 3281    -7442337    -56          11    -44   14  41   89   -8  334   22  334   22  12  0  0 L3P 08
G21 FF 61153 160200  780 331 2339    -4148753    -11          12     -6   19  42  134  -16  391   17  391   17  17  0  0 L3P 15
G22 FF 61153 160200  780 376 3310      139258    -93         -13    -30   37  36  120  -20  458  -41  458  -41  35  0  0 L3P 2E
G30 FF 61153 160200  780 481 2207    -1978314    -93          -4     42   16  65   99   -1  317  -22  317  -22  15  0  0 L3P 13
G04 FF 61153 161800  780 192  639     -544563    -88           4    -73   43  60  222   50  640  171  640  171  36  0  0 L3P 1A
G07 FF 61153 161800  780 413 1524     1766005     36          -5     -8   18  11  111    8  355   34  355   34  15  0  0 L3P D9
G09 FF 61153 161800  780 503  791    -7571953     35          -6      0   27  87   95    5  361   24  361   24  23  0  0 L3P D0
G14 FF 61153 161800  780 634 3208    -7442349    -54          11    -41   18  41   82   -6  316   19  316   19  14  0  0 L3P 10
G21 FF 61153 161800  780 370 2414    -4148751     11          18     16   15  42  122  -10  388   -7  388   -7  12  0  0 L3P 06
G22 FF 61153 161800  780 447 3270      139204    -33          -8     29   18  36  105  -13  402  -63  402  -63  15  0  0 L3P 0D
G30 FF 61153 161800  780 488 2096    -1978427   -135          11     -1   17  65   98   -1  310    7  310    7  15  0  0 L3P F0
G05 FF 61153 163400  780 188 2297     2321167     20          11     15   23  84  226  -44  507  -11  507  -11  22  0  0 L3P 13
G07 FF 61153 163400  780 381 1440     1766045     62          -7     17   12  11  119    9  381   18  381   18  10  0  0 L3P E0
G09 FF 61153 163400  780 462  687    -7571910     38           4      3   17  87  102    8  385   50  385   50  14  0  0 L3P D7
G14 FF 61153 163400  780 704 3086    -7442367     -3           5     10   17  41   78   -3  307  -10  307  -10  15  0  0 L3P E6
G21 FF 61153 163400  780 397 2503    -4148754     12          20     16   20  42  115   -5  387   -7  387   -7  17  0  0 L3P FE
G22 FF 61153 163400  780 516 3214      139145    -62          -6      1   14  36   94   -9  366  -26  366  -26  12  0  0 L3P E5
G30 FF 61153 163400  780 492 1985    -1978577   -177         -10    -43   18  65   97    0  326   30  326   30  14  0  0 L3P 34
G05 FF 61153 165000  780 221 2360     2321156    -14          -4    -19   21  84  194  -25  516   11  516   11  18  0  0 L3P 06
G07 FF 61153 165000  780 350 1359     1766092     40          -3     -4   17  11  128   10  405   37  405   37  14  0  0 L3P E3
G09 FF 61153 165000  780 413  599    -7571871     64           8     29   30  87  111   12  429   26  429   26  26  0  0 L3P 01
G14 FF 61153 165000  780 761 2860    -7442378     -2           6     11   16  41   76   -1  300  -16  300  -16  12  0  0 L3P DF
G17 FF 61153 165000  780 236  141     1196182    122          11     34   29  30  183  -43  738 -158  738 -158  23  0  0 L3P 4D
G21 FF 61153 165000  780 411 2603    -4148760      7          18     11   26  42  112   -1  398   10  398   10  23  0  0 L3P DD
G22 FF 61153 165000  780 583 3134      139086    -73          -6    -10   14  36   86   -6  347   -9  347   -9  12  0  0 L3P E9
G30 FF 61153 165000  780 493 1875    -1978706   -177         -10    -43   18  65   97    0  325   39  325   39  17  0  0 L3P 3E
G05 FF 61153 170600  780 245 2432     2321168     31           4     27   29  84  177  -13  520   -2  520   -2  23  0  0 L3P DA
G07 FF 61153 170600  780 321 1280     1766121     39         -16     -5   22  11  138   11  450   44  450   44  17  0  0 L3P EF
G09 FF 61153 170600  780 358  526    -7571840     52           6     16   28  87  125   18  490   37  490   37  22  0  0 L3P 02
G14 FF 61153 170600  780 782 2484    -7442393     -6           4      6   11  41   75    0  299   -8  299   -8  10  0  0 L3P C7
G17 FF 61153 170600  780 295  182     1196260     38           6    -50   32  30  149  -29  629  -82  629  -82  31  0  0 L3P 20
G21 FF 61153 170600  780 410 2707    -4148775     13           7     18   30  42  112    2  429    7  429    7  27  0  0 L3P C0
G22 FF 61153 170600  780 645 3017      139031    -41          -1     21   15  36   82   -4  326  -27  326  -27  14  0  0 L3P E2
G30 FF 61153 170600  780 492 1766    -1978836   -124         -11     10   17  65   97    0  328   -5  328   -5  14  0  0 L3P 16
G05 FF 61153 172200  780 258 2510     2321172     39           3     34   23  84  168   -5  531  -16  531  -16  20  0  0 L3P EF
G07 FF 61153 172200  780 292 1203     1766172      0          -7    -45   24  11  150   14  470   59  470   59  18  0  0 L3P ED
G09 FF 61153 172200  780 300  467    -7571820      5          -8    -30   34  87  147   27  582  134  582  134  28  0  0 L3P 22
G13 FF 61153 172200  780 224 2161    -6782831     35         -21     19   35  81  192  -49  484  -74  484  -74  29  0  0 L3P 57
G14 FF 61153 172200  780 754 2132    -7442413      1          -5     13   16  41   76    2  304  -16  304  -16  14  0  0 L3P CD
G17 FF 61153 172200  780 358  226     1196334    103          -4     16   27  30  126  -20  548  -82  548  -82  25  0  0 L3P 21
G21 FF 61153 172200  780 394 2809    -4148775    -24          12    -20   21  42  116    6  455   53  455   53  16  0  0 L3P 13
G22 FF 61153 172200  780 694 2844      138965    -69          -6     -6   15  36   79   -2  321   -6  321   -6  12  0  0 L3P DB
G30 FF 61153 172200  780 490 1657    -1978977   -128         -23      7   18  65   97    1  341   -2  341   -2  16  0  0 L3P 08
G05 FF 61153 173800  780 260 2592     2321177    -34           4    -38   23  84  167    2  559   66  559   66  21  0  0 L3P 0C
G07 FF 61153 173800  780 264 1127     1766226     67           4     22   43  11  164   17  477    1  477    1  40  0  0 L3P CB
G09 FF 61153 173800  780 240  419    -7571778     67           0     32   26  87  180   45  710  145  710  145  23  0  0 L3P 1C
G13 FF 61153 173800  780 285 2144    -6782832     21         -37      5   27  81  153  -32  445  -53  445  -53  23  0  0 L3P 38
G14 FF 61153 173800  780 700 1926    -7442425     -7          -5      5   13  41   78    3  302    3  302    3  11  0  0 L3P 93
G17 FF 61153 173800  780 422  278     1196425     84           2     -3   16  30  109  -14  476  -55  476  -55  13  0  0 L3P 09
G19 FF 61153 173800  780 231   19    -6979196    -38          45    -26   28  94  187  -52  875 -183  875 -183  21  0  0 L3P 88
G20 FF 61153 173800  780 238 2175    -1223730   -165          18     20   39 114  182  -47  479  -78  479  -78  34  0  0 L3P 81
G21 FF 61153 173800  780 367 2903    -4148786     -9           5     -4   19  42  123    9  506   65  506   65  15  0  0 L3P F5
G22 FF 61153 173800  780 720 2604      138898    -79         -13    -17   10  36   77   -1  316    5  316    5   9  0  0 L3P D2
G30 FF 61153 173800  780 485 1548    -1979086   -179          -4    -44   21  65   98    1  321   50  321   50  20  0  0 L3P 1B
G05 FF 61153 175400  780 253 2675     2321218     16          41     12   32  84  171    8  571   60  571   60  29  0  0 L3P EA
G07 FF 61153 175400  780 236 1054     1766267     61           2     17   32  11  182   21  497    9  497    9  27  0  0 L3P DA
G13 FF 61153 175400  780 350 2134    -6782810      8         -30     -8   22  81  128  -22  401  -32  401  -32  18  0  0 L3P 12
G14 FF 61153 175400  780 638 1802    -7442436     -3          -4     10   15  41   82    5  305    2  305    2  12  0  0 L3P A1
G17 FF 61153 175400  780 486  342     1196513     92           6      5   13  30   98  -10  423  -47  423  -47  12  0  0 L3P E0
G19 FF 61153 175400  780 299   48    -6979233     36          19     47   36  94  147  -32  708 -205  708 -205  29  0  0 L3P 63
G20 FF 61153 175400  780 303 2180    -1223923   -184           2      1   28 114  146  -30  440  -43  440  -43  24  0  0 L3P 1E
G21 FF 61153 175400  780 331 2988    -4148781      0          14      5   25  42  134   14  582  102  582  102  19  0  0 L3P 07
G22 FF 61153 175400  780 716 2338      138850    -61          -1      1   16  36   78    1  302   -5  302   -5  13  0  0 L3P A2
G30 FF 61153 175400  780 478 1440    -1979211   -165           1    -31   21  65   99    1  323   35  323   35  18  0  0 L3P 01
G05 FF 61153 181000  780 236 2756     2321232   -172          50   -177   42  87  183   16  650  297  650  297  37  0  0 L3P 72
G07 FF 61153 181000  780 208  982     1766331     90          22     46   32  12  206   28  507   -1  507   -1  28  0  0 L3P D9
G13 FF 61153 181000  780 418 2135    -6782783     -5         -18    -22   22  82  110  -15  361  -10  361  -10  19  0  0 L3P 33
G14 FF 61153 181000  780 575 1714    -7442448    -31          -6    -19   24  42   87    6  317   29  317   29  19  0  0 L3P 0E
G17 FF 61153 181000  780 548  426     1196594     81           9     -6   12  51   90   -7  387  -38  387  -38  11  0  0 L3P F4
G19 FF 61153 181000  780 371   78    -6979249      9          12     20   24  95  122  -21  590 -134  590 -134  18  0  0 L3P 30
G20 FF 61153 181000  780 369 2197    -1224084   -225          14    -40   23 115  122  -20  398   18  398   18  21  0  0 L3P 4D
G21 FF 61153 181000  780 290 3064    -4148780    -37          20    -32   43  43  151   21  705  175  705  175  29  0  0 L3P 43
G22 FF 61153 181000  780 685 2115      138792    -81          -4    -18   17  37   79    2  303   14  303   14  15  0  0 L3P D6
G30 FF 61153 181000  780 469 1333    -1979357   -120         -14     15   22  73  101    2  341  -22  341  -22  18  0  0 L3P 26
G05 FF 61153 182600  780 212 2833     2321180     19          -6     14   27  87  202   25  838  151  838  151  21  0  0 L3P 19
G07 FF 61153 182600  780 178  913     1766362     52          10      8   30  12  237   38  554   26  554   26  25  0  0 L3P E5
G13 FF 61153 182600  780 488 2149    -6782763     25         -15      8   18  82   98  -11  341  -20  341  -20  16  0  0 L3P 28
G14 FF 61153 182600  780 514 1644    -7442454      7           0     20   19  42   94    8  319   -7  319   -7  16  0  0 L3P C2
G15 FF 61153 182600  780 197 2221    -4056481     -7          30     26   39  94  217  -59  477  -62  477  -62  36  0  0 L3P 4D
G17 FF 61153 182600  780 601  543     1196674    103           6     15   18  51   85   -4  356  -43  356  -43  16  0  0 L3P F7
G19 FF 61153 182600  780 446  112    -6979257    -27          15    -16   28  95  105  -15  489  -71  489  -71  26  0  0 L3P 65
G20 FF 61153 182600  780 435 2231    -1224264   -215          11    -31   15 115  107  -13  383    6  383    6  12  0  0 L3P 13
G21 FF 61153 182600  780 247 3133    -4148794    -50          10    -45   27  43  175   30  873  189  873  189  20  0  0 L3P 61
G22 FF 61153 182600  780 639 1954      138738    -51           2     12   14  37   82    4  298  -10  298  -10  12  0  0 L3P E3
G30 FF 61153 182600  780 455 1228    -1979487   -135         -15     -1   17  73  103    3  349    3  349    3  16  0  0 L3P 07
G05 FF 61153 184200  780 182 2906     2321188    -17          -2    -22   42  87  233   39  988  124  988  124  34  0  0 L3P 4F
G13 FF 61153 184200  780 558 2185    -6782750     20         -18      2   12  82   89   -8  326  -22  326  -22  10  0  0 L3P 0C
G14 FF 61153 184200  780 456 1581    -7442461     11           5     24   22  42  103   10  315  -27  315  -27  21  0  0 L3P F9
G15 FF 61153 184200  780 251 2253    -4056538    -79           4    -46   29  94  173  -35  466    9  466    9  26  0  0 L3P 20
G17 FF 61153 184200  780 639  701     1196762     71           9    -17   19  51   82   -2  326  -15  326  -15  18  0  0 L3P F6
G19 FF 61153 184200  780 524  154    -6979267     -7          12      5   24  39   93  -10  415  -76  415  -76  20  0  0 L3P 0C
G20 FF 61153 184200  780 498 2287    -1224436   -183          16      1   17 115   96   -9  361  -15  361  -15  15  0  0 L3P 32
G21 FF 61153 184200  780 203 3196    -4148781     32          27     36   26  43  210   44  919  -59  919  -59  20  0  0 L3P 38
G22 FF 61153 184200  780 587 1834      138667    -69          -9     -7   15  37   86    5  307   -2  307   -2  13  0  0 L3P D6
G30 FF 61153 184200  780 438 1126    -1979592   -196           8    -61   14  73  106    4  330   45  330   45  12  0  0 L3P 17
G13 FF 61153 185800  780 627 2255    -6782737     36         -21     19   12  82   83   -5  309  -37  309  -37  12  0  0 L3P 33
G14 FF 61153 185800  780 402 1523    -7442481    -33          -2    -20   20  42  114   13  313    4  313    4  15  0  0 L3P D7
G15 FF 61153 185800  780 301 2298    -4056567    -20           7     13   27  94  146  -22  434  -54  434  -54  24  0  0 L3P 38
G17 FF 61153 185800  780 650  893     1196842     76           5    -12   20  51   81    0  297  -22  297  -22  17  0  0 L3P EE
G19 FF 61153 185800  780 602  215    -6979288    -16           1     -4   21  39   85   -7  358  -58  358  -58  16  0  0 L3P 20
G20 FF 61153 185800  780 553 2374    -1224625   -195           4    -11   15 115   89   -6  350  -10  350  -10  13  0  0 L3P 29
G22 FF 61153 185800  780 534 1739      138603    -41         -12     21   16  37   92    7  300  -35  300  -35  15  0  0 L3P EE
G30 FF 61153 185800  780 416 1027    -1979735   -147          -6    -13   22  73  111    5  338   13  338   13  20  0  0 L3P 1E
G13 FF 61153 191400  780 687 2387    -6782727     19         -28      2   13  82   79   -3  295  -24  295  -24  11  0  0 L3P 2A
G14 FF 61153 191400  780 352 1466    -7442505     -9         -14      3   20  42  127   16  305  -24  305  -24  17  0  0 L3P 0A
G15 FF 61153 191400  780 345 2357    -4056603    -32           2      1   24  94  130  -14  399  -40  399  -40  21  0  0 L3P 15
G17 FF 61153 191400  780 632 1077     1196921     84           0     -4   16  51   82    2  273  -32  273  -32  14  0  0 L3P D6
G19 FF 61153 191400  780 676  316    -6979307     -6          -7      5   15  39   80   -4  311  -60  311  -60  12  0  0 L3P E7
G20 FF 61153 191400  780 596 2499    -1224815   -194          -9    -10   17 115   85   -3  341   -5  341   -5  16  0  0 L3P 28
G22 FF 61153 191400  780 481 1658      138549    -55          -7      7   18  37   99    8  275  -33  275  -33  18  0  0 L3P FD
G30 FF 61153 191400  780 389  934    -1979861   -121          -3     13   21  73  117    8  327  -27  327  -27  17  0  0 L3P 2C
G13 FF 61153 193000  780 725 2613    -6782712     15         -29     -2   13  82   77   -1  281   -9  281   -9  11  0  0 L3P F5
G14 FF 61153 193000  780 305 1409    -7442501    -18           2     -6   25  42  144   20  269  -23  269  -23  21  0  0 L3P 09
G15 FF 61153 193000  780 381 2431    -4056646    -19          -9     14   28  94  119   -9  382  -30  382  -30  25  0  0 L3P 31
G17 FF 61153 193000  780 590 1220     1197001     63          -4    -24   18  51   86    5  243   -4  243   -4  17  0  0 L3P C7
G19 FF 61153 193000  780 738  506    -6979309     -3           2      8   25  39   77   -2  259  -42  259  -42  18  0  0 L3P F6
G20 FF 61153 193000  780 618 2660    -1224980   -213           2    -29   46 115   83   -1  322   13  322   13  30  0  0 L3P 04
G22 FF 61153 193000  780 431 1585      138483    -80         -12    -18   34  37  108   10  256  -17  256  -17  31  0  0 L3P 26
G30 FF 61153 193000  780 358  847    -1980000   -122         -13     12   25  73  126   11  326  -18  326  -18  23  0  0 L3P 2C
G06 FF 61153 194600  780 207  405     6088584    -21           1      3   33 100  207  -45  662 -256  662 -256  27  0  0 L3P 37
G13 FF 61153 194600  780 723 2897    -6782686     37         -20     20   16  82   77    1  265  -22  265  -22  14  0  0 L3P 23
G14 FF 61153 194600  780 262 1352    -7442535     -1         -21     12   22  42  166   25  261  -30  261  -30  18  0  0 L3P 14
G15 FF 61153 194600  780 407 2519    -4056672    -10          -3     23   18  94  113   -5  366  -17  366  -17  17  0  0 L3P 32
G17 FF 61153 194600  780 532 1315     1197078     99         -11     11   17  51   92    8  224  -30  224  -30  16  0  0 L3P FD
G19 FF 61153 194600  780 764  833    -6979334      7         -12     19   15  39   76    0  233  -44  233  -44  12  0  0 L3P 01
G20 FF 61153 194600  780 613 2834    -1225152   -189           7     -5   14 115   84    2  318   15  318   15  11  0  0 L3P F9
G22 FF 61153 194600  780 383 1516      138418    -67         -17     -4   24  37  118   12  236  -23  236  -23  20  0  0 L3P 16
G30 FF 61153 194600  780 321  768    -1980131   -116         -16     18   24  73  138   15  324  -22  324  -22  20  0  0 L3P 31
G06 FF 61153 200200  780 253  467     6088576     15          12     39   38 101  171  -30  455 -202  455 -202  27  0  0 L3P 40
G13 FF 61153 200200  780 681 3123    -6782674     -4         -18    -22   15  83   79    3  267   24  267   24  14  0  0 L3P 01
G14 FF 61153 200200  780 222 1295    -7442523     21           2     33   29  43  193   32  214  -58  214  -58  22  0  0 L3P FE
G15 FF 61153 200200  780 419 2617    -4056696    -34           4     -1   28 106  110   -1  360   -8  360   -8  25  0  0 L3P F4
G17 FF 61153 200200  780 466 1374     1197166    103          -6     15   27  82  101   12  196  -29  196  -29  26  0  0 L3P 28
G19 FF 61153 200200  780 737 1152    -6979347     -3         -17      8   14  45   77    2  205  -38  205  -38  12  0  0 L3P FF
G20 FF 61153 200200  780 583 2989    -1225331   -181           6      3   12 116   86    4  324    8  324    8  11  0  0 L3P C2
G22 FF 61153 200200  780 338 1449      138360    -53         -14      9   25  38  132   15  216  -43  216  -43  19  0  0 L3P 00
G24 FF 61153 200200  780 235 2192      221106   -146         -20     34   28  38  183  -42  319  -99  319  -99  25  0  0 L3P 40
G30 FF 61153 200200  780 281  696    -1980259    -60         -17     74   20  74  156   22  326  -50  326  -50  18  0  0 L3P 2A
G06 FF 61153 201800  780 299  535     6088543    -30           2     -6   24 101  147  -21  332 -106  332 -106  20  0  0 L3P 28
G12 FF 61153 201800  780 202 2621     6079234    -26         -27    -25   31  65  211  -29  664 -180  664 -180  25  0  0 L3P 6A
G13 FF 61153 201800  780 618 3261    -6782655    -10         -14    -27   14  83   83    6  276   36  276   36  12  0  0 L3P 19
G14 FF 61153 201800  780 185 1237    -7442565     16         -28     28   26  43  229   43  214  -55  214  -55  21  0  0 L3P 34
G15 FF 61153 201800  780 417 2720    -4056734    -23          -2     10   34 106  110    2  367   -4  367   -4  29  0  0 L3P F4
G17 FF 61153 201800  780 398 1408     1197258     78           3    -10   19  82  115   17  175  -20  175  -20  17  0  0 L3P 19
G19 FF 61153 201800  780 677 1329    -6979348      4          -7     15   19  45   79    4  176  -37  176  -37  16  0  0 L3P 1A
G20 FF 61153 201800  780 536 3112    -1225508   -182           6      2   16 116   91    6  341   14  341   14  14  0  0 L3P D5
G22 FF 61153 201800  780 297 1383      138321    -61           7      1   20  38  148   19  175  -27  175  -27  16  0  0 L3P F0
G24 FF 61153 201800  780 292 2171      220942   -217         -11    -38   31  38  150  -28  261  -16  261  -16  24  0  0 L3P 37
G30 FF 61153 201800  780 237  631    -1980367   -139           4     -5   37  74  182   34  327   31  327   31  32  0  0 L3P 00
G06 FF 61153 203400  780 342  611     6088519    -39           0    -15   21 101  130  -14  248  -55  248  -55  18  0  0 L3P 20
G11 FF 61153 203400  780 219  163     3631851   -133          29     -6   26 124  196  -49  727 -319  727 -319  20  0  0 L3P 6E
G12 FF 61153 203400  780 230 2550     6079273    -69          13    -68   32  65  187  -21  459  -82  459  -82  30  0  0 L3P 50
G13 FF 61153 203400  780 545 3347    -6782647     21          -5      6   25  25   90    9  294   14  294   14  23  0  0 L3P DA
G15 FF 61153 203400  780 402 2821    -4056763    -40           1     -7   26 106  114    5  382   22  382   22  23  0  0 L3P E6
G17 FF 61153 203400  780 329 1425     1197357    131          18     44   17  82  135   26  150  -63  150  -63  13  0  0 L3P 22
G19 FF 61153 203400  780 606 1413    -6979347      7           5     19   10  45   84    6  151  -32  151  -32   9  0  0 L3P D0
G20 FF 61153 203400  780 479 3204    -1225687   -184           3      1   20 116   99   10  367   27  367   27  17  0  0 L3P 0A
G22 FF 61153 203400  780 258 1318      138250   -134          -4    -71   25  38  168   23  168   40  168   40  19  0  0 L3P 0E
G24 FF 61153 203400  780 353 2156      220764   -154         -17     26   22  38  127  -20  221  -66  221  -66  18  0  0 L3P 2F
G30 FF 61153 203400  780 189  575    -1980473   -152          27    -18   42  74  225   57  332   39  332   39  39  0  0 L3P 3B
G06 FF 61153 205000  780 380  696     6088502     37           7     61   23 101  119   -9  188 -106  188 -106  19  0  0 L3P 2F
G11 FF 61153 205000  780 277  209     3631709    -89           8     38   36 124  158  -32  458 -273  458 -273  32  0  0 L3P 5C
G12 FF 61153 205000  780 257 2478     6079256     23          -3     24   21  65  169  -17  344 -132  344 -132  19  0  0 L3P 45
G13 FF 61153 205000  780 470 3405    -6782647     50         -21     34   19  25  100   13  325   -6  325   -6  16  0  0 L3P FB
G15 FF 61153 205000  780 375 2915    -4056795    -54           0    -21   18 106  121    9  409   47  409   47  14  0  0 L3P 17
G17 FF 61153 205000  780 262 1428     1197428     49           4    -39   32  82  166   40  137  -12  137  -12  25  0  0 L3P 10
G19 FF 61153 205000  780 533 1452    -6979362    -18           1     -7   20  45   92    9  132  -21  132  -21  17  0  0 L3P EE
G20 FF 61153 205000  780 417 3276    -1225873   -191          -5     -7   22 116  110   14  409   56  409   56  17  0  0 L3P 2A
G22 FF 61153 205000  780 221 1252      138185    -18          -9     45   23  38  194   30  152  -75  152  -75  18  0  0 L3P 06
G24 FF 61153 205000  780 417 2149      220601   -143          -8     36   23  38  110  -15  177  -65  177  -65  21  0  0 L3P 1E
G06 FF 61153 210600  780 409  793     6088470     -5          -3     19   25 101  112   -6  154  -55  154  -55  21  0  0 L3P 02
G11 FF 61153 210600  780 338  258     3631581   -128           3     -1   26 124  132  -22  290 -138  290 -138  21  0  0 L3P 3E
G12 FF 61153 210600  780 283 2405     6079253    -10          -5     -9   22  65  154  -14  253  -79  253  -79  18  0  0 L3P 2D
G13 FF 61153 210600  780 396 3449    -6782636     24         -25      8   40  25  115   18  367   55  367   55  37  0  0 L3P 22
G15 FF 61153 210600  780 340 3001    -4056815    -10          12     23   19 106  131   13  453   46  453   46  15  0  0 L3P 07
G17 FF 61153 210600  780 196 1422     1197516     98           9     10   42  82  218   69  107  -44  107  -44  32  0  0 L3P 0D
G19 FF 61153 210600  780 460 1467    -6979372    -29           2    -18   23  45  102   13  109   -6  109   -6  21  0  0 L3P 0A
G20 FF 61153 210600  780 355 3334    -1226048   -195          -4    -11   47 116  127   20  471   92  471   92  47  0  0 L3P 3E
G22 FF 61153 210600  780 187 1187      138145   -105          11    -43   24  38  227   40  114   13  114   13  20  0  0 L3P F4
G24 FF 61153 210600  780 484 2154      220425   -172         -11      8   15  38   98  -11  148  -44  148  -44  13  0  0 L3P 12
G06 FF 61153 212200  780 426  898     6088435     -4         -14     20   22 101  108   -2  128  -51  128  -51  19  0  0 L3P 0E
G11 FF 61153 212200  780 400  315     3631459   -118           4     10   22 124  114  -15  192  -84  192  -84  19  0  0 L3P 1A
G12 FF 61153 212200  780 310 2331     6079252     37          -5     38   30  65  142  -11  182  -96  182  -96  27  0  0 L3P 19
G13 FF 61153 212200  780 324 3487    -6782608     35         -12     19   18  25  137   27  440   96  440   96  14  0  0 L3P 26
G15 FF 61153 212200  780 299 3078    -4056845    -37          14     -4   37 106  147   20  531   97  531   97  28  0  0 L3P 39
G19 FF 61153 212200  780 390 1466    -6979387     10          -3     21   22  45  117   18   90  -35   90  -35  20  0  0 L3P FE
G20 FF 61153 212200  780 293 3384    -1226215   -195           6    -11   51 116  150   29  557  105  557  105  46  0  0 L3P 52
G24 FF 61153 212200  780 553 2175      220251   -170         -12      9   13  38   89   -8  123  -22  123  -22  10  0  0 L3P E8
G06 FF 61153 213800  780 428 1006     6088416    -59         -11    -35   28 101  108    1   96   15   96   15  25  0  0 L3P 01
G11 FF 61153 213800  780 462  384     3631336   -142           3    -14   16 124  102  -11  137  -38  137  -38  14  0  0 L3P 29
G12 FF 61153 213800  780 337 2256     6079237      2         -19      3   24  65  132  -10  143  -48  143  -48  21  0  0 L3P 06
G13 FF 61153 213800  780 255 3521    -6782598     81         -18     65   27  25  170   43  548   33  548   33  25  0  0 L3P 32
G15 FF 61153 213800  780 256 3147    -4056882    -96           8    -63   24 106  170   28  606   95  606   95  21  0  0 L3P 3F
G19 FF 61153 213800  780 324 1455    -6979386     41          10     52   16  45  137   25   64  -55   64  -55  14  0  0 L3P 14
G20 FF 61153 213800  780 235 3429    -1226405   -161          -7     23   30 116  184   43  627   36  627   36  25  0  0 L3P 32
G24 FF 61153 213800  780 622 2223      220082   -184          -9     -4   20  38   83   -5  100  -16  100  -16  18  0  0 L3P E4
G06 FF 61153 215400  780 414 1109     6088394     -3          -9     20   31 101  111    5   80  -35   80  -35  27  0  0 L3P D6
G11 FF 61153 215400  780 521  471     3631212   -147           1    -20   19 124   93   -7  109   -4  109   -4  16  0  0 L3P DC
G12 FF 61153 215400  780 365 2181     6079249     21          -6     22   24  65  123   -9  108  -47  108  -47  21  0  0 L3P 0B
G13 FF 61153 215400  780 191 3555    -6782574    -50          -8    -66   38  25  224   70  624  171  624  171  31  0  0 L3P 51
G15 FF 61153 215400  780 212 3212    -4056932    -74         -11    -41   22 106  202   41  663   72  663   72  19  0  0 L3P 31
G19 FF 61153 215400  780 261 1437    -6979410      3          -3     14   22  45  167   37   70  -20   70  -20  19  0  0 L3P E3
G24 FF 61153 215400  780 688 2321      219906   -197         -12    -18   12  38   79   -3   93    7   93    7  11  0  0 L3P D6
G06 FF 61153 221000  780 385 1201     6088384      0           4     23   24 105  118    9   67  -26   67  -26  22  0  0 L3P C5
G11 FF 61153 221000  780 570  587     3631085   -138          -8    -10   16 125   88   -4   91  -12   91  -12  14  0  0 L3P F7
G12 FF 61153 221000  780 395 2104     6079245    -17         -12    -16   18  67  115   -8   93   -2   93   -2  17  0  0 L3P EB
G19 FF 61153 221000  780 203 1413    -6979406     20           8     31   35  46  211   58   62   -7   62   -7  27  0  0 L3P C6
G24 FF 61153 221000  780 739 2513      219732   -180         -17      0   15  46   77   -2   93   -2   93   -2  13  0  0 L3P B4
G06 FF 61153 223800  780 308 1324     6088347    -24           7      0   27 105  143   22   61    4   61    4  24  0  0 L3P A0
G11 FF 61153 223800  780 614  862     3630869   -104         -10     24   16 125   84    0   77  -20   77  -20  14  0  0 L3P F0
G12 FF 61153 223800  780 452 1963     6079245     47         -10     48   20  67  104   -6   77  -46   77  -46  18  0  0 L3P 11
G24 FF 61153 223800  780 738 3053      219434   -168         -13     11   19  46   77    2   93   -2   93   -2  14  0  0 L3P C8
G29 FF 61153 223800  780 225 2894     3345596    -42          -1     31   30  67  191  -34  453 -203  453 -203  26  0  0 L3P 56
G06 FF 61153 225400  780 254 1372     6088318    -24           1      0   27 105  171   36   67    4   67    4  20  0  0 L3P A7
G11 FF 61153 225400  780 605 1032     3630761   -111           4     16   18 125   85    2   66  -11   66  -11  15  0  0 L3P D2
G12 FF 61153 225400  780 486 1876     6079251     -1          -3      0   17  67   98   -5   67    5   67    5  14  0  0 L3P 96
G24 FF 61153 225400  780 683 3254      219275   -158          -1     22   14  46   79    4   90   -9   90   -9  13  0  0 L3P BF
G25 FF 61153 225400  780 227 2239    -4278434     17          28    -11   42  25  189  -36   96  -17   96  -17  35  0  0 L3P 33
G29 FF 61153 225400  780 265 2824     3345529    -52           2     21   24  67  164  -22  310 -140  310 -140  22  0  0 L3P 2D
G06 FF 61153 231000  780 197 1406     6088303    -60           8    -36   40 105  217   64   60   51   60   51  33  0  0 L3P E2
G11 FF 61153 231000  780 571 1174     3630644   -143           9    -16   15 125   88    4   63   13   63   13  13  0  0 L3P CF
G12 FF 61153 231000  780 521 1782     6079266    -19          13    -18   15  67   93   -5   54   15   54   15  14  0  0 L3P DD
G24 FF 61153 231000  780 613 3366      219101   -162          -1     18   23  46   84    6  101   -6  101   -6  23  0  0 L3P B4
G25 FF 61153 231000  780 273 2192    -4278422     12          12    -16   41  25  160  -27   96   -4   96   -4  37  0  0 L3P EF
G29 FF 61153 231000  780 300 2747     3345464   -105           6    -32   28  67  147  -15  219  -39  219  -39  24  0  0 L3P 47
G05 FF 61153 232600  780 194  370     2321303     33          31     28   35  89  220  -51  216 -161  216 -161  29  0  0 L3P 24
G11 FF 61153 232600  780 520 1277     3630523   -110          10     18   27 125   93    7   58  -16   58  -16  24  0  0 L3P F3
G12 FF 61153 232600  780 556 1676     6079254     -5           2     -4   13  67   89   -4   65   12   65   12  10  0  0 L3P AB
G21 FF 61153 232600  780 191  645    -4148852     90          29     95   46  45  223  -37  102  -85  102  -85  42  0  0 L3P 2B
G24 FF 61153 232600  780 538 3434      218927   -212          -4    -33   29  46   91    9  124   54  124   54  28  0  0 L3P F7
G25 FF 61153 232600  780 322 2147    -4278402    -32           5    -60   24  25  137  -20   95   47   95   47  20  0  0 L3P F7
G29 FF 61153 232600  780 332 2665     3345404    -56          17     17   18  67  134  -11  162  -57  162  -57  15  0  0 L3P 3A
G05 FF 61153 234200  780 240  431     2321304      9          28      5   39  89  180  -34  141  -57  141  -57  32  0  0 L3P E3
G11 FF 61153 234200  780 460 1346     3630399   -123           9      5   37 125  102   11   56   -5   56   -5  34  0  0 L3P D0
G12 FF 61153 234200  780 588 1554     6079263     30          13     31   10  67   86   -3   61  -23   61  -23   8  0  0 L3P C5
G21 FF 61153 234200  780 221  716    -4148868    -44          18    -40   24  45  194  -25  102   35  102   35  22  0  0 L3P 10
G24 FF 61153 234200  780 461 3481      218765   -207           7    -28   37  46  102   13  146   67  146   67  34  0  0 L3P 10
G25 FF 61153 234200  780 376 2104    -4278361     -6          19    -35   16  25  120  -16   78   33   78   33  14  0  0 L3P FC
G29 FF 61153 234200  780 359 2578     3345325    -27           7     46   19  67  125   -8  143  -52  143  -52  17  0  0 L3P 22
