CGGTTS     GENERIC DATA FORMAT VERSION = 2E
REV DATE = 2025-11-01
RCVR = PolaRx5TR (5.6.0)     sbf2cggtts-1.5.0
CH = 80
IMS = PolaRx5TR
LAB = LRTE
X = 3967035.920 m
Y = -4390028.540 m
Z = -2375644.640 m
FRAME = ITRF
COMMENTS = LS=18; ElMask=10deg; 'Generated from the SBF in 2026-04-27 at 23:58:00'
INT DLY = 24.9 ns (GPS P1),  15.7 ns (GPS P2)     CAL_ID = 1201-2025
CAB DLY = 103.1 ns
REF DLY = 47.2 ns
REF = UTC(LRTE)
CKSUM = 04

SAT CL  MJD  STTIME TRKL ELV AZTH   REFSV      SRSV     REFSYS    SRSYS  DSG IOE MDTR SMDT MDIO SMDI MSIO SMSI ISG FR HC FRC CK
             hhmmss  s  .1dg .1dg    .1ns     .1ps/s     .1ns    .1ps/s .1ns     .1ns.1ps/s.1ns.1ps/s.1ns.1ps/s.1ns
G05 FF 61157 000200  780 333  570     2322569    -33          11    -37   28  70  134  -16  117    0  117    0  24  0  0 L3P CF
G11 FF 61157 000200  780 327 1415     3597399    -72           3     55   19 165  136   25   57  -36   57  -36  14  0  0 L3P 10
G12 FF 61157 000200  780 630 1247     6079013     23           7     24   14  48   83   -1   69  -16   69  -16  12  0  0 L3P C0
G18 FF 61157 000200  780 205 3225     3668979    -60          40     33   19 127  209  -64  816 -133  816 -133  17  0  0 L3P 74
G21 FF 61157 000200  780 269  873    -4149746      0          -6      2   26  84  162   -9  104  -14  104  -14  22  0  0 L3P D7
G24 FF 61157 000200  780 313 3552      171982   -172          17      8   17  75  141   29  477  249  477  249  12  0  0 L3P 30
G25 FF 61157 000200  780 496 2023    -4270999     45          22     17   17  37   96  -10   70  -15   70  -15  14  0  0 L3P FA
G29 FF 61157 000200  780 401 2393     3326439    -45          -4     28   19  29  114   -4  113  -31  113  -31  18  0  0 L3P 08
G05 FF 61157 001800  780 374  652     2322566     25           4     21   22  70  121  -11  108  -37  108  -37  19  0  0 L3P EE
G11 FF 61157 001800  780 261 1425     3597278    -43           3     83   25 165  166   39   60  -58   60  -58  21  0  0 L3P 0F
G12 FF 61157 001800  780 630 1071     6079020     -4          15     -3   13  48   83    1   65    9   65    9  11  0  0 L3P 78
G18 FF 61157 001800  780 269 3185     3668892    -83          42     11   26 127  162  -37  651 -218  651 -218  20  0  0 L3P 7F
G21 FF 61157 001800  780 280  956    -4149715     50          26     52   27  84  156   -3   69  -62   69  -62  23  0  0 L3P FD
G24 FF 61157 001800  780 245 3583      171806   -237          13    -58   27  75  177   46  716  241  716  241  20  0  0 L3P 4A
G25 FF 61157 001800  780 562 1983    -4270973     -7          21    -35   15  37   88   -7   70   30   70   30  12  0  0 L3P DB
G29 FF 61157 001800  780 418 2297     3326379    -95           6    -22   16  29  110   -3   96    7   96    7  15  0  0 L3P D3
G05 FF 61157 003400  780 408  746     2322576      2          10     -3   21  70  112   -7   96    2   96    2  18  0  0 L3P 79
G11 FF 61157 003400  780 198 1424     3597167   -138          14    -11   35 165  216   67   63   17   63   17  26  0  0 L3P 22
G12 FF 61157 003400  780 612  902     6079014      7          10      8   18  48   84    2   81    1   81    1  15  0  0 L3P 4B
G18 FF 61157 003400  780 331 3135     3668798    -90          39      4   22 127  134  -23  452 -190  452 -190  18  0  0 L3P 62
G21 FF 61157 003400  780 281 1041    -4149741      0           2      2   34  84  156    2   87    0   87    0  29  0  0 L3P 69
G25 FF 61157 003400  780 633 1941    -4270953     56          13     28   17  37   82   -5   78  -27   78  -27  15  0  0 L3P 00
G28 FF 61157 003400  780 192 2332     5451776    -68          28     30   36 185  222  -38  155  -23  155  -23  28  0  0 L3P 50
G29 FF 61157 003400  780 433 2200     3326302   -100          -1    -27   21  29  107   -3   93    8   93    8  19  0  0 L3P C2
G05 FF 61157 005000  780 430  849     2322585     22          14     17   21  70  108   -3   91  -20   91  -20  19  0  0 L3P C6
G12 FF 61157 005000  780 579  754     6079009     36           7     37   17  48   87    4   92  -17   92  -17  14  0  0 L3P C7
G18 FF 61157 005000  780 391 3071     3668698   -131          28    -38   25 127  116  -15  314 -100  314 -100  20  0  0 L3P 77
G21 FF 61157 005000  780 271 1123    -4149721    -32          25    -30   40  84  161    9   67   26   67   26  38  0  0 L3P E6
G25 FF 61157 005000  780 706 1891    -4270923     24          16     -5   12  37   78   -4   74   -3   74   -3  10  0  0 L3P BC
G28 FF 61157 005000  780 221 2398     5451678   -123          25    -25   34 185  194  -21  173   31  173   31  28  0  0 L3P 4C
G29 FF 61157 005000  780 446 2102     3326230    -80          -4     -7   22  29  105   -2   85   -2   85   -2  20  0  0 L3P B3
G05 FF 61157 010600  780 438  959     2322592      2          16     -2   29  70  106    0   82  -14   82  -14  27  0  0 L3P B2
G12 FF 61157 010600  780 532  633     6079007     12           6     13   25  48   92    6  101    2  101    2  19  0  0 L3P 75
G18 FF 61157 010600  780 447 2992     3668600    -99          19     -6   51 127  104  -10  224  -82  224  -82  34  0  0 L3P 4B
G21 FF 61157 010600  780 250 1198    -4149731     41          17     43   24  84  173   17   71  -42   71  -42  21  0  0 L3P F5
G25 FF 61157 010600  780 782 1809    -4270898     64          13     36   13  37   75   -2   72  -40   72  -40  12  0  0 L3P F0
G28 FF 61157 010600  780 241 2472     5451585    -94          26      4   24 185  179  -10  190   16  190   16  24  0  0 L3P 1E
G29 FF 61157 010600  780 457 2003     3326155    -86          -9    -13   18  29  103   -2   79    6   79    6  15  0  0 L3P D0
G05 FF 61157 012200  780 430 1066     2322591     16          11     11   25  70  108    3   79  -17   79  -17  23  0  0 L3P CF
G12 FF 61157 012200  780 477  539     6079006    -39           5    -37   20  48   99   10  116   46  116   46  18  0  0 L3P EF
G18 FF 61157 012200  780 496 2895     3668501    -84          10      9   19 127   96   -7  167  -61  167  -61  13  0  0 L3P 2D
G21 FF 61157 012200  780 219 1266    -4149741     21          10     24   34  84  196   31   73  -18   73  -18  29  0  0 L3P FF
G25 FF 61157 012200  780 855 1513    -4270890     62          -6     34   42  37   74   -1   88  -29   88  -29  41  0  0 L3P F8
G28 FF 61157 012200  780 250 2551     5451504    -89          39      9   35 185  173   -3  202   23  202   23  31  0  0 L3P FA
G29 FF 61157 012200  780 469 1902     3326080    -83         -14    -11   25  29  101   -2   73   -8   73   -8  21  0  0 L3P E7
G05 FF 61157 013800  780 407 1164     2322593     13           9      8   25  70  113    7   73   -8   73   -8  23  0  0 L3P 99
G12 FF 61157 013800  780 416  465     6079002      0           3      1   21  48  111   14  142   37  142   37  17  0  0 L3P 9B
G18 FF 61157 013800  780 537 2777     3668411    -69           9     24   13 127   91   -4  130  -45  130  -45  12  0  0 L3P 18
G21 FF 61157 013800  780 180 1323    -4149740     22          13     24   38  84  235   52   69   -4   69   -4  30  0  0 L3P D9
G23 FF 61157 013800  780 213 3520    -6408196    -48          56     -5   33 100  202  -65  626  -81  626  -81  24  0  0 L3P 4C
G25 FF 61157 013800  780 842  435    -4270858     53          -1     25   12  37   74    1   84  -11   84  -11  11  0  0 L3P BF
G28 FF 61157 013800  780 249 2632     5451401   -149          30    -51   31 185  174    4  235   88  235   88  28  0  0 L3P 3C
G29 FF 61157 013800  780 479 1799     3326004    -74         -20     -1   15  29   99   -2   71   -8   71   -8  13  0  0 L3P E1
G05 FF 61157 015400  780 371 1246     2322599     16          10     11   25  70  122   12   67  -14   67  -14  22  0  0 L3P DE
G12 FF 61157 015400  780 352  409     6079007     34           8     35   27  48  128   21  176   20  176   20  22  0  0 L3P D4
G18 FF 61157 015400  780 566 2640     3668331    -96          19     -3   19 127   88   -2   98  -16   98  -16  17  0  0 L3P 1E
G23 FF 61157 015400  780 284 3529    -6408273    -57          20    -14   31 100  154  -38  479 -243  479 -243  24  0  0 L3P 8E
G25 FF 61157 015400  780 762  236    -4270823     30           7      1   16  37   76    3   87    9   87    9  13  0  0 L3P 77
G28 FF 61157 015400  780 238 2713     5451282    167           5    265   46 185  181   11  309 -203  309 -203  43  0  0 L3P 65
G29 FF 61157 015400  780 488 1694     3325937    -82         -17     -9   11  29   98   -1   69    6   69    6  10  0  0 L3P DB
G05 FF 61157 021000  780 325 1312     2322612     12          15      8   27  86  137   19   62    0   62    0  24  0  0 L3P 83
G12 FF 61157 021000  780 285  365     6079011     -5          10     -3   34  50  154   34  235   96  235   96  28  0  0 L3P DC
G18 FF 61157 021000  780 581 2490     3668229   -128           5    -35   17 128   87   -1   84    2   84    2  12  0  0 L3P D3
G23 FF 61157 021000  780 359 3535    -6408325    -56          15    -13   15 101  125  -24  291 -138  291 -138  12  0  0 L3P 76
G25 FF 61157 021000  780 679  177    -4270796      4           7    -24   23  65   79    5   91   27   91   27  18  0  0 L3P B6
G28 FF 61157 021000  780 219 2791     5451212   -106          32     -8   34 186  196   19  365  107  365  107  31  0  0 L3P 53
G29 FF 61157 021000  780 496 1585     3325869   -102         -18    -29   21  30   96   -1   61   24   61   24  18  0  0 L3P 01
G05 FF 61157 022600  780 272 1362     2322624    -26          23    -31   31   7  160   31   52   29   52   29  25  0  0 L3P CC
G12 FF 61157 022600  780 219  333     6079010     44          10     45   37  50  197   58  327   98  327   98  28  0  0 L3P 01
G18 FF 61157 022600  780 582 2336     3668140   -111           6    -18   15 128   86    1   64    4   64    4  13  0  0 L3P BD
G23 FF 61157 022600  780 438 3537    -6408361    -24          20     19   18 101  106  -16  176 -104  176 -104  15  0  0 L3P 69
G25 FF 61157 022600  780 595  148    -4270771     20           4     -8   24  65   85    8   99   20   99   20  22  0  0 L3P AC
G26 FF 61157 022600  780 228 2239     3585070     35          17    -10   38  54  189  -45   96   -9   96   -9  31  0  0 L3P 07
G28 FF 61157 022600  780 194 2866     5451109   -126          23    -28   37 186  219   30  474  126  474  126  26  0  0 L3P 78
G29 FF 61157 022600  780 501 1473     3325802   -108         -15    -35   19  30   96    0   56   26   56   26  16  0  0 L3P ED
G05 FF 61157 024200  780 216 1398     2322640    -48          34    -53   42   7  199   52   42   35   42   35  34  0  0 L3P E2
G15 FF 61157 024200  780 207  772    -4065964    -21          22     12   34   4  207  -23   94  -24   94  -24  29  0  0 L3P F3
G18 FF 61157 024200  780 571 2189     3668047    -88           3      5   17 128   88    2   58   -9   58   -9  15  0  0 L3P CF
G23 FF 61157 024200  780 521 3535    -6408410    -14          13     29   19 101   93  -11  118  -69  118  -69  15  0  0 L3P 38
G25 FF 61157 024200  780 513  131    -4270736     32          11      4   19  65   94   11  104   15  104   15  16  0  0 L3P B8
G26 FF 61157 024200  780 283 2275     3585102     51           7      7   37  54  155  -28   90  -11   90  -11  33  0  0 L3P D9
G29 FF 61157 024200  780 502 1357     3325715    -50         -32     23   16  30   96    0   69  -22   69  -22  15  0  0 L3P E1
G10 FF 61157 025800  780 227 3369     5880071    -33           5    -18   51  60  190  -57  454 -216  454 -216  47  0  0 L3P 60
G15 FF 61157 025800  780 228  847    -4066010   -128           7    -95   38   4  189  -14   84   62   84   62  35  0  0 L3P 04
G18 FF 61157 025800  780 551 2054     3667956    -82           1     12   21 128   90    3   57  -12   57  -12  19  0  0 L3P E4
G23 FF 61157 025800  780 606 3528    -6408467    -46          -2     -3   19 101   84   -7   97  -22   97  -22  17  0  0 L3P 13
G25 FF 61157 025800  780 432  123    -4270703     32          18      4   39  65  107   16  121   29  121   29  36  0  0 L3P DD
G26 FF 61157 025800  780 334 2325     3585145      5           7    -39   26  54  133  -18   83   23   83   23  22  0  0 L3P D8
G29 FF 61157 025800  780 498 1240     3325670    -96          -7    -23   18  30   96    1   47   18   47   18  16  0  0 L3P E2
G10 FF 61157 031400  780 298 3349     5880042    -50         -10    -35   21  60  148  -34  268 -118  268 -118  15  0  0 L3P 72
G15 FF 61157 031400  780 242  925    -4066027     14          22     47   28   4  178   -7   58  -53   58  -53  26  0  0 L3P E3
G18 FF 61157 031400  780 526 1934     3667873    -94           7     -1   15 128   92    3   50    2   50    2  14  0  0 L3P 9D
G23 FF 61157 031400  780 692 3517    -6408501    -57           5    -14   24 101   79   -5   77    6   77    6  22  0  0 L3P CE
G25 FF 61157 031400  780 354  120    -4270675    105          18     77   26  65  127   25  156  -24  156  -24  19  0  0 L3P 28
G26 FF 61157 031400  780 379 2391     3585187     37           6     -8   21  54  120  -11   80    5   80    5  16  0  0 L3P B0
G29 FF 61157 031400  780 488 1124     3325607   -109          -1    -36   26  30   98    2   42   46   42   46  24  0  0 L3P DD
G10 FF 61157 033000  780 371 3320     5880027    -22         -10     -7   51  60  122  -21  166  -66  166  -66  49  0  0 L3P 2A
G15 FF 61157 033000  780 248 1004    -4066047   -111          34    -78   33   4  174   -1   45   65   45   65  27  0  0 L3P F4
G18 FF 61157 033000  780 498 1825     3667779   -107           3    -14   19 128   96    4   50   10   50   10  15  0  0 L3P EA
G23 FF 61157 033000  780 780 3495    -6408545    -72           2    -29   21 101   75   -3   71   20   71   20  19  0  0 L3P E0
G25 FF 61157 033000  780 279  122    -4270653     39          12     10   24  65  157   39  202   45  202   45  18  0  0 L3P EE
G26 FF 61157 033000  780 415 2475     3585225      8           2    -37   22  54  111   -7   79   28   79   28  20  0  0 L3P C8
G29 FF 61157 033000  780 471 1011     3325539    -86           2    -14   27  30  100    4   44   12   44   12  24  0  0 L3P AF
G10 FF 61157 034600  780 445 3277     5880017    -27          -6    -12   22  60  105  -14  111  -23  111  -23  18  0  0 L3P 1E
G15 FF 61157 034600  780 245 1082    -4066077     20          35     53   25   4  177    6   36  -49   36  -49  21  0  0 L3P E4
G16 FF 61157 034600  780 242 2260    -2524886    -46           2     24   34  57  178  -36   93  -18   93  -18  30  0  0 L3P 1A
G18 FF 61157 034600  780 469 1726     3667689   -107           3    -14   20 128  101    5   43   -1   43   -1  18  0  0 L3P EC
G23 FF 61157 034600  780 868 3408    -6408574    -88          15    -45   17 101   74   -1   45   32   45   32  15  0  0 L3P 09
G25 FF 61157 034600  780 208  129    -4270625     62          13     33   26  65  206   67  256   25  256   25  19  0  0 L3P 02
G26 FF 61157 034600  780 437 2573     3585266     59           1     14   24  54  106   -3   80  -16   80  -16  21  0  0 L3P E1
G29 FF 61157 034600  780 446  904     3325470    -64           2      9   23  30  105    6   46   -5   46   -5  19  0  0 L3P 98
G10 FF 61157 040200  780 518 3216     5880004    -29           0    -15   12  61   94  -10   79  -17   79  -17  11  0  0 L3P EB
G15 FF 61157 040200  780 231 1155    -4066124    -19          20     14   24  20  186   14   47   -8   47   -8  22  0  0 L3P D5
G16 FF 61157 040200  780 290 2311    -2524947   -128          12    -59   28  65  151  -22   77   38   77   38  24  0  0 L3P 2D
G18 FF 61157 040200  780 440 1633     3667603   -105           5    -12   23 129  106    6   40   11   40   11  19  0  0 L3P D4
G23 FF 61157 040200  780 844 1750    -6408623    -32           8     11   12 102   74    1   41  -22   41  -22  10  0  0 L3P C2
G26 FF 61157 040200  780 445 2681     3585308     43           3     -1   18  57  105    0   80   -1   80   -1  17  0  0 L3P 98
G29 FF 61157 040200  780 413  806     3325392    -64          -4      9   27  94  111    8   53   -9   53   -9  24  0  0 L3P AB
G10 FF 61157 041800  780 587 3128     5879982    -21          -8     -6   14  61   86   -6   68   -1   68   -1  13  0  0 L3P D6
G15 FF 61157 041800  780 209 1223    -4066145    -93          31    -60   40  20  204   25   37   60   37   60  33  0  0 L3P EB
G16 FF 61157 041800  780 331 2377    -2525026    -51          -2     18   22  65  134  -14   86  -16   86  -16  19  0  0 L3P 18
G18 FF 61157 041800  780 413 1546     3667527    -98          19     -5   22 129  111    6   28   12   28   12  17  0  0 L3P EC
G23 FF 61157 041800  780 759 1696    -6408679    -24          -6     19   24 102   76    3   52  -17   52  -17  22  0  0 L3P 0C
G26 FF 61157 041800  780 438 2790     3585348     14           0    -30   22  57  106    3   82   21   82   21  18  0  0 L3P C1
G29 FF 61157 041800  780 375  718     3325328    -55          13     18   28   1  121   12   50   -8   50   -8  24  0  0 L3P B6
G10 FF 61157 043400  780 649 2998     5879974     -1          -2     13   10  61   81   -4   56  -10   56  -10  10  0  0 L3P D7
G15 FF 61157 043400  780 179 1282    -4066179    -25          28      7   36  20  237   43   38    6   38    6  25  0  0 L3P CE
G16 FF 61157 043400  780 363 2456    -2525095    -68          -4      2   24  65  124   -8   83    0   83    0  20  0  0 L3P B0
G18 FF 61157 043400  780 386 1461     3667425    -64           6     29   20 129  117    7   39  -27   39  -27  16  0  0 L3P 08
G23 FF 61157 043400  780 677 1665    -6408723    -30          -9     13   12 102   80    5   51  -13   51  -13  11  0  0 L3P E3
G26 FF 61157 043400  780 416 2895     3585393     39           2     -5   19  57  111    6   82    0   82    0  16  0  0 L3P 99
G29 FF 61157 043400  780 330  640     3325261    -68          16      5   29   1  135   18   54   10   54   10  22  0  0 L3P 9E
G10 FF 61157 045000  780 696 2803     5879963    -14           2      1   13  61   78   -2   52   -5   52   -5  12  0  0 L3P A3
G16 FF 61157 045000  780 382 2547    -2525159    -94          -1    -25   21  65  119   -4   79   17   79   17  19  0  0 L3P 0E
G18 FF 61157 045000  780 361 1379     3667349   -100          20     -7   16 129  124    8   28    6   28    6  13  0  0 L3P D5
G23 FF 61157 045000  780 598 1636    -6408756    -34           0      9   15 102   85    7   42  -11   42  -11  15  0  0 L3P D4
G26 FF 61157 045000  780 384 2990     3585433     66           0     22   27  57  118   10   85  -21   85  -21  21  0  0 L3P E5
G27 FF 61157 045000  780 242 2174     1252615    199          31     27   34  79  179  -43   51  -25   51  -25  29  0  0 L3P 1E
G29 FF 61157 045000  780 281  573     3325200    -64          24      9   31   1  156   27   55   -4   55   -4  27  0  0 L3P A1
G32 FF 61157 045000  780 218   33     -234267   -210         -12    -11   36  29  197  -55  167 -106  167 -106  30  0  0 L3P 4B
G10 FF 61157 050600  780 715 2545     5879952    -15           5     -1   11  61   78    0   46   -7   46   -7   9  0  0 L3P 9E
G16 FF 61157 050600  780 389 2645    -2525213    -72          11     -3   23  65  117    0   67    0   67    0  18  0  0 L3P B1
G18 FF 61157 050600  780 337 1298     3667246    -93           7      0   24 129  132    9   40    5   40    5  18  0  0 L3P A8
G23 FF 61157 050600  780 523 1605    -6408801    -51          -4     -8   13 102   93    9   42    7   42    7  12  0  0 L3P A5
G26 FF 61157 050600  780 344 3073     3585484     -1           9    -46   43  57  130   15   78   35   78   35  30  0  0 L3P E1
G27 FF 61157 050600  780 304 2166     1252785    128          36    -44   27  79  145  -28   32   27   32   27  25  0  0 L3P 13
G29 FF 61157 050600  780 228  516     3325137    -35          32     38   29   1  189   43   62  -19   62  -19  21  0  0 L3P E6
G32 FF 61157 050600  780 283   62     -234438   -152           9     47   27  29  155  -35   86  -84   86  -84  23  0  0 L3P FF
G10 FF 61157 052200  780 702 2284     5879943     -3          10     12   15  61   78    1   35  -17   35  -17  14  0  0 L3P C5
G16 FF 61157 052200  780 381 2745    -2525283    -64           8      6   17  65  119    4   67  -16   67  -16  15  0  0 L3P EA
G18 FF 61157 052200  780 313 1218     3667157    -86           7      8   19 129  141   10   41  -10   41  -10  15  0  0 L3P E0
G23 FF 61157 052200  780 453 1572    -6408847    -56          -8    -12   22 102  103   13   41    6   41    6  20  0  0 L3P D4
G26 FF 61157 052200  780 300 3148     3585523     46           5      2   20  57  147   21   82   -8   82   -8  17  0  0 L3P AC
G27 FF 61157 052200  780 369 2168     1252923    165           8     -8   18  79  122  -19   50   -1   50   -1  15  0  0 L3P DC
G32 FF 61157 052200  780 352   92     -234633   -238           5    -39   24  29  127  -23   60   20   60   20  19  0  0 L3P C9
G10 FF 61157 053800  780 663 2080     5879931    -32          12    -17   14  61   80    3   32    8   32    8  13  0  0 L3P A8
G16 FF 61157 053800  780 361 2842    -2525345    -18          13     52   16  65  125    8   63  -38   63  -38  13  0  0 L3P 06
G18 FF 61157 053800  780 289 1140     3667090    -67          30     26   36 129  152   12   25  -13   25  -13  35  0  0 L3P 13
G23 FF 61157 053800  780 387 1537    -6408877    -22           3     21   27 102  117   17   32  -21   32  -21  24  0  0 L3P 05
G26 FF 61157 053800  780 254 3215     3585584     52          23      8   25  57  171   30   70   -2   70   -2  21  0  0 L3P BB
G27 FF 61157 053800  780 435 2182     1253091    176           9      3   23  79  107  -14   43   -7   43   -7  20  0  0 L3P CD
G32 FF 61157 053800  780 425  124     -234813   -178          16     21   30  29  109  -16   38  -26   38  -26  27  0  0 L3P 0A
G10 FF 61157 055400  780 612 1934     5879908    -32           3    -18   15  61   84    4   36   13   36   13  14  0  0 L3P C3
G16 FF 61157 055400  780 331 2931    -2525407    -53          17     17   26  65  134   13   61  -18   61  -18  23  0  0 L3P 09
G18 FF 61157 055400  780 264 1063     3666995   -124          24    -31   38 129  164   15   33   42   33   42  34  0  0 L3P 20
G23 FF 61157 055400  780 326 1498    -6408913    -66           9    -23   23 102  136   23   29   25   29   25  21  0  0 L3P 07
G26 FF 61157 055400  780 208 3276     3585620    -22          16    -66   35  57  205   43   85   86   85   86  29  0  0 L3P 18
G27 FF 61157 055400  780 502 2214     1253266    199          18     27   17  79   96  -10   34  -26   34  -26  17  0  0 L3P 0F
G32 FF 61157 055400  780 500  164     -235005   -225          15    -26   17  29   96  -11   33   22   33   22  15  0  0 L3P D0
G08 FF 61157 061000  780 243 2213    -4541312    100          18     28   36  67  178  -43   66  -20   66  -20  31  0  0 L3P 0E
G10 FF 61157 061000  780 557 1824     5879900     10          11     25   12  62   89    6   35  -12   35  -12  12  0  0 L3P C2
G16 FF 61157 061000  780 294 3013    -2525480    -66          14      3   32  77  149   19   64    4   64    4  27  0  0 L3P C1
G18 FF 61157 061000  780 238  988     3666902   -101          24     -8   24 130  181   20   39    8   39    8  20  0  0 L3P D5
G23 FF 61157 061000  780 269 1457    -6408967      8           2     51   35 103  162   31   45  -37   45  -37  27  0  0 L3P FA
G27 FF 61157 061000  780 568 2273     1253433    162          21    -11   17  81   88   -7   31   10   31   10  16  0  0 L3P CC
G32 FF 61157 061000  780 577  220     -235196   -203          11     -4   16  34   87   -8   34    4   34    4  14  0  0 L3P 91
G08 FF 61157 062600  780 303 2240    -4541234     79          27      8   30  67  146  -27   55   -1   55   -1  25  0  0 L3P D6
G10 FF 61157 062600  780 502 1735     5879890    -36          15    -21   14  62   96    8   31   19   31   19  10  0  0 L3P D6
G16 FF 61157 062600  780 253 3087    -2525537    -64          24      5   33  77  171   27   57   -5   57   -5  24  0  0 L3P EA
G18 FF 61157 062600  780 210  915     3666824    -37          36     56   31 130  203   27   33  -28   33  -28  27  0  0 L3P 05
G23 FF 61157 062600  780 217 1413    -6408976    -17          34     27   34 103  197   44   16   -7   16   -7  27  0  0 L3P 08
G27 FF 61157 062600  780 627 2373     1253591    177          13      4   15  81   83   -4   36    0   36    0  13  0  0 L3P 9C
G32 FF 61157 062600  780 651  307     -235388   -197          11      2   18  34   81   -5   32    3   32    3  14  0  0 L3P 8A
G08 FF 61157 064200  780 360 2283    -4541164     53          29    -19   20  67  125  -17   48   21   48   21  18  0  0 L3P 04
G10 FF 61157 064200  780 449 1658     5879864    -39           3    -24   21  62  104   10   39   21   39   21  19  0  0 L3P EE
G16 FF 61157 064200  780 211 3155    -2525609    -52          18     17   35  77  203   40   63  -18   63  -18  29  0  0 L3P 11
G18 FF 61157 064200  780 180  845     3666733     64          34    158   30 130  235   39   38 -141   38 -141  26  0  0 L3P 36
G27 FF 61157 064200  780 671 2534     1253754    159          10    -14   12  81   80   -2   40   11   40   11  10  0  0 L3P C3
G32 FF 61157 064200  780 716  464     -235577   -209          13    -11   12  34   78   -3   32    7   32    7  11  0  0 L3P AA
G08 FF 61157 065800  780 413 2343    -4541097     77          27      5   23  67  111  -11   48   -2   48   -2  20  0  0 L3P D7
G10 FF 61157 065800  780 399 1587     5879850    -18           3     -3   25  62  114   12   39    8   39    8  23  0  0 L3P CB
G27 FF 61157 065800  780 687 2751     1253925    167          15     -6   14  81   79    0   36    6   36    6  11  0  0 L3P B5
G32 FF 61157 065800  780 754  742     -235764   -201          17     -2   38  34   76   -1   30    5   30    5  25  0  0 L3P 9D
G02 FF 61157 071400  780 228 2187     -871075    -57          23     21   37  78  189  -44   48  -25   48  -25  37  0  0 L3P 25
G08 FF 61157 071400  780 458 2425    -4541027     52          28    -19   17  67  102   -7   49   19   49   19  13  0  0 L3P 01
G10 FF 61157 071400  780 353 1519     5879835    -12           3      3   23  62  127   14   40    3   40    3  20  0  0 L3P 8C
G27 FF 61157 071400  780 669 2971     1254096    208          20     35   13  81   80    2   36  -26   36  -26  11  0  0 L3P E6
G32 FF 61157 071400  780 743 1071     -235922   -162          50     37   15  34   76    1   13  -19   13  -19  12  0  0 L3P DA
G02 FF 61157 073000  780 285 2150     -871152   -105          21    -28   25  78  154  -30   46   11   46   11  24  0  0 L3P F8
G08 FF 61157 073000  780 491 2528    -4540960     72          27      0   18  67   97   -4   48   -3   48   -3  16  0  0 L3P C7
G10 FF 61157 073000  780 310 1453     5879850      7          32     22   19  62  142   18   21  -17   21  -17  16  0  0 L3P D4
G27 FF 61157 073000  780 623 3139     1254263    181          21      9   13  81   83    4   38   -5   38   -5  12  0  0 L3P A9
G28 FF 61157 073000  780 232  394     5449348    -60          41     38   40 189  185  -36   39  -31   39  -31  29  0  0 L3P 27
G32 FF 61157 073000  780 691 1285     -236131   -215          31    -16   13  34   79    3   26   13   26   13  12  0  0 L3P C7
G02 FF 61157 074600  780 347 2116     -871238   -145           8    -68   17  78  129  -22   45   44   45   44  15  0  0 L3P 10
G08 FF 61157 074600  780 507 2649    -4540889     57          28    -15   16  67   95   -1   46   10   46   10  13  0  0 L3P F5
G10 FF 61157 074600  780 270 1388     5879823     41          18     55   24  62  161   21   41  -38   41  -38  21  0  0 L3P FC
G27 FF 61157 074600  780 561 3253     1254439    194          31     21   24  81   89    7   31  -13   31  -13  21  0  0 L3P DD
G28 FF 61157 074600  780 279  457     5449248    -91          35      7   32 189  157  -25   36    6   36    6  25  0  0 L3P E9
G32 FF 61157 074600  780 622 1392     -236325   -191          28      8   12  34   83    6   28  -12   28  -12  11  0  0 L3P D1
G02 FF 61157 080200  780 413 2086     -871300     -3          19     74   18  79  111  -16   30  -50   30  -50  16  0  0 L3P DF
G08 FF 61157 080200  780 504 2777    -4540831     75          17      4   18  69   95    2   53   -1   53   -1  13  0  0 L3P AD
G10 FF 61157 080200  780 234 1323     5879819     24          34     39   21  65  184   26   32  -31   32  -31  15  0  0 L3P EF
G27 FF 61157 080200  780 492 3333     1254602    217          30     44   34  82   97   11   35  -36   35  -36  35  0  0 L3P F3
G28 FF 61157 080200  780 325  527     5449162    -84          40     13   31 190  137  -17   32  -26   32  -26  25  0  0 L3P 0A
G31 FF 61157 080200  780 230  237     1528299     24           7     47   27  71  187  -42   46  -50   46  -50  23  0  0 L3P E1
G32 FF 61157 080200  780 547 1444     -236517   -209          24    -10   19  49   90    9   31    3   31    3  19  0  0 L3P B3
G01 FF 61157 081800  780 203 2191    -2884875      6          38    -81   35  76  210  -57   58   60   58   60  30  0  0 L3P 01
G02 FF 61157 081800  780 484 2062     -871369    -85          23     -8   19  79   98  -12   33    4   33    4  16  0  0 L3P CB
G08 FF 61157 081800  780 484 2900    -4540758     48          21    -24   15  69   98    5   50    9   50    9  12  0  0 L3P C3
G10 FF 61157 081800  780 201 1258     5879780    -49          10    -34   30  65  212   33   51   46   51   46  23  0  0 L3P F3
G27 FF 61157 081800  780 422 3392     1254762    165          23     -8   29  82  110   15   41    5   41    5  27  0  0 L3P C3
G28 FF 61157 081800  780 367  606     5449049   -110          20    -13   26 190  123  -12   42    9   42    9  23  0  0 L3P EC
G31 FF 61157 081800  780 285  290     1528287    -36          18    -13   29  71  154  -28   36   19   36   19  26  0  0 L3P 07
G32 FF 61157 081800  780 473 1466     -236709   -209          24    -10   24  49  100   12   31    6   31    6  23  0  0 L3P CE
G01 FF 61157 083400  780 262 2163    -2884800     80          29     -7   35  76  166  -37   56   -8   56   -8  31  0  0 L3P FA
G02 FF 61157 083400  780 560 2044     -871454   -102          13    -25   11  79   89   -8   37   11   37   11   8  0  0 L3P D5
G08 FF 61157 083400  780 449 3007    -4540684     85          26     13   44  69  104    8   45  -13   45  -13  28  0  0 L3P FE
G27 FF 61157 083400  780 352 3439     1254932    181          27      8   40  82  127   22   37   -2   37   -2  38  0  0 L3P D8
G28 FF 61157 083400  780 403  696     5448950    -88          15      9   18 190  113   -8   45    3   45    3  15  0  0 L3P C4
G31 FF 61157 083400  780 341  347     1528261    -41          15    -17   20  71  131  -20   38    9   38    9  18  0  0 L3P C3
G32 FF 61157 083400  780 400 1470     -236902   -185          21     14   20  49  114   17   34   -9   34   -9  18  0  0 L3P DF
G01 FF 61157 085000  780 324 2141    -2884738     67           7    -20   19  76  137  -25   66   24   66   24  16  0  0 L3P FD
G02 FF 61157 085000  780 639 2036     -871532    -84           9     -6   17  79   82   -6   35    5   35    5  15  0  0 L3P A2
G03 FF 61157 085000  780 193 2451    -4874800    168           9     19   36  60  221  -30   81  -26   81  -26  31  0  0 L3P 10
G08 FF 61157 085000  780 404 3099    -4540621     90          21     18   16  69  113   12   47  -11   47  -11  14  0  0 L3P F6
G27 FF 61157 085000  780 285 3481     1255095    145          25    -28   23  82  154   34   45   31   45   31  16  0  0 L3P FE
G28 FF 61157 085000  780 430  796     5448875   -108          34    -10   25 190  108   -4   36   18   36   18  22  0  0 L3P 10
G31 FF 61157 085000  780 397  413     1528232    -39           9    -15   23  71  115  -14   46   12   46   12  19  0  0 L3P D7
G32 FF 61157 085000  780 331 1463     -237091   -161          24     38   19  49  135   25   39  -26   39  -26  17  0  0 L3P 16
G01 FF 61157 090600  780 389 2126    -2884643     85          18     -3   26  76  117  -18   53   10   53   10  22  0  0 L3P F4
G02 FF 61157 090600  780 722 2047     -871615    -73           1      4   16  79   77   -4   39    6   39    6  13  0  0 L3P 91
G03 FF 61157 090600  780 220 2382    -4874646    130          21    -19   29  60  195  -24   63    3   63    3  26  0  0 L3P EF
G04 FF 61157 090600  780 214 3083     -549160     -6          46      9   44 106  200  -50   46   -2   46   -2  30  0  0 L3P C1
G08 FF 61157 090600  780 353 3177    -4540548     60          24    -11   17  69  127   17   51   19   51   19  14  0  0 L3P FD
G27 FF 61157 090600  780 221 3520     1255258    227          22     54   25  82  195   53   69   -9   69   -9  21  0  0 L3P F5
G28 FF 61157 090600  780 443  905     5448779    -81          32     17   19 190  105   -1   46    0   46    0  17  0  0 L3P CA
G31 FF 61157 090600  780 450  491     1528208    -46           8    -22   21  71  104  -10   54   35   54   35  16  0  0 L3P D0
G32 FF 61157 090600  780 265 1447     -237305   -160           1     39   28  49  164   38   80   -4   80   -4  21  0  0 L3P DA
G01 FF 61157 092200  780 459 2120    -2884558    105          19     17   21  76  102  -13   56   -2   56   -2  19  0  0 L3P F9
G02 FF 61157 092200  780 806 2124     -871681    -79           8     -2   16  79   75   -2   46   19   46   19  15  0  0 L3P CB
G03 FF 61157 092200  780 249 2314    -4874505    112          18    -37   24  60  174  -20   68   42   68   42  19  0  0 L3P 19
G04 FF 61157 092200  780 267 3025     -549197     14          23     29   26 106  163  -30   75   -6   75   -6  22  0  0 L3P EF
G08 FF 61157 092200  780 301 3245    -4540470     97          33     25   25  69  146   24   64   10   64   10  19  0  0 L3P E5
G28 FF 61157 092200  780 440 1015     5448679   -101          26     -3   29 190  106    2   66   21   66   21  25  0  0 L3P F0
G31 FF 61157 092200  780 497  586     1528193    -35          16    -12   16  71   96   -6   61   27   61   27  12  0  0 L3P DA
G32 FF 61157 092200  780 203 1424     -237471   -229          25    -30   35  49  211   61   95   86   95   86  29  0  0 L3P 10
G01 FF 61157 093800  780 531 2127    -2884462    105          31     17   18  76   92   -9   59    1   59    1  17  0  0 L3P CD
G02 FF 61157 093800  780 868 2813     -871758    -43           6     34   12  79   74    0   72   -3   72   -3  11  0  0 L3P B3
G03 FF 61157 093800  780 279 2245    -4874365    187          15     38   28  60  156  -17   80  -18   80  -18  24  0  0 L3P 41
G04 FF 61157 093800  780 316 2958     -549209    -42          25    -27   24 106  140  -19   89   41   89   41  18  0  0 L3P 27
G08 FF 61157 093800  780 248 3305    -4540405     61          30    -11   41  69  174   35  102   60  102   60  37  0  0 L3P 0A
G28 FF 61157 093800  780 422 1117     5448581    -57          22     41   25 190  109    6   88  -11   88  -11  22  0  0 L3P 0D
G31 FF 61157 093800  780 533  701     1528172     -1          18     23   17  71   92   -4   73   -5   73   -5  15  0  0 L3P A0
G01 FF 61157 095400  780 605 2155    -2884378     71          31    -17   13  76   84   -6   75   31   75   31  11  0  0 L3P E8
G02 FF 61157 095400  780 805 3497     -871802    -91          36    -13   29  79   75    2   70   33   70   33  30  0  0 L3P DB
G03 FF 61157 095400  780 312 2177    -4874204    163          33     14   23  60  142  -14   84   10   84   10  21  0  0 L3P F1
G04 FF 61157 095400  780 361 2880     -549214    -11          35      4   27 106  124  -13  104   10  104   10  22  0  0 L3P F0
G08 FF 61157 095400  780 198 3361    -4540325     53          41    -19   38  69  215   52  144   77  144   77  33  0  0 L3P 33
G28 FF 61157 095400  780 389 1206     5448482    -77          17     20   28 190  117   10  113    3  113    3  23  0  0 L3P F9
G31 FF 61157 095400  780 554  834     1528149    -26          17     -2   15  71   89   -1   88   15   88   15  13  0  0 L3P CF
G01 FF 61157 101000  780 678 2222    -2884291     65          36    -22   11  77   79   -4   88   34   88   34  10  0  0 L3P E9
G02 FF 61157 101000  780 718 3582     -871892   -104          18    -27   16  80   77    4  101   37  101   37  13  0  0 L3P F9
G03 FF 61157 101000  780 347 2108    -4874070    158          26      9   22  61  129  -12  110   11  110   11  19  0  0 L3P F6
G04 FF 61157 101000  780 401 2792     -549221      8          37     23   25 107  114   -9  115   -4  115   -4  22  0  0 L3P CE
G28 FF 61157 101000  780 346 1279     5448411   -100          44     -2   31 191  129   16  128   36  128   36  25  0  0 L3P 22
G31 FF 61157 101000  780 554  974     1528128    -41          19    -17   14  80   89    1  101   31  101   31  13  0  0 L3P C8
G01 FF 61157 102600  780 743 2374    -2884213     66          30    -22   17  77   76   -2  102   27  102   27  13  0  0 L3P F4
G02 FF 61157 102600  780 631    9     -871956    -52          28     26   22  80   82    7  112   -2  112   -2  18  0  0 L3P 96
G03 FF 61157 102600  780 386 2038    -4873932    159          21     10   26  61  118  -11  125    1  125    1  21  0  0 L3P F0
G04 FF 61157 102600  780 433 2693     -549233     16          39     31   21 107  107   -6  123  -19  123  -19  17  0  0 L3P 16
G28 FF 61157 102600  780 295 1334     5448311    -81          37     17   19 191  149   26  162   17  162   17  16  0  0 L3P 29
G31 FF 61157 102600  780 534 1103     1528097     -9          12     15   21  80   92    4  120    0  120    0  19  0  0 L3P 8C
G01 FF 61157 104200  780 781 2694    -2884138     57          20    -31   13  77   75    0  117   33  117   33  12  0  0 L3P EF
G02 FF 61157 104200  780 546   22     -872028    -77          30      0   20  80   90   10  135   25  135   25  16  0  0 L3P A2
G03 FF 61157 104200  780 427 1966    -4873793    161          16     12   19  61  108   -9  131   -7  131   -7  15  0  0 L3P 12
G04 FF 61157 104200  780 459 2587     -549257    -37          30    -22   19 107  102   -4  136   21  136   21  16  0  0 L3P 17
G09 FF 61157 104200  780 185 2802    -7560310    146          52    110   85  34  229  -43  205 -105  205 -105  84  0  0 L3P 6B
G28 FF 61157 104200  780 239 1375     5448224   -107          44     -9   34 191  181   42  188   33  188   33  25  0  0 L3P 3B
G31 FF 61157 104200  780 497 1209     1528072    -26          10     -3   22  80   96    6  136   14  136   14  19  0  0 L3P D8
G01 FF 61157 105800  780 763 3075    -2884063     94          11      7   15  77   76    2  133   10  133   10  12  0  0 L3P CB
G02 FF 61157 105800  780 464   31     -872099    -74          33      4   14  80  102   14  165   31  165   31  11  0  0 L3P C0
G03 FF 61157 105800  780 471 1889    -4873662    125           5    -24   21  61  100   -8  146   27  146   27  18  0  0 L3P 1E
G04 FF 61157 105800  780 477 2474     -549283    -30          18    -15   24 107   99   -2  147   22  147   22  20  0  0 L3P 13
G09 FF 61157 105800  780 219 2732    -7560396   -162         -69   -198   43  34  196  -28  328  204  328  204  38  0  0 L3P AE
G26 FF 61157 105800  780 200  819     3586426     40          11     -5   31   5  213  -20  314    0  314    0  28  0  0 L3P A1
G31 FF 61157 105800  780 448 1289     1528036     11          -4     35   13  80  104   10  164    1  164    1  14  0  0 L3P BE
G01 FF 61157 111400  780 703 3291    -2883967     71          23    -16   12  77   78    4  141   35  141   35   9  0  0 L3P E8
G02 FF 61157 111400  780 385   40     -872169    -88          38    -10   12  80  118   21  206   67  206   67   8  0  0 L3P E0
G03 FF 61157 111400  780 517 1804    -4873514    120          10    -29   10  61   94   -6  149   35  149   35   8  0  0 L3P FE
G04 FF 61157 111400  780 487 2358     -549300    -53          15    -38   16 107   98   -1  157   38  157   38  14  0  0 L3P 1D
G09 FF 61157 111400  780 249 2658    -7560297    223          -5    187   28  34  174  -20  269 -187  269 -187  25  0  0 L3P A2
G26 FF 61157 111400  780 216  893     3586488     36          32     -9   38   5  198  -12  297   18  297   18  31  0  0 L3P 0B
G31 FF 61157 111400  780 392 1345     1528019    -11           2     13   29  80  116   15  183   28  183   28  25  0  0 L3P EE
G01 FF 61157 113000  780 629 3397    -2883883     42          24    -46   41  77   83    6  162   66  162   66  41  0  0 L3P 0D
G02 FF 61157 113000  780 310   51     -872244   -116          37    -39   19  80  143   31  263   88  263   88  15  0  0 L3P 00
G03 FF 61157 113000  780 564 1707    -4873375    176           6     27   22  61   88   -5  160  -22  160  -22  20  0  0 L3P 09
G04 FF 61157 113000  780 492 2241     -549323    -11           6      4   20 108   97    0  169    0  169    0  16  0  0 L3P 98
G09 FF 61157 113000  780 277 2582    -7560224      6          33    -30   22  34  157  -14  230   25  230   25  20  0  0 L3P FB
G16 FF 61157 113000  780 199  649    -2526806    -90          36    -20   41  14  214  -34  357    0  357    0  34  0  0 L3P F9
G26 FF 61157 113000  780 225  968     3586517     -5          18    -49   30   5  191   -4  309   43  309   43  26  0  0 L3P EC
G31 FF 61157 113000  780 332 1382     1527985    -39          -9    -16   22  80  134   23  226   43  226   43  17  0  0 L3P 0F
G01 FF 61157 114600  780 551 3457    -2883809    113          14     26   28  77   90    9  194   -5  194   -5  27  0  0 L3P 08
G02 FF 61157 114600  780 239   65     -872308    -78          47     -1   27  80  181   50  330   90  330   90  22  0  0 L3P DC
G03 FF 61157 114600  780 610 1588    -4873232    173           6     24   15  61   84   -4  165  -12  165  -12  13  0  0 L3P 08
G04 FF 61157 114600  780 491 2126     -549337     -8           6      7   17 108   97    0  172    0  172    0  15  0  0 L3P 97
G09 FF 61157 114600  780 303 2502    -7560202     51          20     14   21  34  145  -11  242  -11  242  -11  17  0  0 L3P 02
G16 FF 61157 114600  780 229  720    -2526909    -45           0     24   35  14  187  -23  378  -43  378  -43  29  0  0 L3P 2E
G26 FF 61157 114600  780 226 1043     3586550     70           7     25   28   5  190    3  337   -8  337   -8  23  0  0 L3P C5
G31 FF 61157 114600  780 271 1404     1527964     36          -7     59   28  80  161   35  268    8  268    8  22  0  0 L3P EB
G01 FF 61157 120200  780 474 3497    -2883724     84          16     -4   34  78  100   13  221   42  221   42  31  0  0 L3P F9
G03 FF 61157 120200  780 650 1437    -4873089    136          11    -13   11  64   81   -2  170   12  170   12  11  0  0 L3P F4
G04 FF 61157 120200  780 486 2014     -549351     -1           8     14   18 109   98    1  186   -8  186   -8  15  0  0 L3P CD
G07 FF 61157 120200  780 255 3202     1780755     28          13    -17   16  22  170  -40  311  -26  311  -26  12  0  0 L3P 13
G09 FF 61157 120200  780 327 2421    -7560172     20          17    -16   21  35  136   -9  248    3  248    3  18  0  0 L3P E5
G16 FF 61157 120200  780 256  795    -2526969   -206           5   -137   36  15  170  -15  354  121  354  121  31  0  0 L3P 57
G26 FF 61157 120200  780 218 1117     3586604     35          18     -9   26  13  197   11  354   39  354   39  22  0  0 L3P 01
G31 FF 61157 120200  780 209 1414     1527940    -21          -7      3   32  81  205   58  326   77  326   77  27  0  0 L3P F3
G01 FF 61157 121800  780 398 3527    -2883645     90          11      2   17  78  115   18  269   54  269   54  13  0  0 L3P 14
G03 FF 61157 121800  780 677 1245    -4872950    147           7     -2   10  64   79   -1  181    5  181    5   8  0  0 L3P C5
G04 FF 61157 121800  780 479 1906     -549371    -22           2     -7   20 109   99    1  200   12  200   12  17  0  0 L3P CB
G07 FF 61157 121800  780 318 3158     1780779     55          -6     10   22  22  139  -25  296  -42  296  -42  16  0  0 L3P 32
G09 FF 61157 121800  780 350 2339    -7560137     19          16    -18   21  35  128   -7  242   12  242   12  19  0  0 L3P 0E
G16 FF 61157 121800  780 276  874    -2527054    -23         -13     46   25  15  158   -9  369  -49  369  -49  19  0  0 L3P 50
G26 FF 61157 121800  780 201 1186     3586649     54          21      9   31  13  212   22  376   15  376   15  22  0  0 L3P EB
G01 FF 61157 123400  780 326 3554    -2883549    110          22     22   12  78  136   27  323   64  323   64  10  0  0 L3P 14
G03 FF 61157 123400  780 682 1022    -4872809    153           5      4   14  64   79    0  197   16  197   16  12  0  0 L3P DE
G04 FF 61157 123400  780 471 1800     -549385      9           2     24   20 109  100    2  217    1  217    1  17  0  0 L3P 95
G06 FF 61157 123400  780 212 2314     6080676    -50          21    -23   34  75  202  -34  319   11  319   11  29  0  0 L3P 10
G07 FF 61157 123400  780 379 3101     1780821     80          -7     36   19  22  120  -17  279  -37  279  -37  13  0  0 L3P 2A
G09 FF 61157 123400  780 372 2255    -7560105     58          14     22   21  35  121   -6  246   -7  246   -7  19  0  0 L3P F9
G16 FF 61157 123400  780 287  956    -2527082    -61          25      8   27  15  153   -3  335    4  335    4  24  0  0 L3P D1
G01 FF 61157 125000  780 257 3581    -2883462     44          25    -44   22  78  169   42  407  154  407  154  19  0  0 L3P 4C
G03 FF 61157 125000  780 662  808    -4872664    156           7      7   11  64   80    2  214   17  214   17   9  0  0 L3P B7
G04 FF 61157 125000  780 462 1698     -549397    -33           4    -18   22 109  102    2  231   34  231   34  19  0  0 L3P FB
G06 FF 61157 125000  780 244 2382     6080647      5          17     31   31  75  177  -19  323  -21  323  -21  27  0  0 L3P 0B
G07 FF 61157 125000  780 438 3030     1780874     66           3     22   42  22  106  -11  261  -23  261  -23  26  0  0 L3P FD
G09 FF 61157 125000  780 394 2170    -7560068     39          16      3   29  35  116   -6  249   10  249   10  26  0  0 L3P F9
G16 FF 61157 125000  780 289 1039    -2527171    -92           4    -23   28  15  152    2  355   39  355   39  23  0  0 L3P 09
G01 FF 61157 130600  780 192    8    -2883356    118          47     31   31  78  222   70  520  131  520  131  25  0  0 L3P FC
G03 FF 61157 130600  780 620  637    -4872528    123           0    -26   15  64   83    4  242   45  242   45  13  0  0 L3P DB
G04 FF 61157 130600  780 452 1597     -549391      8          24     23   26 109  104    2  233   -7  233   -7  25  0  0 L3P DB
G06 FF 61157 130600  780 266 2458     6080624    -18          19      9   20  75  163  -10  327    3  327    3  18  0  0 L3P E6
G07 FF 61157 130600  780 492 2941     1780920     47           7      2   14  22   97   -8  253   -3  253   -3  11  0  0 L3P B8
G09 FF 61157 130600  780 417 2083    -7560027     53          22     16   22  35  110   -5  248  -13  248  -13  19  0  0 L3P 14
G16 FF 61157 130600  780 279 1119    -2527239    -64           2      5   47  15  156    8  369   19  369   19  44  0  0 L3P 02
G03 FF 61157 132200  780 563  512    -4872379    129           7    -20   15  64   88    7  262   44  262   44  12  0  0 L3P EB
G04 FF 61157 132200  780 441 1498     -549420     21          10     35   17 109  105    2  256  -23  256  -23  14  0  0 L3P FE
G06 FF 61157 132200  780 277 2541     6080598    -17          18      9   18  75  158   -3  343   10  343   10  14  0  0 L3P F8
G07 FF 61157 132200  780 539 2829     1780961     64           5     20   12  22   91   -5  250  -19  250  -19  10  0  0 L3P EB
G09 FF 61157 132200  780 440 1993    -7560000     96          14     60   15  35  106   -5  255  -45  255  -45  14  0  0 L3P 1D
G16 FF 61157 132200  780 260 1193    -2527296    -37          12     32   20  15  167   15  378   -4  378   -4  16  0  0 L3P 10
G30 FF 61157 132200  780 207 3010    -2023426   -119          24     15   26   0  207  -49  467  -62  467  -62  22  0  0 L3P 2C
G03 FF 61157 133800  780 497  423    -4872237    125           5    -24   17  64   96   10  293   58  293   58  14  0  0 L3P 0F
G04 FF 61157 133800  780 430 1399     -549448     30          -4     45   18 109  108    3  285  -23  285  -23  17  0  0 L3P 1A
G06 FF 61157 133800  780 276 2627     6080576    -45          21    -19   30  75  158    3  372   56  372   56  23  0  0 L3P 1D
G07 FF 61157 133800  780 575 2694     1781016     46          18      1   12  22   87   -3  238  -12  238  -12  11  0  0 L3P EF
G09 FF 61157 133800  780 464 1900    -7559967     61          12     24   18  35  101   -4  256  -18  256  -18  16  0  0 L3P 33
G16 FF 61157 133800  780 231 1258    -2527365   -141           9    -72   28  15  186   26  400   82  400   82  22  0  0 L3P 25
G30 FF 61157 133800  780 255 2950    -2023557   -112          22     22   23   0  170  -30  424  -58  424  -58  19  0  0 L3P 30
G03 FF 61157 135400  780 428  359    -4872089    169          11     20   17  64  108   15  321   10  321   10  14  0  0 L3P FF
G04 FF 61157 135400  780 416 1302     -549442    -35          16    -20   25 109  110    3  272   20  272   20  17  0  0 L3P F3
G06 FF 61157 135400  780 265 2712     6080534      2           4     28   25  75  164   10  428   20  428   20  24  0  0 L3P D0
G07 FF 61157 135400  780 597 2537     1781043     37           2     -7   18  22   85   -1  242   -5  242   -5  14  0  0 L3P C8
G09 FF 61157 135400  780 488 1802    -7559929      4          15    -32   16  35   98   -4  251   22  251   22  13  0  0 L3P FE
G16 FF 61157 135400  780 194 1315    -2527424    -45          16     24   26  15  220   45  410    9  410    9  19  0  0 L3P EC
G30 FF 61157 135400  780 300 2881    -2023687   -144          20    -10   15   0  147  -20  387  -30  387  -30  13  0  0 L3P 33
G03 FF 61157 141000  780 356  312    -4871943    175          15     26   17  67  126   23  370   43  370   43  14  0  0 L3P 08
G04 FF 61157 141000  780 401 1207     -549470     -3          -2     11   19 110  114    4  290  -11  290  -11  17  0  0 L3P DB
G06 FF 61157 141000  780 244 2795     6080535    -22          29      4   30  77  177   17  442   50  442   50  29  0  0 L3P FE
G07 FF 61157 141000  780 604 2369     1781091     58           7     14   13  57   85    0  232   -9  232   -9  12  0  0 L3P BE
G09 FF 61157 141000  780 512 1698    -7559902     43           9      7   14  62   94   -3  250  -18  250  -18  12  0  0 L3P F4
G30 FF 61157 141000  780 341 2805    -2023824   -193          15    -59   18   1  131  -14  352   15  352   15  14  0  0 L3P 18
G03 FF 61157 142600  780 284  278    -4871806    143           9     -6   20  67  154   37  454  105  454  105  14  0  0 L3P 25
G04 FF 61157 142600  780 383 1113     -549482     -8           0      7   22 110  118    5  290   -4  290   -4  18  0  0 L3P B9
G06 FF 61157 142600  780 217 2872     6080518    -63          36    -37   20  77  198   27  500  101  500  101  17  0  0 L3P 38
G07 FF 61157 142600  780 595 2206     1781143     66          15     22   14  57   85    1  222  -22  222  -22  12  0  0 L3P E5
G09 FF 61157 142600  780 534 1584    -7559857     42          18      5   15  62   92   -2  230  -13  230  -13  12  0  0 L3P FF
G30 FF 61157 142600  780 378 2720    -2023942   -136          26     -2   22   1  120   -9  309  -30  309  -30  19  0  0 L3P 13
G03 FF 61157 144200  780 214  255    -4871668    160           4     11   25  67  201   64  587  166  587  166  19  0  0 L3P 35
G04 FF 61157 144200  780 361 1022     -549494    -40           2    -25   23 110  124    7  293   35  293   35  20  0  0 L3P ED
G06 FF 61157 144200  780 185 2945     6080483    -22          27      4   35  77  230   41  603  118  603  118  24  0  0 L3P 1F
G07 FF 61157 144200  780 574 2056     1781183     39          13     -5   15  57   87    3  213   -5  213   -5  14  0  0 L3P CC
G09 FF 61157 144200  780 551 1461    -7559824     33          17     -4   14  62   90   -2  223    6  223    6  12  0  0 L3P C6
G14 FF 61157 144200  780 261 3392    -7446454    -21          13    -10   39  91  167  -43  539 -130  539 -130  35  0  0 L3P 74
G30 FF 61157 144200  780 409 2628    -2024077    -74          19     60   14   1  112   -7  290  -77  290  -77  12  0  0 L3P 1A
G04 FF 61157 145800  780 336  934     -549509    -53           2    -38   28 110  133   10  304   49  304   49  24  0  0 L3P 05
G07 FF 61157 145800  780 546 1924     1781214     42           2     -2   15  57   90    4  211  -15  211  -15  14  0  0 L3P CE
G09 FF 61157 145800  780 563 1327    -7559798     19           7    -17   14  62   88   -1  224   10  224   10  12  0  0 L3P 00
G14 FF 61157 145800  780 333 3379    -7446455    -36          23    -25   30  91  134  -27  431  -64  431  -64  26  0  0 L3P 5B
G30 FF 61157 145800  780 435 2528    -2024204   -126          21      8   15   1  107   -5  259  -33  259  -33  12  0  0 L3P 0D
G04 FF 61157 151400  780 306  851     -549507    -26          18    -12   32 110  144   14  311   36  311   36  29  0  0 L3P 00
G07 FF 61157 151400  780 513 1808     1781251     45          -4      1   15  57   94    5  209   -9  209   -9  14  0  0 L3P C0
G09 FF 61157 151400  780 565 1186    -7559764     18           7    -18   14  62   88    0  222   17  222   17  12  0  0 L3P F3
G14 FF 61157 151400  780 408 3359    -7446488    -61           1    -50   26  91  113  -18  377  -12  377  -12  24  0  0 L3P 47
G21 FF 61157 151400  780 230 2235    -4149828    -39          23    -37   41  92  188  -44  296  -18  296  -18  35  0  0 L3P 66
G22 FF 61157 151400  780 240 3357      117808    -46          12     16   46   6  181  -49  614 -165  614 -165  44  0  0 L3P 3A
G30 FF 61157 151400  780 455 2424    -2024334   -128          20      6   13   1  103   -3  236  -28  236  -28  12  0  0 L3P FC
G04 FF 61157 153000  780 272  774     -549543     38          -4     53   36 110  160   20  366    6  366    6  26  0  0 L3P D4
G07 FF 61157 153000  780 479 1704     1781292     39          -6     -6   16  57   99    6  216   14  216   14  14  0  0 L3P E1
G08 FF 61157 153000  780 180 1028    -4538901     86          27     14   34  72  236   -3  396  -38  396  -38  28  0  0 L3P 3A
G09 FF 61157 153000  780 556 1045    -7559732     55           4     18   19  62   89    2  230    2  230    2  17  0  0 L3P B6
G14 FF 61157 153000  780 484 3327    -7446498      9           2     20   19  91   98  -12  318  -76  318  -76  18  0  0 L3P 20
G21 FF 61157 153000  780 283 2280    -4149840    -41          14    -39   22  92  155  -26  277   14  277   14  20  0  0 L3P 30
G22 FF 61157 153000  780 308 3338      117742   -120           7    -58   34   6  144  -30  485  -65  485  -65  29  0  0 L3P 28
G30 FF 61157 153000  780 470 2316    -2024473   -148          10    -14   17   1  100   -2  227   -3  227   -3  14  0  0 L3P EC
G04 FF 61157 154600  780 233  703     -549561    -23          -8     -9   39 110  185   31  429   87  429   87  31  0  0 L3P 13
G07 FF 61157 154600  780 445 1609     1781336     35          -4     -9   23  57  105    7  230   30  230   30  22  0  0 L3P D7
G08 FF 61157 154600  780 178 1100    -4538826     85          33     14   26  72  238    8  395  -17  395  -17  23  0  0 L3P 2F
G09 FF 61157 154600  780 536  911    -7559689     37          12      0   19  62   91    3  240   22  240   22  16  0  0 L3P CC
G14 FF 61157 154600  780 560 3280    -7446499    -41          12    -30   15  91   89   -8  271    3  271    3  13  0  0 L3P F3
G21 FF 61157 154600  780 330 2339    -4149841    -13          15    -11   23  92  135  -16  270    7  270    7  19  0  0 L3P 08
G22 FF 61157 154600  780 377 3309      117676    -64           1     -2   33   6  120  -20  395  -74  395  -74  31  0  0 L3P 00
G30 FF 61157 154600  780 481 2206    -2024607   -119           5     15   12   1   99   -1  225  -11  225  -11  13  0  0 L3P EC
G04 FF 61157 160200  780 191  638     -549550    -39          14    -24   37 111  223   50  485  114  485  114  31  0  0 L3P 33
G07 FF 61157 160200  780 411 1521     1781386     43           6     -1   17  63  112    8  248   37  248   37  15  0  0 L3P D4
G09 FF 61157 160200  780 504  790    -7559666     50          -3     14   23  67   95    5  272   19  272   19  21  0  0 L3P E5
G14 FF 61157 160200  780 636 3206    -7446515    -39          13    -28   15  92   82   -5  249   22  249   22  13  0  0 L3P 15
G21 FF 61157 160200  780 369 2414    -4149844    -14          12    -12   19  93  122  -10  275   14  275   14  15  0  0 L3P 27
G22 FF 61157 160200  780 447 3269      117617    -67           3     -4   14   7  104  -13  337  -52  337  -52  13  0  0 L3P F2
G30 FF 61157 160200  780 488 2095    -2024723   -116          18     18   18  19   98   -1  216    4  216    4  16  0  0 L3P F0
G05 FF 61157 161800  780 188 2298     2322844     35          -2     31   28  45  226  -44  345  -20  345  -20  24  0  0 L3P 22
G07 FF 61157 161800  780 379 1437     1781428     97           5     52   15  63  119    9  269  -14  269  -14  13  0  0 L3P 16
G09 FF 61157 161800  780 462  685    -7559624     23           3    -13   15  67  102    8  297   50  297   50  12  0  0 L3P F8
G14 FF 61157 161800  780 706 3082    -7446520      3          19     14   18  92   78   -3  240  -12  240  -12  16  0  0 L3P F5
G21 FF 61157 161800  780 396 2503    -4149852     35           6     37   16  93  115   -5  288  -17  288  -17  13  0  0 L3P 28
G22 FF 61157 161800  780 517 3212      117553    -57          -1      5   13   7   94   -9  301  -26  301  -26  10  0  0 L3P C1
G30 FF 61157 161800  780 492 1985    -2024861   -166           9    -31   25  19   97    0  239   33  239   33  20  0  0 L3P 11
G05 FF 61157 163400  780 221 2361     2322851    -10           1    -15   24  45  194  -24  350   25  350   25  21  0  0 L3P F3
G07 FF 61157 163400  780 348 1356     1781471     25           6    -19   19  63  128   10  296   42  296   42  16  0  0 L3P 0D
G09 FF 61157 163400  780 413  598    -7559573     65          19     28   25  67  111   12  322   17  322   17  22  0  0 L3P 0B
G14 FF 61157 163400  780 762 2852    -7446536    -12          14     -1   19  92   76   -1  237   -9  237   -9  13  0  0 L3P 03
G17 FF 61157 163400  780 238  143     1226111     90          40      3   23  62  181  -42  564 -130  564 -130  20  0  0 L3P 0A
G21 FF 61157 163400  780 410 2603    -4149846     29          15     31   24  93  112   -1  300   -6  300   -6  20  0  0 L3P DE
G22 FF 61157 163400  780 584 3132      117495    -68           1     -6   15   7   86   -6  279  -13  279  -13  13  0  0 L3P E3
G30 FF 61157 163400  780 493 1875    -2024988   -163          10    -29   17  19   97    0  239   26  239   26  14  0  0 L3P 2C
G05 FF 61157 165000  780 244 2432     2322852     46          -3     42   32  45  177  -13  372   -8  372   -8  25  0  0 L3P FA
G07 FF 61157 165000  780 319 1277     1781504     21          -4    -23   13  63  139   12  328   45  328   45  11  0  0 L3P 01
G09 FF 61157 165000  780 359  525    -7559545     46          13     10   22  67  125   18  372   35  372   35  17  0  0 L3P 0D
G14 FF 61157 165000  780 782 2472    -7446543      9          18     20   13  92   75    0  227  -24  227  -24  11  0  0 L3P F1
G17 FF 61157 165000  780 297  184     1226173     97          19     11   30  62  148  -28  482  -94  482  -94  26  0  0 L3P 31
G21 FF 61157 165000  780 408 2707    -4149846    -22          17    -19   28  93  112    2  323   41  323   41  25  0  0 L3P 0E
G22 FF 61157 165000  780 645 3015      117448    -55          14      7   12   7   81   -4  254  -18  254  -18   9  0  0 L3P C8
G30 FF 61157 165000  780 492 1765    -2025113   -114          14     20   16  19   97    0  239  -12  239  -12  14  0  0 L3P 0D
G05 FF 61157 170600  780 258 2511     2322867     23           8     19   24  45  168   -5  392    7  392    7  21  0  0 L3P D2
G07 FF 61157 170600  780 291 1200     1781549      3          -1    -41   25  63  151   14  353   67  353   67  20  0  0 L3P ED
G09 FF 61157 170600  780 300  466    -7559499     95          23     59   32  67  147   27  426   16  426   16  26  0  0 L3P 22
G14 FF 61157 170600  780 753 2125    -7446570     -2           2     10   11  92   76    2  240   -7  240   -7  10  0  0 L3P B2
G17 FF 61157 170600  780 360  228     1226258     96          21      9   27  62  125  -20  410  -69  410  -69  25  0  0 L3P 06
G21 FF 61157 170600  780 393 2808    -4149844      2          20      4   22  93  116    6  358   35  358   35  19  0  0 L3P E6
G22 FF 61157 170600  780 694 2840      117380    -69           7     -6   13   7   79   -2  256    2  256    2  11  0  0 L3P 9C
G30 FF 61157 170600  780 490 1656    -2025260   -145          -4    -11   13  19   97    1  261   18  261   18  12  0  0 L3P 00
G05 FF 61157 172200  780 260 2593     2322878    -35          14    -39   24  45  167    2  420   67  420   67  23  0  0 L3P 0E
G07 FF 61157 172200  780 263 1125     1781621     71          28     27   38  63  165   17  359    5  359    5  37  0  0 L3P EF
G09 FF 61157 172200  780 240  419    -7559458     33          30     -4   27  67  180   45  503  116  503  116  21  0  0 L3P 1B
G14 FF 61157 172200  780 698 1921    -7446580    -18           3     -7   12  92   78    3  242    7  242    7  10  0  0 L3P C5
G17 FF 61157 172200  780 424  280     1226344     87          24      0   14  62  109  -14  358  -36  358  -36  11  0  0 L3P FF
G19 FF 61157 172200  780 232   19    -6982908    -37          41    -27   20  75  186  -51  620 -146  620 -146  17  0  0 L3P 5D
G20 FF 61157 172200  780 241 2175    -1286602   -163          36     18   37 166  180  -46  372  -52  372  -52  33  0  0 L3P 65
G21 FF 61157 172200  780 366 2902    -4149847     -7          20     -4   18  93  123   10  403   58  403   58  14  0  0 L3P 02
G22 FF 61157 172200  780 720 2600      117320    -72           6    -10   10   7   77   -1  254    5  254    5   8  0  0 L3P 7A
G30 FF 61157 172200  780 486 1547    -2025374   -164          10    -30   18  19   98    1  249   35  249   35  16  0  0 L3P 1E
G05 FF 61157 173800  780 252 2675     2322915     31          47     27   31  45  172    8  428   33  428   33  28  0  0 L3P FB
G07 FF 61157 173800  780 235 1051     1781652     86          16     41   37  63  183   21  386  -19  386  -19  34  0  0 L3P 31
G14 FF 61157 173800  780 636 1799    -7446591      0           3     11   16  92   82    5  241   -4  241   -4  13  0  0 L3P C1
G17 FF 61157 173800  780 488  345     1226426     77          23     -9   17  62   98  -10  321  -37  321  -37  14  0  0 L3P 0E
G19 FF 61157 173800  780 300   48    -6982916    -29          43    -19   25  75  147  -32  491  -92  491  -92  22  0  0 L3P 4E
G20 FF 61157 173800  780 306 2180    -1286808   -219           3    -38   29 166  144  -29  363    2  363    2  23  0  0 L3P 2A
G21 FF 61157 173800  780 330 2987    -4149843    -10          26     -8   29  93  135   14  457   76  457   76  23  0  0 L3P 38
G22 FF 61157 173800  780 716 2334      117261    -44           7     18   15   7   78    1  243  -20  243  -20  14  0  0 L3P BF
G30 FF 61157 173800  780 479 1439    -2025500   -128          14      6   19  19   99    1  249   -1  249   -1  17  0  0 L3P F7
G05 FF 61157 175400  780 235 2756     2322926   -159          53   -164   44  45  183   16  479  246  479  246  42  0  0 L3P 89
G07 FF 61157 175400  780 206  980     1781713     57          34     13   42  63  207   28  386   17  386   17  35  0  0 L3P 05
G14 FF 61157 175400  780 573 1712    -7446604    -20           0     -9   18  92   87    6  246   24  246   24  16  0  0 L3P EA
G17 FF 61157 175400  780 549  430     1226503     90          17      3   13  62   90   -7  291  -36  291  -36  13  0  0 L3P DF
G19 FF 61157 175400  780 372   78    -6982948     19          21     29   22  75  122  -21  417 -105  417 -105  18  0  0 L3P 4A
G20 FF 61157 175400  780 372 2198    -1286980   -201           5    -20   23 166  122  -19  328   -8  328   -8  21  0  0 L3P 40
G21 FF 61157 175400  780 290 3063    -4149839     19          32     22   46  93  151   21  526   71  526   71  34  0  0 L3P 17
G22 FF 61157 175400  780 685 2113      117197    -60           4      3   17   7   79    2  237   -6  237   -6  14  0  0 L3P 9C
G30 FF 61157 175400  780 469 1332    -2025640    -86           3     48   18  19  101    2  261  -56  261  -56  15  0  0 L3P 0E
G05 FF 61157 181000  780 211 2833     2322893     14          11      9   26  47  203   25  605  107  605  107  19  0  0 L3P 04
G14 FF 61157 181000  780 512 1642    -7446604    -24          13    -13   18  93   94    8  230   -6  230   -6  15  0  0 L3P ED
G15 FF 61157 181000  780 198 2222    -4067782    -18          26     15   49  45  216  -59  372  -77  372  -77  41  0  0 L3P 5F
G17 FF 61157 181000  780 602  548     1226584     89          18      2   13  80   85   -4  267  -25  267  -25  11  0  0 L3P EA
G19 FF 61157 181000  780 447  111    -6982961    -22          18    -12   26 104  104  -15  361  -44  361  -44  25  0  0 L3P 45
G20 FF 61157 181000  780 438 2233    -1287139   -175          17      6   14 167  106  -13  293  -24  293  -24  11  0  0 L3P 4D
G21 FF 61157 181000  780 246 3132    -4149842      5          31      6   33  94  176   30  635  121  635  121  25  0  0 L3P 02
G22 FF 61157 181000  780 639 1952      117146    -77          11    -14   18   8   82    4  225   -9  225   -9  15  0  0 L3P CC
G30 FF 61157 181000  780 456 1227    -2025763   -128          11      6   20  21  103    3  245  -18  245  -18  17  0  0 L3P 09
G05 FF 61157 182600  780 182 2906     2322896    -10          10    -15   34  47  234   39  728  152  728  152  26  0  0 L3P 4A
G14 FF 61157 182600  780 455 1580    -7446617      6          11     18   30  93  103   10  219  -25  219  -25  27  0  0 L3P 15
G15 FF 61157 182600  780 251 2254    -4067826    -66          14    -33   31  45  173  -34  337   -6  337   -6  26  0  0 L3P 34
G17 FF 61157 182600  780 639  708     1226659     61          10    -25   17  80   82   -2  242   -8  242   -8  16  0  0 L3P E4
G19 FF 61157 182600  780 525  154    -6982970      5          10     15   24   6   93  -10  312  -63  312  -63  20  0  0 L3P E8
G20 FF 61157 182600  780 500 2290    -1287309   -187          20     -6   18 167   96   -9  269  -10  269  -10  16  0  0 L3P 48
G21 FF 61157 182600  780 202 3195    -4149841     -1          33      0   25  94  211   44  758  136  758  136  21  0  0 L3P 1E
G22 FF 61157 182600  780 586 1833      117074    -58           0      6   14   8   86    5  221  -18  221  -18  12  0  0 L3P B9
G30 FF 61157 182600  780 438 1125    -2025884   -143          18     -9   15  21  106    4  230    3  230    3  12  0  0 L3P D6
G14 FF 61157 184200  780 401 1521    -7446629    -16          10     -5   19  93  114   13  210    0  210    0  16  0  0 L3P CE
G15 FF 61157 184200  780 301 2299    -4067852      2          19     35   25  45  146  -22  304  -57  304  -57  23  0  0 L3P 26
G17 FF 61157 184200  780 650  899     1226746     89          14      2   18  80   81    0  213  -31  213  -31  17  0  0 L3P D5
G19 FF 61157 184200  780 603  215    -6982973    -13          16     -3   21   6   85   -7  262  -41  262  -41  18  0  0 L3P FB
G20 FF 61157 184200  780 556 2378    -1287489   -182          14     -2   19 167   89   -6  257  -14  257  -14  16  0  0 L3P 5D
G22 FF 61157 184200  780 533 1738      117015    -40           2     24   15   8   92    7  208  -40  208  -40  14  0  0 L3P B9
G30 FF 61157 184200  780 416 1026    -2026019   -102          12     32   26  21  111    5  235  -16  235  -16  23  0  0 L3P 08
G14 FF 61157 185800  780 350 1464    -7446650     -1           0     10   26  93  128   16  208  -20  208  -20  21  0  0 L3P FE
G15 FF 61157 185800  780 345 2358    -4067881    -18          22     15   21  45  130  -14  274  -38  274  -38  19  0  0 L3P 54
G17 FF 61157 185800  780 631 1083     1226826     89          11      2   16  80   83    2  192  -19  192  -19  15  0  0 L3P F1
G19 FF 61157 185800  780 677  316    -6982989    -17          11     -7   11   6   79   -4  226  -31  226  -31   9  0  0 L3P 06
G20 FF 61157 185800  780 598 2505    -1287667   -187          10     -7   19 167   85   -3  246   -5  246   -5  15  0  0 L3P 3A
G22 FF 61157 185800  780 480 1657      116960    -59           8      5   23   8   99    8  185  -21  185  -21  21  0  0 L3P D3
G30 FF 61157 185800  780 389  933    -2026158   -104           2     30   24  21  117    8  246  -25  246  -25  22  0  0 L3P 0B
G14 FF 61157 191400  780 304 1408    -7446639    -15          22     -4   20  93  145   20  178   -5  178   -5  17  0  0 L3P 0F
G15 FF 61157 191400  780 381 2432    -4067919    -34          15     -1   26  45  119   -9  263  -17  263  -17  23  0  0 L3P 31
G17 FF 61157 191400  780 587 1223     1226905     60           7    -26   23  80   86    5  176    4  176    4  21  0  0 L3P BA
G19 FF 61157 191400  780 739  508    -6982993     -7          17      3   34   6   77   -2  192  -31  192  -31  25  0  0 L3P F3
G20 FF 61157 191400  780 619 2667    -1287831   -297          19   -116   36 167   83   -1  232   57  232   57  23  0  0 L3P 5F
G22 FF 61157 191400  780 430 1584      116895    -75           4    -11   36   8  108   10  176   -7  176   -7  33  0  0 L3P E0
G30 FF 61157 191400  780 358  846    -2026282   -155           7    -21   23  21  126   11  251   29  251   29  21  0  0 L3P 07
G14 FF 61157 193000  780 261 1351    -7446683     10         -11     22   29  93  166   25  199  -17  199  -17  22  0  0 L3P 40
G15 FF 61157 193000  780 407 2520    -4067950    -38          17     -5   22  45  113   -5  244  -10  244  -10  20  0  0 L3P 10
G17 FF 61157 193000  780 529 1317     1226975     89          -6      2   20  80   92    8  164  -20  164  -20  17  0  0 L3P E5
G19 FF 61157 193000  780 765  836    -6983011     12           8     22   14   6   76    0  165  -40  165  -40  13  0  0 L3P CD
G20 FF 61157 193000  780 613 2841    -1288014   -187          10     -6   14 167   84    2  225    4  225    4  11  0  0 L3P E0
G22 FF 61157 193000  780 382 1515      116827    -33          -3     31   21   8  119   13  174  -33  174  -33  17  0  0 L3P EF
G30 FF 61157 193000  780 321  767    -2026426    -98          -8     36   29  21  138   15  268  -38  268  -38  25  0  0 L3P 35
G06 FF 61157 194600  780 254  469     6080004     37          25     63   38  82  171  -30  332 -157  332 -157  27  0  0 L3P 44
G14 FF 61157 194600  780 221 1293    -7446670     -6          12      6   29  93  194   33  176  -15  176  -15  20  0  0 L3P 1C
G15 FF 61157 194600  780 419 2619    -4067981    -21          17     12   27  45  110   -1  230  -24  230  -24  24  0  0 L3P 22
G17 FF 61157 194600  780 464 1375     1227058     91          -6      4   30  80  102   12  150  -17  150  -17  29  0  0 L3P FB
G19 FF 61157 194600  780 737 1156    -6983028      0           2     11   17   6   77    2  150  -31  150  -31  13  0  0 L3P C6
G20 FF 61157 194600  780 582 2996    -1288186   -189          11     -8   14 167   86    4  220    2  220    2  11  0  0 L3P FC
G22 FF 61157 194600  780 338 1448      116759    -31         -10     33   22   8  132   15  174  -38  174  -38  18  0  0 L3P 17
G24 FF 61157 194600  780 237 2191      159166   -205          -1    -25   33  41  182  -41  215  -31  215  -31  30  0  0 L3P 27
G30 FF 61157 194600  780 281  695    -2026555    -55          -9     79   30  21  156   22  273  -64  273  -64  25  0  0 L3P 31
G06 FF 61157 200200  780 300  536     6079957     -1           6     25   21  83  147  -21  257  -91  257  -91  18  0  0 L3P 03
G15 FF 61157 200200  780 417 2722    -4068015    -31          14      2   26  46  110    2  231  -11  231  -11  22  0  0 L3P D9
G17 FF 61157 200200  780 395 1409     1227145     92           0      6   19  85  116   17  142  -12  142  -12  17  0  0 L3P E4
G19 FF 61157 200200  780 677 1331    -6983037     -2           3      8   14  27   80    4  133  -23  133  -23  13  0  0 L3P CA
G20 FF 61157 200200  780 535 3117    -1288363   -173           5      7   18 168   92    7  222   -6  222   -6  15  0  0 L3P E6
G22 FF 61157 200200  780 296 1382      116722    -81          12    -17   26   9  148   19  148    2  148    2  19  0  0 L3P CD
G24 FF 61157 200200  780 294 2170      158990   -215          -5    -34   30  42  149  -28  184  -15  184  -15  23  0  0 L3P 36
G30 FF 61157 200200  780 236  630    -2026660   -198          18    -64   29  22  182   34  260   72  260   72  24  0  0 L3P 1B
G06 FF 61157 201800  780 343  612     6079935    -61          10    -34   18  83  130  -14  197  -13  197  -13  16  0  0 L3P 2E
G12 FF 61157 201800  780 230 2549     6078948    -12          22    -11   31  26  187  -22  286  -45  286  -45  28  0  0 L3P 4C
G15 FF 61157 201800  780 401 2822    -4068052    -32           9      1   20  46  114    5  237    2  237    2  16  0  0 L3P A5
G17 FF 61157 201800  780 326 1425     1227231    130           4     44   13  85  136   26  135  -47  135  -47  10  0  0 L3P 07
G19 FF 61157 201800  780 606 1414    -6983044    -21           6    -11   15  27   84    6  118   -5  118   -5  13  0  0 L3P E1
G20 FF 61157 201800  780 477 3208    -1288547   -185          -5     -4   21 168   99   10  239    9  239    9  17  0  0 L3P 1A
G22 FF 61157 201800  780 257 1317      116644   -111          -4    -48   26   9  168   23  156   37  156   37  19  0  0 L3P 09
G24 FF 61157 201800  780 355 2155      158808   -162         -14     19   21  42  126  -20  156  -48  156  -48  18  0  0 L3P 44
G06 FF 61157 203400  780 381  698     6079902      4           2     30   24  83  119   -9  161  -70  161  -70  21  0  0 L3P DE
G11 FF 61157 203400  780 279  211     3588056   -116          16     10   31 176  157  -32  299 -118  299 -118  26  0  0 L3P 75
G12 FF 61157 203400  780 257 2477     6078946    -22          21    -21   24  26  169  -17  239  -30  239  -30  22  0  0 L3P 42
G15 FF 61157 203400  780 374 2916    -4068085    -15           8     18   23  46  121    9  252    0  252    0  20  0  0 L3P C4
G17 FF 61157 203400  780 259 1428     1227314     26           4    -61   34  85  168   41  129   31  129   31  27  0  0 L3P FA
G19 FF 61157 203400  780 532 1453    -6983060     -8          -1      3   18  27   92    9  114  -11  114  -11  17  0  0 L3P DA
G20 FF 61157 203400  780 415 3279    -1288722   -176          -6      5   21 168  111   14  256   19  256   19  18  0  0 L3P 2E
G22 FF 61157 203400  780 221 1252      116584     30          -4     94   28   9  194   30  150  -91  150  -91  22  0  0 L3P DD
G24 FF 61157 203400  780 419 2149      158631   -194         -18    -13   21  42  110  -15  143    0  143    0  17  0  0 L3P F2
G06 FF 61157 205000  780 410  795     6079865    -28         -10     -2   17  83  112   -5  141  -23  141  -23  15  0  0 L3P 08
G11 FF 61157 205000  780 340  261     3587940   -147          21    -20   27 176  131  -22  203  -45  203  -45  21  0  0 L3P 33
G12 FF 61157 205000  780 283 2404     6078924    -16           0    -15   24  26  154  -14  202  -34  202  -34  21  0  0 L3P 0E
G15 FF 61157 205000  780 339 3002    -4068109      4          16     37   30  46  132   14  266    3  266    3  24  0  0 L3P C4
G19 FF 61157 205000  780 459 1467    -6983075    -55          -6    -45   27  27  102   13  106   29  106   29  24  0  0 L3P 30
G20 FF 61157 205000  780 353 3337    -1288905   -190         -16     -9   40 168  127   20  292   40  292   40  40  0  0 L3P 3D
G24 FF 61157 205000  780 486 2154      158459   -165         -16     16   18  42   98  -11  123  -26  123  -26  16  0  0 L3P 30
G06 FF 61157 210600  780 426  900     6079825    -13         -25     14   24  83  108   -2  131  -30  131  -30  21  0  0 L3P FE
G11 FF 61157 210600  780 402  318     3587813   -122          15      5   19 176  114  -15  157  -46  157  -46  16  0  0 L3P 32
G12 FF 61157 210600  780 310 2330     6078919     27          -3     29   28  26  142  -11  162  -55  162  -55  26  0  0 L3P 19
G15 FF 61157 210600  780 298 3078    -4068134    -11          23     22   28  46  147   20  297   35  297   35  20  0  0 L3P 20
G19 FF 61157 210600  780 390 1466    -6983088      5          -9     16   19  27  117   18   96  -23   96  -23  17  0  0 L3P 0D
G20 FF 61157 210600  780 291 3386    -1289062   -144           1     37   45 168  151   29  326   43  326   43  42  0  0 L3P 2E
G24 FF 61157 210600  780 555 2175      158290   -162         -12     19   12  42   89   -8  111  -17  111  -17  11  0  0 L3P 0C
G06 FF 61157 212200  780 428 1008     6079809    -62         -16    -36   24  83  108    1  101   19  101   19  21  0  0 L3P 05
G11 FF 61157 212200  780 464  387     3587683   -160           6    -33   16 176  101  -11  130  -11  130  -11  13  0  0 L3P 23
G12 FF 61157 212200  780 337 2256     6078912     -6         -10     -5   22  26  132  -10  133  -39  133  -39  20  0  0 L3P 11
G15 FF 61157 212200  780 255 3148    -4068167    -33          21      0   25  46  170   28  359   71  359   71  20  0  0 L3P 08
G19 FF 61157 212200  780 323 1455    -6983082      2           7     12   17  27  137   25   70  -29   70  -29  14  0  0 L3P E0
G20 FF 61157 212200  780 233 3432    -1289227   -166           9     15   22 168  185   44  397   83  397   83  16  0  0 L3P 43
G24 FF 61157 212200  780 624 2225      158121   -186          -7     -5   16  42   83   -5   96   -6   96   -6  14  0  0 L3P C0
G06 FF 61157 213800  780 414 1111     6079785    -22         -15      4   29  83  111    5   90  -16   90  -16  26  0  0 L3P E8
G11 FF 61157 213800  780 522  476     3587552   -161          -4    -35   16 176   93   -7  109   -4  109   -4  14  0  0 L3P 0D
G12 FF 61157 213800  780 365 2180     6078914     25          -6     26   22  26  123   -9  104  -53  104  -53  18  0  0 L3P 09
G15 FF 61157 213800  780 211 3212    -4068197     24          23     57   26  46  203   40  461   85  461   85  21  0  0 L3P 0A
G19 FF 61157 213800  780 261 1437    -6983104      8          -6     18   32  27  167   37   74  -30   74  -30  28  0  0 L3P FB
G24 FF 61157 213800  780 690 2324      157944   -192         -10    -11   13  42   79   -3   90    0   90    0  11  0  0 L3P B5
G06 FF 61157 215400  780 385 1203     6079765     -8         -10     18   26  83  118   10   75  -19   75  -19  24  0  0 L3P 0B
G11 FF 61157 215400  780 571  592     3587425   -139         -10    -13   14 176   88   -4   91   -4   91   -4  13  0  0 L3P F9
G12 FF 61157 215400  780 395 2103     6078912      7          -8      8   17  26  115   -8   90  -14   90  -14  15  0  0 L3P C8
G24 FF 61157 215400  780 741 2521      157758   -160         -22     21   17  42   77   -1   93  -23   93  -23  15  0  0 L3P F2
G06 FF 61157 222200  780 307 1325     6079725     -9          -8     17   25  84  144   22   60   -1   60   -1  22  0  0 L3P BB
G11 FF 61157 222200  780 614  869     3587206   -126         -13      1   17 177   84    0   72  -15   72  -15  15  0  0 L3P E9
G12 FF 61157 222200  780 452 1963     6078900     15         -16     16   19  59  103   -6   76  -27   76  -27  17  0  0 L3P 0A
G24 FF 61157 222200  780 737 3061      157462   -163         -17     17   16  43   77    2   88   -6   88   -6  12  0  0 L3P D2
G29 FF 61157 222200  780 225 2893     3320592    -60           6     12   28  31  191  -34  264 -107  264 -107  23  0  0 L3P 3F
G06 FF 61157 223800  780 253 1373     6079689    -24         -19      2   26  84  171   37   72   -3   72   -3  19  0  0 L3P EE
G11 FF 61157 223800  780 603 1037     3587086   -129         -11     -3   16 177   85    2   62   -6   62   -6  15  0  0 L3P E8
G12 FF 61157 223800  780 486 1876     6078904    -18         -12    -16   15  59   98   -5   66   12   66   12  12  0  0 L3P 03
G24 FF 61157 223800  780 681 3259      157303   -181          -3     -1   15  43   79    4   81    4   81    4  13  0  0 L3P 93
G25 FF 61157 223800  780 228 2238    -4268732      0         -17    -28   45 108  189  -35  103    0  103    0  38  0  0 L3P 0B
G29 FF 61157 223800  780 265 2823     3320510    -53          -6     20   26  31  164  -22  203  -66  203  -66  26  0  0 L3P 1F
G11 FF 61157 225400  780 568 1178     3586960   -143         -16    -17   20 177   88    5   64   16   64   16  18  0  0 L3P 1C
G12 FF 61157 225400  780 522 1782     6078910    -35          -4    -34   16  59   93   -5   59   35   59   35  15  0  0 L3P EE
G24 FF 61157 225400  780 611 3369      157131   -150          -1     31   24  43   84    6   88  -15   88  -15  23  0  0 L3P D6
G25 FF 61157 225400  780 274 2191    -4268696     48          -8     20   37 108  159  -26   92   -6   92   -6  34  0  0 L3P 16
G29 FF 61157 225400  780 300 2746     3320455    -86           8    -13   25  31  147  -15  154  -14  154  -14  23  0  0 L3P 24
G11 FF 61157 231000  780 517 1280     3586840   -114         -15     12   27 177   94    8   62  -14   62  -14  24  0  0 L3P 07
G12 FF 61157 231000  780 557 1676     6078907    -14          -6    -13   13  59   89   -4   63   14   63   14  12  0  0 L3P E1
G24 FF 61157 231000  780 535 3436      156947   -209         -12    -28   29  43   91    9  116   45  116   45  28  0  0 L3P 0E
G25 FF 61157 231000  780 323 2146    -4268664    -28          -3    -57   22 108  137  -20   88   58   88   58  18  0  0 L3P 32
G29 FF 61157 231000  780 331 2664     3320383    -48           6     24   23  31  134  -11  133  -43  133  -43  20  0  0 L3P 02
G05 FF 61157 232600  780 241  431     2322966    -20          -5    -24   31  49  179  -34  162  -30  162  -30  26  0  0 L3P 18
G11 FF 61157 232600  780 457 1348     3586719   -149         -15    -23   36 177  103   11   64   21   64   21  34  0  0 L3P 2A
G12 FF 61157 232600  780 589 1553     6078909     25          -2     26   10  59   86   -3   65  -22   65  -22   8  0  0 L3P DB
G21 FF 61157 232600  780 222  715    -4149882      6          20      8   37  96  193  -25  103  -15  103  -15  30  0  0 L3P F4
G24 FF 61157 232600  780 459 3483      156774   -227         -11    -47   35  43  102   14  151   91  151   91  32  0  0 L3P 27
G25 FF 61157 232600  780 377 2103    -4268618     -8          15    -36   20 108  120  -16   79   36   79   36  17  0  0 L3P 1D
G29 FF 61157 232600  780 358 2577     3320310    -35           3     38   18  31  125   -8  126  -37  126  -37  15  0  0 L3P 11
G05 FF 61157 234200  780 288  496     2322980     -3           4     -7   21  49  152  -23  123  -22  123  -22  16  0  0 L3P EB
G11 FF 61157 234200  780 392 1390     3586598   -133         -14     -7   24 177  116   17   61   11   61   11  21  0  0 L3P 0D
G12 FF 61157 234200  780 614 1410     6078912     17           1     18   12  59   84   -2   63  -14   63  -14  11  0  0 L3P BB
G21 FF 61157 234200  780 249  792    -4149863    -58          40    -57   43  96  174  -16   74   55   74   55  39  0  0 L3P 27
G24 FF 61157 234200  780 385 3520      156619   -148           7     32   16  43  118   20  195   59  195   59  15  0  0 L3P 0C
G25 FF 61157 234200  780 435 2062    -4268574     58          32     30   18 108  107  -12   65  -32   65  -32  16  0  0 L3P 1E
G29 FF 61157 234200  780 382 2486     3320242    -72           5      1   12  31  119   -6  112   -5  112   -5  11  0  0 L3P BB
