CGGTTS     GENERIC DATA FORMAT VERSION = 2E
REV DATE = 2025-11-01
RCVR = PolaRx5TR (5.6.0)     sbf2cggtts-1.5.0
CH = 80
IMS = PolaRx5TR
LAB = LRTE
X = 3967035.920 m
Y = -4390028.540 m
Z = -2375644.640 m
FRAME = ITRF
COMMENTS = LS=18; ElMask=10deg; 'Generated from the SBF in 2026-03-29 at 23:50:01'
INT DLY = 24.9 ns (GPS P1),  15.7 ns (GPS P2)     CAL_ID = 1201-2025
CAB DLY = 103.1 ns
REF DLY = 47.2 ns
REF = UTC(LRTE)
CKSUM = fe

SAT CL  MJD  STTIME TRKL ELV AZTH   REFSV      SRSV     REFSYS    SRSYS  DSG IOE MDTR SMDT MDIO SMDI MSIO SMSI ISG FR HC FRC CK
             hhmmss  s  .1dg .1dg    .1ns     .1ps/s     .1ns    .1ps/s .1ns     .1ns.1ps/s.1ns.1ps/s.1ns.1ps/s.1ns
G06 FF 61128 002200  780 317 1315     6123230    -23          25    -15   27  92  140   20  287   -7  287   -7  23  0  0 L3P F9
G11 FF 61128 002200  780 618  816     3916555   -144          18    -16   13  30   83   -1  475  -26  475  -26  12  0  0 L3P 19
G12 FF 61128 002200  780 452 1963     6079772     35          15     35   20  87  103   -6  253    7  253    7  22  0  0 L3P D2
G24 FF 61128 002200  780 743 2993      612386   -136          38     35   31  71   76    1  321 -189  321 -189  42  0  0 L3P 30
G29 FF 61128 002200  780 226 2901     3505162    -53           0     18   19 106  190  -34  245 -128  245 -128  18  0  0 L3P 4A
G06 FF 61128 003800  780 264 1366     6123234     -2          36      6   20  92  165   33  258  -44  258  -44  16  0  0 L3P 01
G11 FF 61128 003800  780 615  991     3916437   -107          23     22   22  30   84    1  360  -80  360  -80  24  0  0 L3P F4
G12 FF 61128 003800  780 486 1875     6079774    -26          17    -26   16  87   98   -5  311   20  311   20  14  0  0 L3P 0E
G24 FF 61128 003800  780 694 3217      612207   -163          24      8   31  71   79    3  237 -270  237 -270  55  0  0 L3P 18
G25 FF 61128 003800  780 224 2243    -4340091    -69          70    -96   39  53  192  -36  641   14  641   14  33  0  0 L3P 35
G29 FF 61128 003800  780 266 2830     3505109    -25          15     45   32 106  164  -22  455  330  455  330  34  0  0 L3P 45
G06 FF 61128 005400  780 206 1402     6123224   -109          34   -101   41  92  208   58  238   56  238   56  29  0  0 L3P 34
G11 FF 61128 005400  780 586 1144     3916312   -109          21     19   22  30   86    4  297 -119  297 -119  22  0  0 L3P 39
G12 FF 61128 005400  780 520 1781     6079788      1          30      1   19  87   93   -5  286    3  286    3  18  0  0 L3P AF
G24 FF 61128 005400  780 627 3344      612045   -174          26     -3   26  71   83    6  262  377  262  377  50  0  0 L3P 0E
G25 FF 61128 005400  780 269 2196    -4340109     30          26      3   38  53  162  -27  596  -75  596  -75  34  0  0 L3P 39
G29 FF 61128 005400  780 302 2753     3505032    -31           5     40   28 106  146  -15  578   78  578   78  39  0  0 L3P 2A
G11 FF 61128 011000  780 538 1257     3916182   -139          15    -10   42  30   91    7  220 -129  220 -129  70  0  0 L3P 2D
G12 FF 61128 011000  780 554 1674     6079776     -3          19     -3   15  87   89   -4  295  -29  295  -29  15  0  0 L3P 19
G21 FF 61128 011000  780 185  649    -4118923    -37          53    -14   29 190  229  -39  473 -159  473 -159  25  0  0 L3P 89
G24 FF 61128 011000  780 552 3419      611866   -173          13     -2   36  71   90    9  476 -137  476 -137  54  0  0 L3P 2D
G25 FF 61128 011000  780 318 2150    -4340070     -3          39    -30   28  53  139  -21  523  -50  523  -50  23  0  0 L3P 17
G29 FF 61128 011000  780 334 2671     3504946    -73         -13     -2   26 106  133  -11  654  -39  654  -39  28  0  0 L3P 4F
G05 FF 61128 012600  780 235  429     2309923    -54          15    -59   41  67  183  -35  711 -250  711 -250  33  0  0 L3P 50
G11 FF 61128 012600  780 479 1334     3916062   -119          18      9   27  30   99   10  224   -7  224   -7  24  0  0 L3P EF
G12 FF 61128 012600  780 585 1552     6079772     37          15     37   18  87   86   -3  283  -54  283  -54  17  0  0 L3P 22
G21 FF 61128 012600  780 216  721    -4118957    -63          40    -41   31 190  199  -26  377  -24  377  -24  27  0  0 L3P 55
G24 FF 61128 012600  780 476 3470      611703   -242          14    -70   37  71  100   12  529   85  529   85  40  0  0 L3P 15
G25 FF 61128 012600  780 371 2107    -4340046    -33          36    -60   16  53  122  -16  435  -35  435  -35  13  0  0 L3P 37
G29 FF 61128 012600  780 361 2584     3504888    -67          -3      4   23 106  125   -8  476 -230  476 -230  19  0  0 L3P 4F
G05 FF 61128 014200  780 282  494     2309944     38          30     32   35  67  155  -24  458 -209  458 -209  36  0  0 L3P 4C
G11 FF 61128 014200  780 415 1383     3915932   -116          11     12   39  30  111   15  228  -15  228  -15  36  0  0 L3P 1E
G12 FF 61128 014200  780 610 1411     6079777      2          20      2   17  87   84   -2  256  -24  256  -24  14  0  0 L3P D3
G21 FF 61128 014200  780 242  796    -4118958    -74          61    -51   36 190  179  -17  297   -8  297   -8  33  0  0 L3P 4B
G24 FF 61128 014200  780 401 3509      611524   -146           0     26   38  71  114   18  599  212  599  212  24  0  0 L3P 19
G25 FF 61128 014200  780 429 2066    -4340016     46          40     18   19  53  108  -12  342 -108  342 -108  16  0  0 L3P 44
G29 FF 61128 014200  780 384 2493     3504805   -113         -19    -43   17 106  118   -6  280 -160  280 -160  16  0  0 L3P 7B
G05 FF 61128 015800  780 327  567     2309943      0          24     -6   26  67  136  -17  378 -174  378 -174  33  0  0 L3P 3B
G11 FF 61128 015800  780 349 1411     3915802   -146           5    -18   22  30  128   22  218   -1  218   -1  18  0  0 L3P FA
G12 FF 61128 015800  780 625 1250     6079777     -6          20     -6   13  87   83   -1  239  -12  239  -12  12  0  0 L3P F7
G21 FF 61128 015800  780 261  877    -4119030    -11          11     12   26 190  166  -10  284  -89  284  -89  21  0  0 L3P 3E
G24 FF 61128 015800  780 329 3542      611379   -171          20      1   24  71  135   27  669  -70  669  -70  20  0  0 L3P 1B
G25 FF 61128 015800  780 490 2025    -4339998     61          32     34   17  53   97  -10  268 -100  268 -100  14  0  0 L3P 4A
G29 FF 61128 015800  780 404 2398     3504744    -25         -12     46   19 106  113   -4  156  -92  156  -92  20  0  0 L3P 44
G05 FF 61128 021400  780 368  649     2309945     11          24      6   21  68  122  -11  291  -22  291  -22  19  0  0 L3P FA
G11 FF 61128 021400  780 283 1425     3915705   -154          28    -26   33  31  155   34  184   -8  184   -8  26  0  0 L3P 21
G12 FF 61128 021400  780 625 1078     6079788     -8          30     -8   18  88   83    1  196  -31  196  -31  17  0  0 L3P 03
G18 FF 61128 021400  780 253 3193     3903353    -77          66     17   31 235  171  -41  248  165  248  165  36  0  0 L3P 5C
G21 FF 61128 021400  780 273  960    -4119025     33          37     56   27 191  160   -4  193 -119  193 -119  24  0  0 L3P 42
G24 FF 61128 021400  780 260 3574      611213   -133          17     39   24  72  168   41  609  -69  609  -69  20  0  0 L3P 2C
G25 FF 61128 021400  780 555 1985    -4339987      8          17    -19   19  54   89   -7  218  -36  218  -36  16  0  0 L3P 37
G29 FF 61128 021400  780 420 2302     3504681    -49          -7     22   23 107  110   -3  135  -19  135  -19  20  0  0 L3P 10
G05 FF 61128 023000  780 402  741     2309948     -8          22    -14   26  68  114   -7  223  -79  223  -79  24  0  0 L3P 0B
G11 FF 61128 023000  780 218 1426     3915554   -200           1    -72   26  31  197   56  172   33  172   33  19  0  0 L3P 0A
G12 FF 61128 023000  780 608  910     6079784      8          26      8   23  88   84    2  176  -32  176  -32  16  0  0 L3P CE
G18 FF 61128 023000  780 316 3145     3903223    -95          26     -1   19 235  140  -25  550   48  550   48  26  0  0 L3P 20
G21 FF 61128 023000  780 274 1043    -4119064    -45          20    -22   42 191  159    2  180   -8  180   -8  37  0  0 L3P 07
G24 FF 61128 023000  780 195    5      611055   -172          24      0   28  72  219   69  587   12  587   12  19  0  0 L3P C7
G25 FF 61128 023000  780 625 1942    -4339970      9           9    -19   13  54   83   -6  170  -51  170  -51  13  0  0 L3P FA
G29 FF 61128 023000  780 434 2205     3504615   -102          -5    -32   16 107  107   -3  144   18  144   18  15  0  0 L3P 14
G05 FF 61128 024600  780 425  843     2309956     21          25     16   21  68  109   -4  178  -46  178  -46  17  0  0 L3P 13
G12 FF 61128 024600  780 575  764     6079780     15          23     15   16  88   87    4  168  -30  168  -30  15  0  0 L3P F8
G18 FF 61128 024600  780 376 3084     3903133    -78          26     16   25 235  120  -17  449 -242  449 -242  20  0  0 L3P 6F
G21 FF 61128 024600  780 264 1124    -4119071    -41          35    -18   38 191  165    9  160   -8  160   -8  37  0  0 L3P 17
G25 FF 61128 024600  780 698 1892    -4339947     43           5     15   12  54   78   -4  132  -43  132  -43  11  0  0 L3P 09
G28 FF 61128 024600  780 207 2375     5679765    -91          39     -6   39  50  206  -26  383  -90  383  -90  37  0  0 L3P 56
G29 FF 61128 024600  780 447 2106     3504545    -34          -8     37   24 107  104   -2  153  -32  153  -32  22  0  0 L3P 1B
G05 FF 61128 030200  780 434  951     2309965    -14          28    -19   30  68  107    0  158   11  158   11  27  0  0 L3P EE
G12 FF 61128 030200  780 530  643     6079777      3          20      3   26  88   92    6  169    7  169    7  20  0  0 L3P 8C
G18 FF 61128 030200  780 433 3009     3903051   -109          35    -15   43 235  107  -11  271 -102  271 -102  27  0  0 L3P 63
G21 FF 61128 030200  780 243 1199    -4119098    -10          30     13   23 191  178   18  150  -32  150  -32  20  0  0 L3P 25
G25 FF 61128 030200  780 774 1812    -4339909     50          17     23   14  54   75   -2  100  -50  100  -50  13  0  0 L3P F4
G28 FF 61128 030200  780 229 2446     5679682    -62          38     23   27  50  188  -14  328  -45  328  -45  23  0  0 L3P 4B
G29 FF 61128 030200  780 458 2006     3504485    -69          -1      1   19 107  102   -2  141    0  141    0  18  0  0 L3P BD
G05 FF 61128 031800  780 428 1058     2309966     -7          23    -13   21  68  108    3  155   12  155   12  18  0  0 L3P EF
G12 FF 61128 031800  780 476  548     6079794     15          37     15   18  88  100   10  163  -11  163  -11  15  0  0 L3P 07
G18 FF 61128 031800  780 484 2916     3902954   -104          29    -10   16 235   98   -7  201  -40  201  -40  14  0  0 L3P 38
G21 FF 61128 031800  780 213 1266    -4119117    -12          33     10   29 191  201   32  131  -43  131  -43  24  0  0 L3P 19
G25 FF 61128 031800  780 847 1561    -4339896     78           4     50   33  54   74   -1   94  -51   94  -51  33  0  0 L3P F3
G28 FF 61128 031800  780 242 2523     5679604    -77          41      8   33  50  179   -5  364   28  364   28  25  0  0 L3P 0D
G29 FF 61128 031800  780 468 1905     3504414    -70          -4      0   17 107  101   -2  135   -2  135   -2  14  0  0 L3P DB
G05 FF 61128 033400  780 406 1156     2309978    -17          30    -23   22  68  113    7  154   26  154   26  22  0  0 L3P FF
G12 FF 61128 033400  780 415  474     6079792    -27          35    -27   21  88  111   14  178   36  178   36  16  0  0 L3P 19
G18 FF 61128 033400  780 526 2803     3902873    -91          38      4   19 235   92   -5  167  -22  167  -22  16  0  0 L3P 1C
G23 FF 61128 033400  780 207 3521    -6296802    -82          46    -36   47 214  208  -68  308  564  308  564  60  0  0 L3P 7C
G25 FF 61128 033400  780 848  511    -4339868     47           5     20   13  54   74    1  100   -6  100   -6  11  0  0 L3P AA
G28 FF 61128 033400  780 244 2603     5679515   -133          34    -48   27  50  177    2  362   35  362   35  26  0  0 L3P 23
G29 FF 61128 033400  780 478 1802     3504353    -66           3      5   17 107   99   -1  121   -3  121   -3  14  0  0 L3P CB
G05 FF 61128 035000  780 371 1240     2309986     11          32      5   24  68  122   12  149   -7  149   -7  22  0  0 L3P D7
G12 FF 61128 035000  780 351  416     6079787     16          29     16   24  88  128   21  208   12  208   12  19  0  0 L3P EF
G18 FF 61128 035000  780 558 2671     3902774    -86          30      8   19 235   89   -3  158  -24  158  -24  18  0  0 L3P 2C
G23 FF 61128 035000  780 277 3531    -6296855    -76          36    -31   18 214  158  -39  320  -87  320  -87  15  0  0 L3P 75
G25 FF 61128 035000  780 771  258    -4339843     36           4      9   13  54   75    3  110    7  110    7  11  0  0 L3P 85
G28 FF 61128 035000  780 236 2684     5679324   -171         -75    -86   43  50  183    9  485  108  485  108  38  0  0 L3P 72
G29 FF 61128 035000  780 487 1697     3504277    -81          -5    -11   20 107   98   -1  144   17  144   17  18  0  0 L3P 17
G05 FF 61128 040600  780 326 1307     2309982     20          22     14   25  81  136   19  145  -16  145  -16  22  0  0 L3P 08
G12 FF 61128 040600  780 285  372     6079784     -3          22     -3   33  89  154   34  232   17  232   17  27  0  0 L3P E7
G18 FF 61128 040600  780 576 2524     3902671   -120          18    -25   10 236   87   -1  148    0  148    0   9  0  0 L3P EA
G23 FF 61128 040600  780 352 3538    -6296918    -36          15      9   24 215  127  -25  227  -98  227  -98  20  0  0 L3P 5A
G25 FF 61128 040600  780 688  189    -4339807     57          15     30   18  55   79    5  104  -17  104  -17  14  0  0 L3P 01
G28 FF 61128 040600  780 219 2762     5679372   -166          56    -80   70  51  195   17  392  169  392  169  74  0  0 L3P 80
G29 FF 61128 040600  780 494 1589     3504218    -77           3     -7   20 108   97   -1  138   15  138   15  19  0  0 L3P 00
G05 FF 61128 042200  780 274 1358     2310004     -8          39    -13   18  81  159   30  126    5  126    5  15  0  0 L3P D0
G12 FF 61128 042200  780 219  338     6079798   -100          36   -100   33  89  196   58  252   98  252   98  26  0  0 L3P 4B
G18 FF 61128 042200  780 580 2371     3902583    -75          21     19   12 236   87    0  136  -19  136  -19  11  0  0 L3P 13
G23 FF 61128 042200  780 431 3541    -6296957    -54          20     -9   19 215  108  -17  161 -124  161 -124  19  0  0 L3P 6E
G25 FF 61128 042200  780 604  156    -4339791     33           5      6   30  55   85    7  123   16  123   16  29  0  0 L3P B0
G26 FF 61128 042200  780 227 2236     3467377     41          43     -9   46  81  190  -46  230   27  230   27  38  0  0 L3P 0D
G28 FF 61128 042200  780 196 2838     5679281   -103          47    -17   31  51  217   28  492   85  492   85  27  0  0 L3P 50
G29 FF 61128 042200  780 498 1477     3504169    -43          22     28   21 108   96    0  108  -58  108  -58  18  0  0 L3P 26
G05 FF 61128 043800  780 218 1395     2310011     -9          40    -14   40  81  197   51  118   11  118   11  33  0  0 L3P EA
G15 FF 61128 043800  780 202  765    -3983299    -78          28    -45   27  18  211  -25  149   29  149   29  24  0  0 L3P 44
G18 FF 61128 043800  780 572 2223     3902493    -69          21     26   17 236   87    1  135  -41  135  -41  14  0  0 L3P 15
G23 FF 61128 043800  780 513 3540    -6297011    -46          10     -1   20 215   94  -11  117   -8  117   -8  17  0  0 L3P 03
G25 FF 61128 043800  780 522  137    -4339756     26          14     -1   20  55   93   11  126    2  126    2  17  0  0 L3P B2
G26 FF 61128 043800  780 282 2271     3467421     81          40     31   31  81  155  -28  230  -37  230  -37  28  0  0 L3P 1F
G29 FF 61128 043800  780 499 1363     3504081    -43          21     27   14  18   96    0  107  -39  107  -39  12  0  0 L3P 07
G10 FF 61128 045400  780 214 3371     5902810    -31         -13    -28   56  48  201  -64  296 -103  296 -103  55  0  0 L3P 67
G15 FF 61128 045400  780 223  839    -3983343    -98          16    -65   30  18  192  -16  145   35  145   35  27  0  0 L3P 35
G18 FF 61128 045400  780 555 2086     3902399    -99          18     -5   16 236   89    2  128  -19  128  -19  14  0  0 L3P 33
G23 FF 61128 045400  780 598 3535    -6297048    -45          16      0   27 215   85   -8  102  -17  102  -17  27  0  0 L3P 25
G25 FF 61128 045400  780 441  127    -4339736     36           7      9   40  55  106   16  129  -12  129  -12  36  0  0 L3P F0
G26 FF 61128 045400  780 334 2320     3467459     -1          29    -51   20  81  133  -18  212   11  212   11  19  0  0 L3P FB
G29 FF 61128 045400  780 495 1247     3504016   -117          24    -47   16  18   97    1   96   49   96   49  13  0  0 L3P FF
G10 FF 61128 051000  780 285 3352     5902801      8         -19     11   26  48  154  -37  205  -73  205  -73  21  0  0 L3P 14
G15 FF 61128 051000  780 238  917    -3983361     39          29     72   30  18  181   -8  130  -75  130  -75  29  0  0 L3P 1B
G18 FF 61128 051000  780 531 1962     3902314    -81          23     13   18 236   92    3  126   10  126   10  15  0  0 L3P DE
G23 FF 61128 051000  780 685 3526    -6297104    -85           4    -40   16 215   79   -5  115   40  115   40  13  0  0 L3P 05
G25 FF 61128 051000  780 362  123    -4339704     57          13     29   25  55  124   24  131  -25  131  -25  20  0  0 L3P F9
G26 FF 61128 051000  780 380 2385     3467498     68          20     18   24  81  119  -12  198  -34  198  -34  20  0  0 L3P 38
G29 FF 61128 051000  780 485 1131     3503935    -77          11     -6   22  18   98    2  110    4  110    4  21  0  0 L3P A6
G10 FF 61128 052600  780 357 3324     5902811     -2          -6      1   44  48  126  -23  144  -44  144  -44  41  0  0 L3P F9
G15 FF 61128 052600  780 245  995    -3983393    -52          30    -19   23  18  176   -2  118    3  118    3  19  0  0 L3P F8
G18 FF 61128 052600  780 504 1851     3902218   -105          18    -11   22 236   95    4  128   -2  128   -2  20  0  0 L3P FC
G23 FF 61128 052600  780 772 3512    -6297153    -63          -2    -18   29 215   75   -3  109   12  109   12  28  0  0 L3P 1C
G25 FF 61128 052600  780 287  124    -4339683     40           8     13   30  55  153   37  131  -18  131  -18  23  0  0 L3P FB
G26 FF 61128 052600  780 416 2468     3467546     36          20    -14   21  81  111   -7  186   -7  186   -7  18  0  0 L3P 09
G29 FF 61128 052600  780 468 1019     3503868    -70          11      0   20  18  101    4  105   -3  105   -3  18  0  0 L3P C5
G10 FF 61128 054200  780 430 3284     5902800     35         -13     38   17  48  108  -15  123  -33  123  -33  17  0  0 L3P 1D
G15 FF 61128 054200  780 243 1073    -3983405    -48          49    -15   23  18  178    5   90   26   90   26  17  0  0 L3P FB
G16 FF 61128 054200  780 233 2253    -2347959    -20          21     52   38   4  185  -39  197  -53  197  -53  36  0  0 L3P 41
G18 FF 61128 054200  780 475 1750     3902134    -96          25     -2   16 236  100    5  109    3  109    3  14  0  0 L3P D3
G23 FF 61128 054200  780 860 3472    -6297165    -45          30      1   21 215   74   -1   72    2   72    2  20  0  0 L3P A8
G25 FF 61128 054200  780 215  130    -4339640     16          25    -12   26  55  200   63  124   27  124   27  19  0  0 L3P F0
G26 FF 61128 054200  780 441 2565     3467598     72          24     22   21  81  106   -3  169  -22  169  -22  18  0  0 L3P 1C
G29 FF 61128 054200  780 443  913     3503816    -71          27      0   23  18  105    5   88    2   88    2  21  0  0 L3P 89
G10 FF 61128 055800  780 504 3227     5902805     -4          -5     -1   19  48   95  -10  104  -17  104  -17  16  0  0 L3P F8
G15 FF 61128 055800  780 231 1147    -3983452     -1          34     32   24  18  186   13   96  -36   96  -36  23  0  0 L3P 08
G16 FF 61128 055800  780 282 2302    -2348032    -73          17     -1   30   4  155  -24  192   -4  192   -4  26  0  0 L3P F6
G18 FF 61128 055800  780 447 1656     3902045   -117          26    -23   21 236  104    5   99  -11   99  -11  18  0  0 L3P 29
G23 FF 61128 055800  780 852 1726    -6297222    -65          17    -20   12 215   74    1   81    7   81    7  11  0  0 L3P CC
G26 FF 61128 055800  780 450 2674     3467648     50          26      0   19  81  104    0  152  -18  152  -18  18  0  0 L3P F9
G29 FF 61128 055800  780 412  815     3503752   -103          30    -32   26  18  112    8   80   19   80   19  21  0  0 L3P D8
G10 FF 61128 061400  780 574 3145     5902803    -14          -9    -11   13  49   87   -7   85    4   85    4  13  0  0 L3P B8
G15 FF 61128 061400  780 210 1215    -3983487    -76          35    -43   31  29  204   24   83   23   83   23  25  0  0 L3P FF
G16 FF 61128 061400  780 324 2364    -2348099    -57          18     15   21   5  137  -15  179  -27  179  -27  19  0  0 L3P 43
G18 FF 61128 061400  780 420 1567     3901965    -73          38     21   17 237  110    6   79  -18   79  -18  15  0  0 L3P 14
G23 FF 61128 061400  780 767 1687    -6297278    -27           8     19   16 216   76    3   92  -22   92  -22  14  0  0 L3P 08
G26 FF 61128 061400  780 443 2785     3467686     18          13    -32   21  83  105    3  139    4  139    4  18  0  0 L3P E0
G29 FF 61128 061400  780 373  727     3503662    -53           4     17   23  19  121   12   90   -3   90   -3  19  0  0 L3P B2
G10 FF 61128 063000  780 638 3024     5902804    -13          -5     -9   13  49   82   -4   78   11   78   11  12  0  0 L3P BD
G15 FF 61128 063000  780 181 1276    -3983512    -31          42      2   27  29  235   41   69  -14   69  -14  22  0  0 L3P FA
G16 FF 61128 063000  780 358 2441    -2348164    -88          22    -16   19   5  126   -9  160    3  160    3  17  0  0 L3P E6
G18 FF 61128 063000  780 393 1481     3901860   -115          23    -21   20 237  116    7   84    6   84    6  18  0  0 L3P E0
G23 FF 61128 063000  780 684 1661    -6297321    -50           8     -5   18 216   79    5   83  -10   83  -10  15  0  0 L3P E7
G26 FF 61128 063000  780 423 2891     3467729     31           8    -19   24  83  109    6  129    0  129    0  20  0  0 L3P C5
G29 FF 61128 063000  780 330  649     3503612    -91          22    -21   34  19  135   17   74   10   74   10  29  0  0 L3P D4
G10 FF 61128 064600  780 688 2843     5902795      4         -11      7   13  49   79   -2   87   -3   87   -3  11  0  0 L3P BA
G16 FF 61128 064600  780 379 2530    -2348232    -49          23     23   28   5  119   -4  147  -34  147  -34  25  0  0 L3P 22
G18 FF 61128 064600  780 368 1398     3901771    -95          24     -1   16 237  122    7   77  -10   77  -10  13  0  0 L3P 08
G23 FF 61128 064600  780 605 1634    -6297363    -40          10      6   14 216   85    7   77   -5   77   -5  11  0  0 L3P CE
G26 FF 61128 064600  780 390 2986     3467775     47           6     -3   24  83  117   10  123   -1  123   -1  19  0  0 L3P E5
G27 FF 61128 064600  780 231 2176      852599    100          24    -41   42  29  186  -47  123   15  123   15  38  0  0 L3P 1C
G29 FF 61128 064600  780 281  581     3503532    -59           9     12   28  19  156   26   83  -11   83  -11  24  0  0 L3P E5
G32 FF 61128 064600  780 215   35      251821   -210           4    -19   23 104  200  -57  108   17  108   17  17  0  0 L3P E5
G10 FF 61128 070200  780 713 2596     5902797     17          -5     21    9  49   78    0   85   -9   85   -9   8  0  0 L3P A5
G16 FF 61128 070200  780 388 2628    -2348296    -38          28     34   24   5  117    0  139  -21  139  -21  21  0  0 L3P 11
G18 FF 61128 070200  780 344 1317     3901681   -121          25    -27   19 237  130    8   72   33   72   33  15  0  0 L3P FC
G23 FF 61128 070200  780 530 1605    -6297408    -21           9     25   23 216   92    9   75  -19   75  -19  20  0  0 L3P F0
G26 FF 61128 070200  780 350 3071     3467823     45           6     -5   33  83  128   14  124    7  124    7  24  0  0 L3P BC
G27 FF 61128 070200  780 293 2167      852734    162          24     21   28  29  150  -30  101  -46  101  -46  25  0  0 L3P 16
G29 FF 61128 070200  780 229  523     3503479   -101          24    -30   38  19  188   43   77   39   77   39  33  0  0 L3P 09
G32 FF 61128 070200  780 279   65      251662   -203          28    -12   30 104  157  -36   80    4   80    4  24  0  0 L3P B9
G10 FF 61128 071800  780 705 2330     5902803      4           4      7   10  49   78    1   74  -18   74  -18  10  0  0 L3P 93
G16 FF 61128 071800  780 383 2728    -2348361    -42          31     30   22   5  118    3  134  -30  134  -30  18  0  0 L3P FC
G18 FF 61128 071800  780 320 1236     3901593   -111          27    -16   24 237  138    9   71   -8   71   -8  18  0  0 L3P 02
G23 FF 61128 071800  780 459 1573    -6297452    -30           9     15   21 216  102   12   71  -24   71  -24  19  0  0 L3P 0B
G26 FF 61128 071800  780 306 3146     3467870     80           5     30   21  83  144   20  122  -30  122  -30  14  0  0 L3P ED
G27 FF 61128 071800  780 357 2167      852870    108          25    -33   21  29  126  -21   92   30   92   30  18  0  0 L3P F8
G32 FF 61128 071800  780 348   96      251476   -168          25     23   23 104  129  -24   78  -29   78  -29  20  0  0 L3P 10
G10 FF 61128 073400  780 671 2115     5902806      0          10      4   12  49   80    3   71   -1   71   -1  11  0  0 L3P 65
G16 FF 61128 073400  780 365 2826    -2348434    -56          28     15   21   5  123    7  131  -15  131  -15  17  0  0 L3P 06
G18 FF 61128 073400  780 296 1157     3901528    -81          54     14   29 237  148   11   46   -4   46   -4  24  0  0 L3P FB
G23 FF 61128 073400  780 392 1538    -6297493    -59          11    -13   22 216  116   16   67   16   67   16  20  0  0 L3P 1E
G26 FF 61128 073400  780 260 3214     3467932     33          19    -17   23  83  167   29  111   20  111   20  18  0  0 L3P FE
G27 FF 61128 073400  780 423 2178      853005    185          25     44   27  29  109  -15   82  -57   82  -57  24  0  0 L3P 14
G32 FF 61128 073400  780 420  129      251291   -184          23      7   33 104  110  -16   74   -7   74   -7  31  0  0 L3P C5
G10 FF 61128 075000  780 622 1959     5902794    -13           1    -10   14  49   83    4   76    1   76    1  13  0  0 L3P 97
G16 FF 61128 075000  780 337 2916    -2348505    -73          26     -1   23   5  132   12  133   -3  133   -3  20  0  0 L3P DD
G18 FF 61128 075000  780 272 1080     3901432   -131          48    -37   48 237  160   14   56   31   56   31  45  0  0 L3P 12
G23 FF 61128 075000  780 331 1501    -6297527    -77          21    -31   29 216  135   22   58   15   58   15  24  0  0 L3P 11
G26 FF 61128 075000  780 214 3275     3467981     60          20     10   51  83  200   41  110  -19  110  -19  42  0  0 L3P FE
G27 FF 61128 075000  780 490 2207      853142    152          27     11   23  29   97  -10   76  -22   76  -22  20  0  0 L3P E6
G32 FF 61128 075000  780 495  170      251105   -188          21      3   19 104   97  -11   73  -11   73  -11  15  0  0 L3P D6
G08 FF 61128 080600  780 237 2210    -4707321     44          13    -19   29  42  182  -45   91    7   91    7  24  0  0 L3P DC
G10 FF 61128 080600  780 567 1844     5902800    -14           9    -10   13  50   88    6   65   -1   65   -1  12  0  0 L3P AA
G16 FF 61128 080600  780 301 2999    -2348575    -62          25     10   29  16  146   18  129  -12  129  -12  23  0  0 L3P 38
G18 FF 61128 080600  780 246 1004     3901320    -65          27     29   36 238  175   18   74  -16   74  -16  31  0  0 L3P 17
G23 FF 61128 080600  780 273 1460    -6297594    -27          -4     19   25 217  160   30   71   -8   71   -8  20  0  0 L3P FC
G27 FF 61128 080600  780 556 2260      853275    140          24     -1   18  32   89   -7   69   -5   69   -5  15  0  0 L3P C6
G32 FF 61128 080600  780 571  226      250923   -218          21    -27   17 109   88   -8   64   19   64   19  15  0  0 L3P E8
G08 FF 61128 082200  780 297 2236    -4707268     57           6     -6   31  42  148  -28   90   -1   90   -1  27  0  0 L3P DF
G10 FF 61128 082200  780 512 1752     5902794      5           6      8   20  50   94    7   61   -6   61   -6  18  0  0 L3P 76
G16 FF 61128 082200  780 260 3074    -2348631    -60          38     12   36  16  167   26  120   -8  120   -8  27  0  0 L3P 04
G18 FF 61128 082200  780 219  930     3901243    -45          27     50   32 239  196   25   69   -9   69   -9  27  0  0 L3P F7
G23 FF 61128 082200  780 221 1417    -6297611    -59          22    -13   41 217  195   43   50   38   50   38  35  0  0 L3P 10
G27 FF 61128 082200  780 617 2351      853410    129          24    -12   16  32   84   -5   71    7   71    7  14  0  0 L3P A5
G32 FF 61128 082200  780 644  313      250736   -189           6      2   12  11   82   -5   60    1   60    1  10  0  0 L3P 57
G08 FF 61128 083800  780 355 2276    -4707208     40           6    -23   32  42  126  -18   85   24   85   24  28  0  0 L3P FB
G10 FF 61128 083800  780 459 1672     5902791     30           6     33   17  50  102    9   68  -23   68  -23  16  0  0 L3P D9
G16 FF 61128 083800  780 218 3143    -2348709    -31          29     40   20  16  197   37  124  -30  124  -30  17  0  0 L3P 2B
G18 FF 61128 083800  780 189  859     3901142   -106          17    -12   44 239  225   36  112   46  112   46  35  0  0 L3P 33
G27 FF 61128 083800  780 665 2500      853543    116          21    -25   15  32   80   -2   72   18   72   18  14  0  0 L3P CD
G32 FF 61128 083800  780 709  465      250551   -210           5    -19   10  11   78   -3   63   20   63   20   8  0  0 L3P 98
G08 FF 61128 085400  780 409 2334    -4707150     69           5      6   26  42  112  -12   90   -6   90   -6  22  0  0 L3P C2
G10 FF 61128 085400  780 409 1600     5902791    -18          10    -14   24  50  112   11   73   27   73   27  21  0  0 L3P DD
G27 FF 61128 085400  780 687 2710      853681    122          24    -19   16  32   79    0   69   13   69   13  13  0  0 L3P D3
G32 FF 61128 085400  780 747  731      250362   -263          -1    -72   17  11   76   -1   73   51   73   51  12  0  0 L3P BC
G02 FF 61128 091000  780 221 2192     -677041    -50          32     29   31  14  194  -46  101    6  101    6  30  0  0 L3P CB
G08 FF 61128 091000  780 455 2412    -4707082     59          12     -4   18  42  103   -8   95   21   95   21  16  0  0 L3P D8
G10 FF 61128 091000  780 362 1532     5902785    -15           7    -11   23  50  124   14  100   53  100   53  22  0  0 L3P DD
G27 FF 61128 091000  780 675 2935      853817    154          24     13   14  32   80    2   78    8   78    8  12  0  0 L3P A4
G32 FF 61128 091000  780 739 1051      250186   -108           6     83   22  11   77    1   80  -28   80  -28  16  0  0 L3P C3
G02 FF 61128 092600  780 278 2154     -677135    -66          13     13   34  14  157  -32  136  -22  136  -22  29  0  0 L3P 2A
G08 FF 61128 092600  780 490 2514    -4707031     53           3     -9   18  42   97   -4  106   10  106   10  16  0  0 L3P D0
G10 FF 61128 092600  780 318 1466     5902793      8          18     12   16  50  139   17  129   25  129   25  15  0  0 L3P F6
G27 FF 61128 092600  780 632 3114      853951    127          23    -13   14  32   82    4   96   35   96   35  11  0  0 L3P C8
G28 FF 61128 092600  780 221  368     5677706    -73          14     12   28  54  194  -40  196    9  196    9  21  0  0 L3P 00
G32 FF 61128 092600  780 690 1269      250015   -210          19    -19   13  11   79    3   85   28   85   28  12  0  0 L3P D2
G02 FF 61128 094200  780 339 2119     -677216   -170           8    -91   18  14  132  -23  141   81  141   81  15  0  0 L3P 18
G08 FF 61128 094200  780 508 2634    -4706966     54           8     -8   18  42   95   -1  114   23  114   23  16  0  0 L3P E7
G10 FF 61128 094200  780 278 1400     5902776     30           5     33   18  50  157   20  186   15  186   15  15  0  0 L3P E8
G27 FF 61128 094200  780 572 3236      854100    143          37      2   12  32   87    7  111   27  111   27  10  0  0 L3P B4
G28 FF 61128 094200  780 268  429     5677627   -103          18    -18   39  54  162  -27  200   19  200   19  35  0  0 L3P 37
G32 FF 61128 094200  780 622 1382      249830   -188          17      3   12  11   83    6  102   11  102   11  11  0  0 L3P B4
G02 FF 61128 095800  780 405 2089     -677299    -48           0     31   19  14  113  -16  147  -35  147  -35  18  0  0 L3P 2C
G08 FF 61128 095800  780 508 2762    -4706918     56          -3     -7   17  42   95    1  138   27  138   27  14  0  0 L3P FA
G10 FF 61128 095800  780 242 1335     5902786     -6          17     -3   17  50  179   25  215   57  215   57  13  0  0 L3P FF
G27 FF 61128 095800  780 505 3320      854234    132          36     -9   29  32   95   10  135   40  135   40  25  0  0 L3P E3
G28 FF 61128 095800  780 315  497     5677555    -37          27     48   35  54  140  -19  200  -36  200  -36  24  0  0 L3P 37
G31 FF 61128 095800  780 217  217     1587283    -14          23      9   28  75  198  -47  247  -13  247  -13  23  0  0 L3P 24
G32 FF 61128 095800  780 548 1437      249645   -182          16      9   19  11   90    9  121   18  121   18  18  0  0 L3P E5
G02 FF 61128 101400  780 475 2063     -677355    -73          18      6   18  15  100  -12  141  -12  141  -12  16  0  0 L3P FD
G08 FF 61128 101400  780 489 2886    -4706842     15          15    -47   20  82   97    4  146   49  146   49  17  0  0 L3P 16
G10 FF 61128 101400  780 208 1269     5902766    -73          -5    -69   26  94  205   31  277  112  277  112  19  0  0 L3P 40
G27 FF 61128 101400  780 434 3382      854375    158          42     17   34  33  107   14  158   17  158   17  32  0  0 L3P 04
G28 FF 61128 101400  780 360  573     5677460    -86          15     -1   26  55  125  -13  206   -8  206   -8  23  0  0 L3P F7
G31 FF 61128 101400  780 271  268     1587285    -27          46     -4   32  76  161  -31  221   -5  221   -5  26  0  0 L3P ED
G32 FF 61128 101400  780 474 1461      249468   -174          17     17   23  12  100   12  143   10  143   10  23  0  0 L3P E6
G01 FF 61128 103000  780 245 2170    -3086207     36          29    -38   38 178  177  -41  217   11  217   11  34  0  0 L3P 2B
G02 FF 61128 103000  780 550 2043     -677423    -87          26     -8   16  15   90   -9  137   13  137   13  14  0  0 L3P DE
G08 FF 61128 103000  780 456 2997    -4706781     50          17    -12   45  82  103    7  166   38  166   38  30  0  0 L3P 15
G27 FF 61128 103000  780 364 3431      854521    172          52     31   43  33  124   21  186   17  186   17  41  0  0 L3P F0
G28 FF 61128 103000  780 399  659     5677380    -46          17     39   20  55  114   -9  207  -15  207  -15  15  0  0 L3P 1F
G31 FF 61128 103000  780 327  323     1587259    -50          41    -28   19  76  136  -22  217   19  217   19  17  0  0 L3P 14
G32 FF 61128 103000  780 401 1467      249275   -194           8     -3   23  12  114   17  182   42  182   42  20  0  0 L3P DD
G01 FF 61128 104600  780 306 2146    -3086158     42           8    -32   19 178  144  -28  222    9  222    9  15  0  0 L3P FF
G02 FF 61128 104600  780 629 2032     -677510    -76          13      2   12  15   83   -6  151    5  151    5  10  0  0 L3P 9F
G03 FF 61128 104600  780 183 2468    -5230425    136          18     -1   29  50  232  -34  279    1  279    1  26  0  0 L3P FD
G08 FF 61128 104600  780 412 3091    -4706723     55          14     -8   24  82  112   11  194   33  194   33  20  0  0 L3P F8
G27 FF 61128 104600  780 296 3474      854652    189          47     48   23  33  148   31  241   14  241   14  16  0  0 L3P 0C
G28 FF 61128 104600  780 430  758     5677310    -65          29     21   13  55  108   -5  208   -4  208   -4  11  0  0 L3P E7
G31 FF 61128 104600  780 384  385     1587242    -18          46      4   18  76  118  -15  216   -5  216   -5  14  0  0 L3P F0
G32 FF 61128 104600  780 332 1461      249104   -129          20     62   17  12  134   25  216   -9  216   -9  14  0  0 L3P EB
G01 FF 61128 110200  780 371 2130    -3086083     93          12     19   25 178  122  -19  214  -18  214  -18  21  0  0 L3P 2B
G02 FF 61128 110200  780 712 2038     -677588    -66          11     13   13  15   78   -4  160    3  160    3  11  0  0 L3P B5
G03 FF 61128 110200  780 210 2399    -5230303     86          10    -50   29  50  204  -26  285   42  285   42  22  0  0 L3P 0B
G04 FF 61128 110200  780 210 3090     -510102     -9          43      8   43 213  204  -52  282  -12  282  -12  31  0  0 L3P E8
G08 FF 61128 110200  780 361 3170    -4706655     61          23     -1   15  82  124   16  223   53  223   53  11  0  0 L3P EA
G27 FF 61128 110200  780 232 3513      854788    211          49     70   23  33  186   49  306   31  306   31  17  0  0 L3P FC
G28 FF 61128 110200  780 448  866     5677238    -67          39     18   25  55  104   -2  213    8  213    8  22  0  0 L3P DF
G31 FF 61128 110200  780 439  459     1587209    -11          35     11   20  76  106  -11  225   -2  225   -2  17  0  0 L3P E3
G32 FF 61128 110200  780 266 1446      248907   -149           6     42   21  12  164   38  284   36  284   36  18  0  0 L3P 01
G01 FF 61128 111800  780 440 2122    -3086008     74          15      0   21 178  106  -14  206    2  206    2  18  0  0 L3P CE
G02 FF 61128 111800  780 796 2096     -677664    -74          10      4   14  15   75   -2  174   21  174   21  12  0  0 L3P DC
G03 FF 61128 111800  780 238 2331    -5230161    183          20     47   31  50  181  -21  280  -29  280  -29  28  0  0 L3P 30
G04 FF 61128 111800  780 264 3033     -510121    -32          40    -15   23 213  165  -31  275    7  275    7  17  0  0 L3P F1
G08 FF 61128 111800  780 309 3239    -4706584    155          33     92   29  82  143   23  260  -19  260  -19  24  0  0 L3P 44
G28 FF 61128 111800  780 450  978     5677151    -80          34      5   24  55  104    1  236   11  236   11  20  0  0 L3P CC
G31 FF 61128 111800  780 489  548     1587188    -15          36      8   14  76   98   -7  226    2  226    2  12  0  0 L3P C4
G32 FF 61128 111800  780 204 1424      248710   -242          -7    -51   34  12  210   61  366  144  366  144  26  0  0 L3P 22
G01 FF 61128 113400  780 511 2126    -3085941     79          12      5   19 178   94  -10  217    4  217    4  16  0  0 L3P DA
G02 FF 61128 113400  780 868 2609     -677744    -81           6     -3   12  15   74    0  202   29  202   29  11  0  0 L3P C5
G03 FF 61128 113400  780 268 2263    -5230038    144          12      7   22  50  162  -18  295    8  295    8  19  0  0 L3P F3
G04 FF 61128 113400  780 314 2967     -510142    -24          36     -7   17 213  141  -20  279   13  279   13  14  0  0 L3P 0E
G08 FF 61128 113400  780 256 3300    -4706517    102          40     39   46  82  169   33  320   42  320   42  39  0  0 L3P 11
G28 FF 61128 113400  780 437 1085     5677062   -142          26    -56   22  55  106    4  265   78  265   78  20  0  0 L3P 2A
G31 FF 61128 113400  780 530  658     1587173    -30          43     -7   22  76   92   -4  229   17  229   17  18  0  0 L3P E6
G01 FF 61128 115000  780 585 2149    -3085867     51          15    -22   14 178   86   -7  222   24  222   24  14  0  0 L3P 10
G02 FF 61128 115000  780 816 3485     -677802   -158          23    -80   26  15   74    2  212   93  212   93  26  0  0 L3P 04
G03 FF 61128 115000  780 301 2195    -5229898    111          22    -25   29  50  146  -15  298   28  298   28  26  0  0 L3P 45
G04 FF 61128 115000  780 359 2890     -510160     10          34     27   22 213  125  -13  289  -15  289  -15  18  0  0 L3P 25
G08 FF 61128 115000  780 205 3356    -4706464     52          33    -10   32  82  208   49  402   95  402   95  27  0  0 L3P 18
G28 FF 61128 115000  780 408 1180     5676984    -61          30     24   23  55  112    8  291   16  291   16  19  0  0 L3P FF
G31 FF 61128 115000  780 556  789     1587150    -55          42    -32   18  76   89   -2  241   38  241   38  15  0  0 L3P 00
G01 FF 61128 120600  780 658 2205    -3085792     73          20     -1   12 179   81   -5  232    7  232    7  11  0  0 L3P CF
G02 FF 61128 120600  780 730 3583     -677892    -66           6     13   22  16   77    4  245   11  245   11  20  0  0 L3P CB
G03 FF 61128 120600  780 336 2127    -5229777    119          11    -17   26  58  133  -13  323   15  323   15  21  0  0 L3P 29
G04 FF 61128 120600  780 400 2803     -510178    -14          31      3   17 214  114   -9  299   10  299   10  14  0  0 L3P E7
G28 FF 61128 120600  780 367 1259     5676915    -52          44     33   24  56  123   14  333   30  333   30  19  0  0 L3P 0E
G31 FF 61128 120600  780 563  931     1587115    -13          32     10   14  77   88    0  269   14  269   14  13  0  0 L3P D1
G01 FF 61128 122200  780 726 2330    -3085731     68          10     -6   16 179   77   -3  249   20  249   20  14  0  0 L3P F9
G02 FF 61128 122200  780 643   11     -677957    -77          17      2   17  16   82    6  269   42  269   42  15  0  0 L3P B9
G03 FF 61128 122200  780 374 2058    -5229645    115          12    -21   26  58  121  -11  330   26  330   26  23  0  0 L3P 1B
G04 FF 61128 122200  780 433 2705     -510198    -23          27     -6   22 214  107   -6  309   16  309   16  18  0  0 L3P FE
G28 FF 61128 122200  780 318 1319     5676826    -71          37     14   22  56  139   21  396   60  396   60  19  0  0 L3P 23
G31 FF 61128 122200  780 548 1068     1587091    -31          30     -8   19  77   90    3  294   36  294   36  19  0  0 L3P F4
G01 FF 61128 123800  780 773 2599    -3085657     55          13    -19   13 179   75   -1  266   35  266   35  11  0  0 L3P 2D
G02 FF 61128 123800  780 557   24     -678031    -66          18     13   15  16   89    9  312   23  312   23  12  0  0 L3P B6
G03 FF 61128 123800  780 415 1987    -5229514    149          12     13   20  58  111  -10  332   -9  332   -9  17  0  0 L3P 19
G04 FF 61128 123800  780 459 2599     -510205     14          37     31   21 214  102   -4  312  -20  312  -20  17  0  0 L3P FD
G09 FF 61128 123800  780 188 2808    -7636856    -29          22    -54   53 131  226  -42  516   35  516   35  51  0  0 L3P 5D
G28 FF 61128 123800  780 263 1364     5676746    -84          38      1   16  56  166   34  468   76  468   76  14  0  0 L3P 2B
G31 FF 61128 123800  780 515 1183     1587075    -28          36     -5   23  77   94    5  314   24  314   24  21  0  0 L3P E4
G01 FF 61128 125400  780 769 2985    -3085585     95          14     21   10 179   76    1  285    6  285    6   9  0  0 L3P E6
G02 FF 61128 125400  780 474   32     -678110   -101          15    -22   14  16  100   13  365   76  365   76  10  0  0 L3P E7
G03 FF 61128 125400  780 459 1912    -5229382    145          13      9   15  58  102   -8  335    3  335    3  12  0  0 L3P DE
G04 FF 61128 125400  780 478 2486     -510223    -11          34      6   13 214   99   -2  328    9  328    9  11  0  0 L3P CA
G09 FF 61128 125400  780 222 2738    -7636882   -299         -28   -324   35 131  193  -27  554  309  554  309  33  0  0 L3P BF
G26 FF 61128 125400  780 194  815     3468889     99          15     49   29  22  219  -22  652  -44  652  -44  26  0  0 L3P 3E
G28 FF 61128 125400  780 204 1395     5676651   -175          26    -90   34  56  210   59  565  178  565  178  23  0  0 L3P 75
G31 FF 61128 125400  780 469 1271     1587048    -25          31     -2   16  77  101    9  351   43  351   43  15  0  0 L3P EF
G01 FF 61128 131000  780 717 3241    -3085504    116          24     42   11 179   77    3  304  -10  304  -10  10  0  0 L3P FB
G02 FF 61128 131000  780 395   41     -678180    -98          20    -20   16  16  116   20  422   88  422   88  12  0  0 L3P E5
G03 FF 61128 131000  780 506 1831    -5229249    153          15     16   16  58   95   -7  332  -19  332  -19  14  0  0 L3P 20
G04 FF 61128 131000  780 489 2369     -510236    -11          38      6   18 214   98   -1  338    3  338    3  17  0  0 L3P CC
G09 FF 61128 131000  780 253 2664    -7636803    203          28    178   48 131  171  -19  496 -188  496 -188  45  0  0 L3P B6
G26 FF 61128 131000  780 211  889     3468965     71          43     21   36  22  203  -13  615  -15  615  -15  29  0  0 L3P 14
G31 FF 61128 131000  780 414 1333     1587031     -9          36     14   18  77  111   13  384   28  384   28  16  0  0 L3P F3
G01 FF 61128 132600  780 646 3368    -3085434     70          23     -4   24 179   81    5  334   37  334   37  22  0  0 L3P FA
G02 FF 61128 132600  780 319   51     -678251    -96          24    -18   26  16  139   30  503  111  503  111  22  0  0 L3P FF
G03 FF 61128 132600  780 554 1738    -5229125    149           9     12   17  58   89   -5  338   -5  338   -5  14  0  0 L3P 01
G04 FF 61128 132600  780 493 2252     -510249     28          41     45   18 214   97    0  346  -27  346  -27  16  0  0 L3P 05
G09 FF 61128 132600  780 281 2587    -7636774      1          33    -24   26 131  156  -14  487    5  487    5  23  0  0 L3P 18
G16 FF 61128 132600  780 194  637    -2349931     -8          42     64   41  18  220  -36  688 -110  688 -110  37  0  0 L3P 51
G26 FF 61128 132600  780 221  964     3468992    103          22     53   29  22  194   -5  618  -47  618  -47  24  0  0 L3P 2B
G31 FF 61128 132600  780 355 1375     1587001    -58          28    -36   17  77  127   20  442   95  442   95  14  0  0 L3P 27
G01 FF 61128 134200  780 569 3438    -3085367     85          19     11   38 179   88    8  372   26  372   26  36  0  0 L3P 1F
G02 FF 61128 134200  780 248   64     -678319   -105          32    -27   29  16  175   47  595  152  595  152  25  0  0 L3P 3B
G03 FF 61128 134200  780 601 1627    -5229000    136           3      0   14  58   85   -4  344    6  344    6  12  0  0 L3P A8
G04 FF 61128 134200  780 493 2136     -510261     -8          45      9   23 214   97    0  352    9  352    9  20  0  0 L3P A4
G09 FF 61128 134200  780 307 2507    -7636754     15          29    -10   16 131  144  -11  478   -4  478   -4  16  0  0 L3P 33
G16 FF 61128 134200  780 225  707    -2350026    -45          16     26   31  18  191  -24  669  -59  669  -59  25  0  0 L3P 41
G26 FF 61128 134200  780 222 1039     3469057    100          39     50   28  22  193    2  618  -13  618  -13  26  0  0 L3P 11
G31 FF 61128 134200  780 293 1401     1586988     -5          37     18   21  77  150   30  498   66  498   66  17  0  0 L3P 1B
G01 FF 61128 135800  780 492 3482    -3085286     40          29    -34   40 179   97   12  401   73  401   73  38  0  0 L3P 26
G03 FF 61128 135800  780 644 1485    -5228860    165          11     29   18  58   82   -3  336  -27  336  -27  15  0  0 L3P 36
G04 FF 61128 135800  780 488 2023     -510284    -17          39      0   16 214   98    1  365    6  365    6  13  0  0 L3P C1
G07 FF 61128 135800  780 236 3209     1667100     59           5     12   23  92  183  -47  601  -77  601  -77  19  0  0 L3P 21
G09 FF 61128 135800  780 330 2425    -7636724     61          35     36   23 131  134   -9  463  -42  463  -42  20  0  0 L3P 32
G16 FF 61128 135800  780 252  782    -2350070   -125          41    -53   35  18  172  -16  619   21  619   21  34  0  0 L3P 2E
G26 FF 61128 135800  780 215 1112     3469100     64          34     14   27  22  199   11  634    4  634    4  21  0  0 L3P CD
G31 FF 61128 135800  780 231 1413     1586980    -23          50      0   31  77  186   48  563   93  563   93  24  0  0 L3P 0A
G01 FF 61128 141400  780 416 3515    -3085223     89          18     15   18 180  111   17  465   44  465   44  13  0  0 L3P 1A
G03 FF 61128 141400  780 676 1302    -5228729    140          11      4   13 134   80   -1  336    1  336    1  11  0  0 L3P C2
G04 FF 61128 141400  780 481 1914     -510303     30          34     47   18 215   99    1  378  -33  378  -33  16  0  0 L3P 00
G07 FF 61128 141400  780 299 3167     1667139     30           0    -16   18 104  147  -29  537  -56  537  -56  16  0  0 L3P 48
G09 FF 61128 141400  780 353 2342    -7636703     47          35     22   20 132  127   -7  449  -27  449  -27  16  0  0 L3P 3B
G16 FF 61128 141400  780 273  860    -2350176    -36           5     35   27  19  160  -10  618  -47  618  -47  23  0  0 L3P 21
G26 FF 61128 141400  780 199 1181     3469150     75          33     25   24  23  214   22  664    8  664    8  20  0  0 L3P E0
G01 FF 61128 143000  780 343 3544    -3085126    125          44     51   29 180  130   25  508   30  508   30  24  0  0 L3P 17
G03 FF 61128 143000  780 688 1080    -5228597    153          13     16   14 134   79    0  342    5  342    5  13  0  0 L3P E1
G04 FF 61128 143000  780 472 1809     -510325    -12          29      5   23 215  100    2  396    8  396    8  19  0  0 L3P C9
G06 FF 61128 143000  780 205 2303     6122863     -9          34     -1   34  35  209  -38  597  -32  597  -32  31  0  0 L3P 1B
G07 FF 61128 143000  780 360 3114     1667191     80           7     34   25 104  125  -19  477  -65  477  -65  18  0  0 L3P 31
G09 FF 61128 143000  780 375 2257    -7636672     21          42     -4   20 132  121   -6  436    0  436    0  19  0  0 L3P E2
G16 FF 61128 143000  780 286  942    -2350206    -38          44     34   24  19  153   -4  567  -38  567  -38  22  0  0 L3P 29
G01 FF 61128 144600  780 273 3570    -3085066     74          33      1   25 180  160   38  602   91  602   91  19  0  0 L3P 09
G03 FF 61128 144600  780 674  855    -5228468    122          10    -14   15 134   80    2  357   27  357   27  13  0  0 L3P 0C
G04 FF 61128 144600  780 463 1706     -510328    -35          43    -18   21 215  102    2  399   25  399   25  19  0  0 L3P 15
G06 FF 61128 144600  780 239 2369     6122849    -21          28    -13   33  35  181  -21  577  -13  577  -13  29  0  0 L3P 50
G07 FF 61128 144600  780 419 3046     1667219     35          -9    -12   29 104  110  -13  453  -20  453  -20  20  0  0 L3P 2D
G09 FF 61128 144600  780 397 2172    -7636642     71          48     46   34 132  115   -5  429  -40  429  -40  31  0  0 L3P 41
G16 FF 61128 144600  780 289 1025    -2350283   -141          35    -70   21  19  151    1  563   56  563   56  18  0  0 L3P 27
G01 FF 61128 150200  780 208 3598    -3084999     39          29    -35   26 180  206   61  709  161  709  161  19  0  0 L3P 6C
G03 FF 61128 150200  780 636  669    -5228322    147          25     11   17 134   82    4  363   19  363   19  16  0  0 L3P FD
G04 FF 61128 150200  780 452 1605     -510335     41          52     58   30 215  103    2  405  -30  405  -30  26  0  0 L3P E8
G06 FF 61128 150200  780 263 2444     6122843     41          30     49   20  35  165  -11  564  -49  564  -49  17  0  0 L3P 28
G07 FF 61128 150200  780 475 2962     1667282     81           8     34   16 104  100   -9  423  -36  423  -36  11  0  0 L3P 10
G09 FF 61128 150200  780 419 2084    -7636625     59          41     34   21 132  110   -5  435  -38  435  -38  19  0  0 L3P 39
G16 FF 61128 150200  780 282 1105    -2350358    -77          29     -6   42  19  155    7  573   16  573   16  40  0  0 L3P 07
G03 FF 61128 151800  780 581  533    -5228191    164          25     27   17 134   87    6  393   15  393   15  16  0  0 L3P 08
G04 FF 61128 151800  780 441 1506     -510349    -32          54    -15   21 215  105    2  423   26  423   26  19  0  0 L3P FB
G06 FF 61128 151800  780 276 2527     6122839     -8          33      0   24  35  158   -4  567    8  567    8  20  0  0 L3P D4
G07 FF 61128 151800  780 523 2857     1667336     57          18     11   15 104   93   -6  407  -17  407  -17  15  0  0 L3P 20
G09 FF 61128 151800  780 441 1994    -7636596     60          46     35   20 132  105   -4  428  -27  428  -27  16  0  0 L3P 48
G16 FF 61128 151800  780 264 1180    -2350417    -77          38     -5   27  19  164   14  596   42  596   42  22  0  0 L3P 25
G30 FF 61128 151800  780 206 3017    -1691047   -130          54      1   28   9  208  -50  677  -68  677  -68  22  0  0 L3P 3D
G03 FF 61128 153400  780 517  436    -5228064    136          21      0   18 134   94    9  431   42  431   42  14  0  0 L3P DA
G04 FF 61128 153400  780 429 1408     -510395      8          25     25   19 215  108    3  465    6  465    6  15  0  0 L3P C8
G06 FF 61128 153400  780 277 2612     6122834    -40          35    -33   19  35  158    2  575   53  575   53  15  0  0 L3P 11
G07 FF 61128 153400  780 562 2729     1667403     32          40    -15   13 104   88   -4  377   11  377   11  12  0  0 L3P 02
G09 FF 61128 153400  780 464 1900    -7636578      8          40    -17   15 132  101   -4  423   13  423   13  14  0  0 L3P 07
G16 FF 61128 153400  780 237 1248    -2350487   -141          38    -69   31  19  182   24  634  112  634  112  25  0  0 L3P 5E
G30 FF 61128 153400  780 255 2957    -1691169   -129          58      3   24   9  170  -30  605  -56  605  -56  22  0  0 L3P 3E
G03 FF 61128 155000  780 448  367    -5227928    128          27     -8   17 134  104   13  471   63  471   63  14  0  0 L3P 22
G04 FF 61128 155000  780 416 1311     -510384    -36          52    -19   18 215  111    3  460   44  460   44  15  0  0 L3P FA
G06 FF 61128 155000  780 267 2698     6122797     -8           6      0   30  35  163    9  630   42  630   42  24  0  0 L3P CB
G07 FF 61128 155000  780 589 2580     1667434     36          27    -11   16 104   86   -2  380    7  380    7  13  0  0 L3P EB
G09 FF 61128 155000  780 488 1802    -7636557      1          37    -24   19 132   98   -4  425   22  425   22  16  0  0 L3P 0F
G16 FF 61128 155000  780 201 1306    -2350563   -130          30    -59   24  19  212   41  689  109  689  109  19  0  0 L3P 5C
G30 FF 61128 155000  780 301 2890    -1691297    -83          57     48   21   9  146  -20  560  -82  560  -82  18  0  0 L3P 3B
G03 FF 61128 160600  780 376  317    -5227791    165          27     29   20 135  120   20  527   55  527   55  17  0  0 L3P 24
G04 FF 61128 160600  780 401 1216     -510421    -48          30    -31   18 216  114    4  499   60  499   60  15  0  0 L3P 04
G06 FF 61128 160600  780 248 2781     6122833      6          48     14   41  46  175   16  625   37  625   37  36  0  0 L3P 00
G09 FF 61128 160600  780 510 1697    -7636536     43          32     18   16 133   94   -3  425  -27  425  -27  13  0  0 L3P 2D
G30 FF 61128 160600  780 342 2813    -1691434    -78          43     54   23  37  130  -14  530  -90  530  -90  18  0  0 L3P 39
G03 FF 61128 162200  780 304  281    -5227669    148          18     12   30 135  145   32  618   79  618   79  25  0  0 L3P 2E
G04 FF 61128 162200  780 383 1122     -510421     -5          46     12   23 216  118    5  514   20  514   20  19  0  0 L3P CE
G06 FF 61128 162200  780 221 2859     6122815     19          38     27   22  46  194   25  696   60  696   60  18  0  0 L3P 1A
G09 FF 61128 162200  780 531 1584    -7636505     76          39     51   14 133   92   -2  424  -50  424  -50  13  0  0 L3P 20
G30 FF 61128 162200  780 379 2728    -1691577   -151          27    -20   20  37  119  -10  529   -8  529   -8  18  0  0 L3P 4C
G03 FF 61128 163800  780 233  256    -5227529    262          28    125   39 135  185   54  711   11  711   11  31  0  0 L3P 2C
G04 FF 61128 163800  780 361 1031     -510439    -30          45    -13   19 216  124    7  548   49  548   49  16  0  0 L3P 19
G06 FF 61128 163800  780 190 2932     6122815    -13          46     -5   45  46  224   38  774   97  774   97  33  0  0 L3P 2B
G09 FF 61128 163800  780 548 1461    -7636477     47          43     22   15 133   90   -2  420  -28  420  -28  12  0  0 L3P 28
G14 FF 61128 163800  780 247 3392    -7412583    -64          16    -49   21 200  175  -48  688  -41  688  -41  14  0  0 L3P 7B
G30 FF 61128 163800  780 411 2636    -1691678   -169          52    -37   18  37  112   -7  487   21  487   21  15  0  0 L3P 4A
G04 FF 61128 165400  780 336  944     -510465    -39          34    -21   18 216  133   10  588   43  588   43  17  0  0 L3P 20
G09 FF 61128 165400  780 559 1329    -7636465     -4          32    -29   16 133   89   -1  425   24  425   24  15  0  0 L3P 23
G14 FF 61128 165400  780 319 3381    -7412581      9          33     24   43 200  139  -29  603 -101  603 -101  39  0  0 L3P 4C
G30 FF 61128 165400  780 437 2536    -1691805   -119          51     13   17  37  106   -5  475  -31  475  -31  15  0  0 L3P 44
G04 FF 61128 171000  780 307  861     -510466    -43          50    -26   28 216  144   14  611   77  611   77  23  0  0 L3P 0C
G07 FF 61128 171000  780 522 1842     1667655    -20          24    -67   12 106   93    4  423   13  423   13  11  0  0 L3P F4
G09 FF 61128 171000  780 561 1190    -7636443    -16          29    -41   20 133   89    0  423   38  423   38  18  0  0 L3P 16
G14 FF 61128 171000  780 393 3362    -7412595    -68          33    -53   21 200  116  -19  537  -28  537  -28  19  0  0 L3P 6C
G21 FF 61128 171000  780 236 2235    -4120219    -28          40     -7   45 198  183  -42  641  -61  641  -61  39  0  0 L3P 49
G22 FF 61128 171000  780 224 3357      268026   -146          21    -90   45 103  192  -56  751  -56  751  -56  38  0  0 L3P 59
G30 FF 61128 171000  780 457 2431    -1691938   -133          45     -1   19  37  103   -3  460  -16  460  -16  17  0  0 L3P 32
G04 FF 61128 172600  780 273  783     -510507     55          25     73   31 216  160   20  675  -13  675  -13  25  0  0 L3P 12
G07 FF 61128 172600  780 488 1735     1667644     11         -32    -36   16 106   98    5  436    8  436    8  13  0  0 L3P FC
G08 FF 61128 172600  780 177 1020    -4705199     85          33     23   40 104  239   -5  780  -58  780  -58  34  0  0 L3P 47
G09 FF 61128 172600  780 552 1051    -7636395     35          54     10   18 133   90    2  408   -3  408   -3  15  0  0 L3P EE
G14 FF 61128 172600  780 469 3333    -7412605    -39          37    -24   38 200  101  -13  479  -27  479  -27  36  0  0 L3P 70
G21 FF 61128 172600  780 289 2280    -4120233    -61          48    -39   22 198  152  -25  582  -13  582  -13  19  0  0 L3P 66
G22 FF 61128 172600  780 291 3340      267991    -42          41     15   24 103  151  -33  640 -119  640 -119  20  0  0 L3P 47
G30 FF 61128 172600  780 472 2323    -1692066   -125          43      7   20  37  100   -2  445  -15  445  -15  17  0  0 L3P 1F
G04 FF 61128 174200  780 235  711     -510528    -52          21    -35   36 216  183   30  728   90  728   90  28  0  0 L3P 15
G07 FF 61128 174200  780 455 1637     1667669     14         -52    -32   19 106  103    6  435   20  435   20  16  0  0 L3P 19
G08 FF 61128 174200  780 177 1091    -4705124     22          48    -40   39 104  239    7  728    5  728    5  33  0  0 L3P 00
G09 FF 61128 174200  780 531  918    -7636383     22          42     -3   16 133   92    3  428   11  428   11  15  0  0 L3P E2
G14 FF 61128 174200  780 545 3289    -7412626      5          31     20   24 200   90   -9  444  -51  444  -51  19  0  0 L3P 0D
G21 FF 61128 174200  780 337 2339    -4120248    -44          53    -23   28 198  132  -16  534  -22  534  -22  23  0  0 L3P 58
G22 FF 61128 174200  780 360 3313      267938    -35          42     21   36 103  125  -22  563  -85  563  -85  35  0  0 L3P 37
G30 FF 61128 174200  780 483 2212    -1692198   -126          39      6   22  37   98   -1  437  -13  437  -13  20  0  0 L3P 20
G04 FF 61128 175800  780 194  646     -510514    -73          51    -56   52 216  220   48  756  110  756  110  48  0  0 L3P 40
G07 FF 61128 175800  780 422 1547     1667696     64         -69     18   22 106  109    7  451   -3  451   -3  20  0  0 L3P 12
G09 FF 61128 175800  780 500  798    -7636367      6          33    -19   17 133   96    5  444   26  444   26  14  0  0 L3P 04
G14 FF 61128 175800  780 621 3221    -7412644    -28          26    -13   19 200   83   -6  409  -20  409  -20  15  0  0 L3P 2F
G21 FF 61128 175800  780 376 2415    -4120266     11          56     32   20 198  120  -10  493  -60  493  -60  17  0  0 L3P 3E
G22 FF 61128 175800  780 430 3276      267872   -103          31    -46   17 103  108  -15  506  -17  506  -17  16  0  0 L3P 50
G30 FF 61128 175800  780 489 2101    -1692331   -103          32     29   24  37   97   -1  424  -44  424  -44  21  0  0 L3P 2A
G05 FF 61128 181400  780 188 2294     2310276     15          48     10   31  94  227  -45  641  -70  641  -70  29  0  0 L3P 2B
G07 FF 61128 181400  780 390 1461     1667762     93         -48     46   16 106  117    8  455   -7  455   -7  14  0  0 L3P 1A
G09 FF 61128 181400  780 459  694    -7636342     31          33      6   17 134  102    8  459   16  459   16  15  0  0 L3P FE
G14 FF 61128 181400  780 693 3109    -7412663      4          23     18   18 201   79   -4  385  -44  385  -44  16  0  0 L3P 1F
G21 FF 61128 181400  780 404 2505    -4120293     -9          47     13   18 199  113   -5  471  -36  471  -36  16  0  0 L3P 2D
G22 FF 61128 181400  780 500 3223      267811    -47          30     10   13 133   96  -10  455  -61  455  -61  10  0  0 L3P 06
G30 FF 61128 181400  780 493 1989    -1692439   -169          51    -37   16  38   97    0  402    8  402    8  12  0  0 L3P 09
G05 FF 61128 183000  780 221 2356     2310261      7          28      2   26  94  194  -25  602  -53  602  -53  21  0  0 L3P EF
G07 FF 61128 183000  780 359 1379     1667849     56          -6      9   21 106  125    9  451   17  451   17  18  0  0 L3P 03
G09 FF 61128 183000  780 411  606    -7636313     56          38     31   27 134  112   12  476   -6  476   -6  24  0  0 L3P 04
G14 FF 61128 183000  780 752 2906    -7412668    -24          32     -9   17 201   76   -2  352  -24  352  -24  13  0  0 L3P 25
G17 FF 61128 183000  780 224  129     1000088    159          31     64   31  64  192  -47  678 -138  678 -138  26  0  0 L3P 5F
G21 FF 61128 183000  780 418 2606    -4120310     -7          51     15   32 199  110   -1  451  -22  451  -22  28  0  0 L3P 0D
G22 FF 61128 183000  780 568 3148      267767    -70          40    -13   15 133   88   -7  402  -34  402  -34  14  0  0 L3P 1C
G30 FF 61128 183000  780 493 1879    -1692572   -158          45    -26   16  38   97    0  379  -12  379  -12  13  0  0 L3P 4D
G05 FF 61128 184600  780 246 2427     2310271    -65          32    -71   26  94  176  -14  560   18  560   18  21  0  0 L3P 28
G07 FF 61128 184600  780 330 1299     1667938     76          39     29   19 106  135   11  436    0  436    0  14  0  0 L3P FF
G09 FF 61128 184600  780 357  533    -7636295     18          32     -7   30 134  126   18  503   34  503   34  22  0  0 L3P 0D
G14 FF 61128 184600  780 781 2552    -7412686    -12          28      3   13 201   75    0  327  -30  327  -30  11  0  0 L3P 02
G17 FF 61128 184600  780 283  169     1000186    146          37     51   31  64  155  -31  567 -167  567 -167  26  0  0 L3P 62
G21 FF 61128 184600  780 416 2711    -4120333    -26          49     -5   26 199  111    2  440   -7  440   -7  23  0  0 L3P FD
G22 FF 61128 184600  780 630 3041      267722    -49          49      8   15 133   83   -4  353  -43  353  -43  13  0  0 L3P FF
G30 FF 61128 184600  780 492 1770    -1692698   -111          45     21   17  38   97    0  348  -49  348  -49  15  0  0 L3P 44
G05 FF 61128 190200  780 260 2506     2310290    -16          45    -22   27  94  167   -5  524  -11  524  -11  23  0  0 L3P 17
G07 FF 61128 190200  780 302 1221     1668009     70          64     24   15 106  146   13  437   -8  437   -8  12  0  0 L3P FB
G09 FF 61128 190200  780 299  473    -7636257     58          46     33   33 134  147   27  523   14  523   14  28  0  0 L3P 23
G13 FF 61128 190200  780 216 2165    -6816579     -5          35    -20   27 163  199  -53  499  -72  499  -72  24  0  0 L3P 73
G14 FF 61128 190200  780 761 2182    -7412710    -16          18     -1   14 201   76    1  312  -26  312  -26  12  0  0 L3P FC
G17 FF 61128 190200  780 345  212     1000259     93          19     -3   33  64  130  -22  497  -71  497  -71  29  0  0 L3P 11
G21 FF 61128 190200  780 400 2814    -4120355    -17          48      5   20 199  114    5  437   -8  437   -8  16  0  0 L3P F9
G22 FF 61128 190200  780 682 2882      267663    -50          45      7   13 133   79   -3  328  -35  328  -35  12  0  0 L3P 09
G30 FF 61128 190200  780 489 1661    -1692847   -135          23     -4   17  38   97    1  337  -21  337  -21  15  0  0 L3P 27
G05 FF 61128 191800  780 264 2588     2310280    -57          30    -63   29  94  165    1  509   26  509   26  25  0  0 L3P 18
G07 FF 61128 191800  780 274 1145     1668087     77          98     30   24 106  159   15  416  -25  416  -25  24  0  0 L3P 41
G09 FF 61128 191800  780 239  425    -7636224     13          54    -12   37 134  181   45  570   86  570   86  31  0  0 L3P 2D
G13 FF 61128 191800  780 276 2146    -6816557     26          43     11   33 163  158  -34  400  -99  400  -99  27  0  0 L3P 5B
G14 FF 61128 191800  780 710 1955    -7412719    -12          23      3   17 201   78    3  281  -31  281  -31  15  0  0 L3P 06
G17 FF 61128 191800  780 409  261     1000340     70           8    -25   16  64  112  -15  430  -70  430  -70  11  0  0 L3P EF
G19 FF 61128 191800  780 227   20    -6953837    -60          71    -48   34  42  190  -53  631  -81  631  -81  28  0  0 L3P 3D
G20 FF 61128 191800  780 234 2175     -801085   -223          51    -15   42  26  185  -49  461  -86  461  -86  33  0  0 L3P 58
G21 FF 61128 191800  780 373 2909    -4120378    -27          46     -6   25 199  121    9  436    0  436    0  21  0  0 L3P F7
G22 FF 61128 191800  780 714 2658      267605    -61          42     -4   12 133   78   -1  296  -28  296  -28  10  0  0 L3P 18
G30 FF 61128 191800  780 484 1553    -1692963   -187          33    -55   20  38   98    1  301   23  301   23  18  0  0 L3P 1C
G05 FF 61128 193400  780 256 2671     2310339     44          84     38   27  94  169    8  446  -43  446  -43  22  0  0 L3P 20
G07 FF 61128 193400  780 246 1070     1668124     82          91     35   39 106  176   19  414  -46  414  -46  33  0  0 L3P 38
G13 FF 61128 193400  780 340 2136    -6816559      1          27    -14   24 163  131  -23  340  -58  340  -58  18  0  0 L3P 3E
G14 FF 61128 193400  780 648 1821    -7412733      4          24     18   18 201   81    4  259  -38  259  -38  17  0  0 L3P 13
G17 FF 61128 193400  780 474  321     1000430    114           6     19   20  64  100  -11  362  -79  362  -79  15  0  0 L3P 01
G19 FF 61128 193400  780 294   50    -6953864    -39          56    -27   30  42  150  -33  528  -88  528  -88  25  0  0 L3P 53
G20 FF 61128 193400  780 298 2179     -801307   -236          29    -28   26  26  147  -30  387  -51  387  -51  20  0  0 L3P 5E
G21 FF 61128 193400  780 337 2994    -4120399     -4          46     18   31 199  132   14  450   11  450   11  23  0  0 L3P 16
G22 FF 61128 193400  780 717 2395      267548    -34          39     23   16 133   77    1  267  -51  267  -51  13  0  0 L3P 14
G30 FF 61128 193400  780 477 1445    -1693090   -211          33    -79   20  38   99    1  276   53  276   53  19  0  0 L3P 2C
G05 FF 61128 195000  780 240 2752     2310346   -132          85   -138   36  94  180   15  464  183  464  183  34  0  0 L3P 69
G07 FF 61128 195000  780 218  998     1668155     49          77      2   29 106  197   25  406  -33  406  -33  24  0  0 L3P 25
G13 FF 61128 195000  780 407 2135    -6816544     13          27     -2   15 163  113  -16  288  -50  288  -50  14  0  0 L3P 3D
G14 FF 61128 195000  780 586 1729    -7412748     27          23     42   15 201   86    6  246  -36  246  -36  13  0  0 L3P 24
G17 FF 61128 195000  780 537  400     1000521    131           6     36   16  64   91   -7  311  -74  311  -74  13  0  0 L3P D7
G19 FF 61128 195000  780 365   80    -6953870    -11          62      2   19  42  123  -22  422  -82  422  -82  14  0  0 L3P 08
G20 FF 61128 195000  780 365 2195     -801497   -183          38     25   23  26  124  -20  323  -62  323  -62  21  0  0 L3P 38
G21 FF 61128 195000  780 295 3071    -4120413    -31          51    -10   27 199  149   20  482   62  482   62  18  0  0 L3P 32
G22 FF 61128 195000  780 691 2162      267493    -68          39    -11   17 133   79    2  245   -2  245   -2  14  0  0 L3P F0
G30 FF 61128 195000  780 467 1339    -1693198   -119          52     13   20  38  101    2  249  -18  249  -18  20  0  0 L3P 38
G05 FF 61128 200600  780 216 2830     2310313    -12          50    -18   42  95  198   24  545   79  545   79  39  0  0 L3P 22
G13 FF 61128 200600  780 477 2147    -6816535     22          22      7   19 165   99  -12  258  -29  258  -29  17  0  0 L3P 3B
G14 FF 61128 200600  780 524 1656    -7412758    -35          32    -21   19 202   93    8  232    7  232    7  15  0  0 L3P EA
G17 FF 61128 200600  780 593  508     1000618     83          14    -12   17  92   86   -5  271  -20  271  -20  16  0  0 L3P ED
G19 FF 61128 200600  780 440  114    -6953892    -14          51     -1   32  95  106  -15  361  -58  361  -58  30  0  0 L3P 28
G20 FF 61128 200600  780 431 2227     -801700   -181          42     27   19  27  108  -14  288  -47  288  -47  18  0  0 L3P 40
G21 FF 61128 200600  780 251 3139    -4120431    -22          58      0   31 200  173   29  546   77  546   77  26  0  0 L3P 0E
G30 FF 61128 200600  780 453 1234    -1693372   -112          -1     20   22  43  103    3  275  -43  275  -43  17  0  0 L3P 0F
G05 FF 61128 202200  780 187 2903     2310330     10          61      5   26  95  227   37  605   77  605   77  19  0  0 L3P EC
G13 FF 61128 202200  780 548 2178    -6816524     14          19      0   16 165   90   -8  238  -15  238  -15  14  0  0 L3P 12
G14 FF 61128 202200  780 466 1592    -7412769     -2          36     13   31 202  101   10  221  -16  221  -16  29  0  0 L3P 14
G15 FF 61128 202200  780 247 2250    -3985180    -73          39    -40   34  83  176  -36  326   -5  326   -5  30  0  0 L3P 2B
G17 FF 61128 202200  780 635  658     1000712     87          16     -9   14  92   82   -2  242  -13  242  -13  12  0  0 L3P D7
G19 FF 61128 202200  780 518  157    -6953902    -33          52    -20   16  95   94  -10  305  -38  305  -38  14  0  0 L3P 2B
G20 FF 61128 202200  780 494 2280     -801895   -221          46    -12   17  27   97   -9  262   -6  262   -6  14  0  0 L3P 06
G21 FF 61128 202200  780 207 3202    -4120469    -72          40    -50   32 200  207   43  657  141  657  141  27  0  0 L3P 3F
G30 FF 61128 202200  780 436 1133    -1693470   -154          29    -22   15  43  106    4  240   20  240   20  15  0  0 L3P FD
G13 FF 61128 203800  780 617 2243    -6816508     37          21     22   17 165   84   -5  220  -30  220  -30  16  0  0 L3P 0E
G14 FF 61128 203800  780 411 1533    -7412791    -32          28    -17   18 202  112   12  220    8  220    8  15  0  0 L3P F6
G15 FF 61128 203800  780 297 2293    -3985211     -9          40     24   23  83  148  -23  298  -47  298  -47  20  0  0 L3P 49
G17 FF 61128 203800  780 654  847     1000800     85          12    -10   20  92   81    0  217  -18  217  -18  17  0  0 L3P DF
G19 FF 61128 203800  780 595  217    -6953920    -20          46     -8   18  95   85   -7  261  -31  261  -31  13  0  0 L3P 14
G20 FF 61128 203800  780 551 2364     -802103   -203          38      5   18  27   90   -6  250  -24  250  -24  16  0  0 L3P F2
G30 FF 61128 203800  780 414 1035    -1693597    -51          28     81   20  43  111    5  243  -67  243  -67  16  0  0 L3P 1E
G13 FF 61128 205400  780 679 2363    -6816493      0          21    -14   17 165   79   -3  208   -7  208   -7  14  0  0 L3P 02
G14 FF 61128 205400  780 361 1476    -7412806    -60          27    -45   22 202  125   15  210   19  210   19  18  0  0 L3P 23
G15 FF 61128 205400  780 342 2350    -3985250    -52          32    -19   25  83  130  -14  278   -4  278   -4  24  0  0 L3P 26
G17 FF 61128 205400  780 642 1040     1000886     92           7     -4   11  92   82    2  198  -23  198  -23  10  0  0 L3P D3
G19 FF 61128 205400  780 669  316    -6953940    -32          38    -19   22  95   80   -4  228  -27  228  -27  19  0  0 L3P 35
G20 FF 61128 205400  780 595 2486     -802305   -229          35    -21   10  27   85   -3  238   -2  238   -2   8  0  0 L3P EF
G30 FF 61128 205400  780 388  942    -1693722   -117          29     15   24  43  117    8  243  -25  243  -25  19  0  0 L3P 27
G13 FF 61128 211000  780 721 2574    -6816477     37          23     22   14 165   77   -1  197  -29  197  -29  13  0  0 L3P 31
G14 FF 61128 211000  780 313 1419    -7412817      6          30     21   20 202  141   19  195  -29  195  -29  16  0  0 L3P 14
G15 FF 61128 211000  780 380 2423    -3985269    -29          45      4   20  83  119   -9  250  -19  250  -19  18  0  0 L3P 22
G17 FF 61128 211000  780 604 1194     1000972     83           1    -12   14  92   85    4  182  -14  182  -14  14  0  0 L3P D7
G19 FF 61128 211000  780 731  498    -6953954     35          37     47   26  95   77   -2  197  -60  197  -60  18  0  0 L3P 28
G20 FF 61128 211000  780 619 2645     -802506   -284          35    -76   32  27   83   -1  228   38  228   38  21  0  0 L3P 11
G22 FF 61128 211000  780 442 1602      267224    -62          43     -5   26 134  105   10  176   -1  176   -1  25  0  0 L3P D9
G30 FF 61128 211000  780 357  855    -1693851   -156          27    -25   28  43  126   11  246   21  246   21  25  0  0 L3P 20
G06 FF 61128 212600  780 200  396     6122638      2           3     10   48  48  213  -48  469 -147  469 -147  38  0  0 L3P 24
G13 FF 61128 212600  780 726 2857    -6816467     17          19      2   13 165   77    1  187   -8  187   -8  11  0  0 L3P F9
G14 FF 61128 212600  780 270 1362    -7412852    -47           9    -32   21 202  161   24  193   19  193   19  15  0  0 L3P 1E
G15 FF 61128 212600  780 407 2510    -3985317    -23          29     10   21  83  113   -5  248  -22  248  -22  19  0  0 L3P 23
G17 FF 61128 212600  780 548 1300     1001056     89          -7     -6   19  92   90    7  168  -13  168  -13  17  0  0 L3P ED
G19 FF 61128 212600  780 760  810    -6953970    -31          33    -19   23  95   76    0  169  -10  169  -10  19  0  0 L3P 16
G20 FF 61128 212600  780 617 2821     -802717   -220          23    -12   11  27   84    1  225    3  225    3  10  0  0 L3P B8
G22 FF 61128 212600  780 394 1531      267168    -54          42      3   20 134  116   12  161   -9  161   -9  18  0  0 L3P E3
G30 FF 61128 212600  780 321  775    -1693998   -145           7    -13   26  43  138   15  256    6  256    6  21  0  0 L3P FD
G06 FF 61128 214200  780 246  457     6122643      7          16     15   42  48  176  -32  345 -104  345 -104  30  0  0 L3P 1B
G13 FF 61128 214200  780 689 3095    -6816451    -11          20    -25   15 165   79    3  183   23  183   23  14  0  0 L3P 15
G14 FF 61128 214200  780 229 1305    -7412851     11          25     26   26 202  187   31  164  -37  164  -37  20  0  0 L3P 27
G15 FF 61128 214200  780 420 2608    -3985344     -2          34     31   23  83  110   -2  234  -35  234  -35  22  0  0 L3P 04
G17 FF 61128 214200  780 483 1365     1001152     88          -3     -7   35  92   98   11  148   -7  148   -7  33  0  0 L3P DE
G19 FF 61128 214200  780 737 1130    -6953996     64          18     77   13  95   77    2  157  -69  157  -69  11  0  0 L3P 2F
G20 FF 61128 214200  780 589 2979     -802914   -187          26     22   13  27   86    4  221  -16  221  -16  11  0  0 L3P 10
G22 FF 61128 214200  780 349 1464      267096   -110          25    -53   22 134  128   14  159   28  159   28  18  0  0 L3P 2F
G24 FF 61128 214200  780 223 2197      599200   -131          25     41   26  23  192  -46  235  -84  235  -84  24  0  0 L3P 2F
G30 FF 61128 214200  780 281  703    -1694110    -50          21     81   35  43  156   22  251  -43  251  -43  27  0  0 L3P 05
G06 FF 61128 215800  780 293  524     6122647    -36          27    -28   35  48  150  -22  263  -47  263  -47  29  0  0 L3P 40
G12 FF 61128 215800  780 206 2625     6079806    -24          16    -24   35 107  208  -28  399  -73  399  -73  31  0  0 L3P 6B
G13 FF 61128 215800  780 628 3244    -6816442    -17          15    -31   17 165   83    5  190   33  190   33  15  0  0 L3P 16
G14 FF 61128 215800  780 192 1246    -7412889    -27           0    -12   26 202  221   41  177    7  177    7  21  0  0 L3P 00
G15 FF 61128 215800  780 420 2711    -3985369    -35          40     -2   26  83  110    2  230    3  230    3  24  0  0 L3P C7
G17 FF 61128 215800  780 415 1404     1001242    105          -4     10   24  92  111   16  137  -20  137  -20  21  0  0 L3P F2
G19 FF 61128 215800  780 680 1315    -6953998     -1          28     11   17  95   79    4  136  -26  136  -26  16  0  0 L3P 1C
G20 FF 61128 215800  780 543 3105     -803113   -218          27    -10   19  27   91    6  226   17  226   17  17  0  0 L3P F5
G22 FF 61128 215800  780 307 1398      267065    -42          48     15   22 134  144   18  131  -21  131  -21  18  0  0 L3P 16
G24 FF 61128 215800  780 280 2174      599046   -188          36    -16   36  23  156  -31  194  -23  194  -23  29  0  0 L3P 53
G30 FF 61128 215800  780 237  638    -1694218   -164          40    -32   47  43  182   34  260   71  260   71  40  0  0 L3P 25
G06 FF 61128 221400  780 337  598     6122644     -8          36      0   25  59  132  -15  201  -60  201  -60  22  0  0 L3P EA
G11 FF 61128 221400  780 206  149     3906504    -49          66     80   31  42  208  -55  523 -238  523 -238  24  0  0 L3P 46
G12 FF 61128 221400  780 233 2554     6079811     -9          20     -9   24 107  184  -21  307  -71  307  -71  21  0  0 L3P 21
G13 FF 61128 221400  780 556 3336    -6816421     31          22     17   20 173   89    8  198    2  198    2  16  0  0 L3P DD
G15 FF 61128 221400  780 406 2812    -3985413      4          32     37   16  89  113    5  246   -5  246   -5  15  0  0 L3P DE
G17 FF 61128 221400  780 346 1423     1001345     73           4    -21   24  93  129   23  123   11  123   11  22  0  0 L3P CE
G19 FF 61128 221400  780 609 1405    -6954008     -2          33     10   15 100   84    6  118  -22  118  -22  14  0  0 L3P F6
G20 FF 61128 221400  780 486 3200     -803320   -201          21      7   15  28   98    9  246   25  246   25  13  0  0 L3P D0
G22 FF 61128 221400  780 268 1332      267003    -99          41    -42   20 134  163   22  124   28  124   28  16  0  0 L3P 03
G24 FF 61128 221400  780 340 2158      598870   -156          23     16   20  24  131  -22  158  -43  158  -43  16  0  0 L3P 2C
G30 FF 61128 221400  780 190  580    -1694349   -108          32     24   47  48  224   56  304   44  304   44  42  0  0 L3P 16
G06 FF 61128 223000  780 376  682     6122622      3          21     11   31  59  120  -10  172  -51  172  -51  27  0  0 L3P E3
G11 FF 61128 223000  780 264  193     3906397   -218          82    -90   36  42  165  -36  361  -63  361  -63  32  0  0 L3P 48
G12 FF 61128 223000  780 260 2481     6079812     -4          22     -4   33 107  167  -16  240  -49  240  -49  30  0  0 L3P 1E
G13 FF 61128 223000  780 481 3397    -6816418      0          11    -15   27 173   99   12  236   53  236   53  27  0  0 L3P 0D
G15 FF 61128 223000  780 380 2908    -3985441    -51          36    -19   21  89  119    8  272   50  272   50  17  0  0 L3P 1F
G17 FF 61128 223000  780 278 1429     1001446     97          15      2   24  93  157   36  111   -8  111   -8  19  0  0 L3P DD
G19 FF 61128 223000  780 536 1447    -6954022    -12          31      1   17 100   91    9  110  -13  110  -13  15  0  0 L3P E8
G20 FF 61128 223000  780 425 3273     -803521   -192          19     16   16  28  109   13  290   34  290   34  13  0  0 L3P 07
G22 FF 61128 223000  780 231 1266      266936    -20          29     37   28 134  186   28  134  -37  134  -37  22  0  0 L3P 24
G24 FF 61128 223000  780 403 2150      598715   -202          33    -31   23  24  114  -16  132   19  132   19  20  0  0 L3P 01
G06 FF 61128 224600  780 406  777     6122609    -41          15    -33   20  59  113   -6  154   10  154   10  16  0  0 L3P F0
G11 FF 61128 224600  780 324  241     3906237   -132          45     -3   24  42  137  -24  289  -85  289  -85  19  0  0 L3P 3B
G12 FF 61128 224600  780 286 2407     6079813     -2          23     -2   21 107  153  -13  204  -29  204  -29  19  0  0 L3P 21
G13 FF 61128 224600  780 407 3443    -6816415     74          -1     59   35 173  113   17  302   27  302   27  33  0  0 L3P 13
G15 FF 61128 224600  780 346 2994    -3985467    -36          42     -3   24  89  129   13  325   78  325   78  19  0  0 L3P 42
G17 FF 61128 224600  780 212 1424     1001557     63          35    -31   36  93  202   60   99   21   99   21  28  0  0 L3P E1
G19 FF 61128 224600  780 463 1464    -6954027     -1          38     11   23 100  102   13  100  -10  100  -10  21  0  0 L3P FE
G20 FF 61128 224600  780 362 3331     -803720   -248          20    -40   48  28  124   19  363  137  363  137  47  0  0 L3P 47
G22 FF 61128 224600  780 197 1200      266907    -82          53    -25   31 134  217   36  111   32  111   32  24  0  0 L3P FF
G24 FF 61128 224600  780 470 2153      598544   -191          27    -19   17  24  101  -12  127    9  127    9  14  0  0 L3P 03
G06 FF 61128 230200  780 425  881     6122603    -42          17    -34   23  59  109   -3  135   19  135   19  19  0  0 L3P FC
G11 FF 61128 230200  780 387  295     3906107   -158          39    -30   19  42  117  -17  228  -34  228  -34  16  0  0 L3P 44
G12 FF 61128 230200  780 312 2333     6079818      7          28      7   17 107  141  -11  182  -11  182  -11  15  0  0 L3P FC
G13 FF 61128 230200  780 334 3481    -6816387      9          13     -5   16 173  133   26  387  150  387  150  12  0  0 L3P 2F
G15 FF 61128 230200  780 305 3072    -3985494    -39          46     -6   40  89  144   19  427  146  427  146  29  0  0 L3P 54
G19 FF 61128 230200  780 393 1465    -6954048      6          30     18   20 100  116   17  103  -23  103  -23  19  0  0 L3P 0F
G20 FF 61128 230200  780 300 3382     -803920   -167          20     41   34  28  147   28  503  165  503  165  35  0  0 L3P 2B
G24 FF 61128 230200  780 538 2170      598377   -162          25      9   19  24   91   -8  126  -10  126  -10  17  0  0 L3P FC
G06 FF 61128 231800  780 430  989     6122596      2          18     10   24  59  108    1  123  -11  123  -11  22  0  0 L3P CF
G11 FF 61128 231800  780 450  360     3905986   -122          42      7   17  42  104  -12  186  -32  186  -32  15  0  0 L3P 17
G12 FF 61128 231800  780 339 2258     6079824      7          34      7   34 107  131  -10  164  -11  164  -11  32  0  0 L3P 08
G13 FF 61128 231800  780 265 3516    -6816378     38           8     23   23 173  164   40  582  263  582  263  19  0  0 L3P 4A
G15 FF 61128 231800  780 262 3143    -3985532    -64          40    -31   30  89  166   27  628  305  628  305  28  0  0 L3P 5C
G19 FF 61128 231800  780 327 1455    -6954044     64          45     76   27 100  136   25   87  -70   87  -70  22  0  0 L3P 28
G20 FF 61128 231800  780 241 3427     -804134   -210           5     -2   24  28  179   41  798  412  798  412  19  0  0 L3P 2D
G24 FF 61128 231800  780 608 2212      598217   -187          29    -16   14  24   84   -6  125   22  125   22  13  0  0 L3P FE
G06 FF 61128 233400  780 418 1094     6122590    -19          20    -11   22  59  110    4  118   15  118   15  19  0  0 L3P F3
G11 FF 61128 233400  780 510  442     3905857   -121          35      8   15  42   95   -8  169  -30  169  -30  14  0  0 L3P FB
G12 FF 61128 233400  780 367 2182     6079840     31          50     31   25 107  123   -8  143  -40  143  -40  22  0  0 L3P 0E
G13 FF 61128 233400  780 200 3550    -6816354     45          17     30   25 173  214   66  949  473  949  473  21  0  0 L3P 54
G15 FF 61128 233400  780 218 3207    -3985573    -35          31     -2   25  89  197   39  979  419  979  419  20  0  0 L3P 6E
G19 FF 61128 233400  780 264 1438    -6954064     40          38     53   26 100  165   36   96  -44   96  -44  21  0  0 L3P 24
G20 FF 61128 233400  780 185 3471     -804345   -186          -6     22   49  28  229   63 1207  192 1207  192  41  0  0 L3P 64
G24 FF 61128 233400  780 674 2298      598048   -189          25    -17   15  24   80   -4  133   16  133   16  13  0  0 L3P 0D
