CGGTTS     GENERIC DATA FORMAT VERSION = 2E
REV DATE = 2025-11-01
RCVR = PolaRx5TR (5.6.0)     sbf2cggtts-1.5.0
CH = 80
IMS = PolaRx5TR
LAB = LRTE
X = 3967035.920 m
Y = -4390028.540 m
Z = -2375644.640 m
FRAME = ITRF
COMMENTS = LS=18; ElMask=10deg; 'Generated from the SBF in 2026-02-09 at 23:50:01'
INT DLY = 24.9 ns (GPS P1),  15.7 ns (GPS P2)     CAL_ID = 1201-2025
CAB DLY = 103.1 ns
REF DLY = 47.2 ns
REF = UTC(LRTE)
CKSUM = fb

SAT CL  MJD  STTIME TRKL ELV AZTH   REFSV      SRSV     REFSYS    SRSYS  DSG IOE MDTR SMDT MDIO SMDI MSIO SMSI ISG FR HC FRC CK
             hhmmss  s  .1dg .1dg    .1ns     .1ps/s     .1ns    .1ps/s .1ns     .1ns.1ps/s.1ns.1ps/s.1ns.1ps/s.1ns
G05 FF 61080 001000  780 131 3029     2286425    -27         133    -33   37  91  319   80  612  191  612  191  31  0  0 L3P 3B
G06 FF 61080 001000  780 102  262     6091073      0         117    -22   71 120  404 -148 1053   80 1053   80  64  0  0 L3P 21
G07 FF 61080 001000  780 112  757     1464216     80         141     30   43  32  369  110  452    3  452    3  36  0  0 L3P CD
G13 FF 61080 001000  780 663 2322    -6872640      7          90     -6   13  75   80   -4  443   25  443   25  13  0  0 L3P CF
G14 FF 61080 001000  780 380 1497    -7336375    -27          99     -7   21  47  119   14  290  -11  290  -11  17  0  0 L3P 2B
G15 FF 61080 001000  780 334 2335    -3842078    -34         119      0   16   9  133  -16  686    2  686    2  14  0  0 L3P E6
G17 FF 61080 001000  780 662  947      570797     79          93    -30   14  90   80    1  341   -3  341   -3  13  0  0 L3P B5
G19 FF 61080 001000  780 655  309    -6892844    -26         121    -10   16   7   81   -5  446  -46  446  -46  13  0  0 L3P 1B
G21 FF 61080 001000  780 130 3322    -3952023    -57         128      1   40  55  322   96  595 -108  595 -108  35  0  0 L3P 4A
G22 FF 61080 001000  780 515 1717      488952    -61         104    -13   21  19   94    7  330   -2  330   -2  18  0  0 L3P D2
G30 FF 61080 001000  780 381  951    -1149654   -141          93    -15   30  87  119    8  333   42  333   42  26  0  0 L3P 07
G06 FF 61080 002600  780 142  317     6091082     35         104     12   30   0  294  -86 1051  -95 1051  -95  24  0  0 L3P 21
G12 FF 61080 002600  780 119 2833     6073289    -73         123    -75   67  25  350 -103  780  356  780  356  63  0  0 L3P 7F
G13 FF 61080 002600  780 713 2505    -6872632    -14          86    -27   21  75   78   -2  456   25  456   25  19  0  0 L3P 1B
G14 FF 61080 002600  780 331 1440    -7336395     46          98     67   19  47  134   17  280  -65  280  -65  16  0  0 L3P 36
G15 FF 61080 002600  780 374 2404    -3842123    -61         107    -27   18   9  121  -10  682   15  682   15  15  0  0 L3P 22
G17 FF 61080 002600  780 635 1130      570894    112          85      3   16  90   82    3  325  -26  325  -26  14  0  0 L3P D8
G19 FF 61080 002600  780 719  474    -6892864    -26         116    -10   19   7   77   -2  402  -40  402  -40  16  0  0 L3P 18
G22 FF 61080 002600  780 464 1637      488920    -29         117     19   17  19  101    9  304  -42  304  -42  15  0  0 L3P 0C
G24 FF 61080 002600  780 102 2269     1294625   -198         136    -41   32  90  403 -178  853  -73  853  -73  26  0  0 L3P 84
G30 FF 61080 002600  780 350  865    -1149779   -172          89    -46   22  87  128   11  365   76  365   76  18  0  0 L3P 47
G06 FF 61080 004200  780 186  373     6091108     97         108     75   32   0  228  -54  901 -271  901 -271  28  0  0 L3P 39
G12 FF 61080 004200  780 153 2768     6073269   -229         101   -232   37  25  275  -59 1024  338 1024  338  34  0  0 L3P A5
G13 FF 61080 004200  780 729 2777    -6872621     27          85     14   17  75   77    0  461   -9  461   -9  14  0  0 L3P F4
G14 FF 61080 004200  780 287 1383    -7336407    -21         106     -1   21  47  153   22  261   -6  261   -6  16  0  0 L3P 05
G15 FF 61080 004200  780 404 2488    -3842157    -40         106     -6   19   9  113   -6  665  -18  665  -18  15  0  0 L3P 2F
G17 FF 61080 004200  780 585 1261      570994    102          80     -7   18  90   86    5  309   -7  309   -7  17  0  0 L3P D8
G19 FF 61080 004200  780 754  760    -6892877    -35         118    -19   42   7   76    0  360  -24  360  -24  28  0  0 L3P 1B
G22 FF 61080 004200  780 416 1564      488860    -57         103     -9   31  19  111   11  292  -11  292  -11  28  0  0 L3P 0F
G24 FF 61080 004200  780 151 2235     1294461   -113         123     44   38  90  279  -92  724 -216  724 -216  34  0  0 L3P 75
G30 FF 61080 004200  780 315  786    -1149888   -115         100     11   37  87  140   15  370    7  370    7  32  0  0 L3P FD
G06 FF 61080 005800  780 233  432     6091119     63          98     40   41   0  185  -36  706 -214  706 -214  35  0  0 L3P 20
G12 FF 61080 005800  780 185 2701     6073264     -8          94    -10   27  25  230  -38 1061  -15 1061  -15  23  0  0 L3P 3C
G13 FF 61080 005800  780 702 3038    -6872601     -3          94    -15   10  75   78    2  462   41  462   41   8  0  0 L3P DB
G14 FF 61080 005800  780 245 1325    -7336414     -3         119     18   30  47  176   27  240  -32  240  -32  23  0  0 L3P 1F
G15 FF 61080 005800  780 421 2584    -3842194    -35         102     -1   19   9  110   -2  633  -39  633  -39  18  0  0 L3P 26
G17 FF 61080 005800  780 523 1344      571097    126          78     16   23  90   93    9  288  -24  288  -24  21  0  0 L3P 07
G19 FF 61080 005800  780 739 1082    -6892891    -57         120    -41   20   7   77    2  328   -4  328   -4  13  0  0 L3P 04
G22 FF 61080 005800  780 370 1494      488819    -57         108    -10   22  19  122   13  272   -6  272   -6  19  0  0 L3P 10
G24 FF 61080 005800  780 202 2206     1294303   -225         116    -68   35  90  211  -55  599  -54  599  -54  31  0  0 L3P 6A
G30 FF 61080 005800  780 276  713    -1150004    -35         106     91   26  87  158   22  393  -55  393  -55  22  0  0 L3P 31
G06 FF 61080 011400  780 279  497     6091158     40         115     17   37   0  156  -25  540 -145  540 -145  28  0  0 L3P 37
G11 FF 61080 011400  780 128   75     4454233   -139         127     -8   44 125  327 -124  856   60  856   60  33  0  0 L3P 39
G12 FF 61080 011400  780 215 2630     6073272    -47          99    -50   35  25  200  -26 1004  -26 1004  -26  32  0  0 L3P 42
G13 FF 61080 011400  780 646 3210    -6872593     61          90     49   17  75   81    5  487  -32  487  -32  16  0  0 L3P 15
G14 FF 61080 011400  780 207 1267    -7336464    -67          89    -47   23  47  206   36  253   34  253   34  18  0  0 L3P 31
G15 FF 61080 011400  780 424 2687    -3842223    -20         106     14   24   9  109    1  625  -66  625  -66  23  0  0 L3P 18
G17 FF 61080 011400  780 455 1394      571204    115          88      6   18   8  103   13  273  -25  273  -25  17  0  0 L3P EE
G19 FF 61080 011400  780 686 1286    -6892924    -27         102    -11   16   7   79    4  313  -15  313  -15  15  0  0 L3P 1E
G22 FF 61080 011400  780 327 1426      488758    -18          93     29   18  19  136   16  263  -45  263  -45  14  0  0 L3P 23
G24 FF 61080 011400  780 258 2182     1294157   -194         121    -37   33  90  169  -36  513  -45  513  -45  28  0  0 L3P 68
G30 FF 61080 011400  780 233  648    -1150129   -104         102     22   27  87  185   34  428   17  428   17  25  0  0 L3P 1C
G06 FF 61080 013000  780 325  568     6091168     19         103     -3   27   0  137  -17  458  -69  458  -69  25  0  0 L3P 1E
G11 FF 61080 013000  780 180  118     4454108   -169         127    -38   31 125  236  -70  784 -237  784 -237  39  0  0 L3P 91
G12 FF 61080 013000  780 242 2558     6073308    -36         133    -38   28  25  178  -19  902  -39  902  -39  26  0  0 L3P 5B
G13 FF 61080 013000  780 576 3314    -6872600     -6          71    -19   32  75   87    7  402 -392  402 -392  39  0  0 L3P 36
G14 FF 61080 013000  780 172 1208    -7336464     39         109     59   36  47  246   48  237  -35  237  -35  27  0  0 L3P 47
G15 FF 61080 013000  780 413 2790    -3842261    -58         101    -24   24   9  111    4  629   85  629   85  22  0  0 L3P 10
G17 FF 61080 013000  780 386 1421      571315    180          95     71   22   8  118   19  250  -69  250  -69  20  0  0 L3P 02
G19 FF 61080 013000  780 618 1389    -6892938      8         104     24   17   7   83    6  284  -44  284  -44  15  0  0 L3P 0B
G22 FF 61080 013000  780 288 1360      488744    -85         124    -37   20  19  152   19  225   28  225   28  15  0  0 L3P 19
G24 FF 61080 013000  780 317 2164     1294001   -170         115    -13   25  90  140  -25  459  -49  459  -49  20  0  0 L3P 53
G30 FF 61080 013000  780 187  590    -1150253   -132          99     -6   38  87  228   57  480   72  480   72  31  0  0 L3P 1B
G06 FF 61080 014600  780 366  649     6091190     32         103     10   22   0  123  -12  408  -58  408  -58  19  0  0 L3P 07
G11 FF 61080 014600  780 236  160     4453992     21         137    152   67 125  183  -44  497  -68  497  -68  62  0  0 L3P 65
G12 FF 61080 014600  780 269 2484     6073289     25         112     23   31  25  162  -15  837 -135  837 -135  26  0  0 L3P 63
G13 FF 61080 014600  780 502 3382    -6872551    -87         107    -99   61  75   96   11  523  246  523  246  74  0  0 L3P 63
G14 FF 61080 014600  780 138 1148    -7336467    -19         125      1   35  47  302   69  225   -3  225   -3  28  0  0 L3P 0E
G15 FF 61080 014600  780 390 2888    -3842280    -38         114     -3   21   9  117    7  661   16  661   16  17  0  0 L3P 09
G17 FF 61080 014600  780 317 1431      571416    165          91     56   29   8  140   28  239  -61  239  -61  24  0  0 L3P 0C
G19 FF 61080 014600  780 545 1438    -6892951    -10         105      6   18   7   90    9  255  -33  255  -33  16  0  0 L3P 09
G22 FF 61080 014600  780 250 1293      488679    -32         105     15   22  19  173   24  242  -13  242  -13  17  0  0 L3P 16
G24 FF 61080 014600  780 379 2153     1293854   -146         119     10   22  90  120  -18  409  -49  409  -49  21  0  0 L3P 5A
G30 FF 61080 014600  780 138  540    -1150362   -129         111     -3   37  87  304  108  545   87  545   87  35  0  0 L3P 39
G06 FF 61080 020200  780 401  740     6091211     30          98      7   28   3  114   -7  366  -57  366  -57  22  0  0 L3P D4
G11 FF 61080 020200  780 296  205     4453855   -247         129   -116   43 126  148  -29  657   48  657   48  43  0  0 L3P 73
G12 FF 61080 020200  780 294 2410     6073292    -23         111    -25   30  29  149  -12  723 -115  723 -115  24  0  0 L3P 55
G13 FF 61080 020200  780 427 3431    -6872549     35          99     22   48 103  108   16  397  -46  397  -46  60  0  0 L3P 4E
G14 FF 61080 020200  780 107 1088    -7336492    -85         121    -65   37  48  386  108  229   73  229   73  32  0  0 L3P 5A
G15 FF 61080 020200  780 357 2977    -3842320    -73         108    -39   13  10  126   12  685   55  685   55   9  0  0 L3P 32
G17 FF 61080 020200  780 249 1430      571528    155         101     45   25  15  174   44  217  -49  217  -49  19  0  0 L3P 28
G19 FF 61080 020200  780 472 1459    -6892966    -22         108     -6   15   9  100   12  235  -25  235  -25  12  0  0 L3P 28
G22 FF 61080 020200  780 215 1227      488660    -11         133     36   25  68  199   31  214  -36  214  -36  20  0  0 L3P 13
G24 FF 61080 020200  780 444 2152     1293691   -179         113    -22   16  91  105  -13  379  -16  379  -16  13  0  0 L3P 5D
G06 FF 61080 021800  780 424  842     6091231     82          97     59   19   3  109   -4  308 -116  308 -116  14  0  0 L3P 14
G11 FF 61080 021800  780 359  254     4453716   -151         115    -20   31 126  125  -20  468 -189  468 -189  34  0  0 L3P 8E
G12 FF 61080 021800  780 320 2334     6073288      1         104     -1   17  29  138  -10  595 -131  595 -131  13  0  0 L3P 30
G13 FF 61080 021800  780 354 3471    -6872543     18          93      6   28 103  127   23  576  157  576  157  25  0  0 L3P 47
G15 FF 61080 021800  780 317 3057    -3842352    -24         109     10   37  10  139   17  703   13  703   13  28  0  0 L3P 17
G17 FF 61080 021800  780 185 1420      571626     39          95    -70   63  15  230   75  208   22  208   22  48  0  0 L3P F9
G19 FF 61080 021800  780 402 1464    -6892985    -37         103    -21   17   9  114   17  217   -3  217   -3  17  0  0 L3P 1C
G22 FF 61080 021800  780 182 1161      488596   -113         115    -66   38  68  233   41  228   52  228   52  27  0  0 L3P 32
G24 FF 61080 021800  780 512 2164     1293533   -151         106      5   16  91   94   -9  356  -55  356  -55  15  0  0 L3P 24
G06 FF 61080 023400  780 434  951     6091254    -14          97    -37   20   3  107    0  265    0  265    0  18  0  0 L3P AD
G11 FF 61080 023400  780 423  311     4453582   -155         107    -24   37 126  109  -14  459  196  459  196  30  0  0 L3P 71
G12 FF 61080 023400  780 346 2258     6073294    -15         108    -18   24  29  129   -9  471 -101  471 -101  20  0  0 L3P 56
G13 FF 61080 023400  780 284 3506    -6872533     -2          90    -15   34 103  154   35  663   50  663   50  28  0  0 L3P 22
G15 FF 61080 023400  780 274 3129    -3842379    -42         114     -8   24  10  159   24  722    8  722    8  22  0  0 L3P 00
G19 FF 61080 023400  780 335 1457    -6893001     62         103     78   19   9  133   24  203  -83  203  -83  14  0  0 L3P 21
G22 FF 61080 023400  780 150 1095      488551    -55         116     -8   34  68  280   58  226   12  226   12  28  0  0 L3P 05
G24 FF 61080 023400  780 581 2197     1293383   -158         107     -1   15  91   87   -7  323  -32  323  -32  15  0  0 L3P 2B
G06 FF 61080 025000  780 428 1059     6091264     46          86     24   21   3  108    3  236  -48  236  -48  18  0  0 L3P F7
G11 FF 61080 025000  780 487  382     4453450    -89         101     42   15 126   98  -10  415 -152  415 -152  13  0  0 L3P 48
G12 FF 61080 025000  780 373 2180     6073286     18          98     16   19  29  121   -8  388  -88  388  -88  17  0  0 L3P 39
G13 FF 61080 025000  780 218 3540    -6872523     58          89     45   25 103  197   57  696  -24  696  -24  23  0  0 L3P 54
G15 FF 61080 025000  780 230 3195    -3842415      5         112     39   18  10  187   35  690  -98  690  -98  17  0  0 L3P 35
G19 FF 61080 025000  780 271 1441    -6893015     15         104     31   25   9  161   35  192  -50  192  -50  19  0  0 L3P 17
G22 FF 61080 025000  780 119 1029      488511    -81         121    -33   28  68  348   88  221   32  221   32  26  0  0 L3P 0D
G24 FF 61080 025000  780 649 2265     1293223   -149          97      8   17  91   81   -5  305  -20  305  -20  16  0  0 L3P 0A
G29 FF 61080 025000  780 103 3068     3787651    -82         187    -16   54  63  403 -197  454  170  454  170  45  0  0 L3P 81
G06 FF 61080 030600  780 406 1158     6091294     15          94     -8   28   3  113    7  205   -4  205   -4  27  0  0 L3P C1
G11 FF 61080 030600  780 546  475     4453333   -135         109     -4   17 126   90   -6  315  -74  315  -74  15  0  0 L3P 29
G12 FF 61080 030600  780 401 2102     6073287      2          97      0   21  29  114   -7  335  -55  335  -55  21  0  0 L3P D8
G15 FF 61080 030600  780 186 3256    -3842445     23         114     57   43  10  229   52  577 -204  577 -204  37  0  0 L3P 62
G19 FF 61080 030600  780 212 1419    -6893028    -66         107    -51   31   9  203   54  188   51  188   51  21  0  0 L3P 28
G24 FF 61080 030600  780 709 2399     1293065   -170          89    -13   13  91   78   -3  299   -6  299   -6  12  0  0 L3P 25
G25 FF 61080 030600  780 115 2394    -4447017    -76         157   -101   70  45  361 -107  974  146  974  146  52  0  0 L3P 9B
G29 FF 61080 030600  780 152 3017     3787550    -94         149    -28   27  63  277  -87  650   47  650   47  25  0  0 L3P 5A
G06 FF 61080 033400  780 337 1296     6091330     21          92     -2   27   3  132   17  191   -7  191   -7  23  0  0 L3P CF
G11 FF 61080 033400  780 620  719     4453109   -133         105     -2   15 126   83   -2  231  -26  231  -26  13  0  0 L3P 0B
G12 FF 61080 033400  780 454 1957     6073303     19         109     17   18  29  103   -6  269  -33  269  -33  16  0  0 L3P 2C
G19 FF 61080 033400  780 117 1367    -6893089      5          72     21   55   9  356  151  204   -9  204   -9  39  0  0 L3P 03
G24 FF 61080 033400  780 749 2883     1292798   -167          86    -10   16  91   76    1  286    4  286    4  12  0  0 L3P 00
G25 FF 61080 033400  780 180 2301    -4447007      0         125    -25   27  45  236  -51  597 -164  597 -164  25  0  0 L3P 64
G29 FF 61080 033400  780 232 2910     3787439    -49         149     17   24  63  186  -33  718  -73  718  -73  22  0  0 L3P 64
G06 FF 61080 035000  780 285 1351     6091357      6          97    -17   22   3  154   28  184   30  184   30  17  0  0 L3P E4
G11 FF 61080 035000  780 631  899     4452977   -140          98     -9   16 126   82    0  206  -13  206  -13  13  0  0 L3P 0D
G12 FF 61080 035000  780 486 1869     6073298    -13         102    -15   14  29   98   -5  264   -8  264   -8  14  0  0 L3P 19
G21 FF 61080 035000  780 112  521    -3952800   -111         118    -53   52  56  370 -102  464 -162  464 -162  41  0  0 L3P 77
G24 FF 61080 035000  780 712 3146     1292638   -156          76      1   13  91   78    3  297   10  297   10  12  0  0 L3P E5
G25 FF 61080 035000  780 221 2251    -4446997     19         111     -6   40  45  195  -37  428 -121  428 -121  34  0  0 L3P 5E
G29 FF 61080 035000  780 272 2840     3787371    -56         122     10   24   3  160  -22  691   24  691   24  22  0  0 L3P 0F
G05 FF 61080 040600  780 136  304     2286514     18         112     13   56  66  308  -93  604  -19  604  -19  39  0  0 L3P 26
G06 FF 61080 040600  780 228 1392     6091390     40         109     18   30  29  189   47  184   -7  184   -7  22  0  0 L3P 0F
G11 FF 61080 040600  780 614 1073     4452852   -135         103     -4   14 127   84    2  194    3  194    3  11  0  0 L3P DC
G12 FF 61080 040600  780 519 1772     6073290     21          90     18   18  30   93   -4  234  -41  234  -41  15  0  0 L3P F2
G21 FF 61080 040600  780 144  585    -3952841      3         134     61   42  57  292  -65  336  -74  336  -74  33  0  0 L3P 2C
G24 FF 61080 040600  780 650 3301     1292492   -163          84     -7   17 104   81    5  296   17  296   17  15  0  0 L3P 09
G25 FF 61080 040600  780 265 2203    -4446978     -9         109    -34   30  46  164  -27  330  -71  330  -71  26  0  0 L3P 4C
G29 FF 61080 040600  780 309 2763     3787297    -79         111    -13   19  36  143  -15  675 -101  675 -101  16  0  0 L3P 86
G05 FF 61080 042200  780 179  361     2286513    -22         105    -28   38  66  237  -58  537 -145  537 -145  30  0  0 L3P 6D
G11 FF 61080 042200  780 574 1211     4452717   -160          94    -30   21 127   87    5  202   23  202   23  18  0  0 L3P FA
G12 FF 61080 042200  780 551 1665     6073307      1         105     -1   14  30   90   -3  213  -33  213  -33  14  0  0 L3P CF
G21 FF 61080 042200  780 175  652    -3952909    -51         122      6   27  57  241  -42  285  -72  285  -72  22  0  0 L3P 32
G24 FF 61080 042200  780 577 3391     1292339   -150          81      7   31 104   87    7  298  -20  298  -20  31  0  0 L3P 18
G25 FF 61080 042200  780 313 2156    -4446961    -22         101    -47   30  46  141  -21  271    5  271    5  24  0  0 L3P 05
G29 FF 61080 042200  780 341 2679     3787221    -89          99    -23   28  36  131  -10  549 -118  549 -118  25  0  0 L3P 82
G05 FF 61080 043800  780 225  421     2286510     -6          96    -12   33  66  191  -38  382 -110  382 -110  29  0  0 L3P 36
G11 FF 61080 043800  780 519 1306     4452600   -124         102      7   15 127   93    8  189   -2  189   -2  13  0  0 L3P F7
G12 FF 61080 043800  780 580 1543     6073309     -9         104    -11   16  30   87   -3  203    0  203    0  13  0  0 L3P B9
G21 FF 61080 043800  780 205  723    -3952964   -183         122   -125   43  57  208  -28  228   92  228   92  37  0  0 L3P 67
G24 FF 61080 043800  780 501 3449     1292182   -159          74     -2   24 104   96   11  306   26  306   26  23  0  0 L3P 11
G25 FF 61080 043800  780 365 2112    -4446932     14         106    -11   24  46  123  -16  233  -22  233  -22  22  0  0 L3P 32
G29 FF 61080 043800  780 368 2591     3787168    -57         109      9   21  36  122   -7  428 -109  428 -109  17  0  0 L3P 67
G05 FF 61080 045400  780 271  485     2286524     45         105     39   41  66  161  -26  285  -88  285  -88  33  0  0 L3P 41
G11 FF 61080 045400  780 455 1367     4452472   -140         100     -9   33 127  103   12  186   -4  186   -4  31  0  0 L3P 1E
G12 FF 61080 045400  780 603 1403     6073307     13         100     11   14  30   85   -2  194  -13  194  -13  12  0  0 L3P E7
G18 FF 61080 045400  780 103 3265     4297752   -146         142    -49   53  94  405 -242  441  120  441  120  60  0  0 L3P 78
G21 FF 61080 045400  780 231  798    -3953006    -44         136     14   51  57  186  -18  185  -60  185  -60  46  0  0 L3P 4C
G24 FF 61080 045400  780 426 3492     1292035   -179          78    -22   14 104  109   16  315   17  315   17  12  0  0 L3P 35
G25 FF 61080 045400  780 422 2069    -4446915     51          99     26   22  46  109  -13  214  -36  214  -36  19  0  0 L3P 38
G29 FF 61080 045400  780 391 2498     3787104   -107         109    -41   18  36  116   -5  350  -30  350  -30  14  0  0 L3P 4C
G05 FF 61080 051000  780 316  556     2286525     20         101     14   25  66  140  -18  248  -32  248  -32  22  0  0 L3P 0E
G11 FF 61080 051000  780 389 1404     4452338    -87          91     44   20 127  117   18  185  -38  185  -38  17  0  0 L3P 42
G12 FF 61080 051000  780 616 1246     6073312     -4         103     -7   15  30   84   -1  180  -16  180  -16  13  0  0 L3P E3
G18 FF 61080 051000  780 166 3239     4297635   -142         118    -46   49  94  256  -97  406   26  406   26  48  0  0 L3P 6A
G21 FF 61080 051000  780 251  877    -3953077    -90         121    -32   41  57  173  -11  187   27  187   27  37  0  0 L3P 39
G24 FF 61080 051000  780 353 3528     1291898   -144          91     13   22 104  127   23  303   50  303   50  16  0  0 L3P 18
G25 FF 61080 051000  780 482 2028    -4446892    -10          98    -35   14  46   99  -10  205   35  205   35  12  0  0 L3P 1D
G29 FF 61080 051000  780 410 2403     3787042      3         110     69   17  36  112   -4  297 -112  297 -112  15  0  0 L3P 24
G05 FF 61080 052600  780 358  636     2286519     17          89     12   22  66  125  -12  237    7  237    7  20  0  0 L3P DE
G11 FF 61080 052600  780 322 1423     4452210   -103          89     28   22 127  138   26  189  -19  189  -19  19  0  0 L3P 4C
G12 FF 61080 052600  780 615 1080     6073313     -2         101     -4   14  30   84    1  188   18  188   18  13  0  0 L3P CB
G18 FF 61080 052600  780 229 3204     4297539   -102         115     -5   25  94  188  -51  513   10  513   10  22  0  0 L3P 2C
G21 FF 61080 052600  780 262  959    -3953158    -82          95    -25   31  57  166   -4  207   41  207   41  26  0  0 L3P 1B
G24 FF 61080 052600  780 283 3560     1291754    -66          98     90   21 104  155   35  372    9  372    9  16  0  0 L3P 0A
G25 FF 61080 052600  780 546 1986    -4446865     -3         101    -28   18  46   90   -8  185   -1  185   -1  15  0  0 L3P 15
G28 FF 61080 052600  780 145 2259     5985828    -79          95    -15   52 147  291  -85  379   12  379   12  43  0  0 L3P 6A
G29 FF 61080 052600  780 426 2305     3786982    -66         113      0   25  36  108   -3  254  -38  254  -38  23  0  0 L3P 2B
G05 FF 61080 054200  780 393  726     2286535     30          99     25   23  66  116   -8  214  -63  214  -63  21  0  0 L3P 04
G11 FF 61080 054200  780 257 1429     4452086   -129          90      2   29 127  169   41  194   -6  194   -6  22  0  0 L3P 1C
G12 FF 61080 054200  780 598  919     6073317    -33         104    -36   23  30   85    2  182   40  182   40  18  0  0 L3P EE
G18 FF 61080 054200  780 292 3160     4297449   -174         118    -77   27  94  150  -30  449  -50  449  -50  23  0  0 L3P 77
G21 FF 61080 054200  780 264 1042    -3953212   -100          97    -42   40  57  165    2  198   35  198   35  35  0  0 L3P 22
G24 FF 61080 054200  780 216 3592     1291615   -167         110    -10   25 104  198   57  417   42  417   42  20  0  0 L3P 41
G25 FF 61080 054200  780 615 1942    -4446846     14          96    -11   12  46   84   -6  171   -8  171   -8  10  0  0 L3P FB
G28 FF 61080 054200  780 184 2312     5985794   -154         122    -91   29 147  231  -45  352   61  352   61  25  0  0 L3P 68
G29 FF 61080 054200  780 439 2206     3786914    -84         108    -18   10  36  106   -2  225  -14  225  -14   8  0  0 L3P 2C
G05 FF 61080 055800  780 418  826     2286525    -10          84    -15   18  66  110   -4  202   -8  202   -8  16  0  0 L3P F0
G11 FF 61080 055800  780 193 1425     4451981   -210         111    -79   34 127  221   70  185   62  185   62  25  0  0 L3P 4D
G12 FF 61080 055800  780 566  776     6073319     25         104     23   22  30   88    4  180  -25  180  -25  20  0  0 L3P EF
G18 FF 61080 055800  780 353 3103     4297352    -69         114     28   18  94  127  -19  352 -111  352 -111  13  0  0 L3P 68
G21 FF 61080 055800  780 255 1122    -3953247   -136         117    -78   29  57  170    9  181   77  181   77  25  0  0 L3P 50
G24 FF 61080 055800  780 155   24     1291452   -126          98     31   45 104  273  103  427 -122  427 -122  31  0  0 L3P 4C
G25 FF 61080 055800  780 687 1889    -4446825     24          94     -1   15  46   79   -4  161   -6  161   -6  14  0  0 L3P 03
G28 FF 61080 055800  780 216 2376     5985734    -81         124    -17   20 147  198  -25  344    0  344    0  19  0  0 L3P 36
G29 FF 61080 055800  780 450 2106     3786854    -84         111    -18   23  36  104   -2  204   -1  204   -1  20  0  0 L3P 06
G05 FF 61080 061400  780 430  933     2286532     53          86     47   19  67  108   -1  184  -58  184  -58  17  0  0 L3P 17
G12 FF 61080 061400  780 522  657     6073321    -37          96    -39   20  31   93    6  176   19  176   19  17  0  0 L3P EE
G18 FF 61080 061400  780 411 3033     4297255    -94         107      3   45  95  112  -13  270  -69  270  -69  29  0  0 L3P 3B
G21 FF 61080 061400  780 235 1197    -3953322    -26         100     32   24  58  183   19  190  -45  190  -45  20  0  0 L3P 38
G25 FF 61080 061400  780 762 1809    -4446786     29         107      4   14  47   76   -3  143  -10  143  -10  13  0  0 L3P 0B
G28 FF 61080 061400  780 239 2447     5985675    -72         123     -9   33 148  180  -13  332   -3  332   -3  26  0  0 L3P 38
G29 FF 61080 061400  780 460 2005     3786784    -48         105     18   20  66  102   -2  184  -41  184  -41  17  0  0 L3P 30
G05 FF 61080 063000  780 426 1040     2286544      0          92     -6   25  67  109    2  164   -3  164   -3  22  0  0 L3P B6
G12 FF 61080 063000  780 469  562     6073334    -19         107    -21   27  31  101   10  166   27  166   27  19  0  0 L3P 0B
G18 FF 61080 063000  780 464 2947     4297165   -111         110    -14   20  95  102   -9  230  -23  230  -23  17  0  0 L3P 3B
G21 FF 61080 063000  780 206 1264    -3953368     17         110     75   31  58  208   33  169  -74  169  -74  23  0  0 L3P 3F
G23 FF 61080 063000  780 130 3505    -6102605    -34         117     15   34  76  324 -157  338   75  338   75  25  0  0 L3P 45
G25 FF 61080 063000  780 834 1592    -4446781     28          88      3   32  47   74   -1  149  -10  149  -10  31  0  0 L3P 01
G28 FF 61080 063000  780 252 2525     5985620    -18         130     46   32 148  172   -5  326  -34  326  -34  28  0  0 L3P 47
G29 FF 61080 063000  780 469 1904     3786719    -93         103    -27   14  66  101   -1  164    6  164    6  11  0  0 L3P 06
G05 FF 61080 064600  780 407 1139     2286555     26          97     20   20  67  113    6  147  -23  147  -23  16  0  0 L3P 06
G12 FF 61080 064600  780 409  487     6073327    -11          97    -13   24  31  112   14  181   18  181   18  18  0  0 L3P 01
G18 FF 61080 064600  780 509 2842     4297068    -82         105     15    9  95   95   -6  205  -18  205  -18   7  0  0 L3P 17
G21 FF 61080 064600  780 168 1321    -3953413     15         120     72   38  58  252   61  163  -57  163  -57  29  0  0 L3P 3D
G23 FF 61080 064600  780 195 3521    -6102637    -12         132     37   27  76  219  -75  394 -111  394 -111  23  0  0 L3P 75
G25 FF 61080 064600  780 852  659    -4446759     29          86      4   16  47   74    1  144   -7  144   -7  13  0  0 L3P D7
G28 FF 61080 064600  780 254 2606     5985555    -57         126      7   35 148  170    2  330   -7  330   -7  31  0  0 L3P 0D
G29 FF 61080 064600  780 477 1800     3786665    -59         112      7   16  66   99   -1  144  -23  144  -23  14  0  0 L3P 23
G05 FF 61080 070200  780 374 1225     2286557      2          93     -3   31  67  121   11  149    1  149    1  29  0  0 L3P B7
G12 FF 61080 070200  780 346  428     6073326      7          95      5   25  31  129   22  201   24  201   24  22  0  0 L3P AD
G15 FF 61080 070200  780 108  545    -3842913    -60         131    -26   40  25  381 -101  211  -10  211  -10  31  0  0 L3P 2C
G18 FF 61080 070200  780 544 2717     4296980   -122         111    -25   21  95   90   -3  180   -4  180   -4  17  0  0 L3P 15
G21 FF 61080 070200  780 124 1368    -3953455     -3         134     55   47  58  336  120  163  -34  163  -34  37  0  0 L3P 43
G23 FF 61080 070200  780 265 3533    -6102688    -31         128     18   22  76  164  -43  289 -119  289 -119  18  0  0 L3P 89
G25 FF 61080 070200  780 781  302    -4446734     50          87     25   15  47   75    2  147  -11  147  -11  12  0  0 L3P E5
G26 FF 61080 070200  780 105 2201     3243547    -49         156   -107   34  89  398 -213  295   39  295   39  26  0  0 L3P 72
G28 FF 61080 070200  780 247 2688     5985482    -59         114      5   34 148  175    8  358    9  358    9  29  0  0 L3P 1D
G29 FF 61080 070200  780 484 1695     3786598    -68         108     -2   19  66   98   -1  143   -8  143   -8  15  0  0 L3P 1F
G31 FF 61080 070200  780 117 2384     1679950   -104         132    -82   37  59  354  -50  409   79  409   79  32  0  0 L3P 60
G05 FF 61080 071800  780 331 1295     2286571     27         103     21   25  67  134   18  140  -13  140  -13  22  0  0 L3P 11
G12 FF 61080 071800  780 281  383     6073345      7         111      4   31  31  156   34  207   15  207   15  24  0  0 L3P C5
G15 FF 61080 071800  780 138  610    -3842951    -49         126    -15   51  25  303  -64  192  -17  192  -17  47  0  0 L3P 53
G18 FF 61080 071800  780 567 2576     4296894   -103         117     -7   14  95   88   -2  156  -11  156  -11  12  0  0 L3P 42
G23 FF 61080 071800  780 339 3541    -6102749   -116         114    -67   27  76  132  -27  225   23  225   23  21  0  0 L3P 51
G25 FF 61080 071800  780 699  213    -4446701     77          95     52   14  47   78    4  147  -32  147  -32  11  0  0 L3P 00
G26 FF 61080 071800  780 162 2211     3243575     -3         130    -61   37  89  261  -92  272   19  272   19  33  0  0 L3P 28
G28 FF 61080 071800  780 230 2768     5985466   -212         159   -148   47 148  187   16  313  144  313  144  45  0  0 L3P A4
G29 FF 61080 071800  780 489 1588     3786535    -40         108     26   17  66   97   -1  134  -27  134  -27  16  0  0 L3P 42
G31 FF 61080 071800  780 130 2451     1679932    -68         135    -47   38  59  321  -21  420   49  420   49  31  0  0 L3P 3E
G05 FF 61080 073400  780 280 1349     2286587     -9         112    -14   23  67  156   28  144   26  144   26  18  0  0 L3P 23
G12 FF 61080 073400  780 216  348     6073336     31         100     29   38  31  199   59  233    5  233    5  27  0  0 L3P D8
G15 FF 61080 073400  780 167  678    -3843010     27         100     62   37  25  253  -42  204  -59  204  -59  30  0  0 L3P 2C
G18 FF 61080 073400  780 577 2426     4296801    -93         117      4   21  95   87    0  145  -18  145  -18  18  0  0 L3P 15
G23 FF 61080 073400  780 417 3545    -6102800    -39         109      9   21  76  110  -18  201  -62  201  -62  19  0  0 L3P 2C
G25 FF 61080 073400  780 616  172    -4446680     20          93     -5   20  47   84    7  162   19  162   19  19  0  0 L3P D9
G26 FF 61080 073400  780 219 2231     3243621     33         119    -25   44  89  196  -50  243  -18  243  -18  37  0  0 L3P 47
G28 FF 61080 073400  780 207 2844     5985374    -41         129     23   33 148  207   25  329  -19  329  -19  24  0  0 L3P 62
G29 FF 61080 073400  780 492 1477     3786483    -86         120    -20   19  66   97    0  124   22  124   22  17  0  0 L3P 13
G31 FF 61080 073400  780 134 2522     1679914    -27         137     -5   32  59  311   -1  420    1  420    1  27  0  0 L3P DA
G05 FF 61080 075000  780 225 1388     2286599    -10         120    -15   21  67  191   47  135   12  135   12  18  0  0 L3P 22
G10 FF 61080 075000  780 125 3381     5874075     15         110     -2   60  81  337 -176  291   27  291   27  42  0  0 L3P 26
G12 FF 61080 075000  780 150  323     6073350     42         112     40   40  31  282  121  215  -65  215  -65  30  0  0 L3P FE
G15 FF 61080 075000  780 194  749    -3843034    -91         109    -57   50  25  220  -28  175   32  175   32  48  0  0 L3P 3B
G18 FF 61080 075000  780 573 2276     4296707    -95         116      2   16  95   87    1  130  -11  130  -11  14  0  0 L3P FD
G23 FF 61080 075000  780 499 3546    -6102842    -57         115     -8   18  76   96  -12  171  -19  171  -19  17  0  0 L3P 4F
G25 FF 61080 075000  780 534  149    -4446650     11          98    -14   20  47   92   10  166   16  166   16  17  0  0 L3P F5
G26 FF 61080 075000  780 275 2263     3243671     88         113     30   27  89  159  -30  208  -54  208  -54  22  0  0 L3P 3E
G28 FF 61080 075000  780 179 2916     5985299    -20         114     43   38 148  237   39  340  -50  340  -50  30  0  0 L3P 59
G29 FF 61080 075000  780 492 1365     3786407   -122         107    -56   16  66   97    0  130   46  130   46  13  0  0 L3P 1D
G31 FF 61080 075000  780 130 2593     1679888     33         132     54   28  59  319   17  410  -80  410  -80  21  0  0 L3P 2F
G05 FF 61080 080600  780 167 1415     2286578    127          92    121   93  68  253   87  160  -57  160  -57  60  0  0 L3P 54
G10 FF 61080 080600  780 192 3372     5874056    -70          77    -87   35  82  223  -79  291  -16  291  -16  25  0  0 L3P 58
G15 FF 61080 080600  780 216  823    -3843080    -83         101    -49   42  26  198  -18  177   28  177   28  35  0  0 L3P 45
G18 FF 61080 080600  780 559 2136     4296603    -91          98      6   21  96   89    2  131  -14  131  -14  17  0  0 L3P FD
G23 FF 61080 080600  780 583 3544    -6102887    -78         113    -29   18  77   86   -8  144    1  144    1  16  0  0 L3P 0E
G25 FF 61080 080600  780 452  136    -4446622     60         105     35   28  53  104   15  169  -35  169  -35  25  0  0 L3P 25
G26 FF 61080 080600  780 328 2309     3243728     33         118    -25   18  90  135  -19  181    1  181    1  15  0  0 L3P 00
G28 FF 61080 080600  780 148 2984     5985246    -31         120     33   37 149  283   59  323  -44  323  -44  28  0  0 L3P 64
G29 FF 61080 080600  780 487 1251     3786343   -106         107    -40   14  70   98    1  130   30  130   30  14  0  0 L3P 05
G31 FF 61080 080600  780 120 2665     1679869    -37         132    -16   32  63  346   39  385   -1  385   -1  26  0  0 L3P 32
G10 FF 61080 082200  780 261 3356     5874094     55          98     38   35  82  167  -43  202  -91  202  -91  33  0  0 L3P 32
G15 FF 61080 082200  780 233  899    -3843124    -30          90      5   28  26  185  -10  181    6  181    6  25  0  0 L3P DD
G16 FF 61080 082200  780 105 2186    -2044994   -154         148    -79   40  17  397 -208  236   23  236   23  32  0  0 L3P 73
G18 FF 61080 082200  780 538 2008     4296511   -101          98     -4   17  96   91    3  128    9  128    9  15  0  0 L3P DE
G23 FF 61080 082200  780 670 3539    -6102938    -64         110    -15   21  77   80   -5  135    1  135    1  17  0  0 L3P EF
G25 FF 61080 082200  780 374  130    -4446598     40         106     15   31  53  121   22  179   10  179   10  27  0  0 L3P FC
G26 FF 61080 082200  780 376 2372     3243781     77         115     19   26  90  120  -12  171  -26  171  -26  22  0  0 L3P 31
G28 FF 61080 082200  780 117 3049     5985185    -41         120     23   35 149  355   93  292  -79  292  -79  25  0  0 L3P 6C
G29 FF 61080 082200  780 476 1137     3786289    -67         116     -1   22  70   99    2  124    8  124    8  19  0  0 L3P E6
G31 FF 61080 082200  780 103 2736     1679850    -44         133    -23   32  63  397   69  384   14  384   14  29  0  0 L3P 3B
G10 FF 61080 083800  780 333 3331     5874100      0          88    -17   34  82  134  -27  183    8  183    8  31  0  0 L3P E0
G15 FF 61080 083800  780 242  978    -3843144    -54         103    -20   29  26  178   -3  188   39  188   39  25  0  0 L3P 3E
G16 FF 61080 083800  780 160 2207    -2045086    -91         128    -16   40  17  265  -90  213   -2  213   -2  38  0  0 L3P 2C
G18 FF 61080 083800  780 512 1893     4296416   -137          97    -40   25  97   94    4  131   36  131   36  21  0  0 L3P 19
G23 FF 61080 083800  780 757 3533    -6102994    -46         101      3   33  77   76   -3  132  -26  132  -26  31  0  0 L3P 1C
G25 FF 61080 083800  780 298  129    -4446571     -3         109    -28   28  53  148   34  194   35  194   35  23  0  0 L3P 2D
G26 FF 61080 083800  780 415 2451     3243826     50         105     -8   19  90  111   -8  173   -4  173   -4  18  0  0 L3P F9
G29 FF 61080 083800  780 459 1027     3786220   -125         110    -59   17  70  102    4  141   61  141   61  16  0  0 L3P 1F
G10 FF 61080 085400  780 406 3295     5874114     39          86     22   33  82  113  -17  183  -24  183  -24  31  0  0 L3P 27
G15 FF 61080 085400  780 242 1055    -3843180   -101          99    -67   29  26  178    3  211   74  211   74  23  0  0 L3P 26
G16 FF 61080 085400  780 213 2239    -2045164    -99         122    -24   33  17  201  -48  216   23  216   23  28  0  0 L3P 38
G18 FF 61080 085400  780 485 1788     4296330    -87         104     10   16  97   98    4  133    7  133    7  14  0  0 L3P ED
G23 FF 61080 085400  780 846 3532    -6103036     68         106    117   22  77   74   -1  120 -121  120 -121  21  0  0 L3P 39
G25 FF 61080 085400  780 226  134    -4446533     46         123     21   26  53  191   58  202   -1  202   -1  19  0  0 L3P ED
G26 FF 61080 085400  780 442 2547     3243891     82         114     24   29  90  105   -4  160  -21  160  -21  27  0  0 L3P 1B
G29 FF 61080 085400  780 435  923     3786155    -85         109    -19   21  70  107    6  156   27  156   27  19  0  0 L3P 20
G10 FF 61080 091000  780 480 3243     5874149     20         104      2   15  82   99  -12  162  -13  162  -13  13  0  0 L3P FC
G15 FF 61080 091000  780 232 1130    -3843204      5         108     39   21  26  185   11  217  -22  217  -22  18  0  0 L3P 05
G16 FF 61080 091000  780 263 2284    -2045234    -89         124    -14   32  17  165  -29  209   -6  209   -6  29  0  0 L3P 3C
G18 FF 61080 091000  780 457 1691     4296237    -84         104     13   24  97  103    5  147   -3  147   -3  20  0  0 L3P 00
G23 FF 61080 091000  780 867 1669    -6103080    -76         108    -27   19  77   74    1  118   22  118   22  17  0  0 L3P 1A
G25 FF 61080 091000  780 157  144    -4446475     40         157     15   29  53  269  112  199    4  199    4  19  0  0 L3P 0D
G26 FF 61080 091000  780 454 2655     3243945     36         113    -22   18  90  103   -1  163   14  163   14  16  0  0 L3P 07
G29 FF 61080 091000  780 404  826     3786102    -33         119     33   18  70  113    8  159  -21  159  -21  14  0  0 L3P 0C
G10 FF 61080 092600  780 551 3170     5874166      5         105    -12   15  82   90   -8  151    5  151    5  14  0  0 L3P C3
G15 FF 61080 092600  780 214 1200    -3843223     12         122     46   25  26  200   21  222  -22  222  -22  20  0  0 L3P FD
G16 FF 61080 092600  780 308 2342    -2045307    -80         122     -5   25  17  143  -18  195  -12  195  -12  19  0  0 L3P 41
G18 FF 61080 092600  780 430 1600     4296141   -109         100    -12   17  97  108    6  158   17  158   17  15  0  0 L3P 24
G23 FF 61080 092600  780 781 1672    -6103146    -19          90     29   20  77   75    2  132  -32  132  -32  19  0  0 L3P 0B
G26 FF 61080 092600  780 450 2767     3243991     30         103    -28   23  90  104    2  169   18  169   18  19  0  0 L3P 16
G27 FF 61080 092600  780 102 2224      373769     39         125    -55   42  96  405 -201  304    7  304    7  37  0  0 L3P 09
G29 FF 61080 092600  780 367  738     3786045    -84         125    -18   27  70  123   12  168   31  168   31  22  0  0 L3P 29
G10 FF 61080 094200  780 617 3063     5874184     26         107      8   17  82   84   -5  149  -12  149  -12  15  0  0 L3P 09
G15 FF 61080 094200  780 186 1262    -3843264    -43         113     -9   37  26  228   38  262   35  262   35  30  0  0 L3P 29
G16 FF 61080 094200  780 344 2414    -2045373    -66         128      9   24  17  130  -11  183  -11  183  -11  21  0  0 L3P 28
G18 FF 61080 094200  780 404 1513     4296054   -112         106    -16   19  97  113    6  166   38  166   38  16  0  0 L3P 30
G23 FF 61080 094200  780 698 1654    -6103185    -50          97     -2   15  77   78    4  132   12  132   12  13  0  0 L3P EE
G26 FF 61080 094200  780 432 2875     3244060     85         116     27   21  90  107    5  167   -3  167   -3  18  0  0 L3P F5
G27 FF 61080 094200  780 156 2199      373879     79         146    -14   43  96  271  -95  244  -10  244  -10  45  0  0 L3P 4F
G29 FF 61080 094200  780 324  660     3785982    -40         125     25   28  70  137   18  186   -1  186   -1  25  0  0 L3P 0F
G32 FF 61080 094200  780 147    6     1012535   -197         123    -20   24   0  286 -109  276   23  276   23  20  0  0 L3P 01
G10 FF 61080 095800  780 672 2904     5874198     15         104     -3   16  82   80   -3  148    1  148    1  14  0  0 L3P D4
G15 FF 61080 095800  780 151 1316    -3843300     42         111     76   34  26  278   69  309  -28  309  -28  24  0  0 L3P 41
G16 FF 61080 095800  780 370 2499    -2045454    -41         119     34   19  17  122   -6  185  -22  185  -22  17  0  0 L3P 48
G18 FF 61080 095800  780 379 1428     4295967    -86         112     11   19  97  120    7  172    2  172    2  16  0  0 L3P FF
G23 FF 61080 095800  780 618 1631    -6103221    -47         108      2   17  77   83    6  133   17  133   17  15  0  0 L3P EF
G26 FF 61080 095800  780 401 2974     3244108     60         109      2   18  90  114    9  185   19  185   19  14  0  0 L3P F7
G27 FF 61080 095800  780 213 2180      373949     77         126    -17   34  96  202  -54  228  -29  228  -29  28  0  0 L3P 51
G29 FF 61080 095800  780 277  592     3785936    -18         142     48   38  70  158   27  199   -8  199   -8  31  0  0 L3P 40
G32 FF 61080 095800  780 206   37     1012362   -185         120     -8   32   0  208  -61  269  -12  269  -12  25  0  0 L3P 0B
G10 FF 61080 101400  780 706 2678     5874212      3         104    -14   10  89   78   -1  151   13  151   13   9  0  0 L3P D0
G15 FF 61080 101400  780 111 1361    -3843309    -20         135     14   51  27  374  139  353   45  353   45  35  0  0 L3P 2C
G16 FF 61080 101400  780 384 2593    -2045515    -64         126     11   30  18  118   -2  180   -3  180   -3  24  0  0 L3P 01
G18 FF 61080 101400  780 354 1346     4295874    -72         109     24   15  98  126    8  183    0  183    0  12  0  0 L3P E9
G23 FF 61080 101400  780 542 1605    -6103276    -38          98     11   21  78   91    9  149    5  149    5  18  0  0 L3P D7
G26 FF 61080 101400  780 362 3061     3244166     29         109    -29   28  91  124   13  200   46  200   46  23  0  0 L3P 06
G27 FF 61080 101400  780 273 2169      374044    147         135     53   25  97  160  -35  190  -78  190  -78  23  0  0 L3P 44
G29 FF 61080 101400  780 225  533     3785858    -59         129      7   45  82  191   43  254   43  254   43  38  0  0 L3P 13
G32 FF 61080 101400  780 270   68     1012194    -98         121     79   27  12  162  -38  241  -84  241  -84  20  0  0 L3P 15
G10 FF 61080 103000  780 709 2413     5874234      7         109    -10   14  89   78    1  147    7  147    7  12  0  0 L3P BE
G16 FF 61080 103000  780 383 2693    -2045593    -64         121     11   23  18  118    2  191    6  191    6  18  0  0 L3P E8
G18 FF 61080 103000  780 331 1265     4295778    -86         106     10   23  98  134    9  204   11  204   11  18  0  0 L3P FF
G23 FF 61080 103000  780 470 1575    -6103319    -28          94     21   22  79  101   12  165    1  165    1  21  0  0 L3P D7
G26 FF 61080 103000  780 318 3138     3244223     44         114    -14   21  19  139   19  226   39  226   39  17  0  0 L3P 13
G27 FF 61080 103000  780 336 2165      374120     32         120    -62   22  97  133  -23  182   34  182   34  20  0  0 L3P F8
G29 FF 61080 103000  780 171  483     3785801    -30         134     36   46  82  248   78  300   40  300   40  35  0  0 L3P FF
G32 FF 61080 103000  780 338  100     1012012   -152         109     25   23  12  132  -25  230  -49  230  -49  20  0  0 L3P 07
G08 FF 61080 104600  780 103 2193    -4939766     75         143     25   33  39  402 -221  298  -63  298  -63  25  0  0 L3P 6D
G10 FF 61080 104600  780 683 2179     5874253      5         112    -12   15  89   79    2  153   19  153   19  13  0  0 L3P EE
G16 FF 61080 104600  780 369 2791    -2045670    -84         115     -9   22  18  122    6  210   24  210   24  17  0  0 L3P 04
G18 FF 61080 104600  780 307 1185     4295695   -115         115    -18   17  98  143   10  220   46  220   46  15  0  0 L3P 3A
G23 FF 61080 104600  780 402 1542    -6103349    -76         111    -27   15  79  114   16  175   52  175   52  14  0  0 L3P 2C
G26 FF 61080 104600  780 271 3206     3244280     60         116      2   25  19  161   26  260   39  260   39  21  0  0 L3P EB
G27 FF 61080 104600  780 402 2173      374209    119         119     25   20  97  114  -16  176  -37  176  -37  16  0  0 L3P 3A
G29 FF 61080 104600  780 116  442     3785759    -83         156    -17   65  82  361  172  357   98  357   98  50  0  0 L3P 5B
G32 FF 61080 104600  780 409  134     1011853   -192         120    -14   22  12  112  -17  211    1  211    1  21  0  0 L3P D3
G08 FF 61080 110200  780 162 2194    -4939722     53         138      3   54  39  261  -95  264  -42  264  -42  46  0  0 L3P 3E
G10 FF 61080 110200  780 638 2006     5874273     16         115     -1   14  89   82    4  160   22  160   22  12  0  0 L3P CB
G16 FF 61080 110200  780 344 2884    -2045728    -70         129      5   20  18  130   10  220   28  220   28  16  0  0 L3P FD
G18 FF 61080 110200  780 284 1106     4295606    -70         119     27   43  98  154   13  245    6  245    6  42  0  0 L3P F9
G23 FF 61080 110200  780 340 1505    -6103388    -46         119      3   23  79  131   21  200   39  200   39  20  0  0 L3P F5
G26 FF 61080 110200  780 225 3268     3244358     63         138      5   30  19  191   38  293   58  293   58  29  0  0 L3P 13
G27 FF 61080 110200  780 469 2196      374292    106         112     12   24  97  101  -11  178   -3  178   -3  22  0  0 L3P 06
G32 FF 61080 110200  780 483  175     1011678   -187         115    -10   14  12   98  -12  205    3  205    3  13  0  0 L3P E0
G08 FF 61080 111800  780 222 2205    -4939682     34         131    -16   47  39  194  -51  250    1  250    1  38  0  0 L3P 0B
G10 FF 61080 111800  780 585 1880     5874301     18         127      1   20  89   86    5  166   15  166   15  17  0  0 L3P E3
G16 FF 61080 111800  780 311 2969    -2045806    -84         123     -9   20  18  142   16  258   42  258   42  16  0  0 L3P 26
G18 FF 61080 111800  780 259 1029     4295504    -73         111     24   29  98  168   16  289   27  289   27  26  0  0 L3P 3F
G23 FF 61080 111800  780 282 1466    -6103450    -74         104    -25   23  79  155   29  258   69  258   69  18  0  0 L3P 4E
G26 FF 61080 111800  780 180 3327     3244411     38         135    -20   46  19  236   56  354   71  354   71  38  0  0 L3P 1E
G27 FF 61080 111800  780 536 2240      374397    104         125     10   14  97   91   -8  170   -5  170   -5  12  0  0 L3P E4
G32 FF 61080 111800  780 559  230     1011519   -160         127     17   17  12   89   -8  193  -22  193  -22  14  0  0 L3P 12
G08 FF 61080 113400  780 283 2227    -4939641     38         123    -12   26  39  155  -31  242   -8  242   -8  21  0  0 L3P 2A
G10 FF 61080 113400  780 530 1781     5874316     26         125      9   14  89   92    7  188   13  188   13  12  0  0 L3P E3
G16 FF 61080 113400  780 272 3047    -2045880    -29         122     46   20  18  160   23  298    3  298    3  16  0  0 L3P 02
G18 FF 61080 113400  780 232  954     4295439   -192         138    -96   32  98  186   21  310  135  310  135  30  0  0 L3P 55
G23 FF 61080 113400  780 228 1424    -6103471    -29         129     20   29  79  189   41  280   44  280   44  23  0  0 L3P 29
G26 FF 61080 113400  780 138 3383     3244469    106         137     48   46  19  303   86  410   36  410   36  31  0  0 L3P 24
G27 FF 61080 113400  780 599 2318      374477     95         115      0   13  97   85   -5  184    5  184    5  11  0  0 L3P C5
G32 FF 61080 113400  780 632  315     1011337   -174         115      3   17  12   82   -5  201   -3  201   -3  15  0  0 L3P B8
G08 FF 61080 115000  780 342 2263    -4939598     73         119     23   24  39  131  -20  242  -30  242  -30  21  0  0 L3P 34
G10 FF 61080 115000  780 476 1697     5874334     36         127     19   19  89   99    9  211    7  211    7  17  0  0 L3P E3
G16 FF 61080 115000  780 230 3117    -2045939    -50         134     25   25  18  187   33  342   39  342   39  21  0  0 L3P 20
G18 FF 61080 115000  780 203  882     4295364    -74         155     23   32  98  210   30  357   55  357   55  26  0  0 L3P 16
G23 FF 61080 115000  780 179 1378    -6103526     57         122    106   38  79  237   62  348  -28  348  -28  28  0  0 L3P 61
G26 FF 61080 115000  780 101 3438     3244528    116         141     58   36  19  408  138  474   21  474   21  27  0  0 L3P 32
G27 FF 61080 115000  780 652 2448      374572     89         120     -5   12  97   81   -3  193   22  193   22  12  0  0 L3P E2
G32 FF 61080 115000  780 697  458     1011173   -171         121      7   14  12   78   -3  200    1  200    1  12  0  0 L3P A2
G02 FF 61080 120600  780 141 2253     -347546    -33         128     48   33  18  298 -101  343  -65  343  -65  29  0  0 L3P 51
G08 FF 61080 120600  780 397 2316    -4939550     70         120     20   18  42  115  -13  242  -12  242  -12  15  0  0 L3P 29
G10 FF 61080 120600  780 425 1623     5874350     53         129     35   26  96  109   11  234   11  234   11  23  0  0 L3P FB
G16 FF 61080 120600  780 188 3183    -2046035    -95         111    -20   21  19  226   49  413   68  413   68  16  0  0 L3P 35
G18 FF 61080 120600  780 172  813     4295267    -59         149     38   65  99  246   46  424   66  424   66  54  0  0 L3P 37
G23 FF 61080 120600  780 133 1330    -6103535   -116         160    -68   45  80  313  100  379  116  379  116  33  0  0 L3P 6C
G27 FF 61080 120600  780 683 2642      374659     97         120      2   18  98   79   -1  208    6  208    6  16  0  0 L3P C7
G28 FF 61080 120600  780 129  265     5984358    -80         145    -16   34 152  324  -98  471  -14  471  -14  28  0  0 L3P 65
G32 FF 61080 120600  780 738  704     1011003   -171         122      6   14  13   77   -1  206   -3  206   -3  13  0  0 L3P BB
G02 FF 61080 122200  780 191 2211     -347624   -107         128    -26   32  18  223  -60  331    7  331    7  27  0  0 L3P 03
G08 FF 61080 122200  780 446 2389    -4939503     68         120     18   15  42  105   -9  250   -8  250   -8  12  0  0 L3P 0E
G10 FF 61080 122200  780 377 1553     5874355     74         117     57   30  96  120   13  274  -12  274  -12  25  0  0 L3P 26
G16 FF 61080 122200  780 147 3245    -2046087    -51         130     25   26  19  285   75  466   56  466   56  18  0  0 L3P 3A
G18 FF 61080 122200  780 138  747     4295176     -5         151     92   66  99  304   77  511    8  511    8  58  0  0 L3P F2
G27 FF 61080 122200  780 681 2870      374744     90         114     -4   15  98   79    1  229   21  229   21  13  0  0 L3P D9
G28 FF 61080 122200  780 170  320     5984280    -86         128    -23   30 152  248  -62  462  -12  462  -12  23  0  0 L3P 45
G32 FF 61080 122200  780 736 1013     1010832   -174         121      3   11  13   77    1  217   11  217   11   9  0  0 L3P B6
G02 FF 61080 123800  780 246 2172     -347711   -116         118    -35   38  18  176  -39  330   27  330   27  34  0  0 L3P 40
G08 FF 61080 123800  780 484 2485    -4939463     41         111     -9   18  42   98   -5  264   15  264   15  16  0  0 L3P 17
G10 FF 61080 123800  780 333 1486     5874378     28         123     11   16  96  134   16  310   36  310   36  14  0  0 L3P 0B
G16 FF 61080 123800  780 109 3305    -2046142    -27         147     48   39  19  378  122  532   47  532   47  34  0  0 L3P 46
G27 FF 61080 123800  780 647 3065      374848     83         128    -12   13  98   81    3  240   41  240   41  12  0  0 L3P E8
G28 FF 61080 123800  780 215  378     5984219    -38         129     26   36 152  199  -41  438  -49  438  -49  27  0  0 L3P 75
G31 FF 61080 123800  780 105  101     1679545      7         161     28   28  65  395 -159  547  -61  547  -61  23  0  0 L3P 37
G32 FF 61080 123800  780 691 1240     1010666   -194         126    -17   10  13   79    3  226   30  226   30  10  0  0 L3P FA
G02 FF 61080 125400  780 305 2137     -347791    -29         116     51   31  18  144  -27  319  -61  319  -61  26  0  0 L3P 3B
G08 FF 61080 125400  780 507 2602    -4939421     56         105      6   17  42   95   -2  278   11  278   11  14  0  0 L3P F4
G10 FF 61080 125400  780 292 1420     5874400     15         129     -2   22  96  150   19  346   64  346   64  16  0  0 L3P 06
G27 FF 61080 125400  780 591 3203      374944     98         133      3   18  98   86    6  262   30  262   30  16  0  0 L3P D5
G28 FF 61080 125400  780 261  440     5984151    -23         122     41   35 152  166  -28  423  -56  423  -56  27  0  0 L3P 43
G31 FF 61080 125400  780 150  149     1679523    -58         160    -37   29  65  280  -88  511  -15  511  -15  20  0  0 L3P 40
G32 FF 61080 125400  780 626 1363     1010493   -174         123      3   18  13   83    5  242   19  242   19  17  0  0 L3P E9
G01 FF 61080 131000  780 112 2245    -3342797     18         133    -32   24  37  372 -164  469   13  469   13  18  0  0 L3P 44
G02 FF 61080 131000  780 369 2106     -347867    -72         118      8   15  18  122  -20  312   -3  312   -3  13  0  0 L3P ED
G08 FF 61080 131000  780 512 2730    -4939371     41         107     -9   16  42   94    1  295   33  295   33  12  0  0 L3P EF
G10 FF 61080 131000  780 255 1355     5874407     36         120     19   21  96  170   23  408   45  408   45  14  0  0 L3P 07
G27 FF 61080 131000  780 525 3297      375035     89         133     -6   23  98   93    9  296   43  296   43  21  0  0 L3P EF
G28 FF 61080 131000  780 307  507     5984084     -5         115     59   27 152  144  -20  408  -54  408  -54  20  0  0 L3P 31
G31 FF 61080 131000  780 200  198     1679476    -36         134    -14   24  65  214  -54  497  -23  497  -23  18  0  0 L3P 48
G32 FF 61080 131000  780 553 1425     1010324   -161         124     16   16  13   89    8  266   20  266   20  14  0  0 L3P EA
G01 FF 61080 132600  780 164 2210    -3342744    120         138     70   38  37  259  -84  448  -74  448  -74  33  0  0 L3P 5F
G02 FF 61080 132600  780 438 2079     -347946   -161         116    -80   15  18  106  -14  307   62  307   62  15  0  0 L3P 41
G03 FF 61080 132600  780 115 2628    -5745727    113         144     -2   26  97  360  -84  548  -22  548  -22  22  0  0 L3P 59
G08 FF 61080 132600  780 498 2857    -4939305     45         126     -5   15  42   96    3  304   27  304   27  13  0  0 L3P 03
G10 FF 61080 132600  780 220 1289     5874442    -58         139    -75   24  96  195   28  454  130  454  130  18  0  0 L3P 60
G27 FF 61080 132600  780 455 3364      375117    106         124     12   38  98  103   13  337   25  337   25  34  0  0 L3P 0F
G28 FF 61080 132600  780 350  583     5984021    -65         114     -2   29 152  128  -14  392   -7  392   -7  25  0  0 L3P 23
G31 FF 61080 132600  780 253  248     1679457    -39         135    -18   34  65  171  -36  454  -29  454  -29  28  0  0 L3P 5C
G32 FF 61080 132600  780 479 1454     1010153   -180         124     -3   25  13   99   12  298   37  298   37  22  0  0 L3P 19
G01 FF 61080 134200  780 219 2180    -3342726     43         109     -7   35  37  196  -50  453  -12  453  -12  30  0  0 L3P 2E
G02 FF 61080 134200  780 511 2059     -348028    -75         111      6   14  18   94  -10  302  -14  302  -14  12  0  0 L3P F5
G03 FF 61080 134200  780 142 2560    -5745623    102         137    -13   26  97  295  -55  531    0  531    0  20  0  0 L3P 10
G08 FF 61080 134200  780 467 2972    -4939256     57         126      6   47  42  101    6  329   35  329   35  33  0  0 L3P 10
G10 FF 61080 134200  780 188 1224     5874446    106         126     89   22  96  226   36  542   12  542   12  17  0  0 L3P 26
G27 FF 61080 134200  780 384 3416      375217     94         134      0   42  98  118   19  372   53  372   53  40  0  0 L3P F5
G28 FF 61080 134200  780 389  669     5983969    -47         123     17   26 152  117   -9  376  -25  376  -25  23  0  0 L3P 60
G31 FF 61080 134200  780 309  301     1679431     -1         130     21   18  65  143  -24  426  -39  426  -39  17  0  0 L3P 13
G32 FF 61080 134200  780 406 1464     1009978   -167         119     11   23  13  113   17  343   41  343   41  22  0  0 L3P 1A
G01 FF 61080 135800  780 279 2156    -3342659     55         128      4   27  37  157  -33  425  -22  425  -22  23  0  0 L3P 38
G02 FF 61080 135800  780 589 2047     -348113    -80         103      1   14  18   86   -7  305   -6  305   -6  13  0  0 L3P DB
G03 FF 61080 135800  780 168 2493    -5745521    116         129      1   27  97  251  -39  537   -7  537   -7  22  0  0 L3P 38
G04 FF 61080 135800  780 152 3147     -431464     18         141     39   25  85  279 -104  580  -85  580  -85  18  0  0 L3P 59
G08 FF 61080 135800  780 425 3070    -4939211     72         123     22   20  42  109   10  369   22  369   22  16  0  0 L3P 11
G10 FF 61080 135800  780 158 1158     5874475    -26         139    -43   28  96  266   48  612  132  612  132  21  0  0 L3P 61
G27 FF 61080 135800  780 316 3461      375307     90         133     -4   21  98  140   28  433   68  433   68  18  0  0 L3P 08
G28 FF 61080 135800  780 418  765     5983907    -91         122    -28   18 152  110   -5  378   26  378   26  15  0  0 L3P 45
G31 FF 61080 135800  780 366  360     1679414    -12         134     10   16  65  123  -17  406  -21  406  -21  14  0  0 L3P 1C
G32 FF 61080 135800  780 337 1460     1009811   -106         122     71   23  13  132   24  400    2  400    2  19  0  0 L3P DE
G01 FF 61080 141400  780 343 2137    -3342637    114          99     64   16  38  130  -23  426  -71  426  -71  14  0  0 L3P 3C
G02 FF 61080 141400  780 670 2049     -348185    -83         110     -3   17  19   80   -5  304   12  304   12  15  0  0 L3P E2
G03 FF 61080 141400  780 196 2425    -5745393     95         144    -20   30 100  218  -30  524   20  524   20  26  0  0 L3P 32
G04 FF 61080 141400  780 208 3101     -431490    -85         134    -63   41  86  206  -54  533   -1  533   -1  30  0  0 L3P 0D
G08 FF 61080 141400  780 376 3153    -4939159     71         129     21   20  87  120   15  410   38  410   38  16  0  0 L3P 1B
G10 FF 61080 141400  780 130 1091     5874497     28         146     11   31  97  320   67  693   79  693   79  26  0  0 L3P 2F
G27 FF 61080 141400  780 250 3501      375411     86         151     -8   21  99  173   42  502   99  502   99  15  0  0 L3P 00
G28 FF 61080 141400  780 436  871     5983834    -68         108     -4   26 153  107   -2  391   12  391   12  22  0  0 L3P 1A
G31 FF 61080 141400  780 423  429     1679393    -19         131      3   19  66  109  -12  394  -11  394  -11  15  0  0 L3P 1F
G32 FF 61080 141400  780 270 1447     1009648   -156         128     21   19  23  161   37  475   53  475   53  16  0  0 L3P 33
G01 FF 61080 143000  780 410 2126    -3342569     81         118     31   19  38  112  -16  389  -49  389  -49  18  0  0 L3P 4F
G02 FF 61080 143000  780 753 2085     -348268    -83         105     -2   14  19   76   -3  314    6  314    6  12  0  0 L3P CC
G03 FF 61080 143000  780 224 2357    -5745283     68         144    -47   33 100  192  -24  519   24  519   24  29  0  0 L3P 4D
G04 FF 61080 143000  780 262 3046     -431517    -91         127    -69   31  86  166  -32  499   17  499   17  25  0  0 L3P 46
G08 FF 61080 143000  780 323 3224    -4939112     26         127    -24   21  87  137   21  462   78  462   78  16  0  0 L3P 2F
G10 FF 61080 143000  780 103 1026     5874512     50         145     33   27  97  399  102  774   47  774   47  21  0  0 L3P 29
G27 FF 61080 143000  780 189 3540      375499     32         148    -62   28  99  226   70  590  155  590  155  22  0  0 L3P 4E
G28 FF 61080 143000  780 439  980     5983789    -26         124     38   28 153  106    1  389  -15  389  -15  24  0  0 L3P 4A
G31 FF 61080 143000  780 475  512     1679361     -7         121     15   19  66  100   -8  388  -19  388  -19  15  0  0 L3P 19
G32 FF 61080 143000  780 207 1427     1009475   -270         126    -92   32  23  207   59  560  178  560  178  25  0  0 L3P 63
G01 FF 61080 144600  780 481 2126    -3342519     75         121     25   15  38   99  -12  377  -27  377  -27  13  0  0 L3P 3C
G02 FF 61080 144600  780 834 2274     -348343    -97         107    -16    9  19   74   -1  320   30  320   30   8  0  0 L3P E2
G03 FF 61080 144600  780 254 2289    -5745180    162         137     47   37 100  171  -20  519  -41  519  -41  33  0  0 L3P 67
G04 FF 61080 144600  780 313 2980     -431545     -6         120     16   25  86  141  -21  481  -31  481  -31  19  0  0 L3P 1E
G08 FF 61080 144600  780 270 3286    -4939069     23         123    -27   50  87  161   30  530   91  530   91  46  0  0 L3P 36
G27 FF 61080 144600  780 132 3579      375565    101         124      7   28  99  318  129  717  101  717  101  17  0  0 L3P 43
G28 FF 61080 144600  780 425 1085     5983723    -87         119    -24   18 153  109    4  414   45  414   45  16  0  0 L3P 3C
G31 FF 61080 144600  780 520  615     1679337     -6         118     16   24  66   93   -5  385   -8  385   -8  19  0  0 L3P F2
G01 FF 61080 150200  780 554 2142    -3342464     53         128      3   16  38   89   -8  364  -21  364  -21  14  0  0 L3P 04
G02 FF 61080 150200  780 847 3221     -348421    -17         107     64   13  19   74    1  327  -64  327  -64  12  0  0 L3P 02
G03 FF 61080 150200  780 286 2222    -5745080     73         127    -42   26 100  153  -17  514    3  514    3  23  0  0 L3P 0A
G04 FF 61080 150200  780 360 2905     -431572     -1         114     21   22  86  125  -14  466  -45  466  -45  17  0  0 L3P 1F
G08 FF 61080 150200  780 218 3343    -4939012     75         131     25   49  87  197   44  593   55  593   55  44  0  0 L3P 3C
G28 FF 61080 150200  780 398 1179     5983664    -96         121    -33   24 153  115    9  440   58  440   58  21  0  0 L3P 40
G31 FF 61080 150200  780 552  740     1679325    -41         126    -19   20  66   90   -3  374    9  374    9  17  0  0 L3P E3
G01 FF 61080 151800  780 627 2184    -3342487    -40          56    -91   14  38   83   -6  360  -16  360  -16  11  0  0 L3P 27
G02 FF 61080 151800  780 769 3514     -348572   -147          33    -66   28  19   76    3  350  -11  350  -11  26  0  0 L3P 20
G03 FF 61080 151800  780 320 2155    -5745032    -23          65   -137   27 100  138  -14  501   25  501   25  23  0  0 L3P 37
G04 FF 61080 151800  780 401 2818     -431660   -153          46   -131   26  86  114   -9  458   22  458   22  22  0  0 L3P 2E
G08 FF 61080 151800  780 169 3397    -4939020    -52          75   -102   31  87  250   68  671   88  671   88  23  0  0 L3P 5E
G09 FF 61080 151800  780 120 2942    -7700499   -106          56   -112   35  49  347 -119  764  -44  764  -44  25  0  0 L3P 9B
G26 FF 61080 151800  780 112  602     3245167    -25          54    -83   48  23  369  -87  854  -24  854  -24  34  0  0 L3P 42
G28 FF 61080 151800  780 358 1257     5983528   -164          46   -100   29 153  126   14  484   48  484   48  25  0  0 L3P 71
G31 FF 61080 151800  780 566  881     1679221    -92          43    -71   16  66   88    0  395  -14  395  -14  14  0  0 L3P 13
G01 FF 61080 153400  780 697 2278    -3342496     63          -1     13   13  38   78   -3  359  -15  359  -15  12  0  0 L3P 17
G02 FF 61080 153400  780 682 3575     -348697    -89         -14     -8   21  19   79    5  366   40  366   40  18  0  0 L3P 0B
G03 FF 61080 153400  780 358 2087    -5744979    163           8     48   22 100  125  -12  490  -53  490  -53  19  0  0 L3P 54
G04 FF 61080 153400  780 436 2720     -431727    -12           0     10   24  86  107   -6  447   -4  447   -4  20  0  0 L3P D0
G08 FF 61080 153400  780 124 3449    -4939061     82         -13     32   29  87  335  112  794   68  794   68  20  0  0 L3P 4C
G09 FF 61080 153400  780 161 2881    -7700537    -10          12    -16   28  49  263  -63  721  -16  721  -16  23  0  0 L3P 49
G26 FF 61080 153400  780 139  667     3245200     56          31     -2   45  23  302  -57  808  -42  808  -42  42  0  0 L3P 0B
G28 FF 61080 153400  780 309 1317     5983417    -59          -4      4   23 153  143   22  541   58  541   58  18  0  0 L3P 15
G31 FF 61080 153400  780 559 1023     1679153      6          -5     28   17  66   89    2  399  -11  399  -11  16  0  0 L3P F2
G01 FF 61080 155000  780 754 2480    -3342457     56         -10      6   15  38   76   -2  365   -3  365   -3  11  0  0 L3P DD
G02 FF 61080 155000  780 596 3599     -348766    -79          -5      1   15  19   85    8  391   31  391   31  12  0  0 L3P E4
G03 FF 61080 155000  780 398 2017    -5744872    163           5     48   20 100  115  -10  476  -70  476  -70  17  0  0 L3P 43
G04 FF 61080 155000  780 463 2613     -431741    -23           7     -1   27  86  102   -4  438   -4  438   -4  23  0  0 L3P D0
G09 FF 61080 155000  780 198 2814    -7700517    -43          27    -48   37  49  215  -38  672   -4  672   -4  37  0  0 L3P 44
G26 FF 61080 155000  780 164  734     3245235    102          11     44   32  23  257  -37  787  -86  787  -86  25  0  0 L3P 39
G28 FF 61080 155000  780 255 1363     5983353   -102          -6    -39   24 153  170   36  610   97  610   97  19  0  0 L3P 46
G31 FF 61080 155000  780 531 1147     1679135    -36          -2    -14   20  66   92    4  418   42  418   42  16  0  0 L3P E6
G01 FF 61080 160600  780 773 2833    -3342412     36         -11    -14   13  39   75    0  372   21  372   21  11  0  0 L3P E5
G02 FF 61080 160600  780 512   13     -348860    -68         -21     13   23  20   94   11  443   38  443   38  19  0  0 L3P D0
G03 FF 61080 160600  780 442 1945    -5744766    112          -2     -3   17 101  105   -9  451  -24  451  -24  16  0  0 L3P 2B
G04 FF 61080 160600  780 482 2499     -431777    -71         -11    -50   16  87   99   -2  449   44  449   44  14  0  0 L3P 25
G09 FF 61080 160600  780 232 2743    -7700434   -119         104   -125   32  79  185  -25  559  101  559  101  32  0  0 L3P 8B
G16 FF 61080 160600  780 118  484    -2047184   -151          37    -76   34  30  352  -96  853   -3  853   -3  24  0  0 L3P 33
G26 FF 61080 160600  780 186  804     3245281     -8           4    -66   53  24  228  -24  757   32  757   32  48  0  0 L3P 04
G28 FF 61080 160600  780 197 1394     5983294    -75          -6    -11   32 154  217   63  687  117  687  117  24  0  0 L3P 70
G31 FF 61080 160600  780 489 1245     1679110    -63          -3    -41   32  67   98    7  439   55  439   55  30  0  0 L3P 04
G01 FF 61080 162200  780 737 3148    -3342368     56         -15      6   18  39   77    2  383    8  383    8  15  0  0 L3P D2
G02 FF 61080 162200  780 431   24     -348946   -105         -30    -24   16  20  108   16  496   76  496   76  13  0  0 L3P 0D
G03 FF 61080 162200  780 488 1868    -5744669     97         -15    -17   17 101   98   -7  441  -10  441  -10  15  0  0 L3P 4A
G04 FF 61080 162200  780 494 2381     -431804    -32         -17    -11   18  87   97   -1  455    8  455    8  14  0  0 L3P EC
G09 FF 61080 162200  780 263 2669    -7700525   -132           7   -137   30  79  165  -18  632  112  632  112  29  0  0 L3P 6D
G16 FF 61080 162200  780 151  547    -2047281    -50          12     25   37  30  278  -61  819  -70  819  -70  30  0  0 L3P 2B
G26 FF 61080 162200  780 204  877     3245353     79          20     21   20  24  209  -15  712  -53  712  -53  19  0  0 L3P 0B
G31 FF 61080 162200  780 436 1316     1679078    -13         -14      9   23  67  107   11  476   30  476   30  20  0  0 L3P FF
G01 FF 61080 163800  780 672 3316    -3342311     40          -6    -10   18  39   80    4  394   35  394   35  14  0  0 L3P E8
G02 FF 61080 163800  780 354   36     -349023    -71         -29     10   18  20  127   24  562   79  562   79  14  0  0 L3P F3
G03 FF 61080 163800  780 537 1781    -5744555    116         -12      1   17 101   91   -6  423  -15  423  -15  15  0  0 L3P 23
G04 FF 61080 163800  780 498 2262     -431832    -12         -24     10   20  87   96    0  464   -2  464   -2  17  0  0 L3P DF
G09 FF 61080 163800  780 291 2590    -7700535     10          -8      4   22  79  151  -13  632  -21  632  -21  19  0  0 L3P 15
G16 FF 61080 163800  780 185  612    -2047367    -14          -2     61   36  30  230  -41  784 -111  784 -111  34  0  0 L3P 42
G26 FF 61080 163800  780 215  951     3245405     53          17     -5   32  24  199   -7  694   -5  694   -5  28  0  0 L3P F0
G31 FF 61080 163800  780 377 1364     1679062    -21         -10      1   22  67  120   17  519   55  519   55  20  0  0 L3P 03
G01 FF 61080 165400  780 597 3404    -3342274     59         -18      9   48  39   85    7  434   25  434   25  48  0  0 L3P 00
G02 FF 61080 165400  780 281   49     -349103    -78         -32      3   19  20  156   37  661  106  661  106  19  0  0 L3P 00
G03 FF 61080 165400  780 585 1678    -5744453    124         -20      9   17 101   86   -5  420  -22  420  -22  13  0  0 L3P 23
G04 FF 61080 165400  780 497 2145     -431849    -46         -20    -25   19  87   96    1  467   31  467   31  19  0  0 L3P 15
G07 FF 61080 165400  780 146 3247     1467099     94           1     44   25  79  289 -120  889 -142  889 -142  16  0  0 L3P 77
G09 FF 61080 165400  780 317 2509    -7700535     11         -14      5   24  79  140  -10  621  -22  621  -22  19  0  0 L3P 1C
G16 FF 61080 165400  780 217  681    -2047438   -143          -1    -68   26  30  197  -27  737   15  737   15  18  0  0 L3P 40
G26 FF 61080 165400  780 218 1026     3245452      3           8    -55   32  24  196    1  696   41  696   41  23  0  0 L3P DC
G31 FF 61080 165400  780 316 1394     1679030    -18         -21      4   25  67  140   25  586   61  586   61  20  0  0 L3P 09
G01 FF 61080 171000  780 520 3458    -3342233     66         -24     16   19  39   93   10  475   25  475   25  16  0  0 L3P 04
G02 FF 61080 171000  780 212   64     -349166    -71         -18      9   17  20  202   62  769  119  769  119  14  0  0 L3P 05
G03 FF 61080 171000  780 631 1550    -5744346    142         -23     28   13 101   82   -3  413  -34  413  -34  11  0  0 L3P 1C
G04 FF 61080 171000  780 492 2031     -431870    -28         -21     -6   16  87   97    1  473   14  473   14  13  0  0 L3P E1
G07 FF 61080 171000  780 208 3218     1467125     50         -20      0   25  79  206  -60  808  -89  808  -89  20  0  0 L3P 26
G09 FF 61080 171000  780 340 2426    -7700530     44         -14     38   18  79  131   -8  603  -42  603  -42  16  0  0 L3P 21
G16 FF 61080 171000  780 246  754    -2047507    -60           2     15   34  30  176  -18  687  -60  687  -60  29  0  0 L3P 26
G26 FF 61080 171000  780 213 1099     3245490     41          -9    -17   31  24  201    9  710   23  710   23  28  0  0 L3P DF
G31 FF 61080 171000  780 254 1411     1679015     -7         -16     15   28  67  171   40  641   52  641   52  20  0  0 L3P F4
G01 FF 61080 172600  780 444 3496    -3342181     49         -20     -1   27  39  105   15  522   69  522   69  21  0  0 L3P 14
G02 FF 61080 172600  780 148   83     -349230    -94          -4    -13   39  20  285  117  910  196  910  196  30  0  0 L3P 25
G03 FF 61080 172600  780 670 1383    -5744242     96         -29    -19   18 101   80   -2  414   21  414   21  17  0  0 L3P 18
G04 FF 61080 172600  780 484 1922     -431895     -3         -25     19   14  87   98    1  482   -7  482   -7  11  0  0 L3P E7
G06 FF 61080 172600  780 146 2232     6092380     -1          12    -23   42  35  289  -92  851  -35  851  -35  37  0  0 L3P 32
G07 FF 61080 172600  780 270 3180     1467179     57         -15      7   31  79  161  -35  721  -92  721  -92  27  0  0 L3P 33
G09 FF 61080 172600  780 362 2341    -7700525      5         -15      0   22  79  124   -7  585  -15  585  -15  19  0  0 L3P 10
G16 FF 61080 172600  780 270  831    -2047612    -63         -30     12   32  30  162  -11  676  -39  676  -39  26  0  0 L3P 38
G26 FF 61080 172600  780 199 1169     3245547     71          -8     13   32  24  215   20  720   14  720   14  28  0  0 L3P F6
G31 FF 61080 172600  780 193 1416     1678975    -24         -44     -2   47  37  221   68  734   71  734   71  37  0  0 L3P 2D
G01 FF 61080 174200  780 370 3527    -3342121     39          -8    -11   19  39  122   21  589  107  589  107  16  0  0 L3P 38
G03 FF 61080 174200  780 692 1169    -5744132    109         -29     -6   16 101   79   -1  421   10  421   10  14  0  0 L3P 0B
G04 FF 61080 174200  780 474 1816     -431902    -37         -11    -15   21  87  100    2  483   17  483   17  18  0  0 L3P 06
G06 FF 61080 174200  780 190 2283     6092399     67           9     44   34  35  225  -47  802  -89  802  -89  30  0  0 L3P 34
G07 FF 61080 174200  780 332 3131     1467232     18         -10    -32   26  79  134  -23  649  -28  649  -28  21  0  0 L3P 40
G09 FF 61080 174200  780 383 2255    -7700514    -25          -9    -31   24  79  118   -6  566    5  566    5  22  0  0 L3P 06
G16 FF 61080 174200  780 286  913    -2047664    -49         -11     26   38  30  153   -6  642  -21  642  -21  31  0  0 L3P 23
G26 FF 61080 174200  780 175 1233     3245622    160          11    102   39  24  241   37  731  -62  731  -62  32  0  0 L3P 28
G01 FF 61080 175800  780 299 3555    -3342055     41          10     -9   28  39  147   32  661  114  661  114  23  0  0 L3P 2D
G03 FF 61080 175800  780 688  934    -5744010    132         -18     18   16 101   79    1  417  -18  417  -18  13  0  0 L3P 27
G04 FF 61080 175800  780 463 1713     -431924     -2         -12     19   15  87  102    2  490  -15  490  -15  12  0  0 L3P FC
G06 FF 61080 175800  780 226 2346     6092418    -14           7    -37   29  35  190  -26  757  -18  757  -18  25  0  0 L3P 4D
G07 FF 61080 175800  780 392 3070     1467280     41         -10     -9   19  79  116  -15  592  -55  592  -55  14  0  0 L3P 41
G09 FF 61080 175800  780 403 2168    -7700511     -1         -12     -6   19  79  113   -5  549  -26  549  -26  17  0  0 L3P 30
G16 FF 61080 175800  780 292  995    -2047734    -73          -9      2   32  30  150   -1  630  -18  630  -18  28  0  0 L3P 0B
G26 FF 61080 175800  780 145 1290     3245677    131          11     73   42  24  290   68  752  -42  752  -42  32  0  0 L3P 32
G30 FF 61080 175800  780 104 3120    -1157811   -139          18    -13   37  53  398 -203 1118  -36 1118  -36  26  0  0 L3P 8E
G01 FF 61080 181400  780 232 3582    -3342005     33           8    -17   20  40  186   50  768  133  768  133  14  0  0 L3P 20
G03 FF 61080 181400  780 657  726    -5743890    136         -11     21   10 102   81    3  418   -7  418   -7   9  0  0 L3P EA
G04 FF 61080 181400  780 452 1613     -431930      8          -4     29   23  88  104    2  485   -9  485   -9  21  0  0 L3P CA
G06 FF 61080 181400  780 253 2418     6092449     39          22     16   35  46  171  -14  728  -18  728  -18  32  0  0 L3P 36
G07 FF 61080 181400  780 448 2993     1467330     68         -11     18   40  80  104  -10  543  -55  543  -55  29  0  0 L3P 3A
G09 FF 61080 181400  780 424 2078    -7700490    -14          -2    -20   17  82  109   -4  519    7  519    7  13  0  0 L3P F7
G16 FF 61080 181400  780 289 1077    -2047765   -133          27    -58   45  31  152    4  592   65  592   65  42  0  0 L3P 3F
G26 FF 61080 181400  780 107 1339     3245738     23          14    -35   68  25  387  143  768   50  768   50  57  0  0 L3P 3C
G30 FF 61080 181400  780 158 3077    -1157928   -138          21    -11   37  54  267  -89 1031 -119 1031 -119  24  0  0 L3P A9
G01 FF 61080 183000  780 170   11    -3341967     18          -1    -32   23  40  250   87  912  183  912  183  17  0  0 L3P 05
G03 FF 61080 183000  780 607  571    -5743777    113          -8     -1   12 102   84    5  428   12  428   12  11  0  0 L3P E1
G04 FF 61080 183000  780 440 1514     -431959    -52         -13    -30   20  88  106    2  497   32  497   32  18  0  0 L3P 0A
G06 FF 61080 183000  780 269 2498     6092478     14          29     -9   17  46  162   -6  712   -2  712   -2  14  0  0 L3P F9
G07 FF 61080 183000  780 500 2897     1467376     40         -13    -10   10  80   96   -7  508  -23  508  -23   8  0  0 L3P 09
G09 FF 61080 183000  780 445 1987    -7700482     26           0     21   15  82  105   -4  500  -42  500  -42  12  0  0 L3P F9
G16 FF 61080 183000  780 274 1155    -2047840   -176          25   -101   27  31  159   11  599   91  599   91  26  0  0 L3P 5B
G30 FF 61080 183000  780 210 3027    -1158057   -151          13    -25   19  54  204  -49  905 -115  905 -115  14  0  0 L3P 6E
G01 FF 61080 184600  780 112   41    -3341874    122          43     72   23  40  371  176 1042  122 1042  122  15  0  0 L3P 2D
G03 FF 61080 184600  780 545  461    -5743655     86           5    -29   15 102   90    8  439   52  439   52  13  0  0 L3P F6
G04 FF 61080 184600  780 427 1417     -431976    -17          -9      5   20  88  108    3  494  -11  494  -11  18  0  0 L3P 03
G06 FF 61080 184600  780 274 2583     6092503     -8          31    -31   21  46  159    0  712   44  712   44  17  0  0 L3P F3
G07 FF 61080 184600  780 542 2780     1467448     73          11     23   19  80   91   -5  467  -40  467  -40  16  0  0 L3P 12
G09 FF 61080 184600  780 466 1892    -7700473     28           5     22   17  82  101   -4  467  -42  467  -42  14  0  0 L3P 1E
G16 FF 61080 184600  780 250 1225    -2047899    -26          38     49   26  31  173   19  601  -27  601  -27  20  0  0 L3P 39
G30 FF 61080 184600  780 260 2968    -1158166   -113          26     13   18  54  167  -30  785 -116  785 -116  15  0  0 L3P 86
G05 FF 61080 230200  780 247 2740     2286820   -152           8   -158   44  94  175   13  651  338  651  338  39  0  0 L3P 60
G07 FF 61080 230200  780 235 1026     1468211     55           5      5   29  95  183   21  233   -8  233   -8  27  0  0 L3P C7
G09 FF 61080 230200  780 111  365    -7700440   -110         -48   -115   80  11  373  185 1121  556 1121  556  57  0  0 L3P 8B
G13 FF 61080 230200  780 389 2134    -6871783     38         -13     25   23 127  117  -18  236  -53  236  -53  21  0  0 L3P 52
G14 FF 61080 230200  780 607 1762    -7338196     27         -15     48   15  59   84    5  192  -61  192  -61  13  0  0 L3P 1C
G15 FF 61080 230200  780 126 2196    -3845026    -75           7    -41   54  32  333 -146  376  -77  376  -77  48  0  0 L3P 64
G17 FF 61080 230200  780 512  345      579638     90         -22    -20   13 179   94   -9  308  -41  308  -41  11  0  0 L3P 06
G19 FF 61080 230200  780 353   82    -6894294    -55          -4    -39   21  33  127  -24  573 -155  573 -155  17  0  0 L3P 5A
G21 FF 61080 230200  780 305 3076    -3956925    -40          -7     18   45  67  144   19  746  206  746  206  33  0  0 L3P 45
G22 FF 61080 230200  780 700 2260      484915    -68          -9    -21   13  31   78    1  210    0  210    0  11  0  0 L3P 8C
G30 FF 61080 230200  780 461 1342    -1160161   -142         -32    -16   15  58  102    2  194    0  194    0  14  0  0 L3P DF
G05 FF 61080 231800  780 224 2818     2286809     -1          -9     -6   21  94  191   21  898  251  898  251  20  0  0 L3P 2A
G07 FF 61080 231800  780 206  954     1468256     68           1     18   31  95  207   29  248    0  248    0  29  0  0 L3P C4
G13 FF 61080 231800  780 458 2142    -6871775     11         -17     -1   19 127  103  -13  229  -15  229  -15  15  0  0 L3P 46
G14 FF 61080 231800  780 546 1683    -7338226    -25         -25     -4   23  59   90    7  191   -7  191   -7  19  0  0 L3P 04
G15 FF 61080 231800  780 182 2213    -3845075      5          -9     39   29  32  234  -70  351  -65  351  -65  22  0  0 L3P 1E
G17 FF 61080 231800  780 574  437      579736     85         -29    -25   16 179   87   -6  265  -26  265  -26  13  0  0 L3P 34
G19 FF 61080 231800  780 427  116    -6894308    -57          -2    -42   26  33  108  -16  427  -92  427  -92  24  0  0 L3P 46
G21 FF 61080 231800  780 260 3145    -3956986    -53         -12      5   36  67  167   28  892  -31  892  -31  31  0  0 L3P 45
G22 FF 61080 231800  780 665 2064      484859    -38         -19     10   15  31   80    3  205  -24  205  -24  13  0  0 L3P F2
G30 FF 61080 231800  780 447 1239    -1160272   -229         -22   -102   17  58  104    3  179  104  179  104  14  0  0 L3P 58
G05 FF 61080 233400  780 196 2893     2286800    -25         -24    -31   35  94  217   33  932 -144  932 -144  29  0  0 L3P 71
G07 FF 61080 233400  780 177  885     1468313     24          10    -26   32  95  240   41  256   35  256   35  26  0  0 L3P FD
G13 FF 61080 233400  780 529 2167    -6871776     -1         -30    -13   16 127   92   -9  221   -8  221   -8  16  0  0 L3P 13
G14 FF 61080 233400  780 487 1616    -7338253    -22         -32     -1   17  59   98    9  187   -6  187   -6  16  0  0 L3P 0C
G15 FF 61080 233400  780 236 2241    -3845108    -29         -10      5   27  32  183  -40  324   -4  324   -4  24  0  0 L3P 00
G17 FF 61080 233400  780 625  566      579831    119         -38     10   16 179   83   -3  234  -43  234  -43  15  0  0 L3P 1A
G19 FF 61080 233400  780 504  158    -6894336    -23         -15     -7   16  33   95  -11  339  -69  339  -69  12  0  0 L3P 3D
G21 FF 61080 233400  780 215 3208    -3957051    -69         -22    -11   35  67  200   41  630 -508  630 -508  45  0  0 L3P 66
G22 FF 61080 233400  780 618 1919      484803    -29         -28     19   11  31   83    4  196  -36  196  -36  11  0  0 L3P 0A
G30 FF 61080 233400  780 429 1139    -1160410   -154         -39    -28   23  58  108    4  190   23  190   23  21  0  0 L3P 1D
