CGGTTS     GENERIC DATA FORMAT VERSION = 2E
REV DATE = 2025-11-01
RCVR = PolaRx5TR (5.6.0)     sbf2cggtts-1.5.0
CH = 80
IMS = PolaRx5TR
LAB = LRTE
X = 3967035.920 m
Y = -4390028.540 m
Z = -2375644.640 m
FRAME = ITRF
COMMENTS = LS=18; ElMask=10deg; 'Generated from the SBF in 2025-12-11 at 23:50:01'
INT DLY = 24.9 ns (GPS P1),  15.7 ns (GPS P2)     CAL_ID = 1201-2025
CAB DLY = 103.1 ns
REF DLY = 47.2 ns
REF = UTC(LRTE)
CKSUM = f4

SAT CL  MJD  STTIME TRKL ELV AZTH   REFSV      SRSV     REFSYS    SRSYS  DSG IOE MDTR SMDT MDIO SMDI MSIO SMSI ISG FR HC FRC CK
             hhmmss  s  .1dg .1dg    .1ns     .1ps/s     .1ns    .1ps/s .1ns     .1ns.1ps/s.1ns.1ps/s.1ns.1ps/s.1ns
G03 FF 61020 001000  780 219  246    -6265341    156          66     70   44  47  197   61  388  -19  388  -19  41  0  0 L3P 31
G04 FF 61020 001000  780 325  966     -305601    -73          44    -45   31  21  136   10  416   41  416   41  22  0  0 L3P D5
G07 FF 61020 001000  780 570 2091     1192217     50          38     -5   12  81   88    2  389   -6  389   -6  10  0  0 L3P C0
G09 FF 61020 001000  780 553 1409    -7669427    -22          56     -4   11 107   89   -1  265    6  265    6  12  0  0 L3P E4
G14 FF 61020 001000  780 259 3384    -7209345   -108          75    -79   54 229  168  -44  720 -143  720 -143  52  0  0 L3P 99
G30 FF 61020 001000  780 455 2553     -512923    -99          56     20   21  22  103   -4  279  -89  279  -89  21  0  0 L3P 19
G04 FF 61020 002600  780 297  884     -305612    -29          59     -2   32  21  148   14  416   22  416   22  26  0  0 L3P DF
G07 FF 61020 002600  780 546 1958     1192287     55          55      1   11  81   90    3  363  -12  363  -12  11  0  0 L3P D3
G09 FF 61020 002600  780 560 1274    -7669443    -12          57      6   19 107   89    0  291  -25  291  -25  18  0  0 L3P 16
G14 FF 61020 002600  780 331 3370    -7209373      8          74     37   22 229  135  -27  544 -196  544 -196  20  0  0 L3P 5A
G20 FF 61020 002600  780 235 2280    -3620920     -2         101     -3   26 107  183  -36  304 -152  304 -152  22  0  0 L3P 3C
G21 FF 61020 002600  780 238 2228    -3520573   -101          75      8   25 231  181  -42  187 -102  187 -102  22  0  0 L3P 57
G30 FF 61020 002600  780 475 2444     -513028    -94          65     25   16  22  100   -3  268  -51  268  -51  16  0  0 L3P 08
G04 FF 61020 004200  780 265  807     -305647     97          51    125   28  21  164   20  396 -171  396 -171  25  0  0 L3P 35
G07 FF 61020 004200  780 517 1838     1192328     42          58    -13   13   7   94    4  349  -21  349  -21  12  0  0 L3P E5
G09 FF 61020 004200  780 558 1134    -7669453    -35          64    -17   23 107   89    1  268  -48  268  -48  25  0  0 L3P 45
G14 FF 61020 004200  780 405 3348    -7209395    -11          80     18   43 229  113  -18  408 -133  408 -133  38  0  0 L3P 6A
G20 FF 61020 004200  780 279 2338    -3620937    -13          82    -14   28 107  156  -22  290   68  290   68  25  0  0 L3P 44
G21 FF 61020 004200  780 294 2269    -3520688    -72          65     37   22 231  149  -26  163   -7  163   -7  20  0  0 L3P 28
G22 FF 61020 004200  780 225 3345      707506    -45          76     -9   36  45  192  -55  293  -55  293  -55  38  0  0 L3P 28
G30 FF 61020 004200  780 489 2330     -513144    -56          63     63   18  22   98   -2  206  -33  206  -33  23  0  0 L3P F1
G04 FF 61020 005800  780 228  735     -305675   -111          48    -84   34  21  188   30  328  -25  328  -25  28  0  0 L3P 2C
G07 FF 61020 005800  780 486 1731     1192347    -52          24   -107   25   7   98    5  269 -143  269 -143  20  0  0 L3P 38
G08 FF 61020 005800  780 179 1046    -5156863     12          44    -21   34   5  237   -1  291 -104  291 -104  25  0  0 L3P 2E
G09 FF 61020 005800  780 545  997    -7669481   -119          54   -100   26 107   90    2  221   40  221   40  21  0  0 L3P 1C
G14 FF 61020 005800  780 481 3315    -7209463   -133          40   -105   33 229   99  -12  353  -57  353  -57  20  0  0 L3P 6B
G20 FF 61020 005800  780 315 2409    -3620954   -107          64   -108   26 107  140  -13  386  -25  386  -25  38  0  0 L3P 7B
G21 FF 61020 005800  780 344 2325    -3520804   -242          53   -133   20 231  130  -16  194   96  194   96  24  0  0 L3P 55
G22 FF 61020 005800  780 292 3325      707439   -244          44   -208   63  45  150  -33  363  178  363  178  51  0  0 L3P 62
G30 FF 61020 005800  780 497 2215     -513278   -236          44   -117   21  22   96   -1  320  -69  320  -69  19  0  0 L3P 35
G04 FF 61020 011400  780 189  669     -305725    -36          24     -9   44  21  226   49  255  -42  255  -42  40  0  0 L3P 04
G07 FF 61020 011400  780 454 1633     1192378     77           3     22   13   7  103    6  245  -60  245  -60  11  0  0 L3P C8
G08 FF 61020 011400  780 175 1117    -5156862     21          14    -12   33   5  242   11  253   -5  253   -5  31  0  0 L3P D6
G09 FF 61020 011400  780 520  869    -7669539    -32          13    -14   20 107   93    4  270  -31  270  -31  18  0  0 L3P 10
G14 FF 61020 011400  780 557 3265    -7209509    -71          20    -43   14 229   89   -8  289   -9  289   -9  13  0  0 L3P 2C
G20 FF 61020 011400  780 340 2491    -3620995      6          23      5   26 107  131   -7  335   12  335   12  20  0  0 L3P CF
G21 FF 61020 011400  780 387 2398    -3520947   -136          15    -26   21 231  117  -10  251    4  251    4  21  0  0 L3P 13
G22 FF 61020 011400  780 361 3296      707374     14          14     50   28  45  125  -21  268  -96  268  -96  22  0  0 L3P 14
G30 FF 61020 011400  780 501 2100     -513433   -135           3    -15   21  22   96    0  272  -21  272  -21  18  0  0 L3P CD
G07 FF 61020 013000  780 423 1542     1192433     82           6     27   20   7  109    7  217   32  217   32  18  0  0 L3P AB
G09 FF 61020 013000  780 484  755    -7669556    -15          14      4   25   0   98    6  230  -18  230  -18  23  0  0 L3P D6
G14 FF 61020 013000  780 631 3189    -7209542    -65          14    -36   16 229   82   -6  246  -15  246  -15  14  0  0 L3P 33
G20 FF 61020 013000  780 353 2581    -3620978      4          38      3   25 107  127   -2  266   21  266   21  22  0  0 L3P DB
G21 FF 61020 013000  780 419 2488    -3521056   -132          11    -23   22 231  110   -6  221   69  221   69  22  0  0 L3P 1A
G22 FF 61020 013000  780 430 3255      707330    -47           5    -10   21  45  108  -14  231   -1  231   -1  17  0  0 L3P BE
G30 FF 61020 013000  780 500 1986     -513553   -130          -1    -10   16  22   96    0  247  -36  247  -36  16  0  0 L3P F5
G05 FF 61020 014600  780 209 2325     2252658     11          20      4   34  33  205  -33  474   -4  474   -4  28  0  0 L3P D8
G07 FF 61020 014600  780 392 1455     1192485     65           5     11   22   7  116    8  251   19  251   19  24  0  0 L3P BE
G09 FF 61020 014600  780 440  658    -7669576    -24          12     -6   24   0  106    9  218  -18  218  -18  20  0  0 L3P F7
G14 FF 61020 014600  780 700 3062    -7209572    -26          12      2   18 229   78   -3  220  -12  220  -12  16  0  0 L3P F7
G20 FF 61020 014600  780 353 2675    -3620982    -29          34    -30   19 107  127    2  273   -7  273   -7  19  0  0 L3P 18
G21 FF 61020 014600  780 436 2590    -3521161    -92          11     17   19 231  107   -2  200  -25  200  -25  17  0  0 L3P 12
G22 FF 61020 014600  780 498 3199      707302    -27          12      9   17  45   96  -10  122  -73  122  -73  14  0  0 L3P F4
G30 FF 61020 014600  780 497 1874     -513664   -146           2    -26   18  22   96    1  216   16  216   16  16  0  0 L3P E9
G05 FF 61020 020200  780 238 2392     2252676    -19          29    -26   30  34  181  -18  462  -11  462  -11  26  0  0 L3P 2D
G07 FF 61020 020200  780 363 1371     1192547     41          17    -14   13  61  124    9  286    7  286    7  13  0  0 L3P C6
G09 FF 61020 020200  780 390  576    -7669587    -34          18    -16   24  22  117   14  215   43  215   43  19  0  0 L3P 13
G14 FF 61020 020200  780 754 2838    -7209605    -37           2     -8   10 230   76   -1  224   14  224   14   8  0  0 L3P D3
G17 FF 61020 020200  780 217  100      -37051    121          -4     -6   29  76  197  -51  250  -13  250  -13  25  0  0 L3P D9
G20 FF 61020 020200  780 340 2767    -3620971      0          42     -1   23 108  131    6  245  -18  245  -18  21  0  0 L3P E8
G21 FF 61020 020200  780 438 2699    -3521272    -94           1     15   26 232  106    1  207  -14  207  -14  20  0  0 L3P FD
G22 FF 61020 020200  780 564 3120      707270    -60          13    -23   13  56   88   -7   91   -1   91   -1  11  0  0 L3P 9C
G30 FF 61020 020200  780 492 1765     -513775   -120           7     -1   12  51   97    1  222   10  222   10  13  0  0 L3P AD
G05 FF 61020 021800  780 258 2467     2252673    -34          20    -41   24  34  168   -9  427  -21  427  -21  19  0  0 L3P 25
G07 FF 61020 021800  780 335 1290     1192583     71           0     17   22  61  133   10  272  -38  272  -38  16  0  0 L3P F0
G09 FF 61020 021800  780 334  509    -7669608     -2          14     16   41  22  133   21  253   -5  253   -5  32  0  0 L3P D8
G14 FF 61020 021800  780 774 2484    -7209619    -54          15    -26   18 230   75    0  217   -1  217   -1  16  0  0 L3P FF
G17 FF 61020 021800  780 277  137      -36918     82           8    -44   24  76  158  -33  238   55  238   55  17  0  0 L3P F1
G20 FF 61020 021800  780 318 2855    -3620972      2          40      1   31 108  139   11  260   52  260   52  27  0  0 L3P DB
G21 FF 61020 021800  780 424 2807    -3521373   -128           5    -19   23 232  109    4  209  -29  209  -29  18  0  0 L3P 35
G22 FF 61020 021800  780 623 3009      707223    -55           2    -19   15  56   83   -4  125   86  125   86  14  0  0 L3P D3
G30 FF 61020 021800  780 485 1657     -513895    -97           2     23   16  51   98    1  231   -4  231   -4  16  0  0 L3P C0
G05 FF 61020 023400  780 267 2548     2252686    -25          26    -32   30  34  163   -2  423   88  423   88  23  0  0 L3P 11
G07 FF 61020 023400  780 308 1211     1192638     29           3    -25   21  61  143   12  258   54  258   54  20  0  0 L3P E1
G09 FF 61020 023400  780 275  454    -7669618    -13          22      5   37  22  159   33  231   -5  231   -5  28  0  0 L3P E6
G13 FF 61020 023400  780 239 2157    -6924107     67          20     59   37  32  181  -44  311  -83  311  -83  33  0  0 L3P 29
G14 FF 61020 023400  780 748 2150    -7209661    -40           0    -12   17 230   76    2  216  -11  216  -11  15  0  0 L3P F2
G17 FF 61020 023400  780 340  176      -36816     78         -11    -48   24  76  131  -23  250   37  250   37  23  0  0 L3P ED
G19 FF 61020 023400  780 200   18    -6797863   -132           6   -112   20  49  213  -66  302   47  302   47  14  0  0 L3P 10
G20 FF 61020 023400  780 287 2936    -3620974      7          37      6   28 108  153   17  325  100  325  100  23  0  0 L3P 0C
G21 FF 61020 023400  780 397 2906    -3521484   -116          -2     -7   21 232  115    8  198   17  198   17  18  0  0 L3P 20
G22 FF 61020 023400  780 672 2850      707187    -36           0      1   16  56   80   -2  189   44  189   44  13  0  0 L3P BB
G30 FF 61020 023400  780 477 1551     -514016   -118          -4      1   16  51   99    2  248   31  248   31  15  0  0 L3P C6
G05 FF 61020 025000  780 265 2631     2252676     80          10     73   20  34  164    4  469  -58  469  -58  18  0  0 L3P 0B
G07 FF 61020 025000  780 281 1134     1192701     20          13    -35   38  61  156   14  268    4  268    4  36  0  0 L3P D0
G09 FF 61020 025000  780 214  409    -7669653    -54           4    -36   34  22  200   56  277  103  277  103  28  0  0 L3P 1F
G13 FF 61020 025000  780 301 2142    -6924120    -13           0    -21   28  32  146  -29  362   83  362   83  28  0  0 L3P 00
G14 FF 61020 025000  780 696 1943    -7209685    -23           4      5   12 230   78    3  209   -6  209   -6   9  0  0 L3P C8
G17 FF 61020 025000  780 406  220      -36684    120           0     -6   17  76  113  -16  228  -16  228  -16  15  0  0 L3P D9
G19 FF 61020 025000  780 266   49    -6797871    -63          17    -42   26  49  164  -40  260    5  260    5  20  0  0 L3P EE
G20 FF 61020 025000  780 251 3010    -3620967     33          43     31   29 108  172   25  456  107  456  107  23  0  0 L3P 26
G21 FF 61020 025000  780 361 2995    -3521582    -96           6     13   19 232  125   12  256   67  256   67  18  0  0 L3P 1D
G22 FF 61020 025000  780 701 2635      707154    -31           3      6   12  56   78   -1  216    4  216    4  10  0  0 L3P 75
G30 FF 61020 025000  780 466 1447     -514121   -157           5    -38   14  51  101    2  253   29  253   29  12  0  0 L3P E2
G05 FF 61020 030600  780 254 2714     2252738    -69          65    -76   29  34  171   11  466  190  466  190  26  0  0 L3P 48
G07 FF 61020 030600  780 253 1059     1192754     82          13     27   32  61  171   18  257  -28  257  -28  30  0  0 L3P 12
G13 FF 61020 030600  780 366 2134    -6924098     57          14     49   19  32  123  -20  281 -201  281 -201  19  0  0 L3P 45
G14 FF 61020 030600  780 636 1815    -7209716    -15           0     13   18 230   82    5  208    0  208    0  16  0  0 L3P B2
G17 FF 61020 030600  780 474  274      -36565     96          -2    -30   16  76  100  -11  223   17  223   17  14  0  0 L3P D2
G19 FF 61020 030600  780 335   81    -6797901    -54           6    -34   19  49  133  -26  251    7  251    7  14  0  0 L3P DB
G20 FF 61020 030600  780 213 3079    -3620953      6          56      4   42 108  201   36  534  -59  534  -59  30  0  0 L3P 08
G21 FF 61020 030600  780 319 3074    -3521688    -80           4     29   43 232  139   18  296    8  296    8  31  0  0 L3P FD
G22 FF 61020 030600  780 703 2389      707124    -53           8    -16   17  56   78    1  218   12  218   12  13  0  0 L3P C0
G30 FF 61020 030600  780 454 1344     -514233   -167           8    -48   27  51  103    3  227   14  227   14  26  0  0 L3P E8
G05 FF 61020 032200  780 233 2794     2252717      2          38     -4   34  34  185   18  569   64  569   64  33  0  0 L3P F3
G07 FF 61020 032200  780 225  986     1192815     40          22    -15   32  61  191   24  230   -6  230   -6  31  0  0 L3P CF
G13 FF 61020 032200  780 435 2138    -6924092     27          13     19   20  32  107  -14  192  -56  192  -56  17  0  0 L3P 24
G14 FF 61020 032200  780 575 1725    -7209737      4           7     32   15 230   87    6  223  -11  223  -11  14  0  0 L3P D7
G17 FF 61020 032200  780 541  344      -36448    156          -6     30   19  76   91   -8  218  -26  218  -26  17  0  0 L3P E4
G19 FF 61020 032200  780 408  115    -6797929     -4          -2     16   31  49  112  -18  244  -27  244  -27  27  0  0 L3P 17
G21 FF 61020 032200  780 273 3143    -3521791    -64           6     45   33 232  160   26  339   52  339   52  27  0  0 L3P 0B
G22 FF 61020 032200  780 680 2169      707093    -39          12     -2   14  56   79    2  217   15  217   15  12  0  0 L3P BF
G30 FF 61020 032200  780 439 1244     -514335   -154          21    -35   17  51  106    3  202   27  202   27  15  0  0 L3P E8
G05 FF 61020 033800  780 206 2870     2252714    -18          27    -25   36  34  207   29  559 -113  559 -113  35  0  0 L3P 56
G07 FF 61020 033800  780 196  915     1192862      5          16    -50   32  85  217   33  241   44  241   44  26  0  0 L3P E1
G13 FF 61020 033800  780 505 2157    -6924076     -6          21    -14   14  32   95  -10  163   26  163   26  14  0  0 L3P FB
G14 FF 61020 033800  780 515 1651    -7209757    -30          13     -2   13 230   94    8  218    2  218    2  12  0  0 L3P C5
G15 FF 61020 033800  780 217 2230    -3660275     30          41     66   33  83  198  -48  298 -142  298 -142  32  0  0 L3P 5C
G17 FF 61020 033800  780 602  444      -36324    133          -4      7   18  76   85   -5  205  -20  205  -20  16  0  0 L3P BA
G19 FF 61020 033800  780 484  156    -6797943    -15           4      5   14  49   98  -12  216  -22  216  -22  11  0  0 L3P FD
G21 FF 61020 033800  780 227 3206    -3521892    -88           9     21   22 232  189   37  432  -51  432  -51  17  0  0 L3P 2C
G22 FF 61020 033800  780 640 2000      707057    -35          11      1   16  56   82    3  210   -9  210   -9  15  0  0 L3P 91
G30 FF 61020 033800  780 420 1146     -514461   -102           9     17   17  51  110    4  189  -18  189  -18  15  0  0 L3P FA
G13 FF 61020 035400  780 576 2200    -6924063     28          27     20   15  32   87   -7  181   15  181   15  13  0  0 L3P E2
G14 FF 61020 035400  780 458 1587    -7209785    -23          13      6   21 230  102   10  218    4  218    4  19  0  0 L3P E4
G15 FF 61020 035400  780 269 2266    -3660314      2          37     38   32  83  162  -29  245  -73  245  -73  28  0  0 L3P 27
G17 FF 61020 035400  780 653  591      -36198    144           1     18   17  76   81   -3  188  -22  188  -22  16  0  0 L3P DF
G19 FF 61020 035400  780 561  210    -6797955    -11          12      9   17  49   89   -8  185  -23  185  -23  13  0  0 L3P 06
G21 FF 61020 035400  780 182 3265    -3521968     52          38    161   42 232  233   54  423  -89  423  -89  35  0  0 L3P 51
G22 FF 61020 035400  780 592 1871      707016    -43           4     -6   12  56   86    5  217   18  217   18  11  0  0 L3P B4
G30 FF 61020 035400  780 398 1051     -514573   -157          11    -38   28  51  115    6  205   59  205   59  26  0  0 L3P 0D
G13 FF 61020 041000  780 643 2283    -6924053     -9          31    -17   14  33   82   -5  190   18  190   18  13  0  0 L3P E9
G14 FF 61020 041000  780 405 1526    -7209816    -66           9    -37   21 231  113   12  212   42  212   42  18  0  0 L3P 02
G15 FF 61020 041000  780 318 2315    -3660361    -74          24    -38   18  84  139  -19  217  -13  217  -13  16  0  0 L3P 3E
G17 FF 61020 041000  780 679  792      -36089    108         -10    -19   13  82   79   -1  187    3  187    3  10  0  0 L3P C7
G19 FF 61020 041000  780 636  294    -6797985      9          -2     30   15  52   82   -5  180  -43  180  -43  14  0  0 L3P EA
G22 FF 61020 041000  780 541 1769      706975    -49           2    -13   11  58   91    6  216   -1  216   -1  10  0  0 L3P B1
G30 FF 61020 041000  780 372  961     -514690   -114          11      5   27  63  121    8  202  -11  202  -11  23  0  0 L3P C7
G13 FF 61020 042600  780 699 2435    -6924049     13          26      5   15  33   78   -2  203    6  203    6  14  0  0 L3P B5
G14 FF 61020 042600  780 355 1468    -7209857    -30          -5     -1   20 231  126   15  225   22  225   22  17  0  0 L3P 07
G15 FF 61020 042600  780 361 2378    -3660399    -65          21    -29   17  84  125  -12  191    2  191    2  15  0  0 L3P 0A
G17 FF 61020 042600  780 673 1012      -35977    123         -19     -3   15  82   80    1  188   -3  188   -3  14  0  0 L3P CB
G19 FF 61020 042600  780 702  438    -6798008    -16          -5      4   18  52   78   -3  178   -5  178   -5  16  0  0 L3P DF
G22 FF 61020 042600  780 490 1682      706939    -40           0     -4   12  58   97    8  216    9  216    9  11  0  0 L3P 9A
G30 FF 61020 042600  780 342  876     -514823   -138          -8    -19   18  63  131   11  210   14  210   14  13  0  0 L3P ED
G13 FF 61020 044200  780 728 2683    -6924037    -11          31    -19   11  33   77    0  181  -25  181  -25  10  0  0 L3P 05
G14 FF 61020 044200  780 309 1410    -7209866    -17          14     12   21 231  143   19  204    3  204    3  17  0  0 L3P E0
G15 FF 61020 044200  780 394 2457    -3660439    -23          16     14   17  84  116   -7  180   -4  180   -4  16  0  0 L3P 01
G17 FF 61020 044200  780 636 1189      -35848    119           9     -7   16  40   82    4  187   23  187   23  14  0  0 L3P C7
G19 FF 61020 044200  780 745  691    -6798020    -27           3     -7   21  52   76   -1  166    0  166    0  17  0  0 L3P AF
G22 FF 61020 044200  780 441 1605      706905    -50           1    -14   20  58  105    9  222   27  222   27  17  0  0 L3P C1
G30 FF 61020 044200  780 307  798     -514913   -143          18    -24   29  63  144   16  197   39  197   39  29  0  0 L3P 27
G06 FF 61020 045800  780 216  405     5875590     72          20     12   33  24  199  -42  207   10  207   10  29  0  0 L3P E9
G13 FF 61020 045800  780 715 2961    -6924019     31          42     23   16  33   78    2  139  -30  139  -30  14  0  0 L3P F6
G14 FF 61020 045800  780 267 1352    -7209903    -32           4     -4   25 231  163   24  237   11  237   11  20  0  0 L3P F7
G15 FF 61020 045800  780 416 2549    -3660460     -6          30     30   22  84  111   -3  185    6  185    6  18  0  0 L3P D3
G17 FF 61020 045800  780 579 1305      -35722    111          14    -16   17  40   87    6  203   35  203   35  16  0  0 L3P CF
G19 FF 61020 045800  780 742 1014    -6798022    103          20    123   20  52   76    1  163  -51  163  -51  15  0  0 L3P 0A
G22 FF 61020 045800  780 395 1532      706879      8          10     44   23  58  115   11  233  -38  233  -38  25  0  0 L3P F3
G30 FF 61020 045800  780 269  726     -515036   -109          10     10   37  63  162   23  220    5  220    5  31  0  0 L3P BF
G06 FF 61020 051400  780 263  467     5875646     84          17     24   38  24  165  -28  228  -10  228  -10  30  0  0 L3P 14
G12 FF 61020 051400  780 189 2667     6049998    -54          14    -59   31  17  224  -35  441 -232  441 -232  27  0  0 L3P 6D
G13 FF 61020 051400  780 666 3162    -6924014      2          39     -6   15  33   80    4  142   -3  142   -3  13  0  0 L3P A8
G14 FF 61020 051400  780 228 1294    -7209920    -66          15    -37   21 231  189   30  200    6  200    6  17  0  0 L3P FB
G15 FF 61020 051400  780 425 2650    -3660492    -24          33     12   20   5  109    0  260   51  260   51  20  0  0 L3P C8
G17 FF 61020 051400  780 513 1375      -35600    130          15      4   23  40   94    9  201  -33  201  -33  21  0  0 L3P AC
G19 FF 61020 051400  780 697 1245    -6798028    -43          34    -23   11  52   78    3  178   23  178   23  11  0  0 L3P 09
G22 FF 61020 051400  780 351 1462      706834    -19           0     18   24  58  127   14  208  -32  208  -32  20  0  0 L3P E6
G24 FF 61020 051400  780 232 2193     2061881   -133          13      7   32  57  186  -43  278  -25  278  -25  32  0  0 L3P 2C
G30 FF 61020 051400  780 227  660     -515154    -64           5     55   30  63  190   36  253  -49  253  -49  25  0  0 L3P F4
G06 FF 61020 053000  780 309  535     5875696    102          10     42   20  24  143  -20  225  -47  225  -47  16  0  0 L3P 11
G12 FF 61020 053000  780 218 2596     6050000    -16          11    -22   32  17  197  -25  356  258  356  258  36  0  0 L3P 3D
G13 FF 61020 053000  780 600 3285    -6924008      8          37      0   23  33   85    6  131    1  131    1  20  0  0 L3P 76
G14 FF 61020 053000  780 191 1235    -7209961     -1           1     27   23 231  222   40  220  -15  220  -15  17  0  0 L3P EF
G15 FF 61020 053000  780 419 2754    -3660530    -97          30    -61   20   5  110    3  316   86  316   86  16  0  0 L3P F3
G17 FF 61020 053000  780 443 1414      -35478    117          17     -9   24  40  105   14  169  -32  169  -32  24  0  0 L3P FD
G19 FF 61020 053000  780 631 1366    -6798051    -30          30    -10   14  52   82    5  160  -60  160  -60  13  0  0 L3P FB
G22 FF 61020 053000  780 311 1394      706809    -24          11     13   24  58  142   17  190  -21  190  -21  18  0  0 L3P F2
G24 FF 61020 053000  780 289 2172     2061746   -175          13    -35   30  57  152  -29  231  -90  231  -90  26  0  0 L3P 43
G30 FF 61020 053000  780 181  602     -515265   -130          10    -11   34  63  234   57  218  -35  218  -35  26  0  0 L3P 0A
G06 FF 61020 054600  780 353  612     5875763     73          19     13   27  24  127  -13  207  -13  207  -13  22  0  0 L3P 06
G11 FF 61020 054600  780 223  157     5142544   -150          15    -15   34  69  193  -48  135    2  135    2  29  0  0 L3P F1
G12 FF 61020 054600  780 245 2524     6050013      6          18      0   23  17  176  -18  439  -66  439  -66  26  0  0 L3P FD
G13 FF 61020 054600  780 527 3362    -6924002     38          35     30   45  33   93   10  133  -49  133  -49  45  0  0 L3P 0A
G15 FF 61020 054600  780 399 2854    -3660562     -7          33     30   22   5  114    6  342   37  342   37  20  0  0 L3P DA
G17 FF 61020 054600  780 373 1433      -35356    106          17    -20   19  40  121   20  147  -10  147  -10  17  0  0 L3P FA
G19 FF 61020 054600  780 559 1426    -6798074    -20          27      0   15  52   89    8  134  -38  134  -38  16  0  0 L3P 0E
G22 FF 61020 054600  780 273 1327      706779    -74          15    -38   17  58  160   21  204   48  204   48  13  0  0 L3P 07
G24 FF 61020 054600  780 350 2159     2061618   -113          19     27   22  57  128  -21  196  -60  196  -60  25  0  0 L3P 3D
G06 FF 61020 060200  780 391  700     5875833     85          32     25   20  25  116   -9  181  -60  181  -60  17  0  0 L3P F5
G11 FF 61020 060200  780 281  201     5142411   -124          12     11   28  70  155  -32  150   35  150   35  27  0  0 L3P E0
G12 FF 61020 060200  780 272 2451     6050022     20          21     14   27  18  160  -15  241 -142  241 -142  32  0  0 L3P 0C
G13 FF 61020 060200  780 452 3416    -6924009     31          18     23   26  34  104   14  126  -25  126  -25  25  0  0 L3P 06
G15 FF 61020 060200  780 369 2947    -3660604    -10          25     26   22  13  122   10  356  -37  356  -37  18  0  0 L3P 24
G17 FF 61020 060200  780 304 1437      -35227    111          30    -16   26  41  145   30  162  114  162  114  24  0  0 L3P F8
G19 FF 61020 060200  780 487 1454    -6798101     -8          21     12   21  54   98   11  116  -33  116  -33  21  0  0 L3P FD
G22 FF 61020 060200  780 237 1260      706752    -15          22     22   18  59  182   26  192  -20  192  -20  13  0  0 L3P F5
G24 FF 61020 060200  780 414 2154     2061477   -177          11    -37   21  58  111  -15  194  -46  194  -46  22  0  0 L3P 41
G06 FF 61020 061800  780 420  799     5875897     69          38      9   20  25  110   -5  164  -15  164  -15  17  0  0 L3P 03
G11 FF 61020 061800  780 343  250     5142291   -175          21    -40   24  70  130  -22  144   25  144   25  18  0  0 L3P FD
G12 FF 61020 061800  780 298 2377     6050021    -20          15    -26   23  18  148  -12  273  -32  273  -32  24  0  0 L3P 27
G13 FF 61020 061800  780 378 3458    -6923986     57          33     49   38  34  120   20  101  -68  101  -68  37  0  0 L3P 35
G15 FF 61020 061800  780 332 3030    -3660630     -9          34     28   24  13  134   15  357   -3  357   -3  19  0  0 L3P E9
G17 FF 61020 061800  780 237 1431      -35087    188          49     62   26  41  182   48  217  -49  217  -49  22  0  0 L3P 20
G19 FF 61020 061800  780 416 1462    -6798121    -42          22    -21   24  54  111   16  119   34  119   34  25  0  0 L3P 15
G22 FF 61020 061800  780 203 1193      706715    -45          20     -8   24  59  210   33  200   15  200   15  19  0  0 L3P CE
G24 FF 61020 061800  780 481 2160     2061345   -125          14     15   19  58   99  -11  183  -68  183  -68  16  0  0 L3P 37
G06 FF 61020 063400  780 435  906     5875944     76          28     16   17  25  107   -2  163    1  163    1  16  0  0 L3P C3
G11 FF 61020 063400  780 407  305     5142168   -128          29      7   19  70  113  -15  120  -27  120  -27  17  0  0 L3P 04
G12 FF 61020 063400  780 324 2302     6050031     23          19     17   19  18  137  -10  208    1  208    1  21  0  0 L3P B5
G13 FF 61020 063400  780 307 3495    -6923969     37          42     29   24  34  144   30  120   18  120   18  21  0  0 L3P 02
G15 FF 61020 063400  780 290 3105    -3660667      2          32     38   27  13  151   21  373  -24  373  -24  23  0  0 L3P FE
G19 FF 61020 063400  780 348 1458    -6798153    -42           9    -21   19  54  129   22  211   98  211   98  17  0  0 L3P 27
G24 FF 61020 063400  780 550 2184     2061208   -139          11      1   12  58   90   -8  166  -59  166  -59  12  0  0 L3P 07
G06 FF 61020 065000  780 435 1016     5876007     84          32     23   19  25  107    2  171   -7  171   -7  17  0  0 L3P D3
G11 FF 61020 065000  780 470  374     5142033   -131          24      5   18  70  101  -11  119    8  119    8  14  0  0 L3P BB
G12 FF 61020 065000  780 351 2227     6050021     19           4     14   23  18  128   -9  225   40  225   40  22  0  0 L3P BC
G13 FF 61020 065000  780 239 3529    -6923959     43          45     35   26  34  181   48  143   24  143   24  23  0  0 L3P 10
G15 FF 61020 065000  780 246 3172    -3660697   -101          36    -65   23  13  176   31  350    6  350    6  22  0  0 L3P 01
G19 FF 61020 065000  780 283 1445    -6798167    -11          15      9   23  54  155   32  230   -2  230   -2  20  0  0 L3P E9
G24 FF 61020 065000  780 618 2235     2061091   -150          29    -10   18  58   83   -5  108    2  108    2  15  0  0 L3P D4
G06 FF 61020 070600  780 419 1120     5876074     54          42     -6   22  25  110    5  168    6  168    6  18  0  0 L3P BB
G11 FF 61020 070600  780 529  461     5141899   -136          20     -1   18  70   92   -7  130    6  130    6  15  0  0 L3P B9
G12 FF 61020 070600  780 379 2150     6050027    -38           4    -44   23  18  119   -8  219  -28  219  -28  25  0  0 L3P 15
G15 FF 61020 070600  780 201 3235    -3660738    -52          30    -16   43  13  212   45  204  -93  204  -93  36  0  0 L3P 26
G19 FF 61020 070600  780 223 1425    -6798166    -58          35    -37   35  54  193   49  207   39  207   39  24  0  0 L3P 40
G24 FF 61020 070600  780 682 2336     2060955   -131          26      9   18  58   79   -3   97  -40   97  -40  14  0  0 L3P F6
G06 FF 61020 073400  780 358 1270     5876180     34          46    -27   24  25  126   14  169   26  169   26  20  0  0 L3P 0F
G11 FF 61020 073400  780 608  690     5141681   -122          28     13   14  70   84   -3  140    4  140    4  13  0  0 L3P AF
G12 FF 61020 073400  780 433 2011     6050056     16          24     10   19  18  107   -7  116  -46  116  -46  18  0  0 L3P F3
G24 FF 61020 073400  780 748 2745     2060716   -131          22      8   11  58   76    0  118   21  118   21   9  0  0 L3P C6
G29 FF 61020 073400  780 238 2922     4116699    -51          62     11   25 114  181  -32  155  -41  155  -41  36  0  0 L3P 3C
G06 FF 61020 075000  780 309 1332     5876235     71          43     11   22  25  143   23  186    8  186    8  18  0  0 L3P D5
G11 FF 61020 075000  780 625  863     5141551   -138          32     -3   16  71   83    0  139   -7  139   -7  13  0  0 L3P CA
G12 FF 61020 075000  780 466 1927     6050054      9          16      4   15  18  101   -6  176   33  176   33  14  0  0 L3P C5
G20 FF 61020 075000  780 196  521    -3620926    -37          38    -38   39   4  218  -41  193   16  193   16  32  0  0 L3P 0D
G24 FF 61020 075000  780 729 3041     2060580   -153          20    -13   15  58   77    2  123  -16  123  -16  13  0  0 L3P FF
G25 FF 61020 075000  780 221 2257    -4567417     -8          45    -29   29   9  195  -36  276   72  276   72  36  0  0 L3P 29
G29 FF 61020 075000  780 280 2851     4116635    -78          63    -17   27   8  156  -21  212  141  212  141  24  0  0 L3P 28
G06 FF 61020 080600  780 253 1378     5876286     79          37     19   27  26  171   37  230   29  230   29  20  0  0 L3P 0F
G11 FF 61020 080600  780 614 1038     5141417   -149          28    -14   17  72   84    2  142   13  142   13  15  0  0 L3P EA
G12 FF 61020 080600  780 500 1837     6050064     26          19     20   17  20   96   -5  164  -30  164  -30  15  0  0 L3P E3
G20 FF 61020 080600  780 233  589    -3620931    -43          31    -44   35  53  185  -28  203   35  203   35  26  0  0 L3P 11
G24 FF 61020 080600  780 676 3238     2060446   -122          20     17   11  60   80    4  127    8  127    8   9  0  0 L3P B4
G25 FF 61020 080600  780 264 2208    -4567407    -11          36    -32   32  41  165  -27  194   14  194   14  34  0  0 L3P 28
G29 FF 61020 080600  780 317 2773     4116546   -102          29    -41   19   9  140  -14  261  -79  261  -79  25  0  0 L3P 46
G06 FF 61020 082200  780 195 1410     5876342     46          36    -14   33  26  219   66  285   68  285   68  24  0  0 L3P 1F
G11 FF 61020 082200  780 578 1182     5141278   -133          19      2   19  72   87    4  160   18  160   18  17  0  0 L3P E2
G12 FF 61020 082200  780 534 1738     6050066     -5          16    -10   16  20   92   -4  163   -3  163   -3  14  0  0 L3P C4
G20 FF 61020 082200  780 268  663    -3620941    -25          20    -26   36  53  162  -19  225   43  225   43  31  0  0 L3P 0D
G24 FF 61020 082200  780 607 3351     2060314   -170          22    -30   17  60   84    6  147   38  147   38  14  0  0 L3P F1
G25 FF 61020 082200  780 311 2160    -4567388      8          34    -14   30  41  142  -21  190  169  190  169  32  0  0 L3P 2A
G29 FF 61020 082200  780 349 2689     4116493    -75          34    -14   24   9  128  -10  196  -16  196  -16  22  0  0 L3P 3C
G05 FF 61020 083800  780 210  402     2252851    -35          41    -42   34  37  204  -44  241   36  241   36  32  0  0 L3P F2
G11 FF 61020 083800  780 526 1285     5141154   -112          25     24   20  72   93    7  183   10  183   10  19  0  0 L3P E1
G12 FF 61020 083800  780 567 1626     6050063     55           8     49   16  20   88   -3  177  -29  177  -29  15  0  0 L3P 01
G20 FF 61020 083800  780 299  743    -3620941     25          18     23   24  53  147  -13  250   -2  250   -2  21  0  0 L3P E6
G21 FF 61020 083800  780 193  718    -3523828   -154          33    -45   58 235  220  -32  283   52  283   52  54  0  0 L3P 4A
G24 FF 61020 083800  780 533 3421     2060165   -139           7      1   37  60   92    9  176   14  176   14  35  0  0 L3P D0
G25 FF 61020 083800  780 362 2114    -4567369     -7          33    -29   23  41  124  -16  220   62  220   62  23  0  0 L3P 10
G29 FF 61020 083800  780 377 2599     4116442   -105          42    -44   14   9  120   -7  165   55  165   55  15  0  0 L3P 1D
G05 FF 61020 085400  780 256  465     2252843      8          26      1   42  37  170  -30  260    8  260    8  33  0  0 L3P A5
G11 FF 61020 085400  780 465 1353     5141022   -154          23    -18   34  72  101   11  221   57  221   57  30  0  0 L3P 02
G12 FF 61020 085400  780 596 1496     6050064      3           3     -3   14  20   85   -2  189   11  189   11  14  0  0 L3P B1
G20 FF 61020 085400  780 322  829    -3620917    -35          41    -36   26  53  138   -7  246   43  246   43  25  0  0 L3P 0D
G21 FF 61020 085400  780 219  792    -3523943    -59          22     50   32 235  196  -20  310  -39  310  -39  27  0  0 L3P 3B
G24 FF 61020 085400  780 457 3471     2060030   -126           7     13   43  60  103   14  193   16  193   16  40  0  0 L3P EE
G25 FF 61020 085400  780 417 2069    -4567358     49          22     27   21  41  110  -13  233  -33  233  -33  18  0  0 L3P 26
G29 FF 61020 085400  780 400 2505     4116373    -97          33    -35   23   9  114   -5  207  197  207  197  24  0  0 L3P 27
G05 FF 61020 091000  780 302  534     2252846     33          23     27   30  37  146  -20  279    5  279    5  24  0  0 L3P C6
G11 FF 61020 091000  780 400 1395     5140894   -133          25      3   24  72  114   16  266   39  266   39  20  0  0 L3P FB
G12 FF 61020 091000  780 617 1346     6050065     23          -1     17   17  20   84   -1  204   -2  204   -2  15  0  0 L3P A8
G20 FF 61020 091000  780 335  919    -3620927     33          30     32   23  80  133   -3  276   -7  276   -7  19  0  0 L3P E0
G21 FF 61020 091000  780 239  870    -3524047   -132          23    -23   28 235  180  -12  320   43  320   43  27  0  0 L3P 22
G24 FF 61020 091000  780 383 3509     2059895   -154           5    -14   12  60  118   20  225   57  225   57  10  0  0 L3P 0D
G25 FF 61020 091000  780 477 2025    -4567326     12          33     -9   20  41   99  -10  219   24  219   24  15  0  0 L3P F4
G29 FF 61020 091000  780 419 2408     4116316    -59          34      2   15   9  110   -4  239   37  239   37  14  0  0 L3P DC
G05 FF 61020 092600  780 345  611     2252852     -4          22    -10   24  37  130  -14  298   25  298   25  21  0  0 L3P EE
G11 FF 61020 092600  780 333 1418     5140771   -104          31     32   23  72  134   24  310   30  310   30  17  0  0 L3P EA
G12 FF 61020 092600  780 626 1179     6050086     52          14     46   18  20   83    0  211  -17  211  -17  16  0  0 L3P DC
G18 FF 61020 092600  780 202 3217     4801101    -29          18     70   25  37  212  -65  319 -150  319 -150  21  0  0 L3P 3D
G20 FF 61020 092600  780 337 1012    -3620926    -16          30    -17   20  80  132    2  303   59  303   59  15  0  0 L3P F3
G21 FF 61020 092600  780 252  950    -3524170   -118           5     -9   27 235  172   -5  356   32  356   32  22  0  0 L3P 03
G24 FF 61020 092600  780 312 3543     2059766   -154          11    -14   16  60  142   29  263   48  263   48  13  0  0 L3P 25
G25 FF 61020 092600  780 540 1981    -4567300    -26          39    -48   18  41   91   -8  226   59  226   59  16  0  0 L3P 22
G29 FF 61020 092600  780 434 2308     4116251    -72          29    -10   18   9  107   -3  261   12  261   12  16  0  0 L3P EA
G05 FF 61020 094200  780 382  697     2252859     32          22     25   20  37  119   -9  308  -21  308  -21  15  0  0 L3P FB
G11 FF 61020 094200  780 267 1428     5140646   -121          36     14   23  72  163   38  370   66  370   66  15  0  0 L3P 17
G12 FF 61020 094200  780 619 1007     6050097     10          20      5   14  20   83    1  230   14  230   14  12  0  0 L3P 91
G18 FF 61020 094200  780 265 3176     4801029    -96          41      3   21  37  164  -37  261   70  261   70  18  0  0 L3P 04
G20 FF 61020 094200  780 326 1101    -3620935    -17          20    -18   35  80  136    7  347   54  347   54  30  0  0 L3P 01
G21 FF 61020 094200  780 255 1032    -3524292   -147         -13    -38   42 235  170    1  399   61  399   61  28  0  0 L3P 43
G24 FF 61020 094200  780 244 3575     2059649    -95          28     45   21  60  177   46  296   32  296   32  16  0  0 L3P 23
G25 FF 61020 094200  780 607 1932    -4567275     34          43     12   14  41   84   -6  226   -9  226   -9  12  0  0 L3P EA
G28 FF 61020 094200  780 189 2309     6244885    -33          30      5   33 100  225  -44  390  -22  390  -22  29  0  0 L3P 2D
G29 FF 61020 094200  780 445 2207     4116207    -72          43    -10   20   9  105   -2  259   31  259   31  18  0  0 L3P ED
G05 FF 61020 095800  780 410  794     2252857    -27          13    -34   24  26  112   -5  319   31  319   31  20  0  0 L3P F3
G11 FF 61020 095800  780 203 1426     5140515   -220          35    -85   24  72  211   64  447  151  447  151  17  0  0 L3P 3D
G12 FF 61020 095800  780 595  848     6050091    -19           9    -24   25  20   85    3  256   42  256   42  19  0  0 L3P DB
G18 FF 61020 095800  780 327 3125     4800922   -109          29    -10   26  37  136  -23  264    5  264    5  21  0  0 L3P 0C
G20 FF 61020 095800  780 303 1183    -3620934      7          20      5   25  80  145   13  381   41  381   41  19  0  0 L3P D4
G21 FF 61020 095800  780 248 1112    -3524388   -208          -4    -99   28 235  174    8  421  127  421  127  23  0  0 L3P 5A
G25 FF 61020 095800  780 678 1874    -4567263      0          34    -21   14  41   79   -4  222    4  222    4  11  0  0 L3P C6
G28 FF 61020 095800  780 223 2371     6244849    -58          30    -20   27 100  193  -25  385   18  385   18  23  0  0 L3P 41
G29 FF 61020 095800  780 455 2105     4116123    -66          18     -5   17   9  103   -2  292   14  292   14  16  0  0 L3P E6
G05 FF 61020 101400  780 426  899     2252865      7          12      0   21  27  108   -2  321   15  321   15  17  0  0 L3P A7
G12 FF 61020 101400  780 557  712     6050090     -6          -4    -12   16  69   89    5  278   27  278   27  15  0  0 L3P CC
G18 FF 61020 101400  780 386 3061     4800833   -125          37    -26   45  38  118  -15  275    7  275    7  30  0  0 L3P 10
G20 FF 61020 101400  780 269 1254    -3620922     25          30     24   30  81  162   22  420   23  420   23  23  0  0 L3P D8
G21 FF 61020 101400  780 230 1187    -3524482    -98           8     11   25 236  187   18  463   44  463   44  22  0  0 L3P 13
G25 FF 61020 101400  780 751 1786    -4567242    -14          32    -36   15  44   76   -3  221   39  221   39  12  0  0 L3P 02
G28 FF 61020 101400  780 247 2442     6244807    -26          19     12   26 101  175  -13  389   -2  389   -2  23  0  0 L3P 17
G29 FF 61020 101400  780 463 2003     4116060    -61          12      0   11  11  102   -1  306    5  306    5  11  0  0 L3P 89
G05 FF 61020 103000  780 428 1006     2252864      1           5     -6   23  27  108    1  340   11  340   11  19  0  0 L3P 92
G12 FF 61020 103000  780 508  602     6050104     10           5      4   24  69   95    8  303   24  303   24  18  0  0 L3P 7C
G18 FF 61020 103000  780 441 2981     4800734    -98          33      1   14  38  106  -10  296   10  296   10  12  0  0 L3P EF
G20 FF 61020 103000  780 227 1314    -3620902     16          49     15   25  81  190   37  458   20  458   20  19  0  0 L3P F5
G21 FF 61020 103000  780 203 1255    -3524574    -62          21     47   20 236  211   32  493   -8  493   -8  15  0  0 L3P 07
G25 FF 61020 103000  780 822 1574    -4567223     11          31    -11   22  44   74   -1  227    4  227    4  22  0  0 L3P B8
G28 FF 61020 103000  780 261 2521     6244780    -49          28    -11   26 101  166   -5  383   13  383   13  21  0  0 L3P 0D
G29 FF 61020 103000  780 470 1900     4116002    -71          13    -10   15  11  100   -1  306   -4  306   -4  12  0  0 L3P C1
G05 FF 61020 104600  780 413 1109     2252881     30          16     24   26  27  111    5  349    6  349    6  24  0  0 L3P B4
G12 FF 61020 104600  780 450  516     6050113     12           9      7   22  69  104   11  332   33  332   33  16  0  0 L3P 9D
G18 FF 61020 104600  780 489 2884     4800642    -75          36     24   14  38   98   -7  284  -32  284  -32  12  0  0 L3P 21
G25 FF 61020 104600  780 848  813    -4567214     33          18     12   16  44   74    0  246    8  246    8  14  0  0 L3P AF
G28 FF 61020 104600  780 265 2603     6244746    -34          30      4   17 101  164    1  398   25  398   25  16  0  0 L3P F6
G29 FF 61020 104600  780 475 1797     4115947     -5          17     56   18  11  100   -1  309  -37  309  -37  14  0  0 L3P 11
G05 FF 61020 110200  780 385 1199     2252891     65          19     58   26  27  118    9  369  -14  369  -14  23  0  0 L3P 17
G12 FF 61020 110200  780 388  449     6050114     -1           4     -6   15  69  117   17  371   49  371   49  12  0  0 L3P C4
G18 FF 61020 110200  780 529 2768     4800546   -121          35    -22   13  38   92   -4  278   14  278   14  11  0  0 L3P 0C
G23 FF 61020 110200  780 248 3534    -5842571    -97          32    -45   22  40  175  -48  404   10  404   10  18  0  0 L3P 1E
G25 FF 61020 110200  780 786  371    -4567195     27          17      5   11  44   75    2  260   17  260   17   8  0  0 L3P AD
G28 FF 61020 110200  780 258 2685     6244770     26          90     64   27 101  168    7  346  -68  346  -68  23  0  0 L3P 2B
G29 FF 61020 110200  780 480 1692     4115884    -72          13    -11   16  11   99   -1  323   10  323   10  13  0  0 L3P DE
G05 FF 61020 111800  780 345 1274     2252898    -12          20    -19   22  27  130   15  403   50  403   50  17  0  0 L3P F8
G12 FF 61020 111800  780 323  397     6050129      2          14     -4   25  69  137   26  414   52  414   52  20  0  0 L3P BD
G18 FF 61020 111800  780 557 2634     4800456    -85          40     14   20  38   89   -2  273  -17  273  -17  17  0  0 L3P 13
G23 FF 61020 111800  780 321 3544    -5842626    -80          27    -27   19  40  138  -30  380  -11  380  -11  15  0  0 L3P 36
G25 FF 61020 111800  780 707  252    -4567176     13          15     -9   17  44   78    4  280   27  280   27  11  0  0 L3P CF
G28 FF 61020 111800  780 242 2766     6244681    -36          38      2   30 101  178   14  386    0  386    0  31  0  0 L3P DE
G29 FF 61020 111800  780 484 1585     4115827   -121          15    -60   18  11   98    0  328   56  328   56  15  0  0 L3P 0B
G05 FF 61020 113400  780 296 1333     2252898     28          13     21   22  27  148   24  443   24  443   24  19  0  0 L3P F4
G12 FF 61020 113400  780 257  358     6050121     42           0     36   20  69  169   42  490   56  490   56  18  0  0 L3P D2
G18 FF 61020 113400  780 572 2488     4800346    -89          25     10   21  38   87   -1  280   -4  280   -4  16  0  0 L3P E7
G23 FF 61020 113400  780 399 3550    -5842683    -49          21      4   17  40  115  -20  351  -29  351  -29  13  0  0 L3P 24
G25 FF 61020 113400  780 624  199    -4567164     29           7      7   15  44   83    6  306   24  306   24  12  0  0 L3P B0
G26 FF 61020 113400  780 202 2223     2928849     65          45      4   34  47  212  -59  486  -42  486  -42  33  0  0 L3P 1C
G28 FF 61020 113400  780 219 2843     6244631    -40          23     -2   25 101  196   23  430  -17  430  -17  20  0  0 L3P 11
G29 FF 61020 113400  780 485 1476     4115765    -58          12      3   15  11   98    0  332    5  332    5  12  0  0 L3P A4
G05 FF 61020 115000  780 242 1377     2252924     49          33     42   28  27  178   40  478   27  478   27  21  0  0 L3P 05
G12 FF 61020 115000  780 191  328     6050129     22           3     16   26  69  224   74  572  101  572  101  22  0  0 L3P DF
G15 FF 61020 115000  780 184  724    -3661345     26          36     62   44  15  230  -32  608 -110  608 -110  39  0  0 L3P 2E
G18 FF 61020 115000  780 574 2338     4800256    -69          30     30   14  38   87    0  286   -2  286   -2  12  0  0 L3P D5
G23 FF 61020 115000  780 479 3553    -5842727    -12          27     40   17  40   99  -13  326  -48  326  -48  13  0  0 L3P 32
G25 FF 61020 115000  780 542  169    -4567133     29          16      7   20  44   91   10  326   24  326   24  17  0  0 L3P C5
G26 FF 61020 115000  780 258 2251     2928891     33          28    -28   30  47  168  -35  456  -22  456  -22  29  0  0 L3P 3D
G28 FF 61020 115000  780 191 2916     6244603    -29          32      9   33 101  223   34  448   91  448   91  25  0  0 L3P 08
G29 FF 61020 115000  780 483 1366     4115709    -92          15    -31   15  11   98    1  341   49  341   49  14  0  0 L3P EE
G05 FF 61020 120600  780 185 1407     2252919     18          24     11   39  38  230   68  570   81  570   81  31  0  0 L3P F9
G15 FF 61020 120600  780 209  797    -3661400    -19          15     17   28  16  205  -21  606  -28  606  -28  24  0  0 L3P 25
G18 FF 61020 120600  780 564 2194     4800156    -89          23     10   17  39   88    2  307   13  307   13  14  0  0 L3P DE
G23 FF 61020 120600  780 563 3553    -5842777    -42          28     11   17  41   88   -9  310  -19  310  -19  11  0  0 L3P 15
G25 FF 61020 120600  780 461  152    -4567098     49          28     28   16  49  102   14  348   16  348   16  13  0  0 L3P FE
G26 FF 61020 120600  780 313 2292     2928966     56          49     -5   22  59  141  -22  406  -22  406  -22  20  0  0 L3P 16
G29 FF 61020 120600  780 477 1254     4115650    -95          11    -33   16  14   99    1  359   48  359   48  13  0  0 L3P FF
G10 FF 61020 122200  780 233 3361     5723296     47          40      6   51  79  185  -54  500  -82  500  -82  46  0  0 L3P 0A
G15 FF 61020 122200  780 228  872    -3661435      6          14     43   23  16  189  -13  587  -68  587  -68  19  0  0 L3P 26
G18 FF 61020 122200  780 546 2061     4800065    -98          28      1   16  39   90    2  327   13  327   13  13  0  0 L3P C4
G23 FF 61020 122200  780 649 3552    -5842828    -57          27     -5   13  41   81   -6  306    1  306    1  11  0  0 L3P C9
G25 FF 61020 122200  780 382  142    -4567083     -6          22    -28   27  49  119   21  400   77  400   77  24  0  0 L3P F6
G26 FF 61020 122200  780 362 2349     2929016     58          40     -3   18  59  124  -14  389  -18  389  -18  16  0  0 L3P 2F
G29 FF 61020 122200  780 466 1144     4115592    -67          12     -5   14  14  101    2  375   24  375   24  10  0  0 L3P D9
G10 FF 61020 125400  780 377 3307     5723374     70          39     29   33  79  120  -20  425  -60  425  -60  33  0  0 L3P 1C
G15 FF 61020 125400  780 243 1028    -3661511    -77           8    -41   27  16  178    1  585   49  585   49  22  0  0 L3P 0C
G18 FF 61020 125400  780 496 1832     4799872   -114          25    -15   16  39   96    4  362   36  362   36  12  0  0 L3P 1C
G23 FF 61020 125400  780 825 3565    -5842966     48         -10    100   23  41   74   -1  346  -86  346  -86  22  0  0 L3P 34
G25 FF 61020 125400  780 233  142    -4567056     28           8      7   27  49  185   56  562  117  562  117  19  0  0 L3P 08
G26 FF 61020 125400  780 436 2514     2929124     81          30     20   14  59  107   -5  375  -14  375  -14  10  0  0 L3P 02
G29 FF 61020 125400  780 425  933     4115473    -10          11     51   16  14  109    6  415   -8  415   -8  13  0  0 L3P C8
G10 FF 61020 131000  780 450 3262     5723395     41          21      0   12  79  104  -14  399  -27  399  -27  10  0  0 L3P 01
G15 FF 61020 131000  780 237 1104    -3661560      7          -6     44   26  16  182    8  597  -18  597  -18  18  0  0 L3P 02
G16 FF 61020 131000  780 233 2260    -1649879    -45           2     34   28  60  185  -39  523  -74  523  -74  22  0  0 L3P 2F
G18 FF 61020 131000  780 469 1732     4799763   -103          10     -5   23  39  101    5  381   26  381   26  17  0  0 L3P 01
G23 FF 61020 131000  780 886 1446    -5842982   -104          24    -51   15  41   74    0  305   55  305   55  14  0  0 L3P 06
G26 FF 61020 131000  780 453 2619     2929166     51          13    -11   19  59  103   -2  379   14  379   14  16  0  0 L3P 03
G29 FF 61020 131000  780 395  838     4115404    -74           1    -12   18  14  115    8  444   50  444   50  16  0  0 L3P D0
G10 FF 61020 132600  780 522 3197     5723439     48          25      7   10  79   93   -9  372  -28  372  -28   7  0  0 L3P EF
G15 FF 61020 132600  780 221 1176    -3661583    -42           6     -5   23  16  194   17  614   42  614   42  19  0  0 L3P F6
G16 FF 61020 132600  780 280 2311    -1649941   -104          16    -26   20  60  156  -23  482   -8  482   -8  19  0  0 L3P 31
G18 FF 61020 132600  780 442 1638     4799660   -107           3     -8   23  39  105    5  412   37  412   37  20  0  0 L3P F1
G23 FF 61020 132600  780 801 1651    -5843048     -1           8     52   17  41   75    2  328  -42  328  -42  16  0  0 L3P DD
G26 FF 61020 132600  780 455 2731     2929230     68          18      6   14  59  103    1  384    5  384    5  12  0  0 L3P B4
G29 FF 61020 132600  780 359  751     4115340    -67          -5     -6   23  14  125   12  493   50  493   50  17  0  0 L3P E7
G10 FF 61020 134200  780 590 3105     5723475     32          23     -9   13  79   86   -6  363    1  363    1  11  0  0 L3P AE
G15 FF 61020 134200  780 196 1241    -3661616    -34           8      2   25  16  217   31  659   59  659   59  22  0  0 L3P FE
G16 FF 61020 134200  780 320 2375    -1650022    -63          10     16   20  60  138  -14  464  -31  464  -31  19  0  0 L3P 1A
G18 FF 61020 134200  780 415 1549     4799571    -94           8      5   20  39  111    6  431   19  431   19  17  0  0 L3P DE
G23 FF 61020 134200  780 717 1647    -5843096    -57          10     -4   10  41   78    4  341   25  341   25   9  0  0 L3P D5
G26 FF 61020 134200  780 441 2842     2929281     76          10     15   14  59  106    4  406   16  406   16  11  0  0 L3P DC
G29 FF 61020 134200  780 317  673     4115290    -74           4    -13   19  14  140   18  540   87  540   87  16  0  0 L3P F1
G10 FF 61020 135800  780 650 2970     5723516     39          24     -2   10  79   81   -4  360    6  360    6   9  0  0 L3P A9
G16 FF 61020 135800  780 352 2453    -1650092    -70          15      8   17  60  127   -8  448  -16  448  -16  13  0  0 L3P 19
G18 FF 61020 135800  780 390 1463     4799471    -80           3     19   15  39  117    6  460    7  460    7  13  0  0 L3P D0
G23 FF 61020 135800  780 636 1630    -5843142    -38          14     15   13  41   82    6  360   14  360   14   9  0  0 L3P D2
G26 FF 61020 135800  780 414 2944     2929347     77          17     15   18  59  111    7  429   30  429   30  14  0  0 L3P F9
G29 FF 61020 135800  780 270  604     4115235    -36           8     25   22  14  161   27  613   67  613   67  19  0  0 L3P E5
G10 FF 61020 141400  780 693 2772     5723553     38          18     -3   11  80   79   -2  361   -7  361   -7   9  0  0 L3P C9
G16 FF 61020 141400  780 371 2543    -1650166    -93          15    -14   20  61  122   -4  446   12  446   12  15  0  0 L3P 02
G18 FF 61020 141400  780 366 1380     4799393   -147          21    -49   14  40  123    7  474   62  474   62  11  0  0 L3P 20
G23 FF 61020 141400  780 559 1606    -5843178    -62          29     -9   15  42   89    8  379   30  379   30  14  0  0 L3P 06
G26 FF 61020 141400  780 377 3035     2929408     51          19    -10   34  60  120   11  462   35  462   35  24  0  0 L3P F8
G29 FF 61020 141400  780 220  545     4115171    -79          -1    -17   34  15  195   45  700   95  700   95  26  0  0 L3P FC
G32 FF 61020 141400  780 256   67     2120248   -189          13    -29   23  60  170  -41  592  -58  592  -58  19  0  0 L3P 34
G10 FF 61020 143000  780 709 2518     5723588     48          14      7   10  80   78    0  366   -1  366   -1   9  0  0 L3P AC
G16 FF 61020 143000  780 377 2639    -1650241    -62          16     17   21  61  120    0  453    3  453    3  19  0  0 L3P C7
G18 FF 61020 143000  780 343 1298     4799290   -136          13    -37   16  40  130    8  509   72  509   72  11  0  0 L3P 1A
G23 FF 61020 143000  780 486 1579    -5843233    -50          24      2   19  42   98   11  413   36  413   36  17  0  0 L3P EF
G26 FF 61020 143000  780 334 3115     2929460    110          12     48   23  60  133   16  510   22  510   22  16  0  0 L3P E3
G32 FF 61020 143000  780 323   99     2120088   -138           7     22   17  60  138  -27  536  -64  536  -64  12  0  0 L3P 07
G10 FF 61020 144600  780 694 2267     5723631     21          18    -20   10  80   79    2  363   18  363   18  10  0  0 L3P DA
G16 FF 61020 144600  780 370 2738    -1650315    -94          17    -16   10  61  122    4  473   33  473   33   8  0  0 L3P F7
G18 FF 61020 144600  780 319 1217     4799207   -122          25    -23   23  40  139    9  533   51  533   51  19  0  0 L3P 16
G23 FF 61020 144600  780 417 1547    -5843283    -47          25      6   18  42  110   15  445   26  445   26  16  0  0 L3P 06
G26 FF 61020 144600  780 287 3186     2929528     73          21     11   17  60  152   23  557   51  557   51  14  0  0 L3P 06
G32 FF 61020 144600  780 393  133     2119934   -154           8      7   30  60  116  -18  499  -54  499  -54  28  0  0 L3P 20
G10 FF 61020 150200  780 655 2072     5723664     53          12     12   12  80   81    3  373   -4  373   -4   9  0  0 L3P A9
G16 FF 61020 150200  780 351 2833    -1650398    -73           9      5   13  61  128    8  502   29  502   29  10  0  0 L3P D7
G18 FF 61020 150200  780 296 1138     4799104   -104          16     -5   27  40  148   11  574   46  574   46  24  0  0 L3P 1C
G23 FF 61020 150200  780 353 1513    -5843337    -26          20     26   23  42  127   20  486   27  486   27  20  0  0 L3P 08
G26 FF 61020 150200  780 241 3250     2929579    113          13     51   22  60  180   33  638   49  638   49  17  0  0 L3P 12
G32 FF 61020 150200  780 466  174     2119782   -146           9     14   15  60  101  -13  457  -48  457  -48  14  0  0 L3P 1D
G08 FF 61020 151800  780 199 2199    -5155157      2          34    -31   34  35  214  -64  616  -33  616  -33  33  0  0 L3P 30
G10 FF 61020 151800  780 605 1929     5723702     43          10      2   10  80   84    5  378   -3  378   -3   9  0  0 L3P A5
G16 FF 61020 151800  780 322 2921    -1650464    -77          19      1   21  61  138   13  529   54  529   54  14  0  0 L3P 03
G18 FF 61020 151800  780 271 1060     4799009   -112          16    -13   22  40  160   14  620   58  620   58  21  0  0 L3P 13
G23 FF 61020 151800  780 294 1474    -5843395    -94          13    -42   20  42  150   27  546   89  546   89  15  0  0 L3P 3D
G26 FF 61020 151800  780 195 3309     2929637     28          12    -33   37  60  219   49  728  128  728  128  33  0  0 L3P 4C
G32 FF 61020 151800  780 541  227     2119631   -142          12     18   13  60   91   -9  421  -46  421  -46  12  0  0 L3P F3
G08 FF 61020 153400  780 260 2216    -5155141     42          19      9   30  35  167  -37  565  -68  565  -68  25  0  0 L3P 2B
G10 FF 61020 153400  780 551 1820     5723735     21           4    -20   13  80   90    6  390   22  390   22  12  0  0 L3P B2
G16 FF 61020 153400  780 286 3002    -1650540    -91          18    -13   21  61  153   19  585   52  585   52  17  0  0 L3P 1D
G18 FF 61020 153400  780 245  984     4798914   -105          16     -6   29  40  176   19  670   48  670   48  24  0  0 L3P 26
G23 FF 61020 153400  780 239 1433    -5843438     -7          20     45   23  42  181   39  597   27  597   27  18  0  0 L3P 1A
G32 FF 61020 153400  780 614  305     2119478   -165          13     -5   13  60   84   -6  390  -26  390  -26  11  0  0 L3P FB
G08 FF 61020 155000  780 320 2247    -5155111     29          17     -4   26  35  139  -24  523  -32  523  -32  23  0  0 L3P 12
G10 FF 61020 155000  780 498 1731     5723773     24           3    -17   20  80   96    8  410   49  410   49  18  0  0 L3P D5
G16 FF 61020 155000  780 246 3076    -1650613    -68          20     10   28  61  176   28  645   72  645   72  20  0  0 L3P 14
G18 FF 61020 155000  780 218  910     4798835    -50          32     49   29  40  197   26  711   25  711   25  25  0  0 L3P 02
G23 FF 61020 155000  780 188 1389    -5843475     57          33    109   34  42  226   57  665   -2  665   -2  24  0  0 L3P 26
G32 FF 61020 155000  780 680  434     2119327   -163          15     -3   12  60   79   -3  371   -2  371   -2  10  0  0 L3P C7
G08 FF 61020 160600  780 377 2293    -5155079     33          17      0   26  94  120  -15  483  -38  483  -38  21  0  0 L3P 27
G10 FF 61020 160600  780 446 1653     5723814     28           5    -13   16  25  105   10  432   33  432   33  15  0  0 L3P DC
G16 FF 61020 160600  780 205 3144    -1650699    -41          12     37   19  69  209   41  720   48  720   48  14  0  0 L3P 19
G18 FF 61020 160600  780 187  839     4798747    -72          35     27   44  41  227   38  764   17  764   17  36  0  0 L3P 27
G32 FF 61020 160600  780 727  653     2119168   -156          11      4    9  87   77   -1  365  -18  365  -18   7  0  0 L3P E8
G08 FF 61020 162200  780 429 2359    -5155045     18          20    -15   17  94  108  -10  455  -14  455  -14  14  0  0 L3P 34
G10 FF 61020 162200  780 397 1581     5723851     10           3    -31   26  25  115   12  466   57  466   57  22  0  0 L3P F1
G32 FF 61020 162200  780 734  950     2119003   -165           0     -5    8  87   77    1  372    2  372    2   8  0  0 L3P 7B
G02 FF 61020 163800  780 213 2192       79066   -113          22    -29   37  81  201  -51  598  -50  598  -50  34  0  0 L3P 2C
G08 FF 61020 163800  780 471 2447    -5155012     29          21     -4   17  94  100   -6  430  -14  430  -14  13  0  0 L3P FF
G10 FF 61020 163800  780 351 1513     5723885     45          -2      4   23  25  127   14  503   33  503   33  19  0  0 L3P D3
G28 FF 61020 163800  780 205  382     6243932     -8           3     30   22 104  208  -44  773 -115  773 -115  17  0  0 L3P 2C
G32 FF 61020 163800  780 698 1195     2118859   -163          10     -3   13  87   78    3  364   11  364   11  12  0  0 L3P F8
G02 FF 61020 165400  780 270 2156       78969    -45           6     39   37  81  161  -34  548  -86  548  -86  34  0  0 L3P 20
G08 FF 61020 165400  780 501 2556    -5154987     17          14    -16   19  94   96   -3  420    9  420    9  17  0  0 L3P EB
G10 FF 61020 165400  780 309 1447     5723941     38          14     -3   23  25  143   17  523   34  523   34  18  0  0 L3P ED
G28 FF 61020 165400  780 250  444     6243887    -65          -5    -28   33 104  173  -30  691  -61  691  -61  27  0  0 L3P 45
G32 FF 61020 165400  780 636 1336     2118698   -162           3     -2   15  87   82    5  376   17  376   17  13  0  0 L3P EE
G02 FF 61020 171000  780 332 2123       78905    -90          23     -5   16  81  134  -24  482  -44  482  -44  15  0  0 L3P F6
G08 FF 61020 171000  780 512 2682    -5154962     31           8     -2   13  94   94    0  423   10  423   10  11  0  0 L3P B1
G10 FF 61020 171000  780 271 1381     5723948     53         -18     12   19  25  161   21  595   48  595   48  13  0  0 L3P 10
G28 FF 61020 171000  780 295  511     6243857    -26           1     12   28 104  149  -21  625  -71  625  -71  21  0  0 L3P 14
G31 FF 61020 171000  780 193  203     1784976     19          -5     38   20  25  221  -57  845 -144  845 -144  16  0  0 L3P 36
G32 FF 61020 171000  780 565 1409     2118547   -164           5     -4   19  87   88    8  394   33  394   33  18  0  0 L3P F6
G02 FF 61020 172600  780 399 2096       78818    -71          17     14   18  81  115  -17  450  -42  450  -42  15  0  0 L3P 10
G08 FF 61020 172600  780 504 2811    -5154922     86          16     53   13  94   95    2  427  -15  427  -15  11  0  0 L3P 00
G10 FF 61020 172600  780 235 1315     5724014     67           8     26   19  25  183   26  637   53  637   53  15  0  0 L3P EE
G28 FF 61020 172600  780 338  586     6243823    -37           8      1   19 105  132  -15  575  -46  575  -46  14  0  0 L3P 1F
G31 FF 61020 172600  780 245  254     1784968    -41           5    -22   24  25  177  -37  728  -81  728  -81  17  0  0 L3P 30
G32 FF 61020 172600  780 492 1445     2118395   -159           8      2   25  87   97   11  422   40  422   40  25  0  0 L3P E6
G02 FF 61020 174200  780 470 2074       78734    -74          13     10   14  81  100  -12  423  -36  423  -36  11  0  0 L3P EB
G08 FF 61020 174200  780 479 2931    -5154879     70          28     37   16  94   99    5  441    4  441    4  12  0  0 L3P DA
G10 FF 61020 174200  780 203 1249     5724032     62         -13     21   26  25  210   32  715   49  715   49  20  0  0 L3P EE
G28 FF 61020 174200  780 376  670     6243793    -44          13     -7   20 105  120  -10  536  -39  536  -39  16  0  0 L3P 2C
G31 FF 61020 174200  780 300  307     1784954     -6          10     13   18  25  147  -26  646  -79  646  -79  16  0  0 L3P 19
G32 FF 61020 174200  780 419 1459     2118240   -173           7    -12   15  87  110   16  465   58  465   58  14  0  0 L3P 1A
G01 FF 61020 175800  780 249 2167    -3519521    -10          30    -28   46 224  174  -40  558  -34  558  -34  40  0  0 L3P 5D
G02 FF 61020 175800  780 546 2060       78649    -94           9    -10   15  81   90   -9  404   -9  404   -9  12  0  0 L3P C8
G08 FF 61020 175800  780 441 3035    -5154848     -2          27    -35   47  94  106    9  475   64  475   64  31  0  0 L3P 18
G28 FF 61020 175800  780 405  765     6243764    -54          20    -17   21 105  113   -6  507   -4  507   -4  17  0  0 L3P 04
G31 FF 61020 175800  780 355  367     1784946    -16          21      4   19  25  126  -18  576  -69  576  -69  14  0  0 L3P 33
G32 FF 61020 175800  780 348 1459     2118091   -155          11      5   22  87  129   23  509   52  509   52  20  0  0 L3P 0B
G01 FF 61020 181400  780 311 2146    -3519524    -41          10    -60   18 225  142  -27  530   -1  530   -1  15  0  0 L3P 0C
G02 FF 61020 181400  780 625 2057       78569    -87          10     -3   11  82   83   -6  397  -15  397  -15   9  0  0 L3P E4
G03 FF 61020 181400  780 184 2450    -6259750     60          39    -26   32  94  231  -34  651  -16  651  -16  26  0  0 L3P 3D
G04 FF 61020 181400  780 211 3113     -307392    -60          10    -33   38  31  203  -53  727  -86  727  -86  27  0  0 L3P 2C
G08 FF 61020 181400  780 394 3124    -5154818     20          20    -13   20  97  116   13  522   53  522   53  16  0  0 L3P 03
G28 FF 61020 181400  780 424  868     6243722    -47          15     -9   19 106  109   -2  492  -21  492  -21  15  0  0 L3P 1E
G31 FF 61020 181400  780 411  435     1784926    -27          20     -8   17  30  112  -13  521  -53  521  -53  14  0  0 L3P FF
G32 FF 61020 181400  780 281 1449     2117924   -166           4     -5   24  93  156   34  582   66  582   66  19  0  0 L3P 19
G01 FF 61020 183000  780 377 2132    -3519500      8          16    -10   24 225  120  -19  487  -13  487  -13  19  0  0 L3P 2C
G02 FF 61020 183000  780 708 2078       78491    -64          13     20   10  82   78   -4  380  -26  380  -26   9  0  0 L3P D6
G03 FF 61020 183000  780 211 2382    -6259676     69          30    -18   27  94  202  -27  635   -1  635   -1  22  0  0 L3P 16
G04 FF 61020 183000  780 266 3058     -307401    -73          28    -46   29  31  164  -32  629  -31  629  -31  20  0  0 L3P 2E
G08 FF 61020 183000  780 342 3198    -5154786     56          20     23   14  97  131   18  583   65  583   65  10  0  0 L3P 19
G28 FF 61020 183000  780 427  975     6243686    -48          15    -10   19 106  108    1  482   15  482   15  17  0  0 L3P 0D
G31 FF 61020 183000  780 462  517     1784905     17          17     37   18  30  102   -9  478  -60  478  -60  16  0  0 L3P 07
G32 FF 61020 183000  780 218 1431     2117784   -216          18    -55   22  93  197   54  635  139  635  139  16  0  0 L3P 5A
G01 FF 61020 184600  780 446 2128    -3519478    -11          22    -29   14 225  105  -14  444  -23  444  -23  11  0  0 L3P 4A
G02 FF 61020 184600  780 790 2170       78413    -74          15     10   11  82   75   -2  369  -23  369  -23   9  0  0 L3P D7
G03 FF 61020 184600  780 241 2315    -6259595     70          28    -16   21  94  179  -22  606  -40  606  -40  15  0  0 L3P 3F
G04 FF 61020 184600  780 318 2994     -307440     -3          15     25   21  31  139  -20  580  -73  580  -73  15  0  0 L3P 12
G08 FF 61020 184600  780 289 3263    -5154748     28          27     -5   24  97  152   26  668  100  668  100  21  0  0 L3P 3D
G28 FF 61020 184600  780 416 1078     6243659    -16          24     22   21 106  111    4  473  -25  473  -25  18  0  0 L3P 21
G31 FF 61020 184600  780 507  618     1784888    -24          19     -5   17  30   95   -6  449  -29  449  -29  12  0  0 L3P 18
G01 FF 61020 190200  780 518 2137    -3519479     12           3     -6   17 225   94  -10  422  -36  422  -36  14  0  0 L3P 0B
G02 FF 61020 190200  780 852 2671       78315   -101          -2    -17    9  82   74    0  373    5  373    5   7  0  0 L3P 8B
G03 FF 61020 190200  780 272 2248    -6259520     93          20      7   32  94  160  -18  566  -43  566  -43  30  0  0 L3P 1F
G04 FF 61020 190200  780 366 2919     -307468    -25          13      2   15  31  123  -14  529  -48  529  -48  12  0  0 L3P 18
G08 FF 61020 190200  780 236 3322    -5154742     32           2     -1   30  97  183   38  798  121  798  121  26  0  0 L3P 1B
G28 FF 61020 190200  780 390 1171     6243617    -27          17     10   29 106  117    8  478    8  478    8  27  0  0 L3P F4
G31 FF 61020 190200  780 539  738     1784877      1          27     20   18  30   91   -3  416  -37  416  -37  17  0  0 L3P E5
G01 FF 61020 191800  780 591 2166    -3519465     31           0     12   11 225   86   -7  389  -48  389  -48   9  0  0 L3P 11
G02 FF 61020 191800  780 808 3382       78243   -113           6    -29   13  82   75    2  360   22  360   22  13  0  0 L3P C1
G03 FF 61020 191800  780 306 2181    -6259441     83          16     -3   34  94  144  -15  531  -50  531  -50  26  0  0 L3P 21
G04 FF 61020 191800  780 409 2832     -307503    -55           4    -27   16  31  112   -9  491  -23  491  -23  13  0  0 L3P 06
G08 FF 61020 191800  780 186 3376    -5154700     90          12     57   21  97  228   57  910   70  910   70  18  0  0 L3P 18
G28 FF 61020 191800  780 352 1249     6243578    -79          15    -42   18 106  127   14  492   47  492   47  17  0  0 L3P 45
G31 FF 61020 191800  780 554  874     1784853    -22          21     -2   16  30   89   -1  397  -24  397  -24  14  0  0 L3P 03
G01 FF 61020 193400  780 663 2234    -3519450     11          -3     -7   14 225   80   -4  362  -16  362  -16  13  0  0 L3P FD
G02 FF 61020 193400  780 726 3524       78160    -73           5     11   28  82   77    4  365   -2  365   -2  27  0  0 L3P A7
G03 FF 61020 193400  780 342 2113    -6259359     94          16      7   25  94  130  -13  486  -41  486  -41  20  0  0 L3P 20
G04 FF 61020 193400  780 444 2733     -307528    -19           5      8   18  31  105   -6  454  -38  454  -38  14  0  0 L3P F9
G28 FF 61020 193400  780 305 1311     6243552    -21          25     17   26 106  145   22  504   14  504   14  23  0  0 L3P FB
G31 FF 61020 193400  780 549 1012     1784825    -38          11    -19   13  30   90    2  382   -4  382   -4  12  0  0 L3P DA
G01 FF 61020 195000  780 727 2377    -3519437      1          -7    -17   12 225   77   -2  345    1  345    1   9  0  0 L3P C0
G02 FF 61020 195000  780 640 3570       78085   -107          10    -22   11  82   82    6  374   42  374   42   9  0  0 L3P C4
G03 FF 61020 195000  780 382 2045    -6259284     65           7    -21   26  94  119  -11  446  -45  446  -45  23  0  0 L3P 33
G04 FF 61020 195000  780 472 2625     -307541     -8          19     19   15  31  100   -4  411  -47  411  -47  13  0  0 L3P EF
G28 FF 61020 195000  780 252 1358     6243502     -8          11     30   31 106  172   36  538   -7  538   -7  23  0  0 L3P F8
G31 FF 61020 195000  780 524 1135     1784811    -27          17     -7   17  30   93    4  364    0  364    0  14  0  0 L3P AC
G01 FF 61020 200600  780 766 2660    -3519422      3         -10    -15   15 226   76   -1  332   -5  332   -5  12  0  0 L3P E1
G02 FF 61020 200600  780 555 3592       77996    -95           1    -11   17  99   89    9  396   32  396   32  14  0  0 L3P DE
G03 FF 61020 200600  780 425 1974    -6259208     58          -2    -28   22  96  109  -10  401  -31  401  -31  18  0  0 L3P 25
G04 FF 61020 200600  780 491 2508     -307582    -46           3    -19   15  32   97   -2  393  -18  393  -18  13  0  0 L3P 02
G09 FF 61020 200600  780 203 2780    -7670711    207          55    224   71  80  210  -35  639 -311  639 -311  69  0  0 L3P 75
G28 FF 61020 200600  780 195 1391     6243479    -36          24      1   36 107  219   64  561   35  561   35  29  0  0 L3P 13
G31 FF 61020 200600  780 483 1233     1784794    -53          19    -34   19  46   98    7  360   26  360   26  18  0  0 L3P 00
G01 FF 61020 202200  780 755 3013    -3519407      8         -11    -10   11 226   76    1  331    7  331    7  10  0  0 L3P AF
G02 FF 61020 202200  780 472    7       77906    -62          -8     23   20  99  100   14  440   27  440   27  16  0  0 L3P 95
G03 FF 61020 202200  780 470 1900    -6259102    102          21     16   15  96  100   -8  341  -47  341  -47  12  0  0 L3P 09
G04 FF 61020 202200  780 503 2387     -307602    -34           9     -7   18  32   96   -1  363  -15  363  -15  16  0  0 L3P E0
G09 FF 61020 202200  780 236 2708    -7670839     67         -57     84   38  80  183  -23  687 -148  687 -148  35  0  0 L3P 93
G26 FF 61020 202200  780 197  853     2930758     64          22      3   32  70  216  -18  542  -49  542  -49  26  0  0 L3P 09
G31 FF 61020 202200  780 432 1306     1784781    -14          23      5   21  46  107   11  359    4  359    4  17  0  0 L3P C0
G01 FF 61020 203800  780 701 3240    -3519368     28          10     10   20 226   78    3  325    5  325    5  16  0  0 L3P B8
G02 FF 61020 203800  780 394   20       77833    -57           0     27   20  99  116   20  497   56  497   56  17  0  0 L3P BD
G03 FF 61020 203800  780 518 1817    -6259031     70           9    -17   15  96   93   -6  326  -15  326  -15  11  0  0 L3P 07
G04 FF 61020 203800  780 506 2266     -307617    -21          20      6   15  32   95    0  345  -21  345  -21  12  0  0 L3P C7
G09 FF 61020 203800  780 266 2633    -7670744    -93          55    -76   27  80  164  -17  525   23  525   23  25  0  0 L3P 43
G26 FF 61020 203800  780 211  927     2930830     62          34      0   29  70  203   -9  491  -35  491  -35  26  0  0 L3P E8
G31 FF 61020 203800  780 375 1356     1784762     11          23     31   17  46  121   17  373   -8  373   -8  14  0  0 L3P EE
G01 FF 61020 205400  780 630 3359    -3519347     27          13      9   16 226   83    6  340   23  340   23  16  0  0 L3P D7
G02 FF 61020 205400  780 319   33       77744    -56         -11     28   22   6  139   29  599  121  599  121  18  0  0 L3P E9
G03 FF 61020 205400  780 568 1722    -6258951     75           7    -11   20  96   88   -5  301   -8  301   -8  18  0  0 L3P E8
G04 FF 61020 205400  780 504 2146     -307646     -6          17     21   19  32   95    1  331  -22  331  -22  16  0  0 L3P C9
G09 FF 61020 205400  780 293 2555    -7670778     10          37     27   19  80  150  -12  496  -62  496  -62  18  0  0 L3P 49
G16 FF 61020 205400  780 207  640    -1652044    -82          21     -4   45  80  206  -32  534  -64  534  -64  39  0  0 L3P 1A
G26 FF 61020 205400  780 217 1002     2930895    131          40     69   37  70  197   -2  448  -94  448  -94  29  0  0 L3P 36
G31 FF 61020 205400  780 314 1389     1784744    -10          24      9   22  46  141   25  391   19  391   19  18  0  0 L3P F8
G01 FF 61020 211000  780 554 3427    -3519333     41          10     23   53 226   89    9  374    8  374    8  49  0  0 L3P D5
G02 FF 61020 211000  780 248   48       77671   -166          -3    -82   30   6  175   47  752  263  752  263  23  0  0 L3P EF
G03 FF 61020 211000  780 616 1606    -6258880    103          -5     17   13  96   84   -4  291  -37  291  -37  10  0  0 L3P 12
G04 FF 61020 211000  780 497 2031     -307669    -54          20    -26   16  32   96    1  317    4  317    4  15  0  0 L3P B5
G09 FF 61020 211000  780 317 2474    -7670805    -16          27      1   20  80  139  -10  462  -51  462  -51  17  0  0 L3P 1A
G16 FF 61020 211000  780 239  711    -1652135    -81           5     -3   42  80  181  -22  480  -60  480  -60  35  0  0 L3P FA
G26 FF 61020 211000  780 215 1076     2930945    -17          32    -78   30  70  199    6  433   47  433   47  25  0  0 L3P 06
G31 FF 61020 211000  780 253 1408     1784728    -27          27     -8   22  46  172   40  408   12  408   12  16  0  0 L3P F3
G01 FF 61020 212600  780 477 3472    -3519310     17          15     -2   32 226   99   12  413   61  413   61  33  0  0 L3P F0
G03 FF 61020 212600  780 658 1455    -6258795     63          -3    -23   12  96   81   -2  275   12  275   12  10  0  0 L3P F9
G04 FF 61020 212600  780 487 1920     -307711     10           5     37   16  32   98    2  321  -28  321  -28  15  0  0 L3P C7
G07 FF 61020 212600  780 239 3194     1196367     37          23    -17   31 106  181  -45  719 -132  719 -132  22  0  0 L3P 67
G09 FF 61020 212600  780 341 2391    -7670826     -2          22     15   21  80  131   -8  426  -52  426  -52  18  0  0 L3P 0D
G16 FF 61020 212600  780 266  787    -1652209   -151           6    -72   30  80  164  -14  433   29  433   29  26  0  0 L3P 20
G26 FF 61020 212600  780 203 1147     2930983     46          10    -16   28  70  210   16  436    4  436    4  22  0  0 L3P D1
G31 FF 61020 212600  780 192 1415     1784694     30          11     49   36  46  223   68  446  -18  446  -18  26  0  0 L3P 21
G01 FF 61020 214200  780 403 3507    -3519304     -6           4    -24   14 226  114   18  490  104  490  104  11  0  0 L3P 0E
G03 FF 61020 214200  780 688 1257    -6258721     83         -12     -4   13  96   79   -1  276   -4  276   -4  11  0  0 L3P F6
G04 FF 61020 214200  780 475 1814     -307737    -43           5    -16   18  32  100    2  313   -4  313   -4  15  0  0 L3P C1
G07 FF 61020 214200  780 301 3150     1196417     35          21    -20   13 106  146  -28  589 -106  589 -106  11  0  0 L3P 51
G09 FF 61020 214200  780 363 2308    -7670853    -11          11      6   17  80  124   -7  399  -36  399  -36  13  0  0 L3P 22
G16 FF 61020 214200  780 286  867    -1652298    -43          -7     36   41  80  153   -8  406  -70  406  -70  30  0  0 L3P 18
G26 FF 61020 214200  780 183 1213     2931035     16           4    -45   27  70  232   31  424   29  424   29  21  0  0 L3P DE
G01 FF 61020 215800  780 331 3536    -3519264     24          27      6   20 226  135   26  573  120  573  120  15  0  0 L3P 1A
G03 FF 61020 215800  780 695 1022    -6258638     77         -12    -10   13  96   79    0  276    6  276    6  10  0  0 L3P E3
G04 FF 61020 215800  780 463 1712     -307753    -40          15    -13   21  32  102    2  297    6  297    6  18  0  0 L3P CA
G06 FF 61020 215800  780 210 2320     5879284     18          32    -43   48  86  204  -34  510   -6  510   -6  42  0  0 L3P 03
G07 FF 61020 215800  780 361 3094     1196468     66          19     11   25 106  125  -18  499  -91  499  -91  20  0  0 L3P 4E
G09 FF 61020 215800  780 385 2222    -7670866    -28          15    -10   21  80  118   -6  367  -14  367  -14  18  0  0 L3P 40
G16 FF 61020 215800  780 298  950    -1652361    -79           4      0   34  80  148   -3  379  -30  379  -30  32  0  0 L3P FF
G01 FF 61020 221400  780 262 3565    -3519239     67          39     49   27 227  166   40  724  121  724  121  20  0  0 L3P 3D
G03 FF 61020 221400  780 674  796    -6258562     69         -21    -18   13  97   80    2  283   14  283   14  12  0  0 L3P F6
G04 FF 61020 221400  780 449 1612     -307783     22          11     50   20  33  104    3  299  -49  299  -49  18  0  0 L3P FB
G06 FF 61020 221400  780 241 2388     5879346     76          37     16   29  87  179  -19  484  -32  484  -32  25  0  0 L3P 4A
G07 FF 61020 221400  780 419 3025     1196517     23          18    -32   38 107  110  -12  428  -39  428  -39  23  0  0 L3P 38
G09 FF 61020 221400  780 406 2136    -7670882    -11          18      6   23  81  113   -5  344  -33  344  -33  22  0  0 L3P 08
G16 FF 61020 221400  780 299 1034    -1652431    -25           9     54   33  81  147    2  358  -71  358  -71  30  0  0 L3P 09
G01 FF 61020 223000  780 198 3593    -3519238     -7          22    -25   31 227  216   66  722 -240  722 -240  26  0  0 L3P 58
G03 FF 61020 223000  780 630  620    -6258470     90         -12      3   16  97   83    4  287   25  287   25  14  0  0 L3P C9
G04 FF 61020 223000  780 436 1515     -307821    -13          -1     14   19  33  106    3  306   -6  306   -6  16  0  0 L3P BD
G06 FF 61020 223000  780 262 2465     5879400     74          34     14   24  87  166   -9  471  -14  471  -14  17  0  0 L3P 16
G07 FF 61020 223000  780 473 2938     1196557     29           5    -25   19 107  100   -8  390   -8  390   -8  17  0  0 L3P 04
G09 FF 61020 223000  780 429 2047    -7670906    -14          10      3   22  81  108   -5  330  -19  330  -19  19  0  0 L3P 08
G16 FF 61020 223000  780 290 1115    -1652499    -60          16     18   26  81  151    7  345   -6  345   -6  25  0  0 L3P F3
G30 FF 61020 223000  780 216 3038     -522571   -105          27     15   24  65  199  -47  735 -124  735 -124  20  0  0 L3P 54
G03 FF 61020 224600  780 571  495    -6258384    102          -9     15   13  97   88    7  317   28  317   28  12  0  0 L3P F2
G04 FF 61020 224600  780 422 1419     -307813    -29          33     -1   21  33  109    3  288    3  288    3  18  0  0 L3P BB
G06 FF 61020 224600  780 271 2548     5879462     71          37     11   36  87  161   -2  469    2  469    2  28  0  0 L3P EB
G07 FF 61020 224600  780 519 2832     1196626     64          22     10   11 107   93   -6  361  -17  361  -17  11  0  0 L3P 04
G09 FF 61020 224600  780 451 1956    -7670912     -7          21     10   21  81  104   -4  309  -18  309  -18  18  0  0 L3P 14
G16 FF 61020 224600  780 270 1190    -1652569   -104          22    -25   24  81  161   14  350   29  350   29  19  0  0 L3P 28
G30 FF 61020 224600  780 267 2980     -522670   -143          43    -23   19  65  163  -29  632  -50  632  -50  17  0  0 L3P 47
G03 FF 61020 230200  780 505  407    -6258312     99         -20     13   16  97   95   10  385   65  385   65  13  0  0 L3P F6
G04 FF 61020 230200  780 407 1325     -307866    -10           6     17   23  33  113    4  319   -5  319   -5  20  0  0 L3P B6
G06 FF 61020 230200  780 269 2633     5879514     40          31    -20   26  87  162    4  512   84  512   84  24  0  0 L3P F6
G07 FF 61020 230200  780 556 2704     1196681     71          25     17   11 107   89   -3  352  -14  352  -14   9  0  0 L3P F8
G09 FF 61020 230200  780 474 1860    -7670940     -5           9     13   15  81  100   -4  313  -19  313  -19  12  0  0 L3P F5
G16 FF 61020 230200  780 241 1256    -1652649   -178          17   -100   27  81  179   24  357   94  357   94  26  0  0 L3P 57
G30 FF 61020 230200  780 314 2913     -522797   -117          30      3   17  65  141  -19  555 -126  555 -126  15  0  0 L3P 44
G03 FF 61020 231800  780 434  344    -6258250     90         -41      4   19  97  107   15  493  134  493  134  16  0  0 L3P 18
G04 FF 61020 231800  780 390 1232     -307890     12           9     40   24  33  117    5  318  -23  318  -23  20  0  0 L3P D0
G06 FF 61020 231800  780 256 2718     5879554    -41          13   -101   30  87  169   11  622  432  622  432  37  0  0 L3P 51
G07 FF 61020 231800  780 581 2557     1196719     34          11    -20   19 107   87   -2  340  -32  340  -32  21  0  0 L3P 0F
G09 FF 61020 231800  780 497 1759    -7670977      0         -12     17   14  81   96   -3  314  -16  314  -16  13  0  0 L3P 14
G16 FF 61020 231800  780 203 1313    -1652738    -48           2     30   22  81  210   42  372    6  372    6  19  0  0 L3P CB
G30 FF 61020 231800  780 357 2836     -522932   -127           9     -7   26  65  126  -13  503 -188  503 -188  32  0  0 L3P 53
G03 FF 61020 233400  780 362  299    -6258158     61         -31    -25   21  97  125   22  652  223  652  223  19  0  0 L3P 35
G04 FF 61020 233400  780 372 1141     -307923    -20           2      7   23  33  121    6  334   -7  334   -7  20  0  0 L3P 9D
G06 FF 61020 233400  780 235 2799     5879611     16          13    -44   54  87  183   19  790  164  790  164  58  0  0 L3P 57
G07 FF 61020 233400  780 590 2398     1196765     29           4    -25   21 107   86    0  331   65  331   65  21  0  0 L3P E7
G09 FF 61020 233400  780 519 1651    -7670981    -11           1      6   12  81   93   -3  304   -6  304   -6  10  0  0 L3P C1
G30 FF 61020 233400  780 396 2750     -523021   -115          35      4   25  65  115   -9  343 -140  343 -140  24  0  0 L3P 20
