CGGTTS     GENERIC DATA FORMAT VERSION = 2E
REV DATE = 2025-11-01
RCVR = PolaRx5TR (5.6.0)     sbf2cggtts-1.5.0
CH = 80
IMS = PolaRx5TR
LAB = LRTE
X = 3967035.920 m
Y = -4390028.540 m
Z = -2375644.640 m
FRAME = ITRF
COMMENTS = LS=18; ElMask=10deg; 'Generated from the SBF in 2026-04-06 at 23:49:49'
INT DLY = 24.9 ns (GPS P1),  15.7 ns (GPS P2)     CAL_ID = 1201-2025
CAB DLY = 103.1 ns
REF DLY = 47.2 ns
REF = UTC(LRTE)
CKSUM = 0e

SAT CL  MJD  STTIME TRKL ELV AZTH   REFSV      SRSV     REFSYS    SRSYS  DSG IOE MDTR SMDT MDIO SMDI MSIO SMSI ISG FR HC FRC CK
             hhmmss  s  .1dg .1dg    .1ns     .1ps/s     .1ns    .1ps/s .1ns     .1ns.1ps/s.1ns.1ps/s.1ns.1ps/s.1ns
G06 FF 61136 000600  780 261 1368     6116379     -7          38      6   28 118  167   34  105   -4  105   -4  21  0  0 L3P E9
G11 FF 61136 000600  780 611 1004     3828167   -130          36     -3   16 133   84    2  179  -18  179  -18  14  0  0 L3P 13
G12 FF 61136 000600  780 486 1876     6079939     14          28     14   22  88   98   -5  171  -28  171  -28  18  0  0 L3P 22
G24 FF 61136 000600  780 691 3228      493152   -162          38     12   13 163   79    3  287    6  287    6  11  0  0 L3P DA
G25 FF 61136 000600  780 225 2242    -4321390     11          80    -16   33  55  191  -36  364  -81  364  -81  29  0  0 L3P 35
G29 FF 61136 000600  780 266 2828     3456325    -81          52     -9   27 105  164  -22  784 -140  784 -140  24  0  0 L3P 6F
G06 FF 61136 002200  780 203 1403     6116362    -93          33    -81   41 118  211   60  110   69  110   69  30  0  0 L3P 05
G11 FF 61136 002200  780 581 1153     3828043   -134          34     -7   19 133   87    4  164  -10  164  -10  17  0  0 L3P 0A
G12 FF 61136 002200  780 520 1781     6079945    -16          34    -16   14  88   93   -5  159    9  159    9  12  0  0 L3P EE
G24 FF 61136 002200  780 623 3350      492983   -194          37    -20   16 163   83    6  313   43  313   43  15  0  0 L3P FD
G25 FF 61136 002200  780 270 2195    -4321384      2          60    -25   33  55  161  -27  314  -42  314  -42  30  0  0 L3P 10
G29 FF 61136 002200  780 301 2751     3456260    -22          55     50   24 105  146  -15  651 -174  651 -174  21  0  0 L3P 55
G05 FF 61136 003800  780 190  369     2313557     36          47     31   36  67  224  -53  649 -273  649 -273  29  0  0 L3P 56
G11 FF 61136 003800  780 532 1264     3827924   -133          38     -6   18 133   92    7  145  -13  145  -13  16  0  0 L3P 1A
G12 FF 61136 003800  780 554 1675     6079940     -5          29     -5   13  88   89   -4  158   -8  158   -8  12  0  0 L3P F2
G21 FF 61136 003800  780 187  648    -4132493    -16          30      1   34  53  227  -38  323 -105  323 -105  29  0  0 L3P 34
G24 FF 61136 003800  780 548 3423      492807   -170          27      4   25 163   90    9  353   27  353   27  25  0  0 L3P F2
G25 FF 61136 003800  780 319 2149    -4321364    -55          54    -83   27  55  139  -21  271   22  271   22  21  0  0 L3P 2C
G29 FF 61136 003800  780 333 2669     3456184    -87          49    -16   24 105  134  -11  532 -109  532 -109  20  0  0 L3P 7B
G05 FF 61136 005400  780 237  430     2313560     15          44      9   36  67  182  -35  460 -161  460 -161  29  0  0 L3P 1D
G11 FF 61136 005400  780 473 1338     3827799   -138          35    -11   24 133  100   10  128  -12  128  -12  22  0  0 L3P 40
G12 FF 61136 005400  780 586 1553     6079936     31          24     31   14  88   86   -3  151  -34  151  -34  13  0  0 L3P 02
G21 FF 61136 005400  780 217  719    -4132516    -35          23    -18   26  53  197  -25  249  -55  249  -55  21  0  0 L3P 40
G24 FF 61136 005400  780 472 3473      492634   -218          22    -44   31 163  100   13  396   89  396   89  30  0  0 L3P 38
G25 FF 61136 005400  780 373 2106    -4321329    -48          63    -76   14  55  121  -16  223   31  223   31  12  0  0 L3P 19
G29 FF 61136 005400  780 360 2582     3456113    -84          46    -12   19 105  125   -8  426  -99  426  -99  16  0  0 L3P 54
G05 FF 61136 011000  780 284  495     2313568    -10          47    -15   33  67  154  -24  340  -92  340  -92  24  0  0 L3P 25
G11 FF 61136 011000  780 409 1385     3827668   -100          26     27   34 133  112   15  115  -47  115  -47  31  0  0 L3P 35
G12 FF 61136 011000  780 611 1412     6079937     24          26     24   14  88   84   -2  143  -31  143  -31  14  0  0 L3P EB
G21 FF 61136 011000  780 244  795    -4132498    -52          57    -35   38  53  177  -16  164  -27  164  -27  34  0  0 L3P 46
G24 FF 61136 011000  780 397 3512      492465   -162          20     12   16 163  115   18  458   66  458   66  13  0  0 L3P 20
G25 FF 61136 011000  780 430 2065    -4321284     42          81     15   16  55  108  -12  170  -47  170  -47  15  0  0 L3P 19
G29 FF 61136 011000  780 383 2491     3456029    -74          31     -2   24 105  118   -6  351  -80  351  -80  19  0  0 L3P 24
G05 FF 61136 012600  780 329  568     2313568    -11          41    -17   21  67  135  -16  249  -78  249  -78  18  0  0 L3P 42
G11 FF 61136 012600  780 342 1412     3827538   -149          19    -22   17 133  131   23   98   -1   98   -1  14  0  0 L3P 04
G12 FF 61136 012600  780 626 1250     6079932    -24          21    -24   14  88   83   -1  131    9  131    9  13  0  0 L3P CF
G21 FF 61136 012600  780 263  876    -4132567     -3           5     14   24  53  165   -9  162  -54  162  -54  22  0  0 L3P F3
G24 FF 61136 012600  780 325 3545      492311   -170          33      4   23 163  137   27  525   94  525   94  19  0  0 L3P 0E
G25 FF 61136 012600  780 491 2025    -4321276     49          64     22   21  55   97  -10  147  -49  147  -49  18  0  0 L3P 2A
G29 FF 61136 012600  780 403 2397     3455958    -48          29     24   23 105  113   -4  275  -98  275  -98  20  0  0 L3P 4E
G05 FF 61136 014200  780 370  650     2313565      5          33     -1   22  67  122  -11  185  -72  185  -72  18  0  0 L3P EB
G11 FF 61136 014200  780 277 1425     3827406   -151           8    -24   21 133  158   35   79    2   79    2  19  0  0 L3P E2
G12 FF 61136 014200  780 626 1077     6079927      0          15      0   16  88   83    1  121  -15  121  -15  14  0  0 L3P BD
G18 FF 61136 014200  780 257 3191     3838375    -84          43     10   21  97  169  -40  681 -187  681 -187  17  0  0 L3P 78
G21 FF 61136 014200  780 274  959    -4132593      3          -5     20   24  53  159   -3  133  -50  133  -50  20  0  0 L3P E0
G24 FF 61136 014200  780 256 3576      492148   -133          37     41   28 163  170   43  632   94  632   94  24  0  0 L3P 29
G25 FF 61136 014200  780 557 1985    -4321273     19          40     -8   16  55   89   -7  135  -24  135  -24  14  0  0 L3P 11
G29 FF 61136 014200  780 420 2301     3455886    -82          26    -11   24 105  110   -3  214  -46  214  -46  19  0  0 L3P 29
G05 FF 61136 015800  780 404  743     2313574     -2          37     -8   23  67  113   -7  131  -28  131  -28  20  0  0 L3P E7
G11 FF 61136 015800  780 212 1426     3827275   -242           0   -114   22 133  202   59   78  109   78  109  17  0  0 L3P 35
G12 FF 61136 015800  780 610  909     6079926     -9          15     -9   25  88   84    2  116    4  116    4  19  0  0 L3P AC
G18 FF 61136 015800  780 320 3142     3838274   -111          32    -16   17  97  139  -25  519 -162  519 -162  14  0  0 L3P 7C
G21 FF 61136 015800  780 276 1043    -4132586     11          19     29   30  53  158    2   83  -41   83  -41  26  0  0 L3P E8
G24 FF 61136 015800  780 191    8      491988   -151          43     23   24 163  223   70  758  109  758  109  21  0  0 L3P 1D
G25 FF 61136 015800  780 627 1942    -4321264    -16          23    -43   14  55   83   -6  124   13  124   13  12  0  0 L3P FC
G29 FF 61136 015800  780 434 2204     3455817    -76          26     -5   17 105  107   -3  168  -39  168  -39  15  0  0 L3P 3F
G05 FF 61136 021400  780 426  845     2313573     -4          33    -10   21  68  108   -3  110  -26  110  -26  16  0  0 L3P E7
G12 FF 61136 021400  780 577  761     6079919      3           8      3   20  89   87    4  125   -4  125   -4  16  0  0 L3P 93
G18 FF 61136 021400  780 380 3081     3838182    -87          27      7   24  98  119  -16  371 -142  371 -142  18  0  0 L3P 53
G21 FF 61136 021400  780 266 1124    -4132607     53          12     70   30  54  164    9   81  -90   81  -90  30  0  0 L3P D9
G25 FF 61136 021400  780 700 1892    -4321238     31          19      4   11  56   78   -4  111  -18  111  -18  10  0  0 L3P E1
G28 FF 61136 021400  780 211 2381     5619974    -76          32     13   24 155  203  -25  343  -15  343  -15  19  0  0 L3P 3F
G29 FF 61136 021400  780 446 2105     3455752    -53          21     18   24 106  104   -2  128  -51  128  -51  22  0  0 L3P 1B
G05 FF 61136 023000  780 435  954     2313573    -27          28    -32   34  68  107    0   94   16   94   16  32  0  0 L3P CE
G12 FF 61136 023000  780 531  641     6079931    -57          20    -57   28  89   92    6  120   47  120   47  21  0  0 L3P E0
G18 FF 61136 023000  780 437 3004     3838085   -131          20    -37   46  98  106  -11  277  -57  277  -57  29  0  0 L3P 61
G21 FF 61136 023000  780 245 1199    -4132611    -55          25    -38   24  54  177   18   65   27   65   27  20  0  0 L3P FF
G25 FF 61136 023000  780 776 1812    -4321212     57          19     29   12  56   75   -2  101  -36  101  -36  11  0  0 L3P F6
G28 FF 61136 023000  780 233 2453     5619892   -115          35    -27   31 155  185  -13  337   31  337   31  25  0  0 L3P 48
G29 FF 61136 023000  780 458 2006     3455674    -70          12      2   19 106  102   -2  113  -17  113  -17  16  0  0 L3P 04
G05 FF 61136 024600  780 428 1061     2313567     12          17      7   21  68  108    3   89  -12   89  -12  20  0  0 L3P C7
G12 FF 61136 024600  780 476  546     6079931    -30          20    -30   17  89   99   10  126   33  126   33  14  0  0 L3P F5
G18 FF 61136 024600  780 487 2910     3837990    -88          16      6   15  98   98   -7  215  -63  215  -63  13  0  0 L3P 23
G21 FF 61136 024600  780 214 1266    -4132628     31          24     48   28  54  200   32   63  -45   63  -45  22  0  0 L3P F0
G25 FF 61136 024600  780 849 1553    -4321204     60           1     32   35  56   74   -1  109  -40  109  -40  35  0  0 L3P EB
G28 FF 61136 024600  780 244 2531     5619815    -63          43     26   32 155  177   -4  335  -11  335  -11  27  0  0 L3P 32
G29 FF 61136 024600  780 468 1905     3455609    -59          16     12   19 106  101   -2   96  -25   96  -25  17  0  0 L3P 1F
G05 FF 61136 030200  780 406 1159     2313566    -22          11    -28   25  68  113    7   80   16   80   16  24  0  0 L3P CF
G12 FF 61136 030200  780 416  472     6079923     -2          12     -2   16  89  111   14  139    7  139    7  13  0  0 L3P B3
G18 FF 61136 030200  780 529 2796     3837891   -116           7    -22   18  98   92   -5  178  -22  178  -22  16  0  0 L3P 3C
G23 FF 61136 030200  780 208 3520    -6327998    -67          41    -21   26  76  206  -67  495 -220  495 -220  18  0  0 L3P 7E
G25 FF 61136 030200  780 846  490    -4321187     35          -8      8   10  56   74    1  107  -14  107  -14   8  0  0 L3P BD
G28 FF 61136 030200  780 245 2611     5619728   -139          41    -50   31 155  176    3  348   60  348   60  27  0  0 L3P 30
G29 FF 61136 030200  780 478 1802     3455544    -87          19    -15   21 106   99   -2   87   12   87   12  19  0  0 L3P 00
G05 FF 61136 031800  780 371 1242     2313587      7          26      2   24  68  122   12   65    5   65    5  20  0  0 L3P 83
G12 FF 61136 031800  780 352  414     6079928     21          17     21   19  89  128   21  155    7  155    7  16  0  0 L3P CF
G18 FF 61136 031800  780 560 2663     3837806    -66          13     29   16  98   89   -3  149  -34  149  -34  15  0  0 L3P 31
G23 FF 61136 031800  780 279 3531    -6328048    -46          35     -1   15  76  157  -39  332 -135  332 -135  14  0  0 L3P 64
G25 FF 61136 031800  780 769  251    -4321157     39          -5     11   13  56   76    3  108    5  108    5  12  0  0 L3P A5
G28 FF 61136 031800  780 236 2692     5619540   -153         -62    -64   38 155  182   10  485   92  485   92  35  0  0 L3P 68
G29 FF 61136 031800  780 487 1696     3455477    -61          21     11   15 106   98   -1   88   -5   88   -5  12  0  0 L3P F1
G05 FF 61136 033400  780 325 1309     2313596      8          29      2   25  68  137   19   65   -6   65   -6  21  0  0 L3P B3
G12 FF 61136 033400  780 286  370     6079935     42          24     42   32  89  153   34  177  -12  177  -12  25  0  0 L3P 0D
G18 FF 61136 033400  780 577 2515     3837720    -64          18     30   14  98   87   -1  128  -40  128  -40  10  0  0 L3P 12
G23 FF 61136 033400  780 354 3537    -6328099    -68          27    -22   17  76  127  -25  240  -57  240  -57  13  0  0 L3P 5B
G25 FF 61136 033400  780 686  185    -4321122     41           4     13   22  56   79    5  107   -3  107   -3  16  0  0 L3P A9
G28 FF 61136 033400  780 219 2770     5619596   -241          79   -152   59 155  195   18  378  210  378  210  57  0  0 L3P 9B
G29 FF 61136 033400  780 494 1588     3455419    -94          32    -22   15 106   97   -1   73    4   73    4  14  0  0 L3P D9
G05 FF 61136 035000  780 273 1359     2313604     -6          32    -11   20  68  160   30   60   16   60   16  16  0  0 L3P C2
G12 FF 61136 035000  780 219  337     6079945    -23          34    -23   33  89  196   58  195   78  195   78  25  0  0 L3P 30
G18 FF 61136 035000  780 581 2362     3837626    -87          14      7   13  98   87    0  113  -19  113  -19  12  0  0 L3P F8
G23 FF 61136 035000  780 433 3540    -6328135    -25          35     21   20  76  107  -17  171  -66  171  -66  15  0  0 L3P 33
G25 FF 61136 035000  780 602  153    -4321107     -2          -7    -29   26  56   85    7  119   33  119   33  25  0  0 L3P CC
G26 FF 61136 035000  780 227 2237     3501277     14          63    -34   39 139  189  -46  146   24  146   24  35  0  0 L3P 32
G28 FF 61136 035000  780 196 2846     5619462   -107          31    -18   33 155  217   28  470   67  470   67  27  0  0 L3P 56
G29 FF 61136 035000  780 499 1476     3455365    -36          46     35   17 106   96    0   56  -35   56  -35  14  0  0 L3P 07
G05 FF 61136 040600  780 217 1396     2313602      0          28     -6   38  81  198   51   66   11   66   11  32  0  0 L3P B9
G15 FF 61136 040600  780 203  767    -4006262    -64          34    -31   38  18  210  -24   96   22   96   22  32  0  0 L3P F0
G18 FF 61136 040600  780 572 2214     3837534    -85          13      9   15  99   87    1  100  -19  100  -19  14  0  0 L3P F1
G23 FF 61136 040600  780 515 3539    -6328195    -51          17     -5   22  77   94  -11  145  -34  145  -34  18  0  0 L3P 2F
G25 FF 61136 040600  780 520  135    -4321075     27          -1      0   19  57   93   11  121    7  121    7  18  0  0 L3P 90
G26 FF 61136 040600  780 283 2272     3501306     60          48     11   23 140  155  -28  150  -18  150  -18  20  0  0 L3P 1A
G29 FF 61136 040600  780 500 1361     3455272    -53          19     19   18 107   96    0   82  -19   82  -19  15  0  0 L3P F4
G10 FF 61136 042200  780 218 3370     5899593     -2           0      5   58  50  198  -62  360 -110  360 -110  55  0  0 L3P 1A
G15 FF 61136 042200  780 224  842    -4006308    -64          20    -31   30  18  191  -15   98    7   98    7  27  0  0 L3P D5
G18 FF 61136 042200  780 554 2077     3837437    -80           6     15   19  99   89    2  100  -22  100  -22  17  0  0 L3P F0
G23 FF 61136 042200  780 600 3533    -6328240    -47          15     -2   27  77   85   -8  118  -19  118  -19  25  0  0 L3P 18
G25 FF 61136 042200  780 439  125    -4321057     48          -9     21   38  57  106   16  137    2  137    2  33  0  0 L3P C6
G26 FF 61136 042200  780 334 2321     3501348     11          43    -38   22 140  133  -18  145   21  145   21  19  0  0 L3P 07
G29 FF 61136 042200  780 496 1245     3455213    -97          29    -26   13 107   96    1   71   28   71   28  12  0  0 L3P EB
G10 FF 61136 043800  780 288 3352     5899587    -50           0    -43   30  50  152  -36  258  -38  258  -38  25  0  0 L3P 45
G15 FF 61136 043800  780 239  920    -4006320     52          39     85   34  18  180   -8   71  -87   71  -87  30  0  0 L3P F5
G18 FF 61136 043800  780 530 1955     3837353    -62          13     32   20  99   92    3   87  -35   87  -35  16  0  0 L3P F5
G23 FF 61136 043800  780 687 3524    -6328298    -95           1    -49   19  77   79   -5  118   38  118   38  16  0  0 L3P 2D
G25 FF 61136 043800  780 360  122    -4321031     38          -9     11   22  57  125   24  158   13  158   13  17  0  0 L3P DE
G26 FF 61136 043800  780 380 2387     3501386     47          34     -2   26 140  119  -11  141  -10  141  -10  20  0  0 L3P 14
G29 FF 61136 043800  780 486 1129     3455141    -65          26      7   19 107   98    2   77    2   77    2  18  0  0 L3P B7
G10 FF 61136 045400  780 361 3323     5899569     34         -11     40   48  50  125  -23  203  -90  203  -90  47  0  0 L3P 2E
G15 FF 61136 045400  780 246  998    -4006355    -30          35      3   23  18  176   -1   69   -1   69   -1  19  0  0 L3P C8
G18 FF 61136 045400  780 502 1844     3837258   -112           9    -17   25  99   96    4   80   10   80   10  22  0  0 L3P D5
G23 FF 61136 045400  780 775 3508    -6328345    -93          -2    -48   27  77   75   -3  108   35  108   35  27  0  0 L3P 22
G25 FF 61136 045400  780 285  123    -4321005     39          -9     12   28  57  154   37  188   29  188   29  23  0  0 L3P 03
G26 FF 61136 045400  780 416 2469     3501413     42          14     -7   27 140  111   -7  150    1  150    1  25  0  0 L3P C1
G29 FF 61136 045400  780 469 1017     3455061    -85          -4    -15   21  18  101    4   81   21   81   21  19  0  0 L3P D0
G10 FF 61136 051000  780 434 3282     5899562     18         -12     25   18  50  107  -15  167  -44  167  -44  17  0  0 L3P 36
G15 FF 61136 051000  780 243 1076    -4006369    -60          54    -27   27  18  178    5   46   27   46   27  22  0  0 L3P F1
G16 FF 61136 051000  780 236 2255    -2397259    -87          12    -16   36  95  183  -38  135   18  135   18  33  0  0 L3P 42
G18 FF 61136 051000  780 474 1743     3837178   -101          20     -7   20  99  100    5   66    0   66    0  16  0  0 L3P B2
G23 FF 61136 051000  780 863 3458    -6328362    -53          24     -7   18  77   74   -1   74   -2   74   -2  17  0  0 L3P D8
G25 FF 61136 051000  780 214  130    -4320959     69          11     42   39  57  201   64  208  -11  208  -11  31  0  0 L3P F9
G26 FF 61136 051000  780 440 2567     3501467     49          21      0   25 140  106   -3  138   -6  138   -6  21  0  0 L3P DA
G29 FF 61136 051000  780 444  910     3455004    -88           7    -17   24  18  105    5   80   23   80   23  21  0  0 L3P AE
G10 FF 61136 052600  780 507 3224     5899565    -14          -2     -7   17  50   95  -10  132  -13  132  -13  15  0  0 L3P 08
G15 FF 61136 052600  780 231 1150    -4006419      9          35     42   24  18  186   13   64  -40   64  -40  21  0  0 L3P D9
G16 FF 61136 052600  780 284 2304    -2397339    -68           2      4   36  95  154  -23  142  -11  142  -11  31  0  0 L3P 12
G18 FF 61136 052600  780 445 1650     3837084   -111          16    -16   22  99  105    5   68   18   68   18  19  0  0 L3P 06
G23 FF 61136 052600  780 850 1733    -6328418    -35          12     10   17  77   74    1   79  -13   79  -13  15  0  0 L3P EF
G26 FF 61136 052600  780 449 2676     3501509     42          17     -7   23 140  104    0  135    7  135    7  21  0  0 L3P C8
G29 FF 61136 052600  780 412  812     3454951    -50          21     20   16  18  111    8   78   -3   78   -3  15  0  0 L3P B1
G10 FF 61136 054200  780 578 3140     5899558    -32          -3    -25   14  50   87   -7  113    4  113    4  13  0  0 L3P D4
G15 FF 61136 054200  780 210 1218    -4006449   -104          37    -71   33  18  204   25   60   57   60   57  28  0  0 L3P 05
G16 FF 61136 054200  780 326 2368    -2397408    -48           1     23   24  95  136  -15  140  -22  140  -22  23  0  0 L3P 21
G18 FF 61136 054200  780 418 1561     3837003    -85          25     10   19  99  110    6   61  -17   61  -17  15  0  0 L3P EC
G23 FF 61136 054200  780 765 1689    -6328476    -36          -2      9   13  77   76    3   88  -19   88  -19  12  0  0 L3P FE
G26 FF 61136 054200  780 442 2786     3501547     42           7     -7   22 140  105    3  139   -4  139   -4  20  0  0 L3P D0
G29 FF 61136 054200  780 374  724     3454878   -103          17    -32   24  18  121   12   88   25   88   25  22  0  0 L3P FD
G10 FF 61136 055800  780 641 3017     5899549    -23          -5    -16   10  50   82   -4   99    2   99    2   9  0  0 L3P B6
G15 FF 61136 055800  780 180 1278    -4006472    -15          45     18   29  18  236   42   56   -5   56   -5  23  0  0 L3P F2
G16 FF 61136 055800  780 359 2445    -2397479   -114          -1    -42   22  95  125   -9  139   35  139   35  19  0  0 L3P 49
G18 FF 61136 055800  780 391 1476     3836909    -77          22     18   20  99  116    7   65  -13   65  -13  17  0  0 L3P 0D
G23 FF 61136 055800  780 682 1662    -6328523    -29          -5     17   15  77   79    5   84  -21   84  -21  14  0  0 L3P FA
G26 FF 61136 055800  780 421 2892     3501597     51          11      2   24 140  110    6  136   -7  136   -7  21  0  0 L3P D2
G29 FF 61136 055800  780 330  646     3454819    -79          25     -9   39  18  135   17   82   10   82   10  33  0  0 L3P E3
G10 FF 61136 061400  780 690 2833     5899536      1         -14      8   13  94   79   -2   93  -17   93  -17  11  0  0 L3P D9
G16 FF 61136 061400  780 380 2535    -2397535    -44           8     28   22  96  119   -4  127  -20  127  -20  19  0  0 L3P 1F
G18 FF 61136 061400  780 366 1393     3836824    -78          24     16   19 100  123    7   56  -18   56  -18  16  0  0 L3P 11
G23 FF 61136 061400  780 603 1634    -6328555    -52           0     -6   19  78   85    7   68    1   68    1  15  0  0 L3P A0
G26 FF 61136 061400  780 389 2987     3501636     81           5     32   30 141  117   10  138  -34  138  -34  25  0  0 L3P 18
G27 FF 61136 061400  780 234 2176      953486    121         -13    -32   44 108  184  -46   92   32   92   32  37  0  0 L3P 18
G29 FF 61136 061400  780 281  579     3454749    -20          27     50   24  19  156   27   76  -47   76  -47  23  0  0 L3P 0D
G32 FF 61136 061400  780 216   35      119710   -201          -2     -8   32  12  199  -56  139  -35  139  -35  26  0  0 L3P F9
G10 FF 61136 063000  780 714 2582     5899534      1          -9      8   12  94   78    0   79  -17   79  -17  11  0  0 L3P BE
G16 FF 61136 063000  780 388 2633    -2397600    -35          11     37   22  96  117    0  121  -33  121  -33  20  0  0 L3P 08
G18 FF 61136 063000  780 342 1311     3836732   -108          22    -13   22 100  130    8   56   14   56   14  16  0  0 L3P E6
G23 FF 61136 063000  780 528 1605    -6328590    -26           9     20   16  78   92    9   56  -23   56  -23  15  0  0 L3P E3
G26 FF 61136 063000  780 349 3072     3501692     42          14     -7   37 141  128   14  124   -2  124   -2  25  0  0 L3P EB
G27 FF 61136 063000  780 296 2167      953621    147         -24     -6   26 108  149  -30   95   -1   95   -1  23  0  0 L3P FD
G29 FF 61136 063000  780 229  521     3454676      9          22     79   35  19  188   43   88  -64   88  -64  30  0  0 L3P F6
G32 FF 61136 063000  780 281   64      119532   -142           5     52   31  12  156  -35  104  -73  104  -73  24  0  0 L3P E0
G10 FF 61136 064600  780 704 2317     5899537     -7           0      0   13  94   78    1   59  -14   59  -14  12  0  0 L3P B1
G16 FF 61136 064600  780 382 2733    -2397662    -89          19    -17   27  96  119    3  110    6  110    6  25  0  0 L3P FF
G18 FF 61136 064600  780 318 1231     3836652    -68          33     26   22 100  139   10   52  -25   52  -25  17  0  0 L3P 09
G23 FF 61136 064600  780 457 1573    -6328637    -57           6    -11   20  78  103   12   57    6   57    6  17  0  0 L3P D9
G26 FF 61136 064600  780 304 3147     3501737     59          12     10   19 141  145   20  125  -11  125  -11  14  0  0 L3P 0B
G27 FF 61136 064600  780 360 2167      953767    141         -24    -11   22 108  125  -20   82  -18   82  -18  18  0  0 L3P 2E
G32 FF 61136 064600  780 349   95      119340   -140          -1     53   25  12  128  -23   92  -62   92  -62  19  0  0 L3P E0
G10 FF 61136 070200  780 669 2105     5899534      2           4      9   11  94   80    3   49  -19   49  -19  10  0  0 L3P A6
G16 FF 61136 070200  780 364 2830    -2397739    -89          10    -18   23  96  124    7  113   16  113   16  19  0  0 L3P 1A
G18 FF 61136 070200  780 294 1153     3836590    -99          61     -5   22 100  149   11   33   12   33   12  19  0  0 L3P E8
G23 FF 61136 070200  780 391 1538    -6328666    -56          20    -10   22  78  117   17   46   11   46   11  19  0  0 L3P FE
G26 FF 61136 070200  780 258 3214     3501790     42          18     -7   20 141  168   29  123    9  123    9  16  0  0 L3P DF
G27 FF 61136 070200  780 426 2179      953909    177         -29     24   28 108  108  -14   67  -32   67  -32  26  0  0 L3P 37
G32 FF 61136 070200  780 422  128      119162   -185           6      9   38  12  109  -16   74  -22   74  -22  35  0  0 L3P CD
G10 FF 61136 071800  780 619 1952     5899517    -15          -6     -8   16  94   83    4   51    1   51    1  14  0  0 L3P A1
G16 FF 61136 071800  780 335 2921    -2397806    -99          12    -28   19  96  133   12  110   19  110   19  16  0  0 L3P 2D
G18 FF 61136 071800  780 270 1075     3836478    -81          40     13   49 100  161   14   51  -12   51  -12  45  0  0 L3P 06
G23 FF 61136 071800  780 329 1500    -6328705    -48          25     -2   25  78  135   22   39    3   39    3  21  0  0 L3P CA
G26 FF 61136 071800  780 212 3275     3501838     -4          20    -53   44 141  202   42  129   54  129   54  39  0  0 L3P 12
G27 FF 61136 071800  780 494 2209      954057    147         -26     -5   20 108   97  -10   53   -5   53   -5  19  0  0 L3P F1
G32 FF 61136 071800  780 497  169      118971   -197           0     -4   17  12   96  -11   65   -4   65   -4  14  0  0 L3P BB
G08 FF 61136 073400  780 239 2211    -4663534     43          18    -22   33  39  181  -44   71   18   71   18  27  0  0 L3P 05
G10 FF 61136 073400  780 565 1838     5899518     -6           1      1   13  94   88    6   40   -2   40   -2  12  0  0 L3P 87
G16 FF 61136 073400  780 299 3003    -2397865    -34          21     37   28  96  147   18  106  -22  106  -22  23  0  0 L3P 3A
G18 FF 61136 073400  780 244 1000     3836385    -61          38     34   36 100  177   19   55  -21   55  -21  32  0  0 L3P 0A
G23 FF 61136 073400  780 272 1459    -6328766    -67           7    -21   20  78  160   31   55   18   55   18  17  0  0 L3P 01
G27 FF 61136 073400  780 560 2263      954204    165         -26     13   17 108   89   -7   44  -15   44  -15  16  0  0 L3P 01
G32 FF 61136 073400  780 573  225      118782   -194          -3     -1   13  12   87   -8   57   -4   57   -4  10  0  0 L3P A7
G08 FF 61136 075000  780 299 2237    -4663470     80          19     15   30  39  147  -27   56  -24   56  -24  28  0  0 L3P 22
G10 FF 61136 075000  780 510 1747     5899513    -34           2    -27   23  94   95    8   39   18   39   18  17  0  0 L3P D6
G16 FF 61136 075000  780 258 3078    -2397929    -73          27     -2   37  96  168   26  108   14  108   14  27  0  0 L3P 30
G18 FF 61136 075000  780 217  926     3836304     -2          33     92   34 101  198   25   43  -65   43  -65  31  0  0 L3P F1
G23 FF 61136 075000  780 220 1416    -6328789    -80          28    -34   30  78  195   44   32   33   32   33  26  0  0 L3P 05
G27 FF 61136 075000  780 620 2357      954346    157         -30      4   12 108   83   -4   42   -7   42   -7  11  0  0 L3P BE
G32 FF 61136 075000  780 646  312      118606   -194           7     -1   15  12   81   -5   43   -4   43   -4  13  0  0 L3P 87
G08 FF 61136 080600  780 357 2278    -4663406     36          22    -29   28  42  126  -18   45   26   45   26  24  0  0 L3P 10
G10 FF 61136 080600  780 456 1668     5899503    -18          -4    -11   16  95  103    9   40    0   40    0  15  0  0 L3P B2
G16 FF 61136 080600  780 216 3146    -2397995    -78          26     -7   26  97  198   38  112    9  112    9  20  0  0 L3P 10
G18 FF 61136 080600  780 187  855     3836217    -82          33     12   37 102  227   37   48   -9   48   -9  32  0  0 L3P F4
G27 FF 61136 080600  780 667 2509      954486    125         -38    -27   14 109   80   -2   46   16   46   16  11  0  0 L3P 00
G32 FF 61136 080600  780 711  466      118414   -197          -4     -4   13  13   78   -3   45   -3   45   -3  11  0  0 L3P 9C
G08 FF 61136 082200  780 410 2336    -4663348     43          18    -22   23  42  112  -12   49   21   49   21  19  0  0 L3P F2
G10 FF 61136 082200  780 406 1596     5899494    -28          -6    -21   27  95  113   12   44   27   44   27  24  0  0 L3P FF
G27 FF 61136 082200  780 687 2722      954633    149         -38     -4   15 109   79    0   43   10   43   10  13  0  0 L3P D2
G32 FF 61136 082200  780 749  735      118240   -124           8     69   34  13   76   -1   36  -39   36  -39  22  0  0 L3P CF
G02 FF 61136 083800  780 227 2189     -730935    -37         -14     40   40  14  190  -44   45  -50   45  -50  38  0  0 L3P 14
G08 FF 61136 083800  780 456 2416    -4663281     75          22     10   21  42  103   -7   45  -13   45  -13  19  0  0 L3P F4
G10 FF 61136 083800  780 359 1528     5899492     16          -2     22   23  95  125   14   47   -4   47   -4  20  0  0 L3P D9
G27 FF 61136 083800  780 673 2946      954787    190         -30     38   16 109   80    2   42  -26   42  -26  14  0  0 L3P 06
G32 FF 61136 083800  780 740 1058      118029   -353         -17   -160   39  13   77    1   53  102   53  102  25  0  0 L3P 05
G02 FF 61136 085400  780 283 2150     -731026    -71         -31      7   30  14  154  -30   53  -27   53  -27  27  0  0 L3P EE
G08 FF 61136 085400  780 490 2518    -4663228     50          14    -15   19  42   97   -4   46    8   46    8  17  0  0 L3P CE
G10 FF 61136 085400  780 316 1462     5899498      5          11     12   15  95  140   17   50    9   50    9  13  0  0 L3P AA
G27 FF 61136 085400  780 630 3121      954944    145           7     -6   11   2   83    4   45   14   45   14   9  0  0 L3P 7B
G28 FF 61136 085400  780 224  375     5617867   -118          34    -30   35 159  191  -39   72   40   72   40  29  0  0 L3P 2A
G32 FF 61136 085400  780 690 1274      117836   -198         -25     -5   16  13   79    3   62   12   62   12  15  0  0 L3P CE
G02 FF 61136 091000  780 345 2116     -731089   -146         -19    -69   20  14  130  -22   45   78   45   78  19  0  0 L3P 1E
G08 FF 61136 091000  780 508 2638    -4663164     81          15     16   16  42   95   -1   51   -2   51   -2  13  0  0 L3P BC
G10 FF 61136 091000  780 276 1397     5899475     27          -5     34   22  95  158   21   95   13   95   13  18  0  0 L3P F1
G27 FF 61136 091000  780 569 3241      955097    165          15     14   15   2   88    7   54   16   54   16  13  0  0 L3P B0
G28 FF 61136 091000  780 271  437     5617771    -26          22     63   32 159  161  -27   91  -23   91  -23  30  0  0 L3P 0F
G32 FF 61136 091000  780 621 1385      117668   -171          -8     22   18  13   83    6   60    0   60    0  16  0  0 L3P 88
G02 FF 61136 092600  780 411 2086     -731183    -23         -40     54   15  14  112  -16   73  -32   73  -32  13  0  0 L3P FA
G08 FF 61136 092600  780 507 2767    -4663119     77          -2     12   15  42   95    1   77   13   77   13  13  0  0 L3P CB
G10 FF 61136 092600  780 240 1332     5899488      8          14     15   26  95  180   25  120   45  120   45  19  0  0 L3P F1
G27 FF 61136 092600  780 501 3324      955239    139          12    -12   26   2   96   10   78   38   78   38  24  0  0 L3P D3
G28 FF 61136 092600  780 318  505     5617680    -61          16     28   32 159  139  -19  114   -8  114   -8  23  0  0 L3P 1C
G31 FF 61136 092600  780 220  223     1571225    -36           9    -14   28  61  195  -46  135   16  135   16  23  0  0 L3P F6
G32 FF 61136 092600  780 548 1439      117493   -183           3     10   21  13   90    9   71   15   71   15  20  0  0 L3P A7
G02 FF 61136 094200  780 482 2060     -731246    -76         -29      1   15  14   99  -12   82   10   82   10  13  0  0 L3P C7
G08 FF 61136 094200  780 488 2890    -4663042     35          13    -30   22  42   98    4   88   43   88   43  19  0  0 L3P E9
G10 FF 61136 094200  780 206 1266     5899461    -74          -7    -67   22  95  207   32  180  108  180  108  18  0  0 L3P 46
G27 FF 61136 094200  780 430 3385      955386    197          13     46   35   2  108   15  104   -4  104   -4  32  0  0 L3P E1
G28 FF 61136 094200  780 362  582     5617600    -68          22     21   32 159  124  -13  124    3  124    3  25  0  0 L3P E7
G31 FF 61136 094200  780 275  274     1571205    -27          11     -4   26  61  159  -30  145   10  145   10  22  0  0 L3P E6
G32 FF 61136 094200  780 473 1462      117311   -171           7     22   21  13  100   12   91    9   91    9  20  0  0 L3P 93
G01 FF 61136 095800  780 249 2168    -3034100     66           5    -11   36  42  174  -40  116   29  116   29  33  0  0 L3P 09
G02 FF 61136 095800  780 557 2040     -731318    -94         -26    -17   15  14   89   -9   90   30   90   30  13  0  0 L3P E7
G08 FF 61136 095800  780 454 3000    -4662972     69          21      4   48  42  103    7  104   22  104   22  33  0  0 L3P DC
G27 FF 61136 095800  780 360 3433      955533    175          15     23   47   2  125   21  130    9  130    9  46  0  0 L3P C9
G28 FF 61136 095800  780 400  669     5617502    -77           9     12   26 159  114   -8  144    3  144    3  22  0  0 L3P DA
G31 FF 61136 095800  780 331  330     1571186      4          14     26   26  61  134  -21  148  -10  148  -10  21  0  0 L3P E7
G32 FF 61136 095800  780 401 1468      117121   -194           3     -1   16  13  114   17  121   32  121   32  16  0  0 L3P D0
G01 FF 61136 101400  780 311 2145    -3034055     58         -26    -20   25  43  142  -27  154   28  154   28  19  0  0 L3P 19
G02 FF 61136 101400  780 637 2030     -731385    -52         -17     25   11  15   82   -6  104    5  104    5   9  0  0 L3P A9
G03 FF 61136 101400  780 185 2463    -5135963     94          51    -46   40  87  229  -33  153   66  153   66  33  0  0 L3P 32
G08 FF 61136 101400  780 409 3094    -4662924     45           7    -20   23  54  112   11  140   52  140   52  18  0  0 L3P EF
G27 FF 61136 101400  780 293 3476      955694    203          32     51   24   3  150   32  169    7  169    7  18  0  0 L3P D4
G28 FF 61136 101400  780 430  769     5617434    -56          25     33   18 160  108   -5  147  -19  147  -19  16  0  0 L3P 2A
G31 FF 61136 101400  780 387  393     1571162     20          11     43   22  62  117  -15  157  -20  157  -20  19  0  0 L3P F9
G32 FF 61136 101400  780 331 1462      116952    -93          15    100   25  23  134   25  154  -35  154  -35  21  0  0 L3P 05
G01 FF 61136 103000  780 376 2129    -3033955     45           0    -32   23  43  120  -19  143   31  143   31  20  0  0 L3P E9
G02 FF 61136 103000  780 720 2036     -731453    -89         -11    -12   12  15   77   -4  113   19  113   19  10  0  0 L3P E4
G03 FF 61136 103000  780 212 2395    -5135831    138          50     -1   26  87  201  -26  169   12  169   12  21  0  0 L3P 0F
G04 FF 61136 103000  780 211 3088     -521505    -13          45      3   43  77  203  -51  196   -6  196   -6  31  0  0 L3P E4
G08 FF 61136 103000  780 359 3173    -4662859     35          10    -29   15  54  125   16  170   59  170   59  13  0  0 L3P 21
G27 FF 61136 103000  780 229 3515      955837    209          29     57   26   3  189   50  224   16  224   16  19  0  0 L3P FB
G28 FF 61136 103000  780 446  877     5617341    -99          18    -10   17 160  105   -2  165   14  165   14  14  0  0 L3P 10
G31 FF 61136 103000  780 442  468     1571130    -22           1      1   15  62  105  -10  169    3  169    3  12  0  0 L3P 96
G32 FF 61136 103000  780 265 1446      116764   -123          13     70   24  23  164   38  204   -5  204   -5  19  0  0 L3P E9
G01 FF 61136 104600  780 445 2122    -3033875     78           5      0   17  43  105  -14  139   -7  139   -7  15  0  0 L3P DF
G02 FF 61136 104600  780 804 2099     -731528    -82         -11     -5   14  15   75   -2  126   11  126   11  12  0  0 L3P DD
G03 FF 61136 104600  780 241 2327    -5135689    153          57     14   32  87  179  -21  171  -11  171  -11  30  0  0 L3P 39
G04 FF 61136 104600  780 265 3031     -521535    -59          30    -43   26  77  165  -31  202   22  202   22  22  0  0 L3P 00
G08 FF 61136 104600  780 306 3241    -4662779    107          27     43   26  54  144   23  197    8  197    8  22  0  0 L3P 0B
G28 FF 61136 104600  780 448  988     5617254    -78          16     10   30 160  104    1  175    7  175    7  27  0  0 L3P E3
G31 FF 61136 104600  780 491  559     1571106    -22          -1      1   17  62   97   -7  170   -3  170   -3  14  0  0 L3P B0
G32 FF 61136 104600  780 203 1424      116573   -270           7    -77   33  23  211   61  261  136  261  136  27  0  0 L3P 16
G01 FF 61136 110200  780 517 2127    -3033807     70           0     -7   17  43   94  -10  148    9  148    9  15  0  0 L3P BC
G02 FF 61136 110200  780 871 2743     -731607    -48         -15     29   15  15   74    0  145   -8  145   -8  13  0  0 L3P DD
G03 FF 61136 110200  780 271 2258    -5135573    144          39      4   36  87  161  -18  196    6  196    6  31  0  0 L3P FD
G04 FF 61136 110200  780 315 2964     -521549    -17          31     -1   23  77  141  -20  198    4  198    4  17  0  0 L3P E2
G08 FF 61136 110200  780 254 3301    -4662710     78          34     13   39  54  171   34  246   50  246   50  36  0  0 L3P 01
G28 FF 61136 110200  780 433 1094     5617154    -79           1     10   21 160  107    5  200   10  200   10  18  0  0 L3P CA
G31 FF 61136 110200  780 531  670     1571083    -39          -2    -16   27  62   92   -4  172    9  172    9  22  0  0 L3P BC
G01 FF 61136 111800  780 590 2151    -3033731     69           1     -8   14  43   86   -7  154   17  154   17  12  0  0 L3P D0
G02 FF 61136 111800  780 809 3512     -731659   -101           7    -24   41  15   75    2  147   49  147   49  41  0  0 L3P F0
G03 FF 61136 111800  780 304 2190    -5135421    178          57     38   34  87  145  -15  190  -11  190  -11  30  0  0 L3P 34
G04 FF 61136 111800  780 360 2887     -521559    -18          36     -3   27  77  125  -13  194    0  194    0  22  0  0 L3P EA
G08 FF 61136 111800  780 203 3357    -4662661     76          21     11   40  54  210   50  325   79  325   79  34  0  0 L3P 0A
G28 FF 61136 111800  780 403 1188     5617074    -54           5     35   19 160  114    9  216   -1  216   -1  16  0  0 L3P E6
G31 FF 61136 111800  780 555  802     1571057    -32          -6     -9   17  62   89   -2  184   18  184   18  15  0  0 L3P E1
G01 FF 61136 113400  780 664 2209    -3033654     75           4     -2    9  43   80   -5  159   15  159   15   7  0  0 L3P B8
G02 FF 61136 113400  780 723 3593     -731735    -65           4     12   14  15   77    4  178   17  178   17  13  0  0 L3P D4
G03 FF 61136 113400  780 339 2122    -5135301    195          43     55   22  87  131  -13  215  -29  215  -29  18  0  0 L3P 35
G04 FF 61136 113400  780 400 2800     -521596     -4          -1     12   20  78  114   -9  212    6  212    6  17  0  0 L3P A3
G28 FF 61136 113400  780 361 1264     5617002    -71          19     17   22 160  125   14  236   22  236   22  19  0  0 L3P 08
G31 FF 61136 113400  780 560  943     1571029    -11         -12     11   15  62   89    1  198   -2  198   -2  14  0  0 L3P CB
G01 FF 61136 115000  780 731 2341    -3033579     63           5    -15   13  43   77   -3  173   29  173   29  11  0  0 L3P E2
G02 FF 61136 115000  780 635   17     -731796    -69          18      9   15  15   82    6  200   34  200   34  13  0  0 L3P 9F
G03 FF 61136 115000  780 377 2053    -5135154    106          55    -34   24  87  120  -11  218   36  218   36  22  0  0 L3P 24
G04 FF 61136 115000  780 433 2702     -521595    -22          15     -6   23  78  107   -6  208    9  208    9  18  0  0 L3P D2
G28 FF 61136 115000  780 311 1324     5616912    -44          14     44   24 160  142   22  281   21  281   21  20  0  0 L3P F8
G31 FF 61136 115000  780 544 1078     1571012    -15          -8      8   15  62   90    3  212   16  212   16  15  0  0 L3P B3
G01 FF 61136 120600  780 775 2624    -3033508     72           0     -5   14  44   75   -1  191   27  191   27  12  0  0 L3P CD
G02 FF 61136 120600  780 550   28     -731868    -74          27      3   16  16   90   10  238   46  238   46  13  0  0 L3P BD
G03 FF 61136 120600  780 418 1981    -5135012    134          59     -6   19  88  110   -9  218    2  218    2  16  0  0 L3P E8
G04 FF 61136 120600  780 459 2595     -521617     13          12     28   18  79  102   -4  220  -22  220  -22  13  0  0 L3P F5
G09 FF 61136 120600  780 187 2807    -7618621    -12          18    -40   47 109  227  -42  367   18  367   18  47  0  0 L3P 5B
G28 FF 61136 120600  780 256 1367     5616833    -68          19     20   22 161  170   36  339   56  339   56  16  0  0 L3P 32
G31 FF 61136 120600  780 510 1190     1570994    -32           0     -9   18  70   95    6  230   35  230   35  17  0  0 L3P C1
G01 FF 61136 122200  780 768 3010    -3033431     70           2     -8   14  44   76    1  214   34  214   34  12  0  0 L3P A9
G02 FF 61136 122200  780 467   36     -731939   -105          30    -28   17  16  101   14  292   86  292   86  14  0  0 L3P 00
G03 FF 61136 122200  780 462 1906    -5134888    161          11     20   13  27  102   -8  233   -7  233   -7  13  0  0 L3P F7
G04 FF 61136 122200  780 477 2482     -521633    -27          12    -11   21  79   99   -2  233   27  233   27  18  0  0 L3P F7
G09 FF 61136 122200  780 221 2736    -7618641   -226         -29   -255   33 109  194  -28  411  274  411  274  31  0  0 L3P 9E
G26 FF 61136 122200  780 196  816     3502719     61           7     13   35  22  217  -21  517  -21  517  -21  29  0  0 L3P F8
G28 FF 61136 122200  780 198 1397     5616763    -60          35     29   39 161  216   62  417  104  417  104  28  0  0 L3P 52
G31 FF 61136 122200  780 463 1276     1570973    -19           1      4   32  70  102    9  263   36  263   36  31  0  0 L3P CA
G01 FF 61136 123800  780 714 3256    -3033344     92          15     15   21  44   78    3  234   22  234   22  17  0  0 L3P D4
G02 FF 61136 123800  780 388   44     -732018   -101          25    -24   18  16  117   20  361  101  361  101  13  0  0 L3P FF
G03 FF 61136 123800  780 509 1824    -5134744    164          19     23   12  27   95   -7  240    0  240    0  12  0  0 L3P D0
G04 FF 61136 123800  780 488 2366     -521644      8          16     24   16  79   98   -1  247   -2  247   -2  15  0  0 L3P D5
G09 FF 61136 123800  780 252 2662    -7618555    176          30    147   37 109  172  -19  358 -149  358 -149  35  0  0 L3P B4
G26 FF 61136 123800  780 212  890     3502791     28          32    -21   29  22  201  -12  494   27  494   27  25  0  0 L3P 05
G31 FF 61136 123800  780 408 1337     1570958    -32           8     -9   27  70  112   14  298   49  298   49  23  0  0 L3P 0F
G01 FF 61136 125400  780 642 3376    -3033273     48          11    -29   24  44   82    5  274   69  274   69  22  0  0 L3P FF
G02 FF 61136 125400  780 313   54     -732087    -96          30    -19   22  16  141   31  449  131  449  131  18  0  0 L3P 08
G03 FF 61136 125400  780 556 1730    -5134618    147          11      6   14  27   89   -5  266    6  266    6  12  0  0 L3P D5
G04 FF 61136 125400  780 493 2249     -521660     -7          15      9   16  79   97    0  266   12  266   12  13  0  0 L3P C4
G09 FF 61136 125400  780 280 2585    -7618535     19          22     -9   22 109  156  -14  369    7  369    7  18  0  0 L3P 20
G16 FF 61136 125400  780 195  640    -2399197    -28          41     44   51  17  218  -36  550  -60  550  -60  44  0  0 L3P 38
G26 FF 61136 125400  780 222  965     3502828     39          22    -10   31  22  193   -5  517   30  517   30  27  0  0 L3P EA
G31 FF 61136 125400  780 348 1377     1570929    -44           1    -21   19  70  129   20  356   84  356   84  16  0  0 L3P 14
G01 FF 61136 131000  780 564 3443    -3033207    114           4     37   38  44   88    8  326   14  326   14  37  0  0 L3P DD
G02 FF 61136 131000  780 242   67     -732159    -72          33      6   34  16  179   49  572  150  572  150  27  0  0 L3P F5
G03 FF 61136 131000  780 603 1617    -5134480    133          14     -8   12  27   85   -4  274   17  274   17  10  0  0 L3P EE
G04 FF 61136 131000  780 492 2133     -521676     -3          14     13   14  79   97    0  289    5  289    5  14  0  0 L3P AE
G09 FF 61136 131000  780 305 2506    -7618507     53          23     25   25 109  144  -11  376  -15  376  -15  19  0  0 L3P 41
G16 FF 61136 131000  780 226  711    -2399308   -117          -1    -45   37  17  190  -24  572   13  572   13  30  0  0 L3P 20
G26 FF 61136 131000  780 224 1040     3502903      9          50    -40   35  22  192    2  499   41  499   41  32  0  0 L3P D6
G31 FF 61136 131000  780 287 1402     1570902    -56          -5    -34   15  70  153   31  424  104  424  104  12  0  0 L3P 14
G01 FF 61136 132600  780 487 3486    -3033122     62          15    -15   37  44   98   12  370   74  370   74  34  0  0 L3P 0A
G03 FF 61136 132600  780 645 1473    -5134348    147          10      6   14  27   81   -3  282    0  282    0  12  0  0 L3P BD
G04 FF 61136 132600  780 488 2021     -521701      0           4     16   14  79   98    1  311   -1  311   -1  12  0  0 L3P 83
G07 FF 61136 132600  780 241 3207     1698897     69          21     23   20  67  179  -45  557  -56  557  -56  17  0  0 L3P 4F
G09 FF 61136 132600  780 329 2424    -7618479     26          23     -3   27 109  135   -9  375   10  375   10  25  0  0 L3P 1E
G16 FF 61136 132600  780 253  785    -2399373   -179           3   -107   37  17  171  -16  545   73  545   73  33  0  0 L3P 4F
G26 FF 61136 132600  780 216 1113     3502909     46           9     -3   27  22  198   11  558   31  558   31  21  0  0 L3P E4
G31 FF 61136 132600  780 225 1414     1570889    -91           4    -69   39  70  191   51  499  159  499  159  30  0  0 L3P 53
G01 FF 61136 134200  780 411 3519    -3033059     82           3      5   13  44  112   17  450   73  450   73  12  0  0 L3P CC
G03 FF 61136 134200  780 676 1287    -5134218    134           5     -7   16  27   80   -1  297    9  297    9  14  0  0 L3P DB
G04 FF 61136 134200  780 481 1912     -521717      6           4     22   15  79   99    1  328  -17  328  -17  13  0  0 L3P CD
G07 FF 61136 134200  780 304 3164     1698933     26          14    -21   18  67  145  -28  523  -29  523  -29  15  0  0 L3P 3D
G09 FF 61136 134200  780 352 2341    -7618456     18          19    -10   26 109  127   -7  386    7  386    7  23  0  0 L3P 11
G16 FF 61136 134200  780 274  864    -2399469    -47         -25     24   32  17  159   -9  552  -36  552  -36  26  0  0 L3P 49
G26 FF 61136 134200  780 200 1182     3502948     51           1      2   23  22  214   22  600   31  600   31  17  0  0 L3P AA
G01 FF 61136 135800  780 338 3547    -3032965     96          23     18   26  44  132   25  526   95  526   95  20  0  0 L3P 20
G03 FF 61136 135800  780 687 1064    -5134084    134           3     -7   13  27   79    0  308   26  308   26  12  0  0 L3P E1
G04 FF 61136 135800  780 472 1806     -521738    -16          -2      0   24  79  100    2  348   13  348   13  20  0  0 L3P CE
G06 FF 61136 135800  780 207 2306     6115736    -19          10     -7   36  34  207  -37  492   17  492   17  32  0  0 L3P 19
G07 FF 61136 135800  780 365 3110     1698978     64          13     18   22  67  123  -18  485  -48  485  -48  16  0  0 L3P 4C
G09 FF 61136 135800  780 374 2257    -7618418     28          30      0   13 109  121   -6  381    4  381    4  11  0  0 L3P DE
G16 FF 61136 135800  780 286  946    -2399504    -80           9     -9   36  17  153   -4  514   18  514   18  32  0  0 L3P 04
G01 FF 61136 141400  780 269 3573    -3032887     99          25     21   25  45  162   39  646  120  646  120  19  0  0 L3P 3D
G03 FF 61136 141400  780 671  842    -5133952    148           0      7   14  31   80    2  335   22  335   22  13  0  0 L3P AD
G04 FF 61136 141400  780 462 1703     -521748    -20           0     -4   23  80  102    2  359   25  359   25  20  0  0 L3P C3
G06 FF 61136 141400  780 240 2373     6115724    -24          13    -11   37  35  180  -21  511   36  511   36  32  0  0 L3P 07
G07 FF 61136 141400  780 424 3042     1699002     25          -2    -21   25  68  109  -12  464  -12  464  -12  18  0  0 L3P 1B
G09 FF 61136 141400  780 396 2171    -7618397     50          24     21   34 131  115   -6  391  -21  391  -21  31  0  0 L3P 2A
G16 FF 61136 141400  780 289 1029    -2399579   -181          -1   -109   21  18  152    1  520   98  520   98  16  0  0 L3P 43
G01 FF 61136 143000  780 203    0    -3032817     65          20    -12   25  45  210   64  827  231  827  231  18  0  0 L3P E6
G03 FF 61136 143000  780 632  660    -5133813    139           3     -2   15  31   82    4  357   28  357   28  14  0  0 L3P C7
G04 FF 61136 143000  780 452 1603     -521751     33          13     49   25  80  103    2  366  -26  366  -26  23  0  0 L3P EE
G06 FF 61136 143000  780 264 2449     6115709    -24          10    -12   27  35  165  -11  543   44  543   44  23  0  0 L3P 19
G07 FF 61136 143000  780 479 2956     1699061     39          12     -8   19  68   99   -8  427  -16  427  -16  14  0  0 L3P 25
G09 FF 61136 143000  780 418 2084    -7618376     60          17     32   22 131  110   -5  403  -29  403  -29  19  0  0 L3P 29
G16 FF 61136 143000  780 281 1109    -2399660   -107         -13    -36   49  18  155    7  533   51  533   51  44  0  0 L3P 35
G03 FF 61136 144600  780 576  527    -5133677    137           4     -4   13  31   87    6  386   38  386   38  11  0  0 L3P E8
G04 FF 61136 144600  780 441 1504     -521779    -23           0     -7   21  80  105    2  389   10  389   10  18  0  0 L3P D0
G06 FF 61136 144600  780 276 2531     6115694     -8           7      4   22  35  158   -4  581   24  581   24  20  0  0 L3P D6
G07 FF 61136 144600  780 528 2850     1699099     53           5      6   14  68   92   -6  409  -25  409  -25  12  0  0 L3P FA
G09 FF 61136 144600  780 441 1994    -7618355     72          11     43   17 131  106   -5  405  -47  405  -47  15  0  0 L3P 3A
G16 FF 61136 144600  780 263 1184    -2399729    -41         -14     30   22  18  165   14  565   -1  565   -1  18  0  0 L3P 21
G30 FF 61136 144600  780 206 3015    -1781989   -163          26    -31   26  33  208  -50  831  -70  831  -70  23  0  0 L3P 5C
G03 FF 61136 150200  780 512  433    -5133549    132          -4     -9   21  31   94    9  429   56  429   56  17  0  0 L3P E0
G04 FF 61136 150200  780 429 1406     -521815      6         -20     22   15  80  108    3  422    2  422    2  12  0  0 L3P 95
G06 FF 61136 150200  780 277 2617     6115679    -22           4     -9   25  35  158    3  622   67  622   67  20  0  0 L3P EE
G07 FF 61136 150200  780 566 2720     1699161     53          23      6   13  68   88   -3  381  -17  381  -17  11  0  0 L3P F7
G09 FF 61136 150200  780 464 1900    -7618333     11           5    -18   15 131  101   -4  396    7  396    7  15  0  0 L3P EA
G16 FF 61136 150200  780 235 1251    -2399797   -162         -13    -90   22  18  183   24  594  116  594  116  19  0  0 L3P 79
G30 FF 61136 150200  780 255 2955    -1782122   -134          20     -2   22  33  170  -30  732 -107  732 -107  18  0  0 L3P 55
G03 FF 61136 151800  780 442  365    -5133419    129          -9    -12   16  31  105   14  493   96  493   96  13  0  0 L3P 1D
G04 FF 61136 151800  780 416 1309     -521814     -5          -4     11   29  80  111    3  427   18  427   18  23  0  0 L3P CE
G06 FF 61136 151800  780 267 2702     6115637    -31         -27    -18   31  35  163    9  713   87  713   87  28  0  0 L3P 28
G07 FF 61136 151800  780 591 2569     1699192     34           9    -12   15  68   86   -2  381    6  381    6  10  0  0 L3P D8
G09 FF 61136 151800  780 488 1802    -7618310      3           1    -25   19 131   98   -4  395   19  395   19  16  0  0 L3P 06
G16 FF 61136 151800  780 199 1308    -2399874   -143         -21    -71   28  18  214   42  646  113  646  113  23  0  0 L3P 77
G30 FF 61136 151800  780 300 2887    -1782244   -139          24     -7   16  33  147  -20  653  -66  653  -66  15  0  0 L3P 59
G03 FF 61136 153400  780 371  316    -5133266    127           9    -14   22  31  122   21  578  127  578  127  18  0  0 L3P 28
G04 FF 61136 153400  780 401 1213     -521850    -41         -25    -25   16  80  114    4  468   60  468   60  13  0  0 L3P F8
G06 FF 61136 153400  780 247 2785     6115666     16          15     29   27  35  175   16  765   91  765   91  22  0  0 L3P 20
G07 FF 61136 153400  780 601 2404     1699227     34          -1    -12   15  68   85    0  390   15  390   15  14  0  0 L3P DA
G09 FF 61136 153400  780 511 1698    -7618285     44          -1     16   15 131   94   -3  397  -24  397  -24  12  0  0 L3P 2D
G30 FF 61136 153400  780 342 2811    -1782377   -176          17    -44   23  33  131  -14  600  -19  600  -19  17  0  0 L3P 53
G03 FF 61136 155000  780 299  280    -5133138    166           2     25   27  31  147   33  717  133  717  133  19  0  0 L3P 1E
G04 FF 61136 155000  780 383 1120     -521854    -16         -14     -1   26  80  118    5  488   32  488   32  21  0  0 L3P F1
G06 FF 61136 155000  780 220 2863     6115655     -7          16      6   19  35  195   25  903  158  903  158  16  0  0 L3P 1B
G07 FF 61136 155000  780 595 2240     1699268     49          -4      3   11  68   85    1  394    3  394    3   9  0  0 L3P A6
G09 FF 61136 155000  780 532 1584    -7618258     54          -1     26   14 131   92   -2  398  -22  398  -22  12  0  0 L3P 24
G30 FF 61136 155000  780 378 2726    -1782520   -117           2     15   19  33  120  -10  578  -48  578  -48  18  0  0 L3P 4B
G03 FF 61136 160600  780 228  256    -5133009    208          -8     67   25  35  189   57  899  154  899  154  16  0  0 L3P 55
G04 FF 61136 160600  780 361 1028     -521874    -28         -17    -12   23  81  124    7  529   61  529   61  21  0  0 L3P 09
G06 FF 61136 160600  780 189 2936     6115639     20          15     33   33  46  225   39 1021   28 1021   28  25  0  0 L3P 20
G07 FF 61136 160600  780 577 2087     1699321     70           8     23   15  69   87    2  396    0  396    0  13  0  0 L3P BB
G09 FF 61136 160600  780 549 1461    -7618235     35          -1      7   13 132   90   -2  413    5  413    5  11  0  0 L3P BE
G14 FF 61136 160600  780 251 3392    -7422796    -51         -19    -38   25  63  173  -47  915  -77  915  -77  18  0  0 L3P 81
G30 FF 61136 160600  780 410 2634    -1782651   -169          -3    -37   12  34  112   -7  551   21  551   21  10  0  0 L3P 14
G04 FF 61136 162200  780 336  941     -521884    -67         -12    -51   32  81  133   10  580  116  580  116  26  0  0 L3P 29
G07 FF 61136 162200  780 551 1952     1699366     70           8     23   12  69   90    3  423   10  423   10  12  0  0 L3P C1
G09 FF 61136 162200  780 560 1329    -7618205      6           2    -23   17 132   89   -1  430   50  430   50  16  0  0 L3P E0
G14 FF 61136 162200  780 323 3381    -7422793      5          -3     18   49  63  138  -29  793 -140  793 -140  43  0  0 L3P 51
G30 FF 61136 162200  780 436 2535    -1782753   -122          22     10   22  34  106   -5  517  -22  517  -22  19  0  0 L3P 2B
G04 FF 61136 163800  780 306  858     -521884    -27           4    -11   27  81  144   14  631   88  631   88  20  0  0 L3P FE
G07 FF 61136 163800  780 520 1833     1699408     28           6    -19   16  69   93    4  452   45  452   45  14  0  0 L3P F0
G09 FF 61136 163800  780 562 1189    -7618167     20          12     -8   12 132   88    0  445   28  445   28  11  0  0 L3P 01
G14 FF 61136 163800  780 397 3361    -7422811    -27          -8    -14   24  63  115  -19  699  -73  699  -73  22  0  0 L3P 6B
G21 FF 61136 163800  780 234 2235    -4133456    -18          12     -2   37  62  184  -42  705  -24  705  -24  35  0  0 L3P 33
G22 FF 61136 163800  780 228 3357      228001    -60          -7     -1   45  21  189  -54  985  -28  985  -28  42  0  0 L3P 2C
G30 FF 61136 163800  780 457 2430    -1782890   -136          12     -5   16  34  103   -3  520    4  520    4  15  0  0 L3P EA
G04 FF 61136 165400  780 273  780     -521924     33         -21     49   36  81  160   20  732   41  732   41  29  0  0 L3P F0
G07 FF 61136 165400  780 486 1727     1699450     51           3      5   13  69   98    5  481   29  481   29  11  0  0 L3P D7
G08 FF 61136 165400  780 178 1022    -4661357    100           2     35   37   2  238   -4  807  -37  807  -37  33  0  0 L3P 13
G09 FF 61136 165400  780 553 1049    -7618134     33          18      4   17 132   89    2  467   31  467   31  17  0  0 L3P F7
G14 FF 61136 165400  780 473 3331    -7422815    -64           1    -50   44  63  100  -13  628  -14  628  -14  42  0  0 L3P 30
G21 FF 61136 165400  780 288 2280    -4133477    -32           7    -16   28  62  152  -26  688    1  688    1  24  0  0 L3P 0D
G22 FF 61136 165400  780 296 3339      227943    -47          -8     12   26  21  149  -32  910 -107  910 -107  22  0  0 L3P 41
G30 FF 61136 165400  780 472 2321    -1783024   -138           4     -6   17  34  100   -2  526   10  526   10  15  0  0 L3P F1
G04 FF 61136 171000  780 235  709     -521940     29         -22     45   39  81  184   30  824   53  824   53  31  0  0 L3P F5
G07 FF 61136 171000  780 452 1630     1699502     63          10     17   18  69  103    6  504   20  504   20  17  0  0 L3P D9
G08 FF 61136 171000  780 177 1094    -4661284     97          13     33   30   2  239    7  800  -15  800  -15  27  0  0 L3P FF
G09 FF 61136 171000  780 533  916    -7618109     36          15      7   19 132   92    3  500   24  500   24  16  0  0 L3P CD
G14 FF 61136 171000  780 549 3286    -7422838     -3          -9     11   18  63   90   -9  590  -45  590  -45  17  0  0 L3P 1D
G21 FF 61136 171000  780 335 2339    -4133493    -12           6      4   30  62  133  -16  671  -19  671  -19  28  0  0 L3P 16
G22 FF 61136 171000  780 365 3312      227891   -117          -4    -58   35  21  123  -21  807  -41  807  -41  34  0  0 L3P 2E
G30 FF 61136 171000  780 482 2211    -1783156   -142          -1    -10   15  34   98   -1  527    4  527    4  14  0  0 L3P E3
G04 FF 61136 172600  780 193  644     -521940   -149          -6   -133   45  81  221   49  911  230  911  230  38  0  0 L3P 44
G07 FF 61136 172600  780 419 1540     1699537     54           1      8   15  69  110    7  537    6  537    6  14  0  0 L3P B8
G09 FF 61136 172600  780 501  796    -7618088     35           9      6   18 132   96    5  538   25  538   25  16  0  0 L3P E9
G14 FF 61136 172600  780 625 3217    -7422849    -35          -7    -21   21  63   83   -6  547  -27  547  -27  17  0  0 L3P 39
G21 FF 61136 172600  780 374 2415    -4133515    -13          -1      3   27  62  121  -10  666  -20  666  -20  23  0  0 L3P 0E
G22 FF 61136 172600  780 435 3274      227824   -113         -14    -54   17  21  107  -14  731  -26  731  -26  14  0  0 L3P 3F
G30 FF 61136 172600  780 489 2100    -1783283   -116          -1     16   19  34   97   -1  517  -25  517  -25  16  0  0 L3P 2C
G05 FF 61136 174200  780 188 2295     2313863     -4           5    -10   30   3  226  -44  920   -4  920   -4  27  0  0 L3P DC
G07 FF 61136 174200  780 387 1454     1699590     66           9     19   17  69  117    8  547    6  547    6  17  0  0 L3P E9
G09 FF 61136 174200  780 460  692    -7618058     -8          12    -36   24 132  102    8  567   76  567   76  20  0  0 L3P 19
G14 FF 61136 174200  780 696 3102    -7422873      7         -18     21   14  63   78   -4  522  -54  522  -54  12  0  0 L3P 0D
G21 FF 61136 174200  780 402 2504    -4133532      1          -2     17   14  62  114   -5  669   -1  669   -1  12  0  0 L3P CC
G22 FF 61136 174200  780 505 3220      227764    -42         -17     17   14  21   95  -10  664  -74  664  -74  12  0  0 L3P 18
G30 FF 61136 174200  780 492 1989    -1783414   -184          -6    -52   19  34   97    0  510   35  510   35  15  0  0 L3P 1A
G05 FF 61136 175800  780 221 2358     2313863    -35           0    -40   23   3  194  -25  909   34  909   34  19  0  0 L3P 09
G07 FF 61136 175800  780 356 1372     1699640     23          14    -24   25  69  126    9  559   31  559   31  20  0  0 L3P 11
G09 FF 61136 175800  780 412  604    -7618025     48          18     19   27 132  112   12  612   47  612   47  25  0  0 L3P 0F
G14 FF 61136 175800  780 755 2892    -7422878     -9         -10      4   15  63   76   -2  490  -27  490  -27  12  0  0 L3P 21
G17 FF 61136 175800  780 228  133     1064599     57          19    -35   34  59  189  -46 1051 -102 1051 -102  28  0  0 L3P 75
G21 FF 61136 175800  780 416 2605    -4133546    -36          -1    -20   28  62  111   -1  689   58  689   58  25  0  0 L3P 2E
G22 FF 61136 175800  780 573 3144      227719    -64          -5     -5   18  21   87   -7  599  -45  599  -45  15  0  0 L3P 1C
G30 FF 61136 175800  780 493 1878    -1783543   -133          -8     -1   13  34   97    0  499  -10  499  -10  12  0  0 L3P 2B
G05 FF 61136 181400  780 246 2429     2313874    -56           9    -62   31   9  176  -13  928   77  928   77  25  0  0 L3P 29
G07 FF 61136 181400  780 327 1293     1699684     64          14     17   18  73  136   11  563  -14  563  -14  14  0  0 L3P 28
G09 FF 61136 181400  780 358  531    -7618003     82          12     53   27 133  126   18  677   19  677   19  22  0  0 L3P 1F
G14 FF 61136 181400  780 781 2531    -7422880    -16           1     -3    8  64   75    0  466  -15  466  -15   7  0  0 L3P DC
G17 FF 61136 181400  780 287  173     1064662     57          -9    -35   43  64  153  -30  916 -131  916 -131  38  0  0 L3P 4D
G21 FF 61136 181400  780 414 2710    -4133554    -21           7     -5   29  63  111    2  737   58  737   58  26  0  0 L3P F2
G22 FF 61136 181400  780 635 3034      227666    -58          -3      1   12  31   82   -4  548  -44  548  -44  11  0  0 L3P E4
G30 FF 61136 181400  780 492 1769    -1783661   -122           5     10   17  35   97    0  481  -23  481  -23  14  0  0 L3P 11
G05 FF 61136 183000  780 260 2507     2313887      1          17     -4   29   9  167   -5  972   61  972   61  26  0  0 L3P E1
G07 FF 61136 183000  780 299 1215     1699722     48           7      1   15  73  147   13  572   -6  572   -6  12  0  0 L3P DF
G09 FF 61136 183000  780 300  471    -7617959     72          29     43   37 133  147   27  737   56  737   56  28  0  0 L3P 32
G13 FF 61136 183000  780 219 2163    -6806236     -4          23    -20   36 146  196  -52  795  -89  795  -89  28  0  0 L3P 73
G14 FF 61136 183000  780 759 2167    -7422906     -7         -12      7   12  64   76    1  457  -30  457  -30  11  0  0 L3P FB
G17 FF 61136 183000  780 349  217     1064749     62         -10    -30   31  64  128  -21  773 -107  773 -107  28  0  0 L3P 54
G21 FF 61136 183000  780 398 2813    -4133578    -50          -1    -34   23  63  115    5  813  104  813  104  21  0  0 L3P 22
G22 FF 61136 183000  780 685 2870      227610    -68          -3     -9   17  31   79   -2  511  -35  511  -35  13  0  0 L3P F0
G30 FF 61136 183000  780 489 1660    -1783799   -151          -6    -19   17  35   97    1  471  -10  471  -10  15  0  0 L3P 35
G05 FF 61136 184600  780 263 2589     2313881    -59           5    -65   25   9  165    1 1052  132 1052  132  21  0  0 L3P 2B
G07 FF 61136 184600  780 271 1139     1699780     60          21     13   32  73  161   16  560   -2  560   -2  29  0  0 L3P F6
G09 FF 61136 184600  780 239  423    -7617933     66          27     37   33 133  181   45  838   95  838   95  28  0  0 L3P 41
G13 FF 61136 184600  780 279 2146    -6806221    -12          23    -28   26 146  157  -33  686  -99  686  -99  22  0  0 L3P 87
G14 FF 61136 184600  780 707 1946    -7422919    -32         -12    -18   20  64   78    3  436  -10  436  -10  17  0  0 L3P 2F
G17 FF 61136 184600  780 413  267     1064834     72         -13    -20   17  64  111  -15  663  -87  663  -87  13  0  0 L3P 39
G19 FF 61136 184600  780 228   20    -6962402     -8          26      5   25  42  189  -53 1072  -86 1072  -86  20  0  0 L3P 29
G20 FF 61136 184600  780 234 2175     -942138   -200          43      0   34 130  185  -49  774 -121  774 -121  29  0  0 L3P 61
G21 FF 61136 184600  780 371 2907    -4133591     -7           1      9   23  63  122    9  888   70  888   70  19  0  0 L3P EE
G22 FF 61136 184600  780 716 2641      227550    -61          -6     -2   15  31   78   -1  479  -32  479  -32  13  0  0 L3P F6
G30 FF 61136 184600  780 485 1552    -1783921   -195          -2    -63   16  35   98    1  440   35  440   35  15  0  0 L3P 1A
G05 FF 61136 190200  780 255 2672     2313927     35          46     30   31   9  170    8 1086   31 1086   31  24  0  0 L3P F9
G07 FF 61136 190200  780 243 1065     1699824     68          19     21   41  73  178   20  554  -18  554  -18  36  0  0 L3P 2E
G13 FF 61136 190200  780 344 2135    -6806218     -5          10    -21   21 146  130  -23  599  -77  599  -77  20  0  0 L3P 51
G14 FF 61136 190200  780 645 1815    -7422927     16          -7     29   17  64   81    4  411  -46  411  -46  15  0  0 L3P 04
G17 FF 61136 190200  780 478  328     1064921    114         -15     22   15  64   99  -10  574  -95  574  -95  12  0  0 L3P 33
G19 FF 61136 190200  780 296   50    -6962424    -27          17    -14   31  42  149  -33  944 -169  944 -169  26  0  0 L3P 6B
G20 FF 61136 190200  780 298 2179     -942359   -176          14     25   26 130  147  -30  683 -114  683 -114  22  0  0 L3P 7E
G21 FF 61136 190200  780 335 2993    -4133613    -47          -5    -31   27  63  133   14  961   79  961   79  20  0  0 L3P 30
G22 FF 61136 190200  780 717 2377      227498    -26          -1     33   18  31   77    1  445  -52  445  -52  15  0  0 L3P F1
G30 FF 61136 190200  780 477 1444    -1784039   -178           7    -46   25  35   99    1  407   27  407   27  23  0  0 L3P 17
G05 FF 61136 191800  780 239 2753     2313928   -177          41   -183   35   9  181   15 1109  154 1109  154  34  0  0 L3P 81
G07 FF 61136 191800  780 215  993     1699881     43          32     -3   32  73  199   26  550   11  550   11  30  0  0 L3P F4
G13 FF 61136 191800  780 411 2135    -6806192     15          21     -1   19 146  112  -16  514  -71  514  -71  17  0  0 L3P 31
G14 FF 61136 191800  780 582 1725    -7422954      9         -21     23   18  64   86    6  408  -23  408  -23  17  0  0 L3P 0F
G17 FF 61136 191800  780 540  409     1065012    112         -12     20   14  64   91   -7  503  -78  503  -78  12  0  0 L3P 00
G19 FF 61136 191800  780 367   80    -6962440      4          13     16   20  42  123  -22  778 -174  778 -174  15  0  0 L3P 35
G20 FF 61136 191800  780 365 2196     -942543   -216          22    -16   24 130  124  -20  586  -62  586  -62  23  0  0 L3P 62
G21 FF 61136 191800  780 294 3069    -4133623     -7           0      9   35  63  150   21  980    1  980    1  24  0  0 L3P BD
G22 FF 61136 191800  780 690 2148      227434    -83          -8    -23   15  31   79    2  429    2  429    2  13  0  0 L3P BE
G30 FF 61136 191800  780 468 1338    -1784181    -96          -8     36   24  35  101    2  403  -52  403  -52  21  0  0 L3P 19
G05 FF 61136 193400  780 215 2831     2313896     24           3     18   22   9  199   24 1126  -28 1126  -28  17  0  0 L3P 20
G07 FF 61136 193400  780 186  923     1699908      4          14    -42   35  73  229   36  585   61  585   61  30  0  0 L3P 0A
G13 FF 61136 193400  780 481 2148    -6806189     24          10      8   16 146   99  -11  475  -45  475  -45  13  0  0 L3P 38
G14 FF 61136 193400  780 521 1652    -7422970     -8         -23      6   17  64   93    8  398  -11  398  -11  14  0  0 L3P 08
G15 FF 61136 193400  780 195 2220    -4008092      6          50     39   49  82  219  -61  773 -155  773 -155  41  0  0 L3P 57
G17 FF 61136 193400  780 596  520     1065092     82         -21    -10   14  64   85   -5  456  -33  456  -33  11  0  0 L3P 09
G19 FF 61136 193400  780 442  114    -6962455    -31          10    -18   29  42  105  -15  647 -100  647 -100  26  0  0 L3P 57
G20 FF 61136 193400  780 430 2228     -942746   -185          11     15   19 130  108  -14  539  -55  539  -55  15  0  0 L3P 59
G21 FF 61136 193400  780 250 3137    -4133644    -17          -6     -1   23  63  173   30 1006   36 1006   36  17  0  0 L3P 1B
G22 FF 61136 193400  780 646 1978      227385    -73          -1    -14   14  31   81    3  401  -14  401  -14  12  0  0 L3P E8
G30 FF 61136 193400  780 454 1233    -1784330   -106         -30     26   17  35  103    3  415  -38  415  -38  14  0  0 L3P 2F
G05 FF 61136 195000  780 186 2904     2313912     36          14     30   40   9  229   38 1115  -24 1115  -24  33  0  0 L3P 1B
G13 FF 61136 195000  780 551 2181    -6806182     10           0     -6   15 146   90   -8  450  -16  450  -16  13  0  0 L3P F9
G14 FF 61136 195000  780 463 1589    -7422970      3         -10     17   28  64  102   10  378  -24  378  -24  25  0  0 L3P 28
G15 FF 61136 195000  780 248 2251    -4008136    -64          38    -31   34  82  175  -36  692  -42  692  -42  31  0  0 L3P 55
G17 FF 61136 195000  780 637  672     1065187     88         -14     -4    9  64   82   -2  408  -36  408  -36   9  0  0 L3P F0
G19 FF 61136 195000  780 520  156    -6962466    -26          10    -13   18  42   93  -10  552  -79  552  -79  15  0  0 L3P 3A
G20 FF 61136 195000  780 494 2282     -942934   -202          15     -2   14 130   97   -9  505  -18  505  -18  13  0  0 L3P 27
G21 FF 61136 195000  780 205 3200    -4133665     -4         -12     12   26  63  208   43 1041    8 1041    8  23  0  0 L3P F0
G22 FF 61136 195000  780 595 1853      227320    -23          -9     37   13  31   85    5  390  -49  390  -49  13  0  0 L3P F5
G30 FF 61136 195000  780 437 1131    -1784439   -176         -13    -44   17  35  106    4  390   41  390   41  16  0  0 L3P 2E
G13 FF 61136 200600  780 621 2247    -6806152     24          19      8   17 163   83   -5  423  -22  423  -22  16  0  0 L3P 01
G14 FF 61136 200600  780 409 1530    -7423000    -28         -23    -15   17  65  112   12  383   -5  383   -5  14  0  0 L3P 0D
G15 FF 61136 200600  780 298 2295    -4008181     -9          24     24   29  83  147  -22  658  -56  658  -56  26  0  0 L3P 4B
G17 FF 61136 200600  780 653  862     1065280    109         -13     17   19  76   81    0  378  -39  378  -39  17  0  0 L3P 17
G19 FF 61136 200600  780 598  217    -6962475      4          12     16   23  95   85   -7  478  -71  478  -71  18  0  0 L3P 13
G20 FF 61136 200600  780 550 2366     -943123   -189          16     11   19 131   90   -6  494  -19  494  -19  17  0  0 L3P 35
G22 FF 61136 200600  780 541 1754      227274    -96          -5    -37   19  32   91    6  371   18  371   18  18  0  0 L3P E6
G30 FF 61136 200600  780 415 1032    -1784574   -116         -21     16   25  37  111    5  398  -18  398  -18  23  0  0 L3P 3C
G13 FF 61136 202200  780 682 2371    -6806138      4          17    -12   14 163   79   -3  415   -4  415   -4  14  0  0 L3P EC
G14 FF 61136 202200  780 358 1473    -7423012    -39         -22    -25   24  65  125   15  370   15  370   15  19  0  0 L3P 23
G15 FF 61136 202200  780 343 2353    -4008208    -49          28    -16   29  83  130  -14  621   -8  621   -8  28  0  0 L3P 22
G17 FF 61136 202200  780 639 1053     1065370     86         -11     -6   11  76   82    2  350  -27  350  -27   9  0  0 L3P E1
G19 FF 61136 202200  780 672  317    -6962477    -22          22     -9   19  95   80   -4  415  -57  415  -57  16  0  0 L3P 1B
G20 FF 61136 202200  780 594 2488     -943311   -207          20     -7   15 131   85   -3  485   -2  485   -2  14  0  0 L3P FD
G22 FF 61136 202200  780 489 1671      227214    -73          -8    -14   16  32   98    8  356   -6  356   -6  15  0  0 L3P DD
G30 FF 61136 202200  780 389  939    -1784689   -125         -10      7   24  37  117    8  386  -13  386  -13  20  0  0 L3P 2D
G13 FF 61136 203800  780 723 2587    -6806108     27           9     11   15   0   77   -1  404  -13  404  -13  14  0  0 L3P DC
G14 FF 61136 203800  780 311 1416    -7423014      6         -11     20   30  65  142   19  337  -44  337  -44  25  0  0 L3P 08
G15 FF 61136 203800  780 380 2426    -4008243    -36          25     -3   20  83  119   -9  603  -25  603  -25  18  0  0 L3P 1E
G17 FF 61136 203800  780 599 1203     1065464     88          -6     -4   17  76   85    4  321  -22  321  -22  16  0  0 L3P ED
G19 FF 61136 203800  780 733  501    -6962486      2          25     14   25  95   77   -2  364  -59  364  -59  16  0  0 L3P 09
G20 FF 61136 203800  780 618 2647     -943485   -275          38    -75   39 131   83   -1  470   42  470   42  24  0  0 L3P 32
G22 FF 61136 203800  780 438 1596      227169    -78           4    -19   26  32  106   10  326  -14  326  -14  25  0  0 L3P 0F
G30 FF 61136 203800  780 357  853    -1784811   -160          -5    -28   24  37  126   11  382   25  382   25  22  0  0 L3P 20
G06 FF 61136 205400  780 202  399     6115438      0          32     13   34  48  211  -47  710 -207  710 -207  29  0  0 L3P 17
G13 FF 61136 205400  780 725 2870    -6806094     16           8      0   10   0   77    1  400   -1  400   -1   9  0  0 L3P 7A
G14 FF 61136 205400  780 267 1359    -7423040    -33         -24    -19   24  65  163   24  318  -14  318  -14  18  0  0 L3P 47
G15 FF 61136 205400  780 407 2513    -4008277    -19          23     14   23  83  113   -5  589  -34  589  -34  20  0  0 L3P 30
G17 FF 61136 205400  780 543 1305     1065541     94         -16      2   17  76   91    7  304  -28  304  -28  14  0  0 L3P EA
G19 FF 61136 205400  780 761  818    -6962513    -53          10    -40   21  95   76    0  326  -21  326  -21  15  0  0 L3P 04
G20 FF 61136 205400  780 615 2822     -943684   -221          32    -21   17 131   84    1  478   27  478   27  15  0  0 L3P 17
G22 FF 61136 205400  780 390 1527      227105    -45          -4     14   22  32  117   12  308  -39  308  -39  19  0  0 L3P 00
G30 FF 61136 205400  780 321  773    -1784932   -135           0     -3   32  37  138   15  378    3  378    3  27  0  0 L3P E0
G06 FF 61136 211000  780 249  460     6115409      0          15     12   48  48  174  -31  570 -157  570 -157  35  0  0 L3P 21
G13 FF 61136 211000  780 687 3105    -6806082     -7           3    -23   11   0   79    3  415   47  415   47  10  0  0 L3P BC
G14 FF 61136 211000  780 227 1302    -7423035     16          -6     30   30  65  189   31  269  -63  269  -63  20  0  0 L3P 12
G15 FF 61136 211000  780 420 2611    -4008307    -11          24     22   35  83  110   -1  585   -7  585   -7  32  0  0 L3P EC
G17 FF 61136 211000  780 478 1368     1065637    116          -9     24   28  76   99   11  273  -46  273  -46  27  0  0 L3P 2D
G19 FF 61136 211000  780 737 1138    -6962552     23         -17     36   15  95   77    2  305  -52  305  -52  12  0  0 L3P 10
G20 FF 61136 211000  780 587 2980     -943875   -184          33     16   16 131   86    4  498   20  498   20  14  0  0 L3P 18
G22 FF 61136 211000  780 346 1459      227035    -42         -17     17   18  32  129   15  288  -55  288  -55  15  0  0 L3P 25
G24 FF 61136 211000  780 227 2195      479927    -86           3     88   26  23  190  -45  546 -197  546 -197  25  0  0 L3P 5A
G30 FF 61136 211000  780 281  701    -1785077    -62         -18     69   29  37  156   22  401  -43  401  -43  26  0  0 L3P 25
G06 FF 61136 212600  780 295  527     6115392    -33          10    -20   29  48  149  -22  462  -81  462  -81  23  0  0 L3P 2E
G12 FF 61136 212600  780 204 2624     6079895    -51           2    -51   36  37  209  -29  981  -87  981  -87  32  0  0 L3P 4F
G13 FF 61136 212600  780 624 3250    -6806071    -10           0    -26   14   0   83    5  456   72  456   72  13  0  0 L3P CC
G14 FF 61136 212600  780 190 1243    -7423076    -35         -34    -22   23  65  224   41  252  -23  252  -23  17  0  0 L3P 35
G15 FF 61136 212600  780 419 2714    -4008347     -6          16     27   31  83  110    2  617    0  617    0  25  0  0 L3P BF
G17 FF 61136 212600  780 409 1405     1065722     83         -12     -9   22  76  112   16  247  -31  247  -31  19  0  0 L3P 16
G19 FF 61136 212600  780 679 1320    -6962550     13          -3     26   17  95   79    4  270  -42  270  -42  15  0  0 L3P 05
G20 FF 61136 212600  780 541 3104     -944074   -201          26     -1   17 131   91    6  546   49  546   49  14  0  0 L3P FA
G22 FF 61136 212600  780 304 1393      226990    -30          -5     29   17  32  145   18  238  -68  238  -68  12  0  0 L3P 14
G24 FF 61136 212600  780 284 2173      479758   -186           1    -12   30  23  154  -30  432  -78  432  -78  26  0  0 L3P 37
G30 FF 61136 212600  780 237  636    -1785180    -67           6     64   39  37  182   34  411  -10  411  -10  34  0  0 L3P 07
G06 FF 61136 214200  780 338  602     6115390     37          19     50   25  48  132  -15  378 -106  378 -106  20  0  0 L3P 33
G11 FF 61136 214200  780 210  154     3818237   -175          26    -48   34 144  204  -53  924 -151  924 -151  24  0  0 L3P 6C
G12 FF 61136 214200  780 232 2553     6079917      4          25      4   28  37  185  -21  822 -142  822 -142  24  0  0 L3P 22
G13 FF 61136 214200  780 552 3340    -6806054     20           1      4   19   0   90    8  500   44  500   44  17  0  0 L3P 93
G15 FF 61136 214200  780 405 2816    -4008378    -14          17     19   25  83  113    5  638    2  638    2  23  0  0 L3P E1
G17 FF 61136 214200  780 340 1424     1065816     78          -7    -14   20  76  131   24  214  -13  214  -13  18  0  0 L3P 08
G19 FF 61136 214200  780 608 1408    -6962544     24          15     37   19  95   84    6  244  -44  244  -44  17  0  0 L3P 17
G20 FF 61136 214200  780 484 3199     -944265   -187          27     13   23 131   98    9  588   30  588   30  18  0  0 L3P 25
G22 FF 61136 214200  780 265 1327      226940    -56           2      3   19  32  164   22  203  -27  203  -27  15  0  0 L3P D7
G24 FF 61136 214200  780 344 2158      479590   -121           1     53   22  23  130  -21  366  -97  366  -97  16  0  0 L3P 24
G30 FF 61136 214200  780 190  579    -1785305   -129           8      3   33  37  224   56  464   71  464   71  30  0  0 L3P FD
G06 FF 61136 215800  780 377  687     6115368     40          10     52   33  48  120  -10  319 -108  319 -108  28  0  0 L3P 3B
G11 FF 61136 215800  780 268  199     3818128   -122          40      6   34 144  163  -34  740 -196  740 -196  29  0  0 L3P 6B
G12 FF 61136 215800  780 259 2480     6079905    -51          12    -51   26  37  168  -16  692 -112  692 -112  23  0  0 L3P 6E
G13 FF 61136 215800  780 478 3400    -6806044     -9          -4    -25   27   0   99   12  548   83  548   83  26  0  0 L3P 02
G15 FF 61136 215800  780 379 2911    -4008405    -63          22    -30   15  83  120    9  656   61  656   61  12  0  0 L3P 14
G17 FF 61136 215800  780 273 1429     1065910     71          -1    -21   21  76  160   37  180  -22  180  -22  17  0  0 L3P 0F
G19 FF 61136 215800  780 535 1449    -6962553     -3          18     10   18  95   92    9  225  -21  225  -21  16  0  0 L3P 0A
G20 FF 61136 215800  780 423 3272     -944461   -170          23     30   23 131  109   14  637   46  637   46  20  0  0 L3P 20
G22 FF 61136 215800  780 228 1262      226864     22         -17     81   23  32  188   28  193  -87  193  -87  18  0  0 L3P 2B
G24 FF 61136 215800  780 408 2150      479413   -170          -9      4   20  23  113  -15  339  -40  339  -40  18  0  0 L3P 0F
G06 FF 61136 221400  780 407  782     6115349    -32           6    -20   25  54  113   -6  274  -31  274  -31  21  0  0 L3P F8
G11 FF 61136 221400  780 329  247     3818002   -119          42      8   28 145  135  -23  586 -147  586 -147  23  0  0 L3P 60
G12 FF 61136 221400  780 285 2407     6079910    -29          17    -29   29  38  153  -13  552 -106  552 -106  26  0  0 L3P 6A
G13 FF 61136 221400  780 403 3445    -6806045     41         -17     25   39   1  114   18  629   70  629   70  35  0  0 L3P 05
G15 FF 61136 221400  780 344 2997    -4008435    -40          28     -7   30  88  130   13  706   78  706   78  25  0  0 L3P 25
G17 FF 61136 221400  780 207 1424     1066003     68          -4    -24   35  82  207   63  145    2  145    2  25  0  0 L3P CC
G19 FF 61136 221400  780 462 1465    -6962561      3          16     15   21 101  102   13  195  -36  195  -36  20  0  0 L3P 19
G20 FF 61136 221400  780 360 3330     -944654   -244          25    -44   45 132  125   19  717  142  717  142  45  0  0 L3P 55
G22 FF 61136 221400  780 194 1196      226848    -20          21     39   30 105  220   37  138  -28  138  -28  24  0  0 L3P 1D
G24 FF 61136 221400  780 474 2153      479257   -157           2     17   14  24  100  -11  293  -39  293  -39  13  0  0 L3P 1E
G06 FF 61136 223000  780 426  887     6115336    -14           5     -2   29  54  109   -2  237  -32  237  -32  25  0  0 L3P F1
G11 FF 61136 223000  780 391  302     3817869   -126          31      2   13 145  116  -16  478 -110  478 -110  11  0  0 L3P 43
G12 FF 61136 223000  780 311 2332     6079907     -4          14     -4   21  38  142  -11  440  -98  440  -98  20  0  0 L3P 0A
G13 FF 61136 223000  780 331 3483    -6806008     41           4     25   13   1  135   26  727  122  727  122   9  0  0 L3P E8
G15 FF 61136 223000  780 303 3074    -4008458    -48          37    -15   36  88  145   19  785  114  785  114  25  0  0 L3P 5B
G19 FF 61136 223000  780 392 1465    -6962565     39          24     51   22 101  116   18  157  -79  157  -79  20  0  0 L3P 4A
G20 FF 61136 223000  780 299 3381     -944844   -194          27      6   45 132  147   28  832  129  832  129  42  0  0 L3P 53
G24 FF 61136 223000  780 543 2172      479092   -174           4      0   17  24   91   -8  272  -13  272  -13  15  0  0 L3P DE
G06 FF 61136 224600  780 429  995     6115325    -25           6    -13   20  54  108    1  205   -4  205   -4  16  0  0 L3P CA
G11 FF 61136 224600  780 454  368     3817744   -127          29      1   19 145  103  -11  388  -86  388  -86  16  0  0 L3P 4F
G12 FF 61136 224600  780 338 2257     6079908     -9          16     -9   29  38  132  -10  353  -65  353  -65  25  0  0 L3P 32
G13 FF 61136 224600  780 262 3518    -6806006     13          -9     -3   22   1  166   41  891  177  891  177  15  0  0 L3P 1F
G15 FF 61136 224600  780 260 3144    -4008481     13          27     46   30   1  167   27  879   62  879   62  25  0  0 L3P 09
G19 FF 61136 224600  780 326 1455    -6962566     29          35     42   29 101  136   25  126  -69  126  -69  25  0  0 L3P 51
G20 FF 61136 224600  780 240 3427     -945017   -197          46      3   26 132  180   42  950  123  950  123  17  0  0 L3P 37
G24 FF 61136 224600  780 612 2216      478927   -205           6    -31   15  24   84   -6  263   25  263   25  13  0  0 L3P ED
G06 FF 61136 230200  780 417 1099     6115321      5          14     17   21  54  111    5  182  -27  182  -27  19  0  0 L3P E3
G11 FF 61136 230200  780 514  452     3817615   -125          21      2   18 145   94   -8  327  -58  327  -58  15  0  0 L3P 10
G12 FF 61136 230200  780 366 2182     6079907     24          15     24   20  38  123   -9  299  -71  299  -71  17  0  0 L3P 23
G13 FF 61136 230200  780 197 3552    -6805967     33          15     17   34   1  217   68 1017   85 1017   85  24  0  0 L3P 29
G15 FF 61136 230200  780 216 3209    -4008520    -51          20    -18   18   1  199   39  951   42  951   42  15  0  0 L3P 0A
G19 FF 61136 230200  780 263 1438    -6962585     54          28     67   21 101  166   37  124  -67  124  -67  15  0  0 L3P 48
G20 FF 61136 230200  780 184 3470     -945224   -186          31     14   31 132  231   64 1039   24 1039   24  22  0  0 L3P 36
G24 FF 61136 230200  780 678 2305      478754   -190           0    -16   20  24   79   -4  268   12  268   12  18  0  0 L3P F4
G06 FF 61136 231800  780 389 1193     6115317    -38          21    -25   30  54  117    9  160   12  160   12  26  0  0 L3P F9
G11 FF 61136 231800  780 566  562     3817488   -126          17      1   17 145   88   -5  281  -45  281  -45  14  0  0 L3P 21
G12 FF 61136 231800  780 396 2104     6079907    -11          15    -11   29  38  115   -8  261  -22  261  -22  28  0  0 L3P 26
G19 FF 61136 231800  780 204 1414    -6962571    -14          54     -1   45 101  210   57   93   11   93   11  37  0  0 L3P F4
G24 FF 61136 231800  780 733 2482      478589   -173           2      0   14  24   77   -2  265    7  265    7  12  0  0 L3P B9
