CGGTTS     GENERIC DATA FORMAT VERSION = 2E
REV DATE = 2025-11-01
RCVR = PolaRx5TR (5.6.0)     sbf2cggtts-1.5.0
CH = 80
IMS = PolaRx5TR
LAB = LRTE
X = 3967035.920 m
Y = -4390028.540 m
Z = -2375644.640 m
FRAME = ITRF
COMMENTS = LS=18; ElMask=10deg; 'Generated from the SBF in 2026-05-02 at 23:54:00'
INT DLY = 24.9 ns (GPS P1),  15.7 ns (GPS P2)     CAL_ID = 1201-2025
CAB DLY = 103.1 ns
REF DLY = 47.2 ns
REF = UTC(LRTE)
CKSUM = fa

SAT CL  MJD  STTIME TRKL ELV AZTH   REFSV      SRSV     REFSYS    SRSYS  DSG IOE MDTR SMDT MDIO SMDI MSIO SMSI ISG FR HC FRC CK
             hhmmss  s  .1dg .1dg    .1ns     .1ps/s     .1ns    .1ps/s .1ns     .1ns.1ps/s.1ns.1ps/s.1ns.1ps/s.1ns
G05 FF 61162 001400  780 409  746     2324614      1           9     -3   19  89  112   -7   79    5   79    5  16  0  0 L3P 7D
G12 FF 61162 001400  780 613  900     6078491      3          12      5   16  71   84    2   64  -12   64  -12  14  0  0 L3P 80
G18 FF 61162 001400  780 334 3133     3628590   -111          13    -18   29 192  133  -23  143  -29  143  -29  20  0  0 L3P 50
G21 FF 61162 001400  780 282 1042    -4149966    -57           0    -58   31 152  155    2   73   40   73   40  26  0  0 L3P E0
G25 FF 61162 001400  780 634 1941    -4258708     40           8     11   15  39   82   -5   59  -20   59  -20  12  0  0 L3P D1
G29 FF 61162 001400  780 432 2199     3294857   -102          36    -28   27  62  107   -3   59   15   59   15  23  0  0 L3P 0B
G05 FF 61162 003000  780 431  850     2324615     28           5     24   21  89  108   -3   79  -27   79  -27  17  0  0 L3P CB
G12 FF 61162 003000  780 579  752     6078487      4           9      5   16  71   87    4   68   -1   68   -1  13  0  0 L3P 72
G18 FF 61162 003000  780 394 3069     3628491   -124           3    -31   30 192  116  -15  121   -1  121   -1  22  0  0 L3P 0A
G21 FF 61162 003000  780 271 1124    -4149960    -42           5    -43   45 152  161    9   62   28   62   28  40  0  0 L3P DD
G25 FF 61162 003000  780 708 1891    -4258676     32          13      3   13  39   78   -4   53   -8   53   -8  11  0  0 L3P B8
G28 FF 61162 003000  780 224 2402     5409114    -71          24     29   34  10  192  -20  121  -26  121  -26  28  0  0 L3P 0B
G29 FF 61162 003000  780 445 2101     3294774    -95          24    -21   20  62  105   -2   64   13   64   13  17  0  0 L3P D8
G05 FF 61162 004600  780 439  959     2324629     31          15     27   24  89  106    0   59  -45   59  -45  22  0  0 L3P E0
G12 FF 61162 004600  780 533  632     6078476     36          -1     37   22  71   92    6   71  -35   71  -35  19  0  0 L3P BC
G18 FF 61162 004600  780 449 2989     3628409   -120          10    -27   41 192  104  -10   96  -11   96  -11  28  0  0 L3P 42
G21 FF 61162 004600  780 250 1199    -4149957     49           7     48   26 152  173   18   56  -53   56  -53  20  0  0 L3P 13
G25 FF 61162 004600  780 784 1809    -4258649     56          12     28   13  39   75   -2   46  -41   46  -41  12  0  0 L3P F8
G28 FF 61162 004600  780 243 2476     5409033   -127          39    -27   38  10  178  -10  111   19  111   19  35  0  0 L3P 2E
G29 FF 61162 004600  780 457 2002     3294702   -103          23    -29   15  62  103   -2   58   16   58   16  12  0  0 L3P EF
G05 FF 61162 010200  780 431 1067     2324623     -2           5     -6   24  89  108    3   56   -2   56   -2  23  0  0 L3P 88
G12 FF 61162 010200  780 477  537     6078478     15           2     16   16  71   99   10   68  -12   68  -12  15  0  0 L3P C3
G18 FF 61162 010200  780 499 2891     3628317    -76           8     17   14 192   96   -7   77  -33   77  -33  11  0  0 L3P 07
G21 FF 61162 010200  780 219 1266    -4149952     31          11     30   34 152  196   31   45  -25   45  -25  28  0  0 L3P 01
G25 FF 61162 010200  780 857 1503    -4258644     49         -10     21   41  39   74   -1   57  -24   57  -24  41  0  0 L3P F1
G28 FF 61162 010200  780 251 2555     5408925    -91          27      9   32  10  172   -2  120  -11  120  -11  31  0  0 L3P E8
G29 FF 61162 010200  780 469 1901     3294634    -66          26      8   22  62  101   -2   44  -15   44  -15  21  0  0 L3P DB
G05 FF 61162 011800  780 407 1165     2324637     29          14     24   25  89  113    7   46  -16   46  -16  23  0  0 L3P DE
G12 FF 61162 011800  780 416  464     6078481      5           7      7   26  71  111   14   70   -2   70   -2  20  0  0 L3P 72
G18 FF 61162 011800  780 539 2772     3628232   -101          12     -7   11 192   91   -4   62  -11   62  -11  11  0  0 L3P F0
G25 FF 61162 011800  780 840  423    -4258612     61          -5     33    9  39   74    1   47  -32   47  -32   8  0  0 L3P A2
G28 FF 61162 011800  780 250 2637     5408835   -154          33    -54   37  10  173    4  124   70  124   70  35  0  0 L3P 10
G29 FF 61162 011800  780 479 1798     3294564    -57          26     17   17  62   99   -2   43  -20   43  -20  14  0  0 L3P FF
G05 FF 61162 013400  780 371 1247     2324646     45          19     41   29  89  122   12   42  -35   42  -35  23  0  0 L3P E9
G12 FF 61162 013400  780 352  407     6078499     27          25     28   26  71  128   21   62  -10   62  -10  19  0  0 L3P DA
G18 FF 61162 013400  780 567 2635     3628151    -93          21      0   15 192   88   -2   43   -4   43   -4  14  0  0 L3P C0
G23 FF 61162 013400  780 285 3529    -6427046    -53          32    -10   33 166  154  -38  181  -95  181  -95  28  0  0 L3P 6B
G25 FF 61162 013400  780 761  233    -4258586     41          -6     13   13  39   76    3   47    1   47    1  11  0  0 L3P 7F
G28 FF 61162 013400  780 238 2718     5408740    201          34    301   34  10  181   11  149 -258  149 -258  30  0  0 L3P 57
G29 FF 61162 013400  780 488 1693     3294481    -67          14      7   13  62   98   -1   51   -6   51   -6  11  0  0 L3P BF
G05 FF 61162 015000  780 325 1313     2324653      6          22      1   23  89  137   19   42   -1   42   -1  19  0  0 L3P 8F
G12 FF 61162 015000  780 285  364     6078499    -45          26    -43   37  71  154   34   77   65   77   65  32  0  0 L3P FD
G18 FF 61162 015000  780 582 2484     3628050   -138           9    -45   14 192   87   -1   45   18   45   18  12  0  0 L3P F6
G23 FF 61162 015000  780 360 3535    -6427100    -70          19    -27   22 166  125  -24  118  -40  118  -40  18  0  0 L3P 45
G25 FF 61162 015000  780 678  175    -4258552     16           1    -12   19  39   79    5   46   18   46   18  14  0  0 L3P BA
G28 FF 61162 015000  780 219 2796     5408643    -65          34     36   34  10  196   20  204   18  204   18  30  0  0 L3P 06
G29 FF 61162 015000  780 496 1584     3294413   -102          17    -28   15  62   96   -1   44   20   44   20  14  0  0 L3P E4
G05 FF 61162 020600  780 272 1363     2324673      2          32     -3   28  90  160   31   33    8   33    8  22  0  0 L3P 86
G12 FF 61162 020600  780 219  332     6078487    -18          17    -17   25  72  196   56  106   66  106   66  18  0  0 L3P 15
G18 FF 61162 020600  780 582 2330     3627970   -127          18    -34   21 193   86    1   32   27   32   27  18  0  0 L3P F3
G23 FF 61162 020600  780 439 3536    -6427134    -14          27     29   17 167  106  -16   69  -55   69  -55  12  0  0 L3P 3D
G25 FF 61162 020600  780 594  147    -4258526      1          -1    -27   20  40   85    8   50   22   50   22  19  0  0 L3P 97
G26 FF 61162 020600  780 228 2239     3603926     14          28    -29   29  90  189  -45   46   14   46   14  27  0  0 L3P 04
G29 FF 61162 020600  780 501 1471     3294348   -114          18    -40   18  63   96    0   40   44   40   44  15  0  0 L3P D4
G05 FF 61162 022200  780 216 1398     2324687    -33          42    -38   33  90  199   50   28   25   28   25  28  0  0 L3P FE
G18 FF 61162 022200  780 571 2183     3627876    -86          14      7   17 193   88    2   31  -12   31  -12  14  0  0 L3P DD
G23 FF 61162 022200  780 522 3534    -6427184    -15          18     28   16 167   93  -11   54  -36   54  -36  13  0  0 L3P 19
G25 FF 61162 022200  780 511  131    -4258488     46          10     17   24  40   94   11   43   -7   43   -7  20  0  0 L3P A2
G26 FF 61162 022200  780 283 2275     3603955     59          15     16   34  90  155  -28   50  -11   50  -11  31  0  0 L3P F4
G29 FF 61162 022200  780 503 1356     3294261    -28           2     46   15  63   96    0   55  -40   55  -40  12  0  0 L3P BE
G15 FF 61162 023800  780 229  849    -4080083   -109           9    -76   37  26  188  -14   58   66   58   66  33  0  0 L3P 21
G18 FF 61162 023800  780 551 2049     3627791    -60          18     33   24 193   90    3   27  -32   27  -32  22  0  0 L3P EF
G23 FF 61162 023800  780 607 3527    -6427238    -68           6    -25   16 167   84   -7   56   14   56   14  16  0  0 L3P FF
G25 FF 61162 023800  780 431  122    -4258454     15          16    -13   42  40  108   17   54   30   54   30  38  0  0 L3P CB
G26 FF 61162 023800  780 334 2326     3604003     -7          21    -51   21  90  133  -18   44   36   44   36  19  0  0 L3P DC
G29 FF 61162 023800  780 499 1239     3294229    -76          41     -3   17  63   96    1   24   10   24   10  16  0  0 L3P C2
G10 FF 61162 025400  780 301 3349     5872996    -50           6    -33   19  86  147  -33  146  -40  146  -40  17  0  0 L3P 34
G15 FF 61162 025400  780 243  927    -4080105      5          18     38   33  26  178   -7   43  -42   43  -42  28  0  0 L3P D5
G18 FF 61162 025400  780 525 1929     3627692    -90           9      3   17 193   93    3   32   -3   32   -3  15  0  0 L3P AF
G23 FF 61162 025400  780 694 3515    -6427285    -43           1      1   22 167   79   -5   51   -7   51   -7  20  0  0 L3P C1
G25 FF 61162 025400  780 353  119    -4258427     47          16     18   27  40  127   25   78    7   78    7  21  0  0 L3P BE
G26 FF 61162 025400  780 379 2392     3604032     24           9    -19   19  90  120  -11   48    6   48    6  15  0  0 L3P BE
G29 FF 61162 025400  780 488 1122     3294159   -110          41    -36   22  63   98    2   27   43   27   43  19  0  0 L3P E6
G10 FF 61162 031000  780 373 3319     5872973    -35          -1    -18   47  86  121  -21  108  -16  108  -16  43  0  0 L3P 33
G15 FF 61162 031000  780 248 1006    -4080141   -113          14    -80   30  26  174   -1   41   66   41   66  25  0  0 L3P E9
G18 FF 61162 031000  780 497 1821     3627597   -116           3    -23   22 193   96    4   32   18   32   18  19  0  0 L3P E9
G23 FF 61162 031000  780 782 3492    -6427331    -75          -4    -32   16 167   75   -3   49   27   49   27  15  0  0 L3P 03
G25 FF 61162 031000  780 278  122    -4258404      8          11    -20   16  40  157   39  116   73  116   73  15  0  0 L3P E1
G26 FF 61162 031000  780 414 2475     3604069     33           4    -10   17  90  111   -7   48    9   48    9  15  0  0 L3P A4
G29 FF 61162 031000  780 471 1009     3294088    -76          42     -2   25  63  100    4   26    2   26    2  22  0  0 L3P 94
G10 FF 61162 032600  780 447 3276     5872963    -48           6    -31   23  86  105  -14   83   15   83   15  20  0  0 L3P F5
G15 FF 61162 032600  780 245 1083    -4080162     60          25     93   30  26  176    6   30  -78   30  -78  24  0  0 L3P E7
G16 FF 61162 032600  780 244 2261    -2554965    -61          10      8   38 120  178  -35   53  -16   53  -16  34  0  0 L3P 18
G18 FF 61162 032600  780 468 1722     3627513    -76           8     17   22 193  101    5   28  -18   28  -18  20  0  0 L3P F2
G23 FF 61162 032600  780 869 3394    -6427355    -71          14    -27   16 167   74   -1   30   31   30   31  15  0  0 L3P FA
G26 FF 61162 032600  780 437 2573     3604109     39           3     -4   22  90  106   -3   54    2   54    2  20  0  0 L3P 86
G29 FF 61162 032600  780 446  902     3294020    -54          44     20   21  63  105    6   32  -16   32  -16  19  0  0 L3P C8
G10 FF 61162 034200  780 520 3214     5872941    -35           1    -18   14  86   93   -9   73    3   73    3  12  0  0 L3P 9E
G15 FF 61162 034200  780 232 1157    -4080202    -43          16    -10   24  26  186   14   38   13   38   13  21  0  0 L3P DE
G16 FF 61162 034200  780 291 2313    -2555037    -98           4    -29   30 120  151  -22   50   22   50   22  26  0  0 L3P F0
G18 FF 61162 034200  780 439 1629     3627416   -126           1    -32   24 193  106    6   34   24   34   24  21  0  0 L3P E8
G23 FF 61162 034200  780 843 1753    -6427405    -31           5     12   12 167   74    1   33  -18   33  -18  11  0  0 L3P D7
G26 FF 61162 034200  780 444 2681     3604150     36           2     -7   20  90  105    0   61   17   61   17  17  0  0 L3P 98
G29 FF 61162 034200  780 413  804     3293950    -49          45     25   26  63  111    8   36  -18   36  -18  21  0  0 L3P DF
G10 FF 61162 035800  780 590 3125     5872929    -23           4     -5   12  86   86   -6   63    2   63    2  10  0  0 L3P 96
G15 FF 61162 035800  780 209 1224    -4080228   -120          22    -87   35  26  204   25   36   82   36   82  30  0  0 L3P 06
G16 FF 61162 035800  780 332 2378    -2555114    -71          -6     -1   19 120  134  -14   64    3   64    3  16  0  0 L3P D6
G18 FF 61162 035800  780 412 1542     3627346    -98          21     -5   20 193  112    6   23   16   23   16  17  0  0 L3P D8
G23 FF 61162 035800  780 758 1697    -6427457     -8          -5     35   19 167   76    3   46  -29   46  -29  18  0  0 L3P 15
G26 FF 61162 035800  780 437 2791     3604188     30          -1    -13   21  90  106    3   75   22   75   22  18  0  0 L3P C9
G29 FF 61162 035800  780 375  716     3293899    -46          66     28   17  63  121   12   30   -6   30   -6  16  0  0 L3P DC
G10 FF 61162 041400  780 651 2993     5872914    -37           9    -20   15  94   81   -4   56   10   56   10  13  0  0 L3P CA
G16 FF 61162 041400  780 363 2458    -2555174    -72          -1     -3   24 121  124   -8   68    9   68    9  21  0  0 L3P D5
G18 FF 61162 041400  780 385 1458     3627249    -66          12     27   16 194  118    7   32  -27   32  -27  15  0  0 L3P 0D
G23 FF 61162 041400  780 676 1665    -6427501    -42          -7      1   15 168   80    5   48   -6   48   -6  14  0  0 L3P C7
G26 FF 61162 041400  780 415 2895     3604235     41           4     -2   22  91  111    6   88   10   88   10  17  0  0 L3P A4
G29 FF 61162 041400  780 330  639     3293819    -73          55      0   32  64  135   18   45   13   45   13  26  0  0 L3P C4
G10 FF 61162 043000  780 697 2796     5872894    -24           5     -7   14  94   78   -2   55    3   55    3  13  0  0 L3P AC
G16 FF 61162 043000  780 383 2549    -2555239    -73           2     -4   27 121  119   -4   75   14   75   14  22  0  0 L3P E6
G18 FF 61162 043000  780 360 1375     3627166   -111          19    -18   20 194  125    8   29   29   29   29  16  0  0 L3P 0C
G23 FF 61162 043000  780 597 1636    -6427529    -19           7     24   19 168   85    7   39  -13   39  -13  15  0  0 L3P 03
G26 FF 61162 043000  780 383 2990     3604278     61           6     18   21  91  119   10  107   11  107   11  17  0  0 L3P DB
G27 FF 61162 043000  780 244 2174     1327009    165          42     -6   35 123  177  -42   43    4   43    4  30  0  0 L3P CD
G29 FF 61162 043000  780 281  572     3293752    -67          59      7   32  64  156   27   57   10   57   10  25  0  0 L3P CF
G10 FF 61162 044600  780 716 2536     5872876    -31           4    -14   11  94   78    0   53    8   53    8   9  0  0 L3P 97
G16 FF 61162 044600  780 389 2648    -2555300    -83           7    -14   21 121  117    0   77   23   77   23  18  0  0 L3P EF
G18 FF 61162 044600  780 336 1295     3627069   -123          11    -30   21 194  133    9   44   35   44   35  15  0  0 L3P 02
G23 FF 61162 044600  780 522 1605    -6427568    -47           9     -4   20 168   93    9   41    8   41    8  17  0  0 L3P B6
G26 FF 61162 044600  780 343 3073     3604319     18           5    -25   47  91  130   15  131   46  131   46  33  0  0 L3P ED
G27 FF 61162 044600  780 306 2166     1327180    144          49    -28   25 123  144  -28   31   21   31   21  22  0  0 L3P 02
G29 FF 61162 044600  780 228  515     3293686    -20          37     52   36   8  189   44   64  -30   64  -30  26  0  0 L3P ED
G32 FF 61162 044600  780 284   61     -320283   -166          10     34   23   2  154  -35  116  -61  116  -61  19  0  0 L3P F2
G10 FF 61162 050200  780 701 2276     5872868      9          12     26   16  94   78    1   40  -27   40  -27  14  0  0 L3P BF
G16 FF 61162 050200  780 381 2748    -2555367    -63           6      6   20 121  119    4   82   -8   82   -8  16  0  0 L3P CA
G18 FF 61162 050200  780 312 1215     3626993    -53          25     41   18 194  142   10   38  -32   38  -32  14  0  0 L3P 05
G23 FF 61162 050200  780 452 1572    -6427608    -55          10    -12   25 168  104   13   42    6   42    6  22  0  0 L3P D8
G26 FF 61162 050200  780 299 3147     3604357     53           1     10   19  91  147   21  159   17  159   17  15  0  0 L3P F0
G27 FF 61162 050200  780 371 2168     1327300    126           4    -46   19 123  122  -19   64   29   64   29  16  0  0 L3P FE
G32 FF 61162 050200  780 353   91     -320472   -213          13    -13   19   2  127  -23   83   -6   83   -6  16  0  0 L3P B4
G10 FF 61162 051800  780 662 2074     5872848     -5           9     12   15  94   80    3   41   -8   41   -8  13  0  0 L3P 99
G16 FF 61162 051800  780 360 2844    -2555436    -15           4     54   19 121  125    8   88  -32   88  -32  18  0  0 L3P 07
G18 FF 61162 051800  780 288 1137     3626916    -96          37     -3   39 194  152   12   31    5   31    5  36  0  0 L3P DD
G23 FF 61162 051800  780 386 1536    -6427645    -61          15    -18   29 168  118   17   37    9   37    9  25  0  0 L3P 0C
G26 FF 61162 051800  780 253 3214     3604413     71          16     28   22  91  171   30  169    9  169    9  17  0  0 L3P DD
G27 FF 61162 051800  780 437 2183     1327474    170          12     -1   19 123  106  -14   50   -2   50   -2  17  0  0 L3P E2
G32 FF 61162 051800  780 426  123     -320665   -206          12     -6   28   2  109  -16   63  -12   63  -12  27  0  0 L3P D9
G10 FF 61162 053400  780 610 1930     5872827    -41           4    -24   16  94   84    5   41   10   41   10  14  0  0 L3P A8
G16 FF 61162 053400  780 330 2934    -2555497    -61           9      8   29 121  135   13   86   -7   86   -7  23  0  0 L3P E8
G18 FF 61162 053400  780 263 1060     3626825   -101          35     -8   39 194  165   15   32    8   32    8  34  0  0 L3P E1
G23 FF 61162 053400  780 325 1498    -6427681    -73          21    -30   25 168  136   23   29   23   29   23  20  0  0 L3P 12
G27 FF 61162 053400  780 505 2215     1327649    188          23     16   20 123   95  -10   39  -25   39  -25  20  0  0 L3P 0D
G32 FF 61162 053400  780 501  163     -320861   -230           9    -30   15   2   96  -11   52   15   52   15  13  0  0 L3P A2
G08 FF 61162 055000  780 244 2213    -4510353     95           5     22   34  68  177  -42   52  -22   52  -22  29  0  0 L3P F0
G10 FF 61162 055000  780 555 1821     5872815    -27           8    -10   16  94   89    6   37    8   37    8  14  0  0 L3P AB
G16 FF 61162 055000  780 293 3015    -2555571    -83           2    -14   31 121  150   19  102   26  102   26  26  0  0 L3P 06
G18 FF 61162 055000  780 237  985     3626724   -101          25     -8   28 194  182   20   39    4   39    4  22  0  0 L3P D8
G23 FF 61162 055000  780 269 1457    -6427743    -21           0     22   24 168  162   31   45  -25   45  -25  19  0  0 L3P 0A
G27 FF 61162 055000  780 570 2275     1327811    137          20    -35   17 123   88   -7   36   28   36   28  15  0  0 L3P F7
G32 FF 61162 055000  780 578  219     -321049   -230          12    -30   16   2   87   -8   41   16   41   16  14  0  0 L3P AF
G08 FF 61162 060600  780 304 2241    -4510287     59           4    -13   27  82  145  -26   45   14   45   14  22  0  0 L3P E2
G10 FF 61162 060600  780 500 1732     5872788    -47           0    -30   17  95   96    8   39   27   39   27  15  0  0 L3P D2
G16 FF 61162 060600  780 252 3088    -2555633    -99          10    -30   39 122  172   28  103   27  103   27  29  0  0 L3P 34
G18 FF 61162 060600  780 209  912     3626645     26          34    119   32 195  205   27   35  -81   35  -81  27  0  0 L3P 10
G23 FF 61162 060600  780 217 1412    -6427756    -27          29     17   34 169  198   44   21    3   21    3  29  0  0 L3P E7
G27 FF 61162 060600  780 629 2377     1327967    147           9    -25   13 124   83   -4   39   16   39   16  11  0  0 L3P F5
G32 FF 61162 060600  780 652  306     -321248   -202           6     -1   16   5   81   -5   39    0   39    0  13  0  0 L3P 61
G08 FF 61162 062200  780 361 2284    -4510221     53          -1    -20   24  82  125  -17   46   18   46   18  22  0  0 L3P E5
G10 FF 61162 062200  780 447 1655     5872773    -17           1      0   23  95  104   10   41    8   41    8  19  0  0 L3P 96
G16 FF 61162 062200  780 210 3156    -2555706    -57           4     13   24 122  204   39  121    0  121    0  21  0  0 L3P C8
G27 FF 61162 062200  780 672 2539     1328126    160           3    -11   12 124   80   -2   42   10   42   10   9  0  0 L3P AE
G32 FF 61162 062200  780 717  464     -321439   -189           7     11   14   5   77   -3   37   -8   37   -8  13  0  0 L3P A2
G08 FF 61162 063800  780 414 2345    -4510149     51           2    -21   23  82  111  -11   41   18   41   18  20  0  0 L3P CD
G10 FF 61162 063800  780 397 1585     5872764      2           9     20   23  95  115   12   40  -11   40  -11  21  0  0 L3P C3
G27 FF 61162 063800  780 687 2758     1328298    185          10     14   13 124   79    0   39   -1   39   -1  12  0  0 L3P DD
G32 FF 61162 063800  780 755  743     -321622   -227          15    -27   33   5   76   -1   33   23   33   23  22  0  0 L3P B7
G02 FF 61162 065400  780 227 2187     -904206    -57          19     19   38  29  189  -44   35  -25   35  -25  34  0  0 L3P 1A
G08 FF 61162 065400  780 459 2427    -4510077     55           4    -18   18  82  102   -7   40   16   40   16  16  0  0 L3P D9
G10 FF 61162 065400  780 351 1517     5872748    -16           9      1   26  95  128   15   38    4   38    4  22  0  0 L3P A8
G27 FF 61162 065400  780 668 2977     1328469    206          16     35   17 124   80    2   39  -23   39  -23  14  0  0 L3P 08
G32 FF 61162 065400  780 743 1075     -321784   -160          46     40   14   5   76    1   14  -25   14  -25  12  0  0 L3P C5
G02 FF 61162 071000  780 285 2150     -904285   -104          13    -28   27  29  154  -30   36   19   36   19  26  0  0 L3P 04
G08 FF 61162 071000  780 491 2531    -4510011     73           0      0   21  82   97   -4   41   -5   41   -5  19  0  0 L3P 83
G10 FF 61162 071000  780 308 1451     5872754    -12          31      5   23  95  143   18   19   -9   19   -9  18  0  0 L3P CC
G27 FF 61162 071000  780 621 3143     1328638    192          20     21   13 124   83    4   40  -19   40  -19  12  0  0 L3P D9
G28 FF 61162 071000  780 234  398     5406727    -56          42     44   30  14  184  -35   35  -46   35  -46  20  0  0 L3P FF
G32 FF 61162 071000  780 691 1288     -321992   -220          29    -20   16   5   79    3   26   16   26   16  14  0  0 L3P C5
G02 FF 61162 072600  780 346 2116     -904368   -127           4    -51   17  29  129  -22   36   34   36   34  15  0  0 L3P F8
G08 FF 61162 072600  780 507 2652    -4509942     88          -1     15   14  82   95   -1   42   -5   42   -5  12  0  0 L3P C3
G10 FF 61162 072600  780 269 1386     5872718      7          12     24   24  95  162   22   39  -16   39  -16  19  0  0 L3P F5
G27 FF 61162 072600  780 559 3256     1328811    189          29     18   23 124   89    7   34  -15   34  -15  19  0  0 L3P 0C
G28 FF 61162 072600  780 281  461     5406624   -127          35    -27   43  14  156  -24   31   25   31   25  32  0  0 L3P F6
G32 FF 61162 072600  780 621 1394     -322185   -186          29     14   14   5   83    6   24  -16   24  -16  13  0  0 L3P D0
G02 FF 61162 074200  780 413 2087     -904428    -32          16     44   15  29  111  -16   25  -39   25  -39  13  0  0 L3P FE
G08 FF 61162 074200  780 504 2780    -4509875     67          -4     -6   18  82   95    2   48    6   48    6  14  0  0 L3P B0
G10 FF 61162 074200  780 233 1321     5872719    -27          29    -10   21  95  185   27   25   11   25   11  15  0  0 L3P E4
G27 FF 61162 074200  780 490 3335     1328974    214          27     43   35 124   97   11   36  -40   36  -40  34  0  0 L3P 07
G28 FF 61162 074200  780 326  532     5406521   -105          28     -4   21  14  136  -17   38    2   38    2  17  0  0 L3P BB
G31 FF 61162 074200  780 233  241     1517785    -78          25    -54   24 114  185  -41   42   32   42   32  20  0  0 L3P F0
G32 FF 61162 074200  780 547 1445     -322383   -196          23      4   22   5   90    9   29   -6   29   -6  20  0  0 L3P A2
G02 FF 61162 075800  780 484 2063     -904509    -72           8      4   19  29   98  -12   29    0   29    0  17  0  0 L3P A0
G08 FF 61162 075800  780 483 2901    -4509796     75           5      2   14  82   98    5   43   -2   43   -2  12  0  0 L3P A4
G27 FF 61162 075800  780 419 3393     1329128    159          16    -13   26 124  110   16   44    9   44    9  22  0  0 L3P ED
G28 FF 61162 075800  780 368  611     5406416   -118          18    -18   29  14  122  -12   40   15   40   15  24  0  0 L3P F7
G31 FF 61162 075800  780 287  294     1517761    -23          24      1   27 114  153  -28   35   -3   35   -3  24  0  0 L3P D3
G32 FF 61162 075800  780 473 1467     -322577   -196          21      4   26   5  100   12   28   -2   28   -2  24  0  0 L3P BE
G01 FF 61162 081400  780 265 2162    -2846637    104          10     15   29 140  165  -36   38  -14   38  -14  25  0  0 L3P 27
G02 FF 61162 081400  780 560 2045     -904584    -69          12      7   15  30   89   -8   34   -5   34   -5  12  0  0 L3P AB
G08 FF 61162 081400  780 447 3009    -4509718     75          12      3   35  83  104    8   39   -8   39   -8  22  0  0 L3P C8
G27 FF 61162 081400  780 350 3440     1329314    134          30    -38   40 129  128   23   33   36   33   36  36  0  0 L3P FB
G28 FF 61162 081400  780 404  702     5406326    -79          23     21   20  15  113   -8   37  -21   37  -21  16  0  0 L3P D5
G31 FF 61162 081400  780 343  351     1517737    -56          23    -32   22 115  130  -19   39   19   39   19  17  0  0 L3P FD
G32 FF 61162 081400  780 400 1471     -322765   -195          23      5   21  10  114   17   33   -7   33   -7  21  0  0 L3P B9
G01 FF 61162 083000  780 327 2140    -2846582    103         -21     13   22 140  136  -25   59   -6   59   -6  17  0  0 L3P 09
G02 FF 61162 083000  780 640 2038     -904657    -70          13      6   17  30   82   -6   33   -3   33   -3  14  0  0 L3P 98
G08 FF 61162 083000  780 402 3101    -4509647     80          13      7   15  83  114   12   41   -4   41   -4  12  0  0 L3P AB
G27 FF 61162 083000  780 282 3482     1329476    170          27     -2   21 129  155   34   38   -5   38   -5  18  0  0 L3P F6
G28 FF 61162 083000  780 430  803     5406244    -62          36     38   24  15  108   -4   23  -40   23  -40  22  0  0 L3P D0
G31 FF 61162 083000  780 399  417     1517707     20          16     44   21 115  115  -14   44  -31   44  -31  16  0  0 L3P EA
G32 FF 61162 083000  780 331 1463     -322961   -186          20     15   22  10  135   25   35  -19   35  -19  18  0  0 L3P FA
G01 FF 61162 084600  780 393 2125    -2846472     79           3    -11   23 140  116  -17   37   14   37   14  21  0  0 L3P F5
G02 FF 61162 084600  780 722 2051     -904732    -69          11      7    8  30   77   -4   32   -7   32   -7   8  0  0 L3P 87
G03 FF 61162 084600  780 222 2379    -4809977    141          -4    -12   35  26  193  -24   49    3   49    3  32  0  0 L3P F6
G08 FF 61162 084600  780 352 3178    -4509572     65          18     -8   18  83  127   17   40    6   40    6  14  0  0 L3P CD
G27 FF 61162 084600  780 219 3521     1329634    218          21     46   27 129  196   52   45  -42   45  -42  20  0  0 L3P 1D
G28 FF 61162 084600  780 442  911     5406129   -124          18    -24   28  15  105   -1   37   26   37   26  24  0  0 L3P EB
G31 FF 61162 084600  780 452  496     1517689    -56          21    -32   17 115  104   -9   41   24   41   24  15  0  0 L3P ED
G32 FF 61162 084600  780 265 1447     -323173   -188           0     12   22  10  164   38   56   -9   56   -9  20  0  0 L3P D5
G01 FF 61162 090200  780 462 2120    -2846390     96          -2      6   19 140  102  -13   40   -5   40   -5  16  0  0 L3P C5
G02 FF 61162 090200  780 806 2131     -904807    -70           9      7   11  30   75   -2   34    0   34    0  10  0  0 L3P 5F
G03 FF 61162 090200  780 251 2310    -4809831    146          -5     -7   28  26  173  -19   47    2   47    2  25  0  0 L3P D1
G04 FF 61162 090200  780 268 3024     -555309    -43          30    -30   27 170  163  -30   39   20   39   20  23  0  0 L3P F4
G08 FF 61162 090200  780 299 3245    -4509498     93          22     20   23  83  147   24   43   -7   43   -7  18  0  0 L3P ED
G28 FF 61162 090200  780 438 1021     5406028   -129          13    -29   21  15  106    2   43   32   43   32  19  0  0 L3P DB
G31 FF 61162 090200  780 498  592     1517667    -17          23      7   17 115   96   -6   42   -4   42   -4  14  0  0 L3P BB
G01 FF 61162 091800  780 535 2127    -2846296    112           6     23   18 140   92   -9   39  -11   39  -11  16  0  0 L3P FA
G02 FF 61162 091800  780 867 2817     -904889    -66           0     10   14  30   74    0   54    1   54    1  12  0  0 L3P 83
G03 FF 61162 091800  780 281 2242    -4809685    190          -6     36   31  26  155  -17   48  -18   48  -18  26  0  0 L3P 2E
G04 FF 61162 091800  780 317 2956     -555329     -4          22      9   20 170  140  -19   46    4   46    4  18  0  0 L3P BB
G08 FF 61162 091800  780 247 3306    -4509430     74          20      1   40  83  175   35   62   34   62   34  37  0  0 L3P D4
G28 FF 61162 091800  780 419 1123     5405924    -85           4     15   19  15  110    6   62    5   62    5  15  0  0 L3P 9B
G31 FF 61162 091800  780 534  708     1517644      1          23     25   19 115   92   -3   52   -2   52   -2  18  0  0 L3P 9C
G01 FF 61162 093400  780 609 2156    -2846202     81          14     -9   13 140   84   -6   47   26   47   26  10  0  0 L3P D7
G02 FF 61162 093400  780 804 3490     -904934    -93          28    -16   28  30   75    2   46   37   46   37  28  0  0 L3P DD
G03 FF 61162 093400  780 314 2173    -4809516    192          15     39   23  26  141  -14   46  -10   46  -10  19  0  0 L3P 14
G04 FF 61162 093400  780 362 2878     -555338      8          26     21   23 170  124  -13   57    2   57    2  19  0  0 L3P C1
G28 FF 61162 093400  780 386 1211     5405834    -68          10     32   31  15  118   10   77   -9   77   -9  26  0  0 L3P E4
G31 FF 61162 093400  780 553  842     1517626    -51          27    -27   13 115   89   -1   68   39   68   39  11  0  0 L3P EE
G01 FF 61162 095000  780 682 2225    -2846120     89          10     -1   15 140   79   -4   62   16   62   16  13  0  0 L3P CD
G02 FF 61162 095000  780 718 3579     -905016    -97          20    -21   15  30   77    4   73   35   73   35  13  0  0 L3P CD
G03 FF 61162 095000  780 349 2104    -4809376    150           8     -3   19  26  128  -12   69   21   69   21  16  0  0 L3P F1
G04 FF 61162 095000  780 401 2789     -555358     22          20     35   23 170  114   -9   76  -17   76  -17  19  0  0 L3P 03
G28 FF 61162 095000  780 342 1282     5405737   -114          10    -14   26  15  130   17   97   34   97   34  21  0  0 L3P FF
G31 FF 61162 095000  780 552  981     1517611    -30          35     -6   16 115   89    1   75   22   75   22  14  0  0 L3P B7
G01 FF 61162 100600  780 746 2383    -2846037     95           6      5   15 141   76   -2   77   18   77   18  13  0  0 L3P C8
G02 FF 61162 100600  780 631    6     -905090    -65          20     11   19  31   83    7   91   11   91   11  16  0  0 L3P 69
G03 FF 61162 100600  780 388 2034    -4809241    167          -3     14   24  28  117  -11   91   -3   91   -3  22  0  0 L3P E3
G04 FF 61162 100600  780 434 2691     -555369    -15          26     -1   23 171  107   -6   88   16   88   16  19  0  0 L3P F1
G28 FF 61162 100600  780 291 1337     5405640    -91          10     10   22  16  151   26  128   33  128   33  18  0  0 L3P F2
G31 FF 61162 100600  780 532 1109     1517581    -13          25     12   21 119   92    4   95    7   95    7  18  0  0 L3P A8
G01 FF 61162 102200  780 782 2712    -2845949     87           7     -3   16 141   75    0   93   22   93   22  12  0  0 L3P BC
G02 FF 61162 102200  780 546   20     -905160    -99          23    -23   24  31   90   10  111   46  111   46  19  0  0 L3P B9
G03 FF 61162 102200  780 429 1962    -4809090    187           0     33   21  28  108   -9   99   -1   99   -1  17  0  0 L3P DF
G04 FF 61162 102200  780 459 2584     -555377    -43          31    -29   17 171  102   -4   97   42   97   42  14  0  0 L3P 02
G28 FF 61162 102200  780 235 1376     5405551    -83          17     17   50  16  184   44  158   25  158   25  42  0  0 L3P 0D
G31 FF 61162 102200  780 494 1214     1517560    -16          28      9   17 119   97    7  112   16  112   16  16  0  0 L3P DA
G01 FF 61162 103800  780 761 3090    -2845864     98           7      8   13 141   76    2  112   12  112   12  11  0  0 L3P C3
G02 FF 61162 103800  780 463   30     -905241    -54          15     22   17  31  102   14  146   12  146   12  13  0  0 L3P B5
G03 FF 61162 103800  780 473 1884    -4808938    153           5      0   21  28  100   -8  118   18  118   18  19  0  0 L3P F9
G04 FF 61162 103800  780 476 2471     -555402    -52          20    -38   18 171   99   -2  119   49  119   49  16  0  0 L3P 1A
G09 FF 61162 103800  780 218 2731    -7544372   -161         -57   -200   36  63  196  -28  263  198  263  198  32  0  0 L3P A0
G31 FF 61162 103800  780 445 1292     1517540    -44          32    -19   20 119  105   10  137   50  137   50  16  0  0 L3P 0F
G01 FF 61162 105400  780 700 3299    -2845780     61           4    -28   17 141   78    4  127   40  127   40  14  0  0 L3P ED
G02 FF 61162 105400  780 384   39     -905318   -118          11    -42   17  31  118   21  185   85  185   85  13  0  0 L3P FE
G03 FF 61162 105400  780 519 1799    -4808791    118           5    -35   10  28   93   -6  131   41  131   41   9  0  0 L3P F4
G04 FF 61162 105400  780 487 2355     -555415    -49          19    -35   17 171   98   -1  132   40  132   40  15  0  0 L3P 0A
G09 FF 61162 105400  780 249 2657    -7544270    237           9    198   35  63  174  -20  205 -181  205 -181  33  0  0 L3P 76
G26 FF 61162 105400  780 217  893     3605288      8          26    -35   28  30  198  -12  264   24  264   24  25  0  0 L3P 00
G31 FF 61162 105400  780 388 1347     1517515    -43          31    -18   17 119  117   15  166   38  166   38  15  0  0 L3P 30
G01 FF 61162 111000  780 626 3402    -2845697     25           1    -65   45 141   83    6  151   88  151   88  44  0  0 L3P F8
G02 FF 61162 111000  780 309   50     -905380   -100          22    -24   33  31  143   31  230   73  230   73  25  0  0 L3P CD
G03 FF 61162 111000  780 566 1701    -4808643    182           6     28   20  28   88   -5  141  -16  141  -16  18  0  0 L3P 05
G04 FF 61162 111000  780 491 2239     -555438    -22           9     -9   25 171   97    0  151   22  151   22  22  0  0 L3P CB
G09 FF 61162 111000  780 277 2580    -7544197     40          44      1   21  63  158  -14  185    8  185    8  17  0  0 L3P EB
G26 FF 61162 111000  780 226  968     3605324    -75          20   -118   32  30  190   -4  276   99  276   99  28  0  0 L3P 25
G31 FF 61162 111000  780 328 1383     1517478     10          18     35   23 119  135   23  211   11  211   11  18  0  0 L3P EA
G01 FF 61162 112600  780 548 3460    -2845603    121           9     32   25 141   90    9  170    0  170    0  21  0  0 L3P B7
G02 FF 61162 112600  780 239   64     -905455    -15          20     61   32  31  181   50  298   30  298   30  25  0  0 L3P D5
G03 FF 61162 112600  780 612 1581    -4808497    176           4     23   14  28   84   -4  152   -9  152   -9  13  0  0 L3P EE
G04 FF 61162 112600  780 491 2124     -555445    -13          16      1   16 171   97    0  159   14  159   14  14  0  0 L3P D5
G09 FF 61162 112600  780 302 2501    -7544173     39          32      0   29  63  145  -11  208   18  208   18  24  0  0 L3P F7
G16 FF 61162 112600  780 230  722    -2557001   -106          -9    -37   31   8  187  -23  344   11  344   11  28  0  0 L3P 06
G26 FF 61162 112600  780 227 1044     3605329     49         -16      6   29  30  189    3  328   11  328   11  23  0  0 L3P E0
G31 FF 61162 112600  780 267 1405     1517459      1          23     26   26 119  163   36  252   28  252   28  21  0  0 L3P F5
G01 FF 61162 114200  780 470 3499    -2845522     69           4    -21   35 141  100   13  203   54  203   54  31  0  0 L3P FD
G03 FF 61162 114200  780 651 1428    -4808355    151          -1     -2   15  28   81   -2  161    7  161    7  12  0  0 L3P C2
G04 FF 61162 114200  780 486 2012     -555465     13           8     27   17 171   98    1  180  -13  180  -13  13  0  0 L3P DF
G07 FF 61162 114200  780 259 3201     1799777     53          16      8   16  17  168  -39  263  -23  263  -23  14  0  0 L3P 22
G09 FF 61162 114200  780 326 2420    -7544138     59          29     20   26  63  136   -9  223  -12  223  -12  23  0  0 L3P 11
G16 FF 61162 114200  780 256  797    -2557057   -206           1   -137   34   8  169  -15  329  121  329  121  29  0  0 L3P 4F
G26 FF 61162 114200  780 219 1117     3605388     56           2     13   33  30  196   11  334   20  334   20  29  0  0 L3P D7
G01 FF 61162 115800  780 395 3530    -2845430     64          10    -26   17 141  116   19  236   59  236   59  14  0  0 L3P 2B
G03 FF 61162 115800  780 677 1234    -4808220    144         -13     -9   14  28   79   -1  178   11  178   11  11  0  0 L3P 09
G04 FF 61162 115800  780 479 1904     -555478    -29           8    -15   23 171   99    1  190   24  190   24  19  0  0 L3P 03
G07 FF 61162 115800  780 321 3156     1799804     63           1     18   19  17  138  -25  260  -33  260  -33  17  0  0 L3P 15
G09 FF 61162 115800  780 349 2338    -7544099     36          31     -2   26  63  128   -7  224    6  224    6  23  0  0 L3P E9
G16 FF 61162 115800  780 276  876    -2557155    -48         -31     21   22   8  158   -9  353  -17  353  -17  17  0  0 L3P 2B
G01 FF 61162 121400  780 323 3556    -2845349    104           4     14   20 142  138   28  289   60  289   60  16  0  0 L3P 1B
G03 FF 61162 121400  780 681 1012    -4808066    163          -5     10   17  32   79    1  187    5  187    5  16  0  0 L3P C8
G04 FF 61162 121400  780 471 1798     -555505     -6          -6      7   19 172  100    2  215    1  215    1  16  0  0 L3P A5
G07 FF 61162 121400  780 383 3099     1799842     57           3     13   21  18  119  -16  250  -19  250  -19  15  0  0 L3P 1B
G09 FF 61162 121400  780 372 2254    -7544067     22          30    -17   18  64  121   -6  232   19  232   19  17  0  0 L3P 09
G16 FF 61162 121400  780 287  958    -2557169    -70          21     -1   37   9  152   -3  318   13  318   13  31  0  0 L3P EB
G01 FF 61162 123000  780 254 3582    -2845260     36           7    -54   21 142  171   43  355  134  355  134  17  0  0 L3P 2F
G03 FF 61162 123000  780 660  800    -4807928    157         -15      4   13  32   81    2  207   17  207   17  11  0  0 L3P CD
G04 FF 61162 123000  780 461 1696     -555511    -47           1    -34   20 172  102    2  220   46  220   46  17  0  0 L3P E1
G06 FF 61162 123000  780 245 2384     6068761    -24          13      5   28  19  177  -19  301    0  301    0  26  0  0 L3P D1
G07 FF 61162 123000  780 441 3027     1799889     71           8     27   46  18  106  -11  240  -14  240  -14  31  0  0 L3P 0C
G09 FF 61162 123000  780 394 2169    -7544037     35          22     -3   28  64  116   -6  240    4  240    4  26  0  0 L3P D4
G16 FF 61162 123000  780 288 1041    -2557259   -135          -2    -65   27   9  152    2  353   63  353   63  22  0  0 L3P 0B
G03 FF 61162 124600  780 616  632    -4807786    144         -20     -9   17  32   84    4  233   31  233   31  15  0  0 L3P E7
G04 FF 61162 124600  780 452 1595     -555508     24          18     38   30 173  104    2  227   -5  227   -5  27  0  0 L3P EC
G06 FF 61162 124600  780 267 2461     6068729     22          10     52   23  19  163  -10  317  -23  317  -23  19  0  0 L3P 1D
G07 FF 61162 124600  780 495 2937     1799932     18           8    -26   16  18   97   -8  237   18  237   18  13  0  0 L3P 0D
G09 FF 61162 124600  780 417 2082    -7543999     44          23      5   19  64  110   -5  246    8  246    8  17  0  0 L3P E4
G16 FF 61162 124600  780 279 1120    -2557320    -79           3    -10   53   9  156    8  363   37  363   37  46  0  0 L3P F9
G03 FF 61162 130200  780 559  509    -4807638    141         -19    -13   13  32   89    7  254   35  254   35  11  0  0 L3P 03
G04 FF 61162 130200  780 441 1496     -555527     13          12     27   20 173  106    2  256   -3  256   -3  18  0  0 L3P DB
G06 FF 61162 130200  780 277 2544     6068705    -12          14     17   20  19  158   -3  332   12  332   12  17  0  0 L3P F1
G07 FF 61162 130200  780 542 2824     1799964     61          -2     16    9  18   91   -5  241  -11  241  -11   8  0  0 L3P D5
G09 FF 61162 130200  780 440 1993    -7543962     69          24     30   15  64  106   -5  254  -18  254  -18  14  0  0 L3P 27
G16 FF 61162 130200  780 259 1194    -2557382    -57           7     12   23   9  167   15  394   28  394   28  20  0  0 L3P 05
G03 FF 61162 131800  780 494  421    -4807485    151         -13     -3   17  32   97   10  275   28  275   28  15  0  0 L3P 06
G04 FF 61162 131800  780 429 1398     -555561     18          -8     32   19 173  108    3  298   -9  298   -9  17  0  0 L3P 0C
G06 FF 61162 131800  780 276 2630     6068670    -92           8    -63   15  19  158    4  362   82  362   82  12  0  0 L3P 04
G07 FF 61162 131800  780 577 2687     1800015      4           6    -40    9  18   87   -3  234   17  234   17   9  0  0 L3P B5
G09 FF 61162 131800  780 464 1900    -7543933     73          15     35   17  64  101   -4  263  -29  263  -29  15  0  0 L3P 27
G16 FF 61162 131800  780 230 1260    -2557455   -153           1    -84   29   9  187   26  433  101  433  101  24  0  0 L3P 2B
G30 FF 61162 131800  780 255 2948    -2081614   -120          -2     15   26  83  170  -30  383  -43  383  -43  21  0  0 L3P 3E
G03 FF 61162 133400  780 424  357    -4807336    135         -12    -19   19  32  109   15  306   48  306   48  16  0  0 L3P 24
G04 FF 61162 133400  780 416 1300     -555558    -46           7    -32   21 173  111    3  299   36  299   36  14  0  0 L3P 00
G06 FF 61162 133400  780 264 2715     6068628    -18          -7     11   31  19  164   10  408   16  408   16  29  0  0 L3P 08
G07 FF 61162 133400  780 599 2529     1800042     56         -10     11   19  18   85   -1  247   -8  247   -8  14  0  0 L3P ED
G09 FF 61162 133400  780 489 1802    -7543902    -16           9    -54   15  64   98   -4  275   39  275   39  12  0  0 L3P 1C
G30 FF 61162 133400  780 300 2880    -2081754   -151           4    -16   19  12  146  -20  362  -19  362  -19  16  0  0 L3P 3A
G03 FF 61162 135000  780 353  311    -4807193    148         -16     -6   24  32  127   23  345   46  345   46  18  0  0 L3P 0D
G04 FF 61162 135000  780 401 1205     -555589    -13         -10      1   17 173  114    4  325   11  325   11  14  0  0 L3P D7
G06 FF 61162 135000  780 244 2797     6068622    -41          16    -11   36  19  177   17  418   35  418   35  34  0  0 L3P 24
G07 FF 61162 135000  780 605 2361     1800085     41         -10     -3   11  18   85    0  244   -3  244   -3   9  0  0 L3P A6
G09 FF 61162 135000  780 512 1697    -7543867     61           7     22   14  64   94   -3  274  -22  274  -22  11  0  0 L3P 03
G30 FF 61162 135000  780 341 2803    -2081893   -181          -6    -45   23  12  131  -14  341   10  341   10  18  0  0 L3P 18
G03 FF 61162 140600  780 281  278    -4807050    163         -15     10   25  48  156   37  400   60  400   60  19  0  0 L3P 05
G04 FF 61162 140600  780 383 1111     -555601    -34          -6    -20   18 174  118    5  334    9  334    9  14  0  0 L3P DA
G06 FF 61162 140600  780 216 2874     6068590    -65          14    -36   26  20  198   27  462   72  462   72  23  0  0 L3P 29
G07 FF 61162 140600  780 595 2197     1800127     54         -11     10   12  24   85    1  245    2  245    2  10  0  0 L3P A7
G09 FF 61162 140600  780 534 1584    -7543819     39          21      1   15  65   92   -2  264   -1  264   -1  12  0  0 L3P D7
G30 FF 61162 140600  780 378 2718    -2082007   -143           4     -8   16  13  120   -9  310  -12  310  -12  13  0  0 L3P 01
G04 FF 61162 142200  780 361 1020     -555610    -26          -2    -12   18 174  125    7  335   22  335   22  18  0  0 L3P ED
G07 FF 61162 142200  780 574 2048     1800169     61         -11     16   14  24   87    3  245  -17  245  -17  12  0  0 L3P F5
G09 FF 61162 142200  780 552 1460    -7543788     12          15    -27   14  65   90   -2  261   15  261   15  12  0  0 L3P F9
G14 FF 61162 142200  780 263 3391    -7451487    -18          -5     -7   24 155  165  -43  416  -62  416  -62  27  0  0 L3P 51
G30 FF 61162 142200  780 409 2626    -2082140   -115           1     21   12  13  112   -7  296  -37  296  -37  11  0  0 L3P 11
G04 FF 61162 143800  780 335  932     -555634    -43         -13    -29   27 174  133   10  353   40  353   40  23  0  0 L3P 14
G07 FF 61162 143800  780 545 1917     1800209     73         -15     28   17  24   90    4  243  -29  243  -29  15  0  0 L3P 06
G09 FF 61162 143800  780 563 1326    -7543760     37           6     -1   17  65   88   -1  254   -6  254   -6  14  0  0 L3P E1
G14 FF 61162 143800  780 335 3379    -7451500    -46          -7    -35   30 155  133  -27  372   -5  372   -5  25  0  0 L3P 38
G30 FF 61162 143800  780 435 2527    -2082279   -131          -7      4   14  13  107   -5  277  -17  277  -17  12  0  0 L3P 25
G04 FF 61162 145400  780 305  849     -555621    -61          14    -48   30 174  144   14  350   54  350   54  26  0  0 L3P 0E
G07 FF 61162 145400  780 512 1802     1800245     17         -21    -27   17  24   94    5  245   15  245   15  15  0  0 L3P E3
G09 FF 61162 145400  780 566 1185    -7543730     30          -1     -9   14  65   88    0  256    7  256    7  12  0  0 L3P C4
G14 FF 61162 145400  780 410 3358    -7451521    -46         -17    -35   29 155  112  -18  349    8  349    8  28  0  0 L3P 3D
G21 FF 61162 145400  780 231 2236    -4149875    -39          22    -41   38 160  187  -43  348  -32  348  -32  34  0  0 L3P 66
G22 FF 61162 145400  780 240 3356       90436    -25         -15     38   39  43  180  -49  482  -80  482  -80  37  0  0 L3P 28
G30 FF 61162 145400  780 455 2423    -2082418   -132         -17      3   14  13  103   -3  265  -22  265  -22  12  0  0 L3P 18
G04 FF 61162 151000  780 271  772     -555656     11          -8     25   29 174  161   20  393    6  393    6  22  0  0 L3P D0
G07 FF 61162 151000  780 477 1699     1800285     61         -23     17   14  24   99    6  248  -14  248  -14  13  0  0 L3P 0A
G09 FF 61162 151000  780 557 1043    -7543693     47          -1      9   13  65   89    2  256    3  256    3  12  0  0 L3P B3
G14 FF 61162 151000  780 486 3326    -7451528     30         -13     41   25 155   98  -12  320  -63  320  -63  22  0  0 L3P 30
G21 FF 61162 151000  780 284 2281    -4149889    -20           6    -22   27 160  154  -26  313  -12  313  -12  24  0  0 L3P 37
G22 FF 61162 151000  780 308 3337       90373    -64         -18      0   30  43  143  -30  431  -40  431  -40  26  0  0 L3P E6
G30 FF 61162 151000  780 470 2315    -2082541   -140         -10     -4   20  13  100   -2  246   -5  246   -5  17  0  0 L3P EF
G04 FF 61162 152600  780 233  701     -555683    -35         -22    -22   28 174  185   31  445   71  445   71  23  0  0 L3P 1E
G07 FF 61162 152600  780 443 1604     1800324    -11         -28    -55   32  24  105    7  256   53  256   53  29  0  0 L3P 08
G09 FF 61162 152600  780 536  909    -7543646     41           9      3   14  65   91    3  258   18  258   18  11  0  0 L3P C8
G14 FF 61162 152600  780 563 3278    -7451537    -31         -11    -19   17 155   88   -8  299    3  299    3  15  0  0 L3P 26
G21 FF 61162 152600  780 331 2341    -4149888     23           5     21   21 160  134  -16  302  -14  302  -14  17  0  0 L3P 13
G22 FF 61162 152600  780 378 3308       90305    -56         -25      8   32  43  120  -20  394  -52  394  -52  31  0  0 L3P 02
G30 FF 61162 152600  780 481 2205    -2082677   -126         -16     10   18  13   99   -1  250  -11  250  -11  16  0  0 L3P 20
G07 FF 61162 154200  780 409 1516     1800369     26         -25    -18   17  24  112    8  269   48  269   48  15  0  0 L3P 15
G09 FF 61162 154200  780 504  788    -7543618     51           0     12   17  65   95    5  289   20  289   20  14  0  0 L3P D3
G14 FF 61162 154200  780 638 3204    -7451542    -34          -5    -22   14 155   82   -5  276   -1  276   -1  12  0  0 L3P 05
G21 FF 61162 154200  780 369 2416    -4149881      8          10      5   18 160  122  -10  303    6  303    6  16  0  0 L3P CF
G22 FF 61162 154200  780 448 3267       90247    -90         -22    -27   10  43  104  -13  355   -5  355   -5   9  0  0 L3P EB
G30 FF 61162 154200  780 488 2094    -2082800   -150          -9    -15   14  13   98   -1  247   21  247   21  12  0  0 L3P 0B
G07 FF 61162 155800  780 377 1432     1800426     76         -11     31   15  24  120    9  278   -8  278   -8  13  0  0 L3P F3
G09 FF 61162 155800  780 462  684    -7543570     44          10      6   17  65  102    8  303   16  303   16  15  0  0 L3P D4
G14 FF 61162 155800  780 708 3077    -7451552    -22          -4    -11   16 155   78   -3  261   -5  261   -5  14  0  0 L3P 10
G21 FF 61162 155800  780 396 2505    -4149891     34          -2     32   15 160  115   -5  322  -29  322  -29  13  0  0 L3P 29
G22 FF 61162 155800  780 518 3211       90190    -65         -17     -1   11  43   94   -9  317  -37  317  -37  10  0  0 L3P EC
G30 FF 61162 155800  780 492 1983    -2082935   -168         -15    -33   22  13   97    0  259   27  259   27  18  0  0 L3P 3A
G05 FF 61162 161400  780 220 2361     2324865    -11         -10    -15   21  25  195  -24  403    8  403    8  21  0  0 L3P ED
G07 FF 61162 161400  780 347 1352     1800459     34         -18    -10   17  25  129   10  307   25  307   25  14  0  0 L3P 06
G09 FF 61162 161400  780 413  596    -7543548     28          -1    -10   18  66  111   12  328   21  328   21  16  0  0 L3P FB
G14 FF 61162 161400  780 764 2842    -7451572    -39         -11    -27   18 156   76   -1  249   -5  249   -5  14  0  0 L3P 34
G17 FF 61162 161400  780 240  145     1262832     66         -11    -18   23  77  180  -42  519  -97  519  -97  17  0  0 L3P 3D
G21 FF 61162 161400  780 410 2605    -4149880     22           9     20   28 161  112   -1  319  -19  319  -19  24  0  0 L3P 12
G22 FF 61162 161400  780 584 3130       90118    -87         -25    -23   13  44   86   -6  288  -22  288  -22  13  0  0 L3P 05
G30 FF 61162 161400  780 493 1873    -2083067   -163         -14    -27   12  14   97    0  254   12  254   12  12  0  0 L3P 10
G05 FF 61162 163000  780 244 2433     2324871     14          -9      9   28  25  177  -13  405   -7  405   -7  23  0  0 L3P E5
G07 FF 61162 163000  780 317 1273     1800484     44         -35      0   19  25  139   12  335   28  335   28  15  0  0 L3P F1
G09 FF 61162 163000  780 359  524    -7543507     54           3     15   22  66  125   18  358   27  358   27  18  0  0 L3P FA
G14 FF 61162 163000  780 782 2460    -7451580    -10          -9      1   13 156   75    0  233   -6  233   -6  11  0  0 L3P D1
G17 FF 61162 163000  780 300  186     1262908     65         -16    -19   28  77  147  -28  433  -48  433  -48  27  0  0 L3P 41
G21 FF 61162 163000  780 408 2709    -4149886     27           1     24   23 161  112    2  329   -2  329   -2  20  0  0 L3P E0
G22 FF 61162 163000  780 645 3012       90061    -66         -21     -2   13  44   81   -4  259   -6  259   -6  11  0  0 L3P BA
G30 FF 61162 163000  780 493 1764    -2083199    -94         -17     42   13  14   97    0  252  -28  252  -28  11  0  0 L3P 1D
G05 FF 61162 164600  780 257 2511     2324878     31          -6     26   18  25  169   -5  413   -4  413   -4  17  0  0 L3P EB
G07 FF 61162 164600  780 289 1196     1800531     47         -30      3   25  25  152   14  353   22  353   22  21  0  0 L3P E9
G09 FF 61162 164600  780 300  465    -7543465     69           7     30   20  66  147   27  400   21  400   21  17  0  0 L3P DE
G14 FF 61162 164600  780 752 2116    -7451604      1         -21     13   12 156   76    2  242  -14  242  -14  11  0  0 L3P F0
G17 FF 61162 164600  780 362  231     1262975     76         -30     -8   26  77  124  -19  392  -49  392  -49  22  0  0 L3P 35
G21 FF 61162 164600  780 392 2810    -4149889     -1          -4     -3   17 161  116    6  355   29  355   29  15  0  0 L3P 09
G22 FF 61162 164600  780 694 2837       89993    -54         -28      9   16  44   79   -2  258   -4  258   -4  13  0  0 L3P EB
G30 FF 61162 164600  780 490 1655    -2083346   -138         -34     -2   16  14   97    1  267    8  267    8  14  0  0 L3P F6
G05 FF 61162 170200  780 259 2593     2324892     -4           4     -8   29  25  167    2  434   42  434   42  25  0  0 L3P D6
G07 FF 61162 170200  780 261 1121     1800590     84         -14     40   35  25  166   17  368   -2  368   -2  34  0  0 L3P F4
G09 FF 61162 170200  780 239  417    -7543421     79          15     40   28  66  181   45  458   40  458   40  19  0  0 L3P 0C
G14 FF 61162 170200  780 697 1917    -7451612      8         -19     19   14 156   78    3  244   -9  244   -9  11  0  0 L3P FD
G17 FF 61162 170200  780 426  283     1263066     92         -20      7   15  77  108  -14  345  -33  345  -33  11  0  0 L3P 04
G19 FF 61162 170200  780 233   18    -6987400    -66          17    -56   21  95  185  -51  517  -69  517  -69  17  0  0 L3P 4A
G20 FF 61162 170200  780 245 2175    -1363568   -192          27    -16   37 231  177  -45  377  -31  377  -31  33  0  0 L3P 79
G21 FF 61162 170200  780 365 2904    -4149883     19          -1     16   22 161  123   10  389   23  389   23  18  0  0 L3P 1A
G22 FF 61162 170200  780 719 2596       89943    -66         -17     -2   12  44   77   -1  251    3  251    3  11  0  0 L3P B3
G30 FF 61162 170200  780 486 1546    -2083445   -143          -3     -8   16  14   98    1  247   19  247   19  14  0  0 L3P 02
G05 FF 61162 171800  780 251 2676     2324918     -7          25    -12   23  25  172    8  448   58  448   58  21  0  0 L3P 07
G07 FF 61162 171800  780 233 1048     1800636    106         -10     62   32  25  185   22  383  -39  383  -39  31  0  0 L3P 33
G14 FF 61162 171800  780 634 1796    -7451625    -25         -21    -14   14 156   82    5  246    9  246    9  11  0  0 L3P 08
G17 FF 61162 171800  780 490  349     1263153     74         -13    -10   14  77   97  -10  307  -22  307  -22  11  0  0 L3P 0F
G19 FF 61162 171800  780 301   47    -6987425    -30           1    -20   19  95  146  -32  441  -70  441  -70  17  0  0 L3P 18
G20 FF 61162 171800  780 310 2181    -1363765   -218          -1    -42   22 231  143  -28  366   -3  366   -3  19  0  0 L3P 3A
G21 FF 61162 171800  780 329 2989    -4149877    -23           4    -25   20 161  135   15  432   74  432   74  16  0  0 L3P 36
G22 FF 61162 171800  780 715 2332       89889    -43         -10     21   15  44   78    1  240  -24  240  -24  13  0  0 L3P E0
G30 FF 61162 171800  780 479 1438    -2083583   -165         -11    -30   16  14   99    1  257   20  257   20  13  0  0 L3P 1E
G05 FF 61162 173400  780 234 2756     2324937   -158          40   -163   38  25  184   16  486  247  486  247  36  0  0 L3P 83
G14 FF 61162 173400  780 571 1710    -7451633      6         -18     17   24 156   88    6  251    8  251    8  23  0  0 L3P D6
G17 FF 61162 173400  780 551  435     1263234     95         -13     11   14  77   90   -7  283  -25  283  -25  12  0  0 L3P FA
G19 FF 61162 173400  780 373   77    -6987445     25          -9     35   18  95  121  -21  388  -90  388  -90  15  0  0 L3P 35
G20 FF 61162 173400  780 376 2199    -1363927   -215           6    -39   20 231  120  -19  333   14  333   14  16  0  0 L3P 3C
G21 FF 61162 173400  780 288 3065    -4149864      4          14      1   43 161  152   21  494   83  494   83  30  0  0 L3P 03
G22 FF 61162 173400  780 684 2112       89828    -74         -10    -11   15  44   79    2  240   12  240   12  12  0  0 L3P C9
G30 FF 61162 173400  780 469 1331    -2083724    -72         -22     64   21  14  101    2  269  -57  269  -57  18  0  0 L3P 2F
G05 FF 61162 175000  780 210 2833     2324913    -37          11    -41   26  25  204   25  612  131  612  131  21  0  0 L3P 14
G14 FF 61162 175000  780 511 1640    -7451633    -24          -7    -13   15 156   94    8  244    5  244    5  13  0  0 L3P E0
G17 FF 61162 175000  780 604  554     1263308     65         -19    -19   14  77   85   -4  269  -16  269  -16  12  0  0 L3P 1C
G19 FF 61162 175000  780 448  111    -6987461    -54         -15    -44   27  95  104  -15  342  -13  342  -13  25  0  0 L3P 49
G20 FF 61162 175000  780 442 2234    -1364104   -197          -1    -21   19 231  105  -13  313   -8  313   -8  15  0  0 L3P 26
G21 FF 61162 175000  780 245 3133    -4149873    -18           3    -20   25 161  176   30  599  122  599  122  20  0  0 L3P 49
G22 FF 61162 175000  780 638 1952       89769    -84          -8    -20   12  44   82    4  236    1  236    1  11  0  0 L3P AB
G30 FF 61162 175000  780 456 1225    -2083841   -144         -10     -8   22  14  103    3  257  -10  257  -10  19  0  0 L3P 1C
G14 FF 61162 180600  780 453 1578    -7451639     -6          -5      5   30 157  103   10  246   -4  246   -4  27  0  0 L3P F8
G15 FF 61162 180600  780 252 2255    -4081906    -68          -1    -35   33  95  172  -34  402    7  402    7  27  0  0 L3P 09
G17 FF 61162 180600  780 639  716     1263395     82         -18     -2   15  78   82   -2  252  -12  252  -12  13  0  0 L3P F8
G19 FF 61162 180600  780 526  153    -6987462     21          -6     31   24  96   93  -10  306  -47  306  -47  21  0  0 L3P 15
G20 FF 61162 180600  780 504 2293    -1364254   -145          20     32   18 232   95   -9  290  -28  290  -28  16  0  0 L3P 3E
G22 FF 61162 180600  780 586 1833       89703    -64         -11     -1   14  47   86    5  243    1  243    1  11  0  0 L3P 9E
G30 FF 61162 180600  780 439 1123    -2083953   -133           3      2   16  15  106    4  246    8  246    8  12  0  0 L3P C1
G14 FF 61162 182200  780 399 1519    -7451647    -11          -1      0   18 157  114   13  243    1  243    1  15  0  0 L3P DE
G15 FF 61162 182200  780 302 2300    -4081928    -32           9      1   22  95  146  -21  368  -27  368  -27  18  0  0 L3P 1B
G17 FF 61162 182200  780 649  908     1263483     79         -11     -5   17  78   81    0  232  -10  232  -10  16  0  0 L3P E7
G19 FF 61162 182200  780 604  214    -6987455     -4          11      6   17  96   85   -7  267  -30  267  -30  14  0  0 L3P F6
G20 FF 61162 182200  780 559 2383    -1364421   -169          22      8   16 232   89   -5  282   -3  282   -3  15  0  0 L3P 0D
G22 FF 61162 182200  780 532 1738       89651    -54          -2     10   17  47   92    7  234   -8  234   -8  16  0  0 L3P BA
G30 FF 61162 182200  780 417 1024    -2084084    -84           2     52   23  15  110    5  250  -34  250  -34  20  0  0 L3P E7
G14 FF 61162 183800  780 349 1462    -7451658     -7          -2      4   25 157  128   16  250   -6  250   -6  21  0  0 L3P FC
G15 FF 61162 183800  780 346 2359    -4081966    -40           3     -7   20  95  129  -14  356  -19  356  -19  17  0  0 L3P 42
G17 FF 61162 183800  780 629 1089     1263565     91          -9      7   17  78   83    3  220  -20  220  -20  15  0  0 L3P E4
G19 FF 61162 183800  780 679  316    -6987470    -30           6    -20   12  96   79   -4  243  -23  243  -23   9  0  0 L3P 0C
G20 FF 61162 183800  780 601 2512    -1364594   -187          18    -11   17 232   85   -3  279   -7  279   -7  14  0  0 L3P 37
G22 FF 61162 183800  780 480 1657       89595    -58           3      6   22  47   99    8  229  -12  229  -12  20  0  0 L3P D4
G30 FF 61162 183800  780 390  931    -2084218    -86          -3     50   29  15  117    8  260  -50  260  -50  25  0  0 L3P 04
G14 FF 61162 185400  780 302 1406    -7451649     27          18     39   17 157  146   20  228  -34  228  -34  13  0  0 L3P 3D
G15 FF 61162 185400  780 382 2434    -4082000    -29           0      4   26  95  119   -8  336  -32  336  -32  23  0  0 L3P 01
G17 FF 61162 185400  780 585 1228     1263645     76         -10     -8   19  78   86    5  207   -4  207   -4  18  0  0 L3P EE
G19 FF 61162 185400  780 740  509    -6987468    -13          18     -3   33   4   77   -2  210  -24  210  -24  24  0  0 L3P F6
G20 FF 61162 185400  780 620 2676    -1364764   -202          18    -26   28 232   83   -1  272   16  272   16  18  0  0 L3P 34
G22 FF 61162 185400  780 430 1584       89541    -70          10     -7   33  47  108   10  217  -10  217  -10  30  0  0 L3P E2
G30 FF 61162 185400  780 358  845    -2084350   -155          -5    -20   23  15  126   11  265   27  265   27  21  0  0 L3P 18
G14 FF 61162 191000  780 259 1349    -7451679     49          -1     61   29 157  167   25  239  -53  239  -53  23  0  0 L3P 50
G15 FF 61162 191000  780 406 2522    -4082035    -42          -3     -9   20  95  113   -4  318   -2  318   -2  18  0  0 L3P E8
G17 FF 61162 191000  780 526 1320     1263727    104          -9     19   14  78   93    8  197  -24  197  -24  12  0  0 L3P 0B
G19 FF 61162 191000  780 766  840    -6987484      3          12     14   11   4   76    0  191  -29  191  -29  10  0  0 L3P D5
G20 FF 61162 191000  780 613 2851    -1364928   -166          22     10   13 232   84    2  266   -9  266   -9  13  0  0 L3P 0A
G22 FF 61162 191000  780 382 1514       89474    -56           4      8   20  47  119   13  215  -13  215  -13  18  0  0 L3P D3
G30 FF 61162 191000  780 321  765    -2084485    -68         -10     67   20  15  138   15  278  -50  278  -50  16  0  0 L3P 30
G06 FF 61162 192600  780 255  470     6068035    -38          20     -9   31  22  170  -30  319  -72  319  -72  21  0  0 L3P 15
G14 FF 61162 192600  780 220 1291    -7451680     13           9     25   34 157  195   33  210  -45  210  -45  25  0  0 L3P 1B
G15 FF 61162 192600  780 418 2621    -4082066    -32          -2      1   27  95  110   -1  308  -16  308  -16  23  0  0 L3P 04
G17 FF 61162 192600  780 461 1377     1263806     49         -11    -35   31  78  102   12  187    7  187    7  30  0  0 L3P FD
G19 FF 61162 192600  780 737 1160    -6987502     -6           4      4   15   4   77    2  177  -24  177  -24  13  0  0 L3P D5
G20 FF 61162 192600  780 581 3004    -1365095   -197          25    -21   14 232   87    4  261   15  261   15  11  0  0 L3P 18
G22 FF 61162 192600  780 338 1448       89399    -56          -9      8   21  47  132   15  215  -38  215  -38  16  0  0 L3P 03
G24 FF 61162 192600  780 240 2190       81130   -161           4     21   41  49  180  -40  319  -94  319  -94  37  0  0 L3P 08
G30 FF 61162 192600  780 281  693    -2084619   -119         -14     16   25  15  156   22  279  -13  279  -13  21  0  0 L3P 45
G06 FF 61162 194200  780 301  538     6067990    -15           3     15   28  22  146  -20  271  -60  271  -60  24  0  0 L3P 04
G15 FF 61162 194200  780 416 2723    -4082086      1           9     34   20  95  111    2  297  -26  297  -26  18  0  0 L3P F6
G17 FF 61162 194200  780 392 1410     1263889     87          -8      3   16  78  116   18  170  -22  170  -22  13  0  0 L3P 06
G19 FF 61162 194200  780 677 1334    -6987504     13          12     23   12   4   80    4  159  -35  159  -35  11  0  0 L3P F7
G20 FF 61162 194200  780 533 3123    -1365267   -172          22      4   17 232   92    7  270    4  270    4  13  0  0 L3P D0
G22 FF 61162 194200  780 296 1382       89364    -76          17    -12   26  47  148   19  172  -20  172  -20  20  0  0 L3P 12
G24 FF 61162 194200  780 297 2169       80949   -197          -2    -15   28  49  148  -28  257  -49  257  -49  23  0  0 L3P 59
G30 FF 61162 194200  780 236  629    -2084722   -111          14     24   29  15  183   34  264    1  264    1  27  0  0 L3P E8
G06 FF 61162 195800  780 344  615     6067965    -37           6     -7   26  22  130  -14  219  -48  219  -48  23  0  0 L3P 1E
G12 FF 61162 195800  780 229 2549     6078411    -49          23    -48   33  13  187  -22  415  -64  415  -64  30  0  0 L3P 4F
G15 FF 61162 195800  780 400 2824    -4082113    -17          13     16   19  95  114    5  298  -14  298  -14  15  0  0 L3P 25
G17 FF 61162 195800  780 323 1425     1263980    122           2     38   20  78  137   27  150  -48  150  -48  15  0  0 L3P 1C
G19 FF 61162 195800  780 605 1416    -6987497      3          29     13   14   4   84    6  136  -19  136  -19  13  0  0 L3P FB
G20 FF 61162 195800  780 475 3213    -1365436   -189          22    -13   17 232  100   10  279   13  279   13  14  0  0 L3P 42
G22 FF 61162 195800  780 257 1316       89288   -158           2    -94   28  47  168   23  171   61  171   61  21  0  0 L3P 0B
G24 FF 61162 195800  780 358 2155       80782   -155           5     27   19  49  126  -20  205  -61  205  -61  16  0  0 L3P 16
G06 FF 61162 201400  780 382  701     6067946    -14          17     16   27  23  119   -9  166  -71  166  -71  24  0  0 L3P 13
G11 FF 61162 201400  780 281  214     3533621    -83          56     43   50   0  155  -31  269 -127  269 -127  43  0  0 L3P 25
G12 FF 61162 201400  780 256 2476     6078410    -18          24    -16   24  14  169  -17  332  -76  332  -76  22  0  0 L3P 3D
G15 FF 61162 201400  780 373 2918    -4082150    -29           9      4   24  96  121    9  304   -6  304   -6  21  0  0 L3P CE
G17 FF 61162 201400  780 256 1428     1264062     90          -1      6   29  79  170   42  144  -17  144  -17  23  0  0 L3P F8
G19 FF 61162 201400  780 531 1454    -6987520    -23          16    -13   18   5   92    9  124  -17  124  -17  16  0  0 L3P 06
G20 FF 61162 201400  780 413 3283    -1365604   -183          26     -7   17 233  111   14  286    9  286    9  14  0  0 L3P 0C
G22 FF 61162 201400  780 221 1251       89239     27          16     91   26  48  194   30  150 -113  150 -113  21  0  0 L3P FB
G24 FF 61162 201400  780 422 2149       80614   -169          15     13   16  53  109  -14  167  -36  167  -36  15  0  0 L3P 19
G06 FF 61162 203000  780 411  798     6067918     -4          17     25   25  23  112   -5  134  -48  134  -48  23  0  0 L3P F8
G11 FF 61162 203000  780 342  264     3533470    -92          26     34   23   0  130  -21  209  -88  209  -88  20  0  0 L3P F8
G12 FF 61162 203000  780 283 2403     6078401     -3          16     -1   28  14  155  -14  262  -70  262  -70  25  0  0 L3P FD
G15 FF 61162 203000  780 338 3003    -4082179    -28          12      5   28  96  132   14  309    3  309    3  23  0  0 L3P D2
G19 FF 61162 203000  780 459 1468    -6987529    -32          17    -22   25   5  102   13  113   16  113   16  22  0  0 L3P 0A
G20 FF 61162 203000  780 350 3340    -1365784   -161          15     15   38 233  128   21  303    4  303    4  36  0  0 L3P F8
G24 FF 61162 203000  780 489 2154       80437   -176          12      5   17  53   98  -11  138  -25  138  -25  14  0  0 L3P FB
G06 FF 61162 204600  780 427  903     6067883    -71          11    -42   24  23  108   -2  119    9  119    9  21  0  0 L3P DA
G11 FF 61162 204600  780 405  322     3533348   -130          25     -4   21   0  113  -15  158  -46  158  -46  18  0  0 L3P 03
G12 FF 61162 204600  780 309 2330     6078397     16          13     17   32  14  143  -12  202  -72  202  -72  26  0  0 L3P 0D
G15 FF 61162 204600  780 297 3079    -4082199    -56          23    -24   33  96  148   20  314   31  314   31  25  0  0 L3P 29
G19 FF 61162 204600  780 389 1467    -6987531    -27          24    -17   25   5  117   18   93   -4   93   -4  21  0  0 L3P FD
G20 FF 61162 204600  780 289 3390    -1365940   -135          29     41   46 233  152   30  305  -24  305  -24  43  0  0 L3P 4A
G24 FF 61162 204600  780 558 2177       80261   -190          11     -8   17  53   89   -8  121  -17  121  -17  13  0  0 L3P F1
G06 FF 61162 210200  780 428 1011     6067857    -37          13     -8   31  23  108    1   93   -5   93   -5  29  0  0 L3P BE
G11 FF 61162 210200  780 467  392     3533230   -133          29     -6   15   0  101  -10  115  -28  115  -28  12  0  0 L3P F1
G12 FF 61162 210200  780 337 2255     6078387    -33           4    -32   25  14  132  -10  158  -27  158  -27  20  0  0 L3P 1E
G15 FF 61162 210200  780 254 3149    -4082232    -56          21    -23   26  96  171   28  332   43  332   43  22  0  0 L3P 13
G19 FF 61162 210200  780 323 1456    -6987531      4          34     14   14   5  137   25   73  -27   73  -27  10  0  0 L3P D9
G20 FF 61162 210200  780 230 3435    -1366128   -211           9    -35   34 233  187   45  340   35  340   35  26  0  0 L3P 21
G24 FF 61162 210200  780 627 2227       80094   -181          19      0   19  53   83   -5   96  -11   96  -11  17  0  0 L3P C1
G06 FF 61162 211800  780 413 1114     6067819    -27           4      2   30  23  111    5   88  -10   88  -10  27  0  0 L3P B8
G11 FF 61162 211800  780 524  482     3533100   -115          19     11   13   0   93   -7  100  -31  100  -31  11  0  0 L3P C1
G12 FF 61162 211800  780 365 2180     6078395    -17          14    -16   21  14  123   -9  113  -29  113  -29  19  0  0 L3P 25
G19 FF 61162 211800  780 260 1437    -6987556     -6          20      5   22   5  167   37   71  -34   71  -34  20  0  0 L3P DE
G24 FF 61162 211800  780 692 2330       79915   -195          14    -13   14  53   79   -3   91    6   91    6  13  0  0 L3P AE
G06 FF 61162 213400  780 384 1205     6067795    -50           8    -20   26  23  118   10   70   14   70   14  23  0  0 L3P CE
G11 FF 61162 213400  780 573  600     3532980   -162          20    -36   14   0   87   -4   82   14   82   14  11  0  0 L3P B3
G12 FF 61162 213400  780 395 2103     6078383     -6           3     -5   16  14  115   -8   97  -11   97  -11  14  0  0 L3P CB
G24 FF 61162 213400  780 743 2531       79730   -188           4     -6   16  53   76   -1   90   -5   90   -5  14  0  0 L3P 9E
G06 FF 61162 220200  780 306 1327     6067753     -3          12     26   26  89  144   23   58  -12   58  -12  22  0  0 L3P E5
G11 FF 61162 220200  780 613  877     3532776   -115          29     11   16   1   84    0   61  -21   61  -21  14  0  0 L3P B2
G12 FF 61162 220200  780 452 1963     6078393     13          16     14   15  19  103   -6   69  -26   69  -26  13  0  0 L3P EF
G24 FF 61162 220200  780 735 3072       79427   -169           5     13   11  54   77    2   84   -8   84   -8   7  0  0 L3P 8F
G29 FF 61162 220200  780 225 2892     3289133    -37          40     36   28  76  191  -34  241 -116  241 -116  23  0  0 L3P 54
G06 FF 61162 221800  780 252 1374     6067723    -32          11     -2   29  89  172   37   62   -8   62   -8  23  0  0 L3P DD
G11 FF 61162 221800  780 601 1045     3532649   -121          22      5   12   1   85    2   59   -8   59   -8  11  0  0 L3P 96
G12 FF 61162 221800  780 487 1876     6078388    -19          11    -18   12  19   98   -5   61    2   61    2  10  0  0 L3P C4
G24 FF 61162 221800  780 679 3265       79266   -171          19     11   15  54   79    4   72   -8   72   -8  13  0  0 L3P BD
G25 FF 61162 221800  780 228 2237    -4256417     -3          25    -32   42  17  188  -35  106  -12  106  -12  36  0  0 L3P 2D
G29 FF 61162 221800  780 265 2821     3289076    -84          53    -11   34  76  164  -22  169  -41  169  -41  29  0  0 L3P 55
G11 FF 61162 223400  780 566 1183     3532523   -116          18     11   18   1   88    5   59  -15   59  -15  17  0  0 L3P DC
G12 FF 61162 223400  780 522 1782     6078390     -6          15     -5   17  19   93   -5   55    5   55    5  15  0  0 L3P 9A
G24 FF 61162 223400  780 608 3373       79102   -162          30     20   21  54   84    6   65  -21   65  -21  21  0  0 L3P B5
G25 FF 61162 223400  780 274 2190    -4256390      9          25    -19   43  17  159  -26   85   -1   85   -1  39  0  0 L3P F2
G29 FF 61162 223400  780 300 2744     3289009   -103          56    -30   21  76  147  -15  128   -1  128   -1  18  0  0 L3P 20
G11 FF 61162 225000  780 514 1283     3532407   -104          23     22   23   1   94    8   49  -19   49  -19  21  0  0 L3P CD
G12 FF 61162 225000  780 557 1676     6078383     -6           9     -5   17  19   89   -4   57   10   57   10  14  0  0 L3P B6
G24 FF 61162 225000  780 532 3439       78918   -165          20     17   27  54   92    9   81   -5   81   -5  26  0  0 L3P B5
G25 FF 61162 225000  780 324 2145    -4256377    -44          10    -73   24  17  137  -20   83   53   83   53  22  0  0 L3P 04
G29 FF 61162 225000  780 331 2662     3288923    -73          40      0   23  76  134  -11  112  -10  112  -10  20  0  0 L3P F9
G05 FF 61162 230600  780 242  431     2325007    -58          15    -62   41  74  179  -34  100   40  100   40  33  0  0 L3P EE
G11 FF 61162 230600  780 454 1350     3532285   -151          22    -25   40   1  103   12   49   21   49   21  37  0  0 L3P D2
G12 FF 61162 230600  780 589 1553     6078392     32          19     33   12  19   86   -3   50  -22   50  -22  11  0  0 L3P D4
G21 FF 61162 230600  780 223  717    -4149825    -21          15    -23   37 164  192  -24   90   19   90   19  28  0  0 L3P 0F
G24 FF 61162 230600  780 456 3485       78740   -178          17      4   34  54  103   14   94   14   94   14  32  0  0 L3P CA
G25 FF 61162 230600  780 378 2103    -4256332     -4          28    -33   15  17  120  -16   66   27   66   27  13  0  0 L3P F2
G29 FF 61162 230600  780 358 2575     3288858    -88          45    -16   27  76  125   -8   92    7   92    7  23  0  0 L3P FA
G05 FF 61162 232200  780 289  497     2325019     -1          23     -6   29  74  152  -23   86  -21   86  -21  21  0  0 L3P E1
G11 FF 61162 232200  780 389 1392     3532167   -122          25      4   19   1  117   17   46   -4   46   -4  17  0  0 L3P C1
G12 FF 61162 232200  780 615 1410     6078395      1          23      2   13  19   84   -2   50   -7   50   -7  11  0  0 L3P 7A
G21 FF 61162 232200  780 250  794    -4149787    -62          51    -64   35 164  173  -16   53   63   53   63  33  0  0 L3P 19
G24 FF 61162 232200  780 382 3522       78573   -182          25      0   22  54  119   20   99   11   99   11  19  0  0 L3P C2
G25 FF 61162 232200  780 436 2062    -4256294     57          38     29   18  17  107  -12   55  -29   55  -29  15  0  0 L3P 1A
G29 FF 61162 232200  780 381 2484     3288786    -71          43      2   16  76  119   -6   86   -8   86   -8  14  0  0 L3P E8
G05 FF 61162 233800  780 334  570     2325010    -18           9    -22   17  74  133  -16   85    4   85    4  15  0  0 L3P AF
G11 FF 61162 233800  780 323 1415     3532043   -114          22     12   23   1  138   26   48  -13   48  -13  17  0  0 L3P E0
G12 FF 61162 233800  780 631 1246     6078389     16          18     17   16  19   82   -1   54  -17   54  -17  13  0  0 L3P E5
G21 FF 61162 233800  780 269  874    -4149829     19           7     16   22 164  162   -9   86  -26   86  -26  16  0  0 L3P 0D
G24 FF 61162 233800  780 310 3554       78403   -218          30    -36   15  54  143   30  113   56  113   56  13  0  0 L3P F1
G25 FF 61162 233800  780 498 2022    -4256283     52          22     23   17  17   96   -9   61  -32   61  -32  14  0  0 L3P EA
G29 FF 61162 233800  780 401 2391     3288704    -62          31     11   19  76  114   -4   88  -24   88  -24  17  0  0 L3P 07
